2.7748512426713847	0.9357655657798707	-0.93324787940701	0.5930880823248942
2.906115609562718	1.115408250350094	-0.9720402431055424	0.4396456204359388
3.037928465580131	1.31842177059462	-0.9941846983198116	0.2496952874518302
3.170969492211137	1.5491030410974522	-0.9990774029781913	0.021679014904811028
3.306468655172038	1.805952484963064	-0.9859815558327046	-0.23291068508214063
3.446103200555462	2.0761768504972418	-0.9537479801325255	-0.48409941199128304
3.5911643123492465	2.3366708625121997	-0.9004019690473324	-0.6929548479161016
3.7415920612815166	2.567626466075521	-0.8249320844744821	-0.8395625179212143
3.896179358925805	2.7648454320859757	-0.7285412739690269	-0.9298590894367396
4.053273975162802	2.934956908759849	-0.6121152384020793	-0.9783307427336198
4.211287806205728	3.08668621129112	-0.4803695891621665	-0.9982756306491724
4.368420313192664	3.2267002788034005	-0.33705947395949276	-0.9959307379004638
4.523066537063093	3.359168252382628	-0.18818815191045155	-0.9759446800665249
4.6739996390590886	3.486219940678357	-0.03836408713695367	-0.9407375395795881
4.820651504294844	3.6086923060784426	0.10801212792934733	-0.8924457353134863
4.963163238140209	3.7269644099833124	0.24815014318001183	-0.8331526917348067
5.10211847274902	3.8413548244173965	0.37981333133745393	-0.7648191025823999
5.2382559459956655	3.9522529453474338	0.501730053067633	-0.6888977826087421
5.372303591842305	4.060239638947116	0.6127469473532428	-0.606612189567872
5.504806838203189	4.165797878863961	0.7117207237507556	-0.5195652537077419
5.636047458167463	4.2690981609624075	0.7974843987019211	-0.4288686584474248
5.7660539112716975	4.369677255061315	0.8689387177978152	-0.3358770360532233
5.894593450483099	4.4660721255176625	0.9251700349742799	-0.24380080450634212
6.021152112003035	4.556184898789699	0.9655968342069684	-0.15549264471946644
6.145008060774107	4.6372783415885115	0.9901574743258601	-0.07501280085180552
6.26525719340173	4.70712905077255	0.9994369569649311	-0.005256469400265885
6.380900362300709	4.7645006171593165	0.9947444690924548	0.05207735545954248
6.490980946733869	4.809611953110704	0.9780777611573674	0.09702337844912215
6.594621169250512	4.844058964387967	0.9518161966138846	0.13126458839557245
6.6910929672090305	4.870264189415276	0.9175000662292572	0.1571429263115504
6.7798624690560505	4.891041391421517	0.8790200357388392	0.17766095101485724
6.860848969533656	4.908658322901232	0.8374845706217299	0.19496663213459045
6.9342181916656065	4.925135735410385	0.7950974966606038	0.21104457017629288
7.000519278770503	4.941807097036754	0.7532005736340104	0.2273117552789704
7.060483888246918	4.959463528304612	0.712484194213858	0.24454012822918403
7.1149558025947055	4.978548669188409	0.6733299859696864	0.2629308858277515
7.164902151969642	4.9993233880148775	0.63578792547598	0.2828774356847458
7.211217352071858	5.021859599389505	0.5991977575005257	0.3045152574779845
7.2547571523523935	5.046261152454827	0.5637260874880141	0.3275614384096096
7.2964035972456	5.072611411381974	0.5290206150656587	0.35234981229750284
7.33687958311481	5.10091396207768	0.4941869635094642	0.3787080679266259
7.376944102099371	5.131360599963966	0.4589322535801412	0.40664601454605703
7.417340294099874	5.164177367460513	0.4228598147112844	0.436438801284479
7.458697942915777	5.199615836215788	0.3849098844352611	0.46800951438049354
7.501850794068847	5.238117538224891	0.34473784211222763	0.5016109392781529
7.547532999354374	5.280181465081035	0.30161374229021704	0.5377335695102701
7.596547831397165	5.326358627675144	0.25455285067284994	0.5759195216062852
7.6498067366678	5.3774842600303785	0.2026805265358237	0.616839804963883
7.708327804799281	5.434358828035315	0.14507399741025057	0.6605382081764283
7.773129368628186	5.49789709086091	0.08072800563829301	0.7068355982122234
7.8452286381757395	5.569050343950925	0.008747237695074784	0.7553157678456707
7.9255331518831955	5.648687125074455	-0.07147005829372106	0.8052300654472073
8.01474312432899	5.737367181315174	-0.15999320381701654	0.8543383861023659
8.112985915742152	5.835261412435433	-0.2560607238590703	0.901149915209711
8.219862566685856	5.941976946014873	-0.3576729120257421	0.9418954689428258
8.334275161730242	6.056453619430904	-0.4618328899620213	0.9739476696760524
8.454722505050285	6.177247248356431	-0.5649800574546685	0.9939707433710807
8.579515310952083	6.302921783360258	-0.6632110362916329	0.9993801642722693
8.710417154595248	6.43575462916812	-0.7551664397924402	0.9879064280061249
8.841323962332291	6.570451030061988	-0.8342304542996084	0.9585583413131493
8.972245734102318	6.708346782235079	-0.8990581204231384	0.9106488770914798
9.103209863230076	6.851371967158967	-0.9485472766918461	0.8428105599373931
9.234287069454183	7.002108199739286	-0.9818520541119915	0.7521499741808769
9.365651528129863	7.1638359147004795	-0.9981430993522992	0.6366302796209309
9.497703255030148	7.3398864186532	-0.9970770079431457	0.49159927949925897
9.631309084867306	7.533215901806031	-0.9783535612852858	0.31523186952300347
9.76815301634804	7.744408453406533	-0.9411616481058288	0.10931675321953196
9.91108315208442	7.969326196826546	-0.8837280373129047	-0.11506157681035274
10.063967359895416	8.197375810831756	-0.8023552583861411	-0.33651903596029914
10.23060221032377	8.413985755874902	-0.6923168183711591	-0.5311085050502043
10.413188916040658	8.608335238531089	-0.5498010774736092	-0.6848096593508951
10.61128644267178	8.778232231779832	-0.37482005565434995	-0.797847253546264
10.821458738155897	8.927788574987803	-0.17318068274100504	-0.878878312367371
11.037193417558404	9.061867984022916	0.041591751109157866	-0.9345455179724023
11.249740216980399	9.182128415691755	0.25141524888480193	-0.9704758678365062
11.45150186579281	9.286677063230703	0.44012624097704045	-0.9901694159554492
11.638896013261336	9.37214140827043	0.5996381520584729	-0.9983469178831751
11.812586924227618	9.436367442444302	0.7290999071326454	-0.9996360254615748
11.975166328444285	9.479173491725449	0.8298748630833057	-0.9982916761225863
12.129301259148894	9.50195669418358	0.9059204654881763	-0.9966767897994405
12.277112875731754	9.507258222012311	0.9580026780506683	-0.9961779540221131
12.420011654150798	9.498681784899365	0.9888777828290465	-0.9969849352947098
12.558867883872923	9.480500776161424	0.9997643723039341	-0.9982499919684978
12.687778120414025	9.45784182962506	0.9925151792424105	-0.998961609609226
12.814557287250732	9.436190847299356	0.9692681795067914	-0.9996415715367293
12.940035336479406	9.420423932165834	0.9309030771182264	-0.9998632591520727
13.063940579094261	9.414999349170952	0.8786147783927216	-0.999692896909214
13.185862143818643	9.423368081834306	0.8139776889631032	-0.9999557219167324
13.305219865260673	9.447522182420812	0.7389746044877747	-0.9992857042437601
13.421105106647156	9.488350732936535	0.6561072710616829	-0.9979570132509091
13.532378390096012	9.545379561850321	0.5683272642820141	-0.9925910091252481
13.63741648840694	9.617471809149214	0.47916628551235374	-0.9813715729623371
13.734284561827863	9.702767798952948	0.391882468665678	-0.9611458049750432
13.820802131158738	9.79890674396201	0.3110918075759676	-0.9307459078919744
13.894828674207458	9.90351624894993	0.23991867252461374	-0.8871627743917458
13.95444293074193	10.014206741318587	0.1816817607725686	-0.8308726809832752
13.998347299826511	10.128925502762579	0.13832506003923845	-0.7619194816202
14.026071086044212	10.24589999920581	0.11083242073190122	-0.6813161975934489
14.038014289707782	10.363644194209325	0.09894417719181667	-0.5906384772218654
14.035698526126586	10.48078311754924	0.10124928411371317	-0.4921982184202136
14.021694786490494	10.595978079942391	0.11518858147105467	-0.3888670654543117
13.99943799022844	10.707877780732614	0.13724797503983782	-0.28360915435902273
13.973035184971657	10.815118366849736	0.16332142854587545	-0.17944196349713704
13.946535576335961	10.916493857645255	0.18946534022570857	-0.07896432382679844
13.92344537752162	11.01113223056497	0.2119957457551774	0.015547708304969538
13.906533872458832	11.098667089785545	0.22849725231395343	0.10286619621762504
13.897210947074385	11.17939122045521	0.23759415491412164	0.182761050005641
13.896014733271395	11.254113452373677	0.23876136799435585	0.2556141484481136
13.903151935301057	11.324012386944974	0.23179719859213432	0.322449464901788
13.918499251382848	11.390505033036789	0.21682195918895875	0.38458602027057215
13.941839699175036	11.45511673557047	0.19404737165830516	0.4433465837468725
13.973011177237202	11.519427013218122	0.163345136804979	0.49999659725894835
14.012233261740825	11.5849330365846	0.12460656626417217	0.5555676738618984
14.059671865467207	11.653240266449723	0.07738626506299369	0.6109704713076001
14.115934286595207	11.725753643618244	0.021218686789549086	0.6666952383984938
14.181545484965655	11.803895258163116	-0.04434934966345388	0.7229640729699152
14.257052460274302	11.888880597159213	-0.11958163654822199	0.778884400655311
14.342728346299694	11.981664845116963	-0.20403342020868964	0.8335269704689472
14.438532760182067	12.082569788474238	-0.2967335494236454	0.8848648084131642
14.543784728130095	12.191396483249516	-0.3953100924286773	0.9304596035972694
14.657245300381632	12.307257795469004	-0.49674837582307296	0.9664114592012856
14.777129476984719	12.428928851165638	-0.596984307938138	0.9902725103238245
14.901612740593409	12.555083733207859	-0.6919447449798333	0.9996455288103008
15.031776861534215	12.687193109049318	-0.7796832614783126	0.9925702246195709
15.162684189397039	12.821597318167875	-0.8546127383751327	0.9674954724124991
15.293607600515392	12.958941890326491	-0.914939674905901	0.9235898769604252
15.424576731421075	13.101019535092473	-0.9596404217891252	0.8600230388995271
15.555667826204715	13.250180979855934	-0.9879492652683657	0.775011251783478
15.687065260798416	13.409227516913285	-0.9993436857039877	0.665015317118004
15.81919359188415	13.581271069655132	-0.9934727791490174	0.527572942915826
15.952953094423684	13.76873482867383	-0.9699654352392295	0.3600728731851644
16.09009974238516	13.972166805617967	-0.9277333547244425	0.1641789756316432
16.23365555860978	14.188013552481193	-0.8645815846149127	-0.05081316220113644
16.38794981952844	14.407206014263007	-0.7773545088105206	-0.2666556213153817
16.55755922536467	14.616968071362509	-0.6599611089471369	-0.4613942326994025
16.7458399323948	14.80696236369203	-0.5077996070372346	-0.6205530355568051
16.953314201072672	14.974188883626475	-0.31963414880683894	-0.7423301219473473
17.17669782140576	15.121711911346628	-0.10183991191357994	-0.8326583644012252
17.407943032252863	15.253401147124315	0.128809059379674	-0.8981367193419725
17.635627757853097	15.369583088437093	0.3491943652577213	-0.9428533237350425
17.849562831290488	15.466533355621433	0.540223294289125	-0.9707418787158497
18.045770639355823	15.539843047498588	0.6937583488765612	-0.9854741316671363
18.225643901512353	15.587529579205762	0.8114934133874867	-0.99260680847295
18.392681840326283	15.610632332194744	0.8970872839352099	-0.9947806119722369
18.55022193870514	15.61265841362219	0.9551919579330282	-0.9949712517154278
18.700629316366516	15.598385954956763	0.9884761807312149	-0.993628315633086
18.845493734561074	15.57380086061481	0.9998724246112406	-0.9907854302217053
18.975444778357968	15.545426934747484	0.9920794857823744	-0.9863475004018198
19.10395290564057	15.51966723057245	0.9677269187554461	-0.9823184576868865
19.231767775407103	15.501541522150369	0.9277034228661271	-0.9783774174973985
19.358711321148224	15.495481559674978	0.8729981624168136	-0.9770556950799354
19.48453572354396	15.504238431676754	0.8049349257673976	-0.9789656333144714
19.608853716237732	15.52931052097088	0.7252105786742092	-0.9838267525284645
19.7310763827759	15.571131071406601	0.6359430734009143	-0.9903678518719443
19.850346486530217	15.629277895522087	0.5395638269110895	-0.9965350258650955
19.96548397981128	15.70259825127602	0.4391825443674622	-0.9998315084727729
20.07499572177297	15.789346975264916	0.33836506936290955	-0.9962811318886109
20.17696983392139	15.887481807618666	0.24093750592760504	-0.9836913349897737
20.269365672231416	15.994715835804927	0.1503402230142845	-0.9587014834528957
20.350099830540028	16.108702301104024	0.0701769363654581	-0.920346602980719
20.41736856938545	16.227397826374137	0.002981716153628913	-0.8677665055327085
20.469892127239948	16.34905461783283	-0.049507289406074344	-0.8011897310946005
20.5070817768052	16.472297673990287	-0.08657822282877947	-0.7216497424413681
20.52901066382308	16.596089445088882	-0.10840619769843124	-0.630724392407477
20.53650199527384	16.71957389546617	-0.1158630556098311	-0.5304041701747592
20.531232242789144	16.841943270560286	-0.11061755342308226	-0.42302038095513184
20.51583084740163	16.962334791086093	-0.09528703203355032	-0.31114824517453327
20.49374502687119	17.079809080086918	-0.07330284582651266	-0.1975828025757082
20.468959295202968	17.19340905577224	-0.04857507102682879	-0.08520557914990776
20.445709490512947	17.302260189988683	-0.02534056107574798	0.023485135524877753
20.427713838744346	17.405821434333834	-0.007356747634373158	0.1267139265268461
20.41770935620752	17.504089408932895	0.002641153516041408	0.22332256864788672
20.417912477896127	17.597609245859392	0.0024381654497701087	0.31342936224325746
20.42938126932126	17.68748760492747	-0.009023081302488392	0.3972464409854093
20.45283178888453	17.775282828474847	-0.03245817408779039	0.47629128528702386
20.488560467917537	17.862752499605982	-0.06814214512801116	0.5511304183773869
20.536672528093636	17.951886573152798	-0.11603280367328207	0.6231850481286938
20.597418110447208	18.044377210823598	-0.17609419289261416	0.6927732081801364
20.670806652772274	18.141728831941997	-0.24783804431080492	0.7594865533776808
20.756500176911924	18.24504572529177	-0.329702301744476	0.8223970622490238
20.853748180247152	18.354664938968053	-0.41988181646022904	0.8798308107919757
20.96115362730345	18.470422631305187	-0.5145826158889122	0.9289258668127358
21.076803079067194	18.591466800134267	-0.6100104738360292	0.9666970147176548
21.198527626226305	18.71675928754209	-0.7016514261380797	0.9909990491001777
21.324337279747485	18.84533106910275	-0.7854283880153733	0.9998673160061473
21.455027221369566	18.97827877695706	-0.8592736327940924	0.9916362236496956
21.585942614652645	19.11328675592906	-0.9185728640195878	0.9651232858696182
21.71688935813141	19.251488355072212	-0.9621864439081023	0.9198727244966196
21.847921566452467	19.394588541955574	-0.98936764740276	0.8547381751372571
21.979172809253235	19.544688489272044	-0.9996238939773996	0.7678802104503651
22.11095319899911	19.704101432094625	-0.9926659989695152	0.6562490050339136
22.243945120929283	19.875074871195416	-0.9681733533632056	0.5184346619161455
22.379525384606247	20.0587163545727	-0.9252554264756542	0.35367949348050043
22.520256562487507	20.25390933736379	-0.8628431395276026	0.16560375371207842
22.670266104630112	20.455951589345535	-0.7778870509620942	-0.03557592220752819
22.835107760940648	20.65626911628287	-0.664188618246496	-0.2336529523962965
23.020811302763743	20.845030218645114	-0.514868524733054	-0.4118821829119324
23.231761123285043	21.0156577509899	-0.32409167078098133	-0.5604853092624108
23.46824733985753	21.167349624550944	-0.09351419099099789	-0.6793085464473283
23.72341828058944	21.302475486618505	0.16069621194855332	-0.7720313447801754
23.981779051321947	21.421032428334858	0.407437475072407	-0.8417262058609184
24.225391351907554	21.517894941229272	0.6155371882387664	-0.8896523457645631
24.44460957648217	21.58657007075792	0.7723631403070726	-0.9188220158997022
24.640335682393406	21.625141548776508	0.88095898963591	-0.933496602389678
24.817760211852377	21.63738550323602	0.950778203684579	-0.937643411857503
24.981860859463172	21.630589187636254	0.9881705949647193	-0.9353416207189759
25.13624578062112	21.61338073771219	0.9998899374711504	-0.9294680643206666
25.266312667115912	21.5937406933147	0.9908778629248353	-0.9216693451018498
25.396078694034962	21.578326635386027	0.9652330142908866	-0.9155486914324695
25.525472067373013	21.571433450864177	0.9235265173991508	-0.912811528037041
25.65438238970045	21.576271249085938	0.8666434382015731	-0.9147325333670302
25.782633743043807	21.594918146493896	0.7957963226102873	-0.9221368912311765
25.909961658009074	21.62841269851949	0.7125394467753277	-0.9346044825904521
26.035964244969	21.67704380542681	0.6187975114323058	-0.9510717175980382
26.160069022619265	21.740465007564957	0.5168779697498902	-0.9687235884015702
26.281414841445415	21.817917888969895	0.4095374704086955	-0.9846748101962081
26.398815309543163	21.908156694334146	0.2999561748608806	-0.9961298142886439
26.5108038339899	22.0094659558282	0.19151672789531551	-0.9994247318066227
26.615626653351296	22.119823645224148	0.08775416008472611	-0.9916436976915173
26.711476952482457	22.237026889160123	-0.007934174086458513	-0.9697716495637739
26.796498276409704	22.359093024770242	-0.09278074061037711	-0.9328404316021072
26.869331339449978	22.484212952367766	-0.16496272396720002	-0.8806599358579347
26.929099014013108	22.611045414774726	-0.2235485970291768	-0.8137499083170122
26.975569183701896	22.73862648667886	-0.26856874464438346	-0.7332693074106925
27.009112463285266	22.86631044276117	-0.30077484592380616	-0.6407869910674314
27.030698718463356	22.993645580756336	-0.3212482175910914	-0.5381526951582316
27.041982028612026	23.12025132789997	-0.3318627209032444	-0.42744573646459827
27.045255314873877	23.245764641509965	-0.3349419864210982	-0.31091819698457557
27.04344278177201	23.369813263263026	-0.3332368893919777	-0.19092924178603699
27.040059155945443	23.492029814217346	-0.3300538245758933	-0.06984115860039095
27.038972988607576	23.612132918385544	-0.32903203871222086	0.05015500058863032
27.044063134258952	23.730043227318617	-0.33382047111051344	0.16723851829983954
27.058838100648263	23.846000209132765	-0.3477196662589137	0.2801131084961121
27.086112694675833	23.96063711308944	-0.3732484705934443	0.38803755499002807
27.12784398350208	24.074946162572306	-0.4115412543136733	0.4906578216185122
27.185175218621996	24.190012057570975	-0.4630303263378611	0.5875773790525758
27.258217865091435	24.306932399621264	-0.5265268297827445	0.6778011623045656
27.346068970484477	24.426519077445004	-0.5990137867929249	0.7605477435551826
27.446939724647297	24.54905097589024	-0.6766121854012718	0.8340976814762415
27.55835057323381	24.6743727862605	-0.7540936358625123	0.8964089697176981
27.67753757995456	24.802014281458412	-0.8267322006012294	0.9454453372929787
27.801935746063343	24.93148829171196	-0.8900406696881675	0.9795047727376317
27.92950535401799	25.062480456486693	-0.940669382766133	0.9973277203718154
28.058840514533316	25.194991302997895	-0.9763988299768618	0.9980449995359285
28.189791073818856	25.32959275550971	-0.9959838831066816	0.9804647527000928
28.320833298194255	25.46664569792797	-0.998539658294572	0.9443691671594843
28.452107941286897	25.607146043719464	-0.983964187005908	0.8891298064450203
28.58393444020076	25.752108555064517	-0.9523281459345228	0.8140474899854356
28.716987965829034	25.902331641493625	-0.9035419659186091	0.7179337957569432
28.852616240923865	26.05816061711296	-0.8371368689383343	0.6012618215637373
28.993282136729956	26.218961839457176	-0.7521332048392959	0.46564772008873284
29.143071069666718	26.382811705955547	-0.6456054221684027	0.31519435091380166
29.308048948482465	26.546367920847512	-0.5113810803724368	0.15644615336571396
29.496114957226855	26.705506817201424	-0.34180692742299096	-0.001967966221668283
29.715406820669028	26.856602917116884	-0.1293422748922617	-0.15239307749670333
29.970083961174787	26.99781301826861	0.12462654655250496	-0.28992584501728297
30.253056061641733	27.12861815755784	0.39651037818768653	-0.41225163926733377
30.540559335008382	27.246250342000163	0.6406329936529179	-0.5162275740537028
30.804361351454546	27.3438970071433	0.8184322229179186	-0.5972978813598322
31.032145018239774	27.41615575677809	0.9270801367412612	-0.6535245885302314
31.228383791155036	27.464912994399693	0.9824362792339459	-0.6897740293217307
31.402099735005685	27.497467765243286	0.9995657611260097	-0.7127899421433195
31.539739951001483	27.522182791289712	0.992288800441948	-0.7301793867097521
31.67036083330289	27.545163817492757	0.9677165103880356	-0.745374512229342
31.8008252574312	27.570547742223734	0.9266365145601799	-0.7621584416787556
31.931068563376062	27.601575972775372	0.8699512221502792	-0.7817842657595574
32.06098713902544	27.64073321675618	0.7987573479409025	-0.8057800691910081
32.19043445626317	27.6897075771833	0.7144571647422834	-0.833571628581645
32.319166742277844	27.749644273796367	0.6187839307996927	-0.8650919074012078
32.446835416674645	27.821081159167747	0.5137960847816787	-0.898731075672051
32.572924818256894	27.904075849142444	0.40189872301501456	-0.9320568620377414
32.696688583479535	27.998216572587253	0.28585373315472346	-0.9616681378317318
32.81706761747115	28.102621930511287	0.16877601692221267	-0.984912353514826
32.932773416459426	28.215880708313183	0.05391395592683429	-0.9981642434389173
33.0422944270949	28.336227098736654	-0.05553500699518816	-0.998056206868168
33.14403736600484	28.461710601282977	-0.1565892149031711	-0.9824622471141181
33.236625519084875	28.590460510158582	-0.24729967271256412	-0.9503902056327591
33.319065697978694	28.72097193343325	-0.32612275152179326	-0.9017335799768442
33.39107233659223	28.852115085798676	-0.3932286800281499	-0.8374185135699084
33.452957863494014	28.983228693139072	-0.44930871110710474	-0.7587805727991896
33.505674414642066	29.113969878148914	-0.4957786449749838	-0.6674309574952514
33.55075009897278	29.244200147472778	-0.5345707990859832	-0.565136507549123
33.59025376631813	29.373888409702932	-0.5672872596147038	-0.4537690675403233
33.626785633113165	29.503028059445864	-0.5970634957742156	-0.3353035923702383
33.66335362775702	29.63166692337199	-0.6259531273334252	-0.21174372948174713
33.70330037740852	29.75986512363669	-0.6564940248688965	-0.08512051888377507
33.75000670362755	29.887740249821476	-0.6911232513875998	0.042582009969033684
33.80656870892935	30.015490436134606	-0.7309732340549224	0.1694722047046886
33.87531138416078	30.14335300390384	-0.7759933106546496	0.29371581955817205
33.95735997905286	30.271560903716182	-0.8248422767833012	0.4134904891611161
34.0524505604911	30.400293067876003	-0.8750781557308349	0.5269421118357578
34.15907749646502	30.529639618977246	-0.9212588366946404	0.6321774540421811
34.27476531573841	30.659540557507057	-0.9598169000446164	0.7272692050617711
34.39689065915271	30.789903487512678	-0.9866458974326413	0.8103070346107641
34.52312330659381	30.920631342126736	-0.9989197769191765	0.8796473329314389
34.65173134143756	31.051677607359206	-0.9950740671786673	0.9340920388299019
34.781606191041	31.183066674128007	-0.974524495200273	0.9726110698183991
34.91213517642309	31.31489120778981	-0.9373545447119611	0.994432055197835
35.04306112665076	31.4472923246846	-0.884074490450981	0.9990149388198554
35.174466622526324	31.580434328733297	-0.8154074480598996	0.9860391468966047
35.306547019021615	31.71443206765032	-0.7322444968518645	0.9554230503989161
35.44002713875193	31.849327042862786	-0.6351629331293774	0.9073773011624465
35.576211401407946	31.985024527087837	-0.524309755467787	0.8422984000688623
35.717268460792575	32.12127389832545	-0.3993744054661309	0.7611261566424843
35.8664741741116	32.25765430024842	-0.25878468692472906	0.6658621568680897
36.028181814568754	32.39359239001784	-0.09992071287140439	0.5586866801131611
36.207252407252845	32.52850714760924	0.07882144541419958	0.4421646504995911
36.40746362086627	32.66185423266035	0.2754015279135343	0.31909157225148344
36.62840792801024	32.79308234428378	0.47947092307833217	0.19240154061313003
36.862500373959996	32.92115378845077	0.6696993152978853	0.06551514458066213
37.09540748251676	33.043899837916314	0.8228499345904423	-0.05713936170710887
37.313619488526236	33.158069759485166	0.9264007932383322	-0.17044656662884636
37.51101221020369	33.26077298406987	0.9823491770664784	-0.2705067720783239
37.688697857586156	33.351176837222404	0.9996729426156664	-0.35633053535192627
37.8254956372676	33.43086458712606	0.99200207325485	-0.42962669565716166
37.95634500667219	33.50243753320444	0.966935780053894	-0.4929929833609295
38.08714359345046	33.56874643204341	0.9253924434302686	-0.5495018871450652
38.217854490148646	33.6330263794242	0.8681186591343282	-0.601993841650063
38.34842001833165	33.6983769465917	0.7961544092391566	-0.6528015123765476
38.47875027899761	33.767479161969185	0.7108299391258714	-0.7034761129666911
38.60870523307808	33.842477837799706	0.6137647566334239	-0.754716460996282
38.73806959907623	33.92495775797894	0.5068692191629274	-0.8064169182969222
38.86652335796897	34.015945164026334	0.3923435026417486	-0.8564984536223239
38.99354851243781	34.1159593504613	0.27272424017036273	-0.9040386608110481
39.118474210911806	34.22487780874271	0.1507820251653682	-0.9447969527430602
39.24028948957144	34.342045863363985	0.0295991958369572	-0.9764032012084705
39.357807749232045	34.4661810762959	-0.0877428893875743	-0.9953444936301052
39.469694519901225	34.59557818956799	-0.19839837415373454	-0.9988047345536508
39.57467074358214	34.728368967553486	-0.29999489496468373	-0.9850472050164839
39.671800568625365	34.86282404388467	-0.3909740588598652	-0.9535264118744529
39.760709524031576	34.99762179852994	-0.4711938918420802	-0.9047001205615163
39.84166420305072	35.131953345856864	-0.5410112042535019	-0.8392995236723433
39.91560140348581	35.26546100389087	-0.6015117027032345	-0.7594106969812878
39.98411888418869	35.39806411390919	-0.6547189537108162	-0.666749272251012
40.04931098183501	35.529859862830044	-0.702519210331184	-0.5630903092374296
40.11367707143707	35.66101265233116	-0.7467912321421843	-0.4502600276376256
40.179973659151976	35.79169910791728	-0.7891545305342602	-0.3301430128643541
40.250991361222646	35.92208504370577	-0.8307128761130012	-0.20468626692834396
40.3292392230577	36.05231920712676	-0.8718225342909174	-0.07589439554187186
40.41657757844113	36.1825309306238	-0.9110596815715715	0.05417974906914733
40.51377364279946	36.31281225693243	-0.9467310065651962	0.18343237776122237
40.620495931752174	36.443222295342025	-0.9753704107765087	0.3097201999542042
40.735365590701186	36.57377626633299	-0.9940271193613291	0.4308017627745525
40.8564871691827	36.70446236616653	-0.9995043358188889	0.5446421661178419
40.98188836460538	36.835253158397684	-0.9896872124587154	0.6492642391103797
41.10993054587913	36.966124837478496	-0.9635904219836786	0.7428507391917146
41.2394581356968	37.09706711092669	-0.9211349683739247	0.8237826306930454
41.36976114474105	37.22808548258141	-0.8628692690514046	0.8906633404088231
41.500463873274434	37.3591985194338	-0.789749847840204	0.9423340751031963
41.63142327318111	37.49043163073251	-0.7029962438938081	0.9778848293212167
41.76267720920288	37.62180802692743	-0.6039847818092128	0.996665020410351
41.89445470336711	37.75333783731602	-0.49413882946843735	0.9982970005236471
42.02724999565731	37.88510586637696	-0.37478608863897445	0.9826785127940371
42.16192561606087	38.01702157674377	-0.24698016231725975	0.9497862994271629
42.2998744041723	38.14902432847833	-0.1113605433666455	0.9002472624412434
42.443070388508055	38.28102552706438	0.0315487972044691	0.8350960970398262
42.59395177895418	38.41290684950197	0.1814121119721316	0.7555405483348243
42.75500393264671	38.54452414374985	0.33662151143362273	0.6630987999929523
42.92776371945861	38.675698490964606	0.49346478645852504	0.5595791238059513
43.111685420062585	38.806110414687765	0.6441995381219535	0.4471374665582649
43.303074628077255	38.9351398217038	0.7778227107937399	0.32840449457311477
43.49562431949369	39.06165353415273	0.883561159949401	0.20666135674166686
43.682738286377536	39.1839688961427	0.9551292284410676	0.08579160467386636
43.860034542044545	39.30019779712315	0.9924347202571301	-0.030269701408446686
44.026189024953844	39.4088994816896	0.9986215496705153	-0.13849458909064527
44.15708067494205	39.509738190666695	0.9844319326884038	-0.23747123569506734
44.28796032655229	39.603159901692045	0.9534264596951137	-0.3269777741296041
44.41881424084639	39.690524756381315	0.9061397601407987	-0.4081554422353202
44.54961804173029	39.77404684360531	0.8432971139796444	-0.4830306753517206
44.68033132758356	39.85634782025563	0.765961657223564	-0.5531537412064852
44.81088205220666	39.93994981928849	0.6757191418459041	-0.6207475609569009
44.94116106125176	40.027164696294314	0.5742348441656725	-0.686861997452136
45.07099775149322	40.11985807605541	0.4634383958368473	-0.7508781314905004
45.20010374150449	40.2194093713489	0.3455458275806181	-0.812964084460888
45.328079273341	40.326647812193066	0.22301460975517817	-0.8705036158139716
45.45430306374113	40.441817837271564	0.09858360600048262	-0.9210821483056068
45.577926892441766	40.5644918622466	-0.024817078882406647	-0.961641547462738
45.69789316996889	40.6935627677167	-0.1442305157497864	-0.9887553509611584
45.81300888213097	40.82738591248331	-0.25693552590604607	-0.9995817219728353
45.92214498939883	40.96406759080774	-0.3606555587489603	-0.9923311724175266
46.024513930723025	41.10182857883438	-0.4539282234781689	-0.9658504269318638
46.11982375585504	41.23935183672374	-0.5368551841552722	-0.9211771778428728
46.208502012339714	41.375861427082356	-0.6091870343311017	-0.8597644834674787
46.29169449018232	41.51103448216427	-0.6730113775132133	-0.7832721127576334
46.37110383729974	41.64490618482594	-0.729759605048867	-0.6934639538190452
46.44888609922174	41.77768243498061	-0.7804080285143928	-0.5921302776614341
46.52741265466636	41.90961927582773	-0.8269115617876521	-0.4810647926327801
46.60916260981969	42.04097453327579	-0.8701623548235051	-0.36204292061855353
46.69643983166467	42.1719698345312	-0.9097401547809147	-0.2371794534891272
46.790903431401794	42.30276979578577	-0.9446801101941122	-0.10847847573935919
46.89336053732725	42.43349263557812	-0.9731193897957634	0.021977344939534984
47.00365426059871	42.564214441509776	-0.9926254525440974	0.15204572163181818
47.12078544909114	42.694973679936155	-0.9999025058996571	0.27955387673324994
47.24318908689684	42.82577895013132	-0.9927135479194047	0.4023392482333841
47.36924363180798	42.95662548525692	-0.9698860438359868	0.5183032350231498
47.49759063113078	43.087505382113335	-0.9308908489418694	0.6254584085847047
47.62724713929762	43.21841302854949	-0.8759491317338952	0.7219680891752249
47.75759315907428	43.34934731994054	-0.8057171403171806	0.8061789050841189
47.888287657006536	43.480310449932226	-0.7216048859332089	0.8766099522137594
48.0191844912479	43.6113048778687	-0.6250610897766354	0.9318081882803811
48.15027791091499	43.74232933145046	-0.5176866646588302	0.9710607720738262
