3.8062035883858147	5.895989139724517	-0.7867767827109486	0.9257242388391109
3.9371201181124573	6.027146647357526	-0.6995965472862066	0.9672689811668843
4.068296564391459	6.158416896108415	-0.6002470166932303	0.9921989421650053
4.199914356694358	6.289807908469504	-0.4902045976162813	0.9997920132827953
4.3323966371660205	6.4214192542017035	-0.37087848756018926	0.9901486058542022
4.466492202674799	6.553163938717848	-0.24339091159982978	0.9633804927439913
4.603419191001331	6.684993963621479	-0.10871613871487906	0.9199218742217048
4.744928263993975	6.816835284901871	0.03251787784460244	0.8605314586227849
4.893237695481259	6.948590152967726	0.17982985811506402	0.786290269101404
5.050696298825979	7.080137693213201	0.33173369594983426	0.6985891413538714
5.218958692432903	7.21132611818639	0.4851228280140206	0.5991118295461615
5.397981514971384	7.3418889767675	0.633033149690277	0.4898758770897426
5.584896582807664	7.471314561169043	0.7657933499307408	0.37333282924138544
5.774272168140888	7.598644651652436	0.8731214627963017	0.25253961862324736
5.95987020586716	7.722390053283411	0.9479555976055946	0.13118716309566117
6.137031504662983	7.840754475460529	0.9889098712838604	0.013218457110260918
6.30388473671197	7.952192936223779	0.9993499221517377	-0.09800715988679948
6.434778428678307	8.056013673762934	0.9880591142887418	-0.20058961994528954
6.565662724428488	8.15244468850818	0.9598940162628692	-0.29394650151256024
6.696526348675588	8.242513418538563	0.9153425651763665	-0.37871431026609426
6.827348522149017	8.328187068487091	0.8551806657218891	-0.456409251418026
6.958092440387487	8.41190187324968	0.7804672080814429	-0.5293151147301876
7.08869971541819	8.496260334242118	0.6925358732294145	-0.59881413584822
7.21906987115966	8.583600697577564	0.5929940707666024	-0.6662750259589886
7.349045222516322	8.675908578576365	0.4837172087951527	-0.7323492627231339
7.4783873194606985	8.774696755943262	0.3668105429120164	-0.7956806918941581
7.606703792315502	8.880950483342144	0.24473849336321513	-0.8553515419244426
7.733443078130158	8.995052328521725	0.12023166813399479	-0.9088365298435904
7.857837583541664	9.11673123519839	-0.003853412954818414	-0.9527615800272735
7.97887639390853	9.245038893424741	-0.12456782588427151	-0.9836568425353527
8.09537408789077	9.378436419077563	-0.2389957895603042	-0.9985446164271801
8.206171441718896	9.515045135197528	-0.3447933146917951	-0.9954452612932967
8.310383137540697	9.65303988385726	-0.44054844208759436	-0.973613914085976
8.407642930137785	9.790973241700735	-0.5256498663817761	-0.9334328439140627
8.498267066239768	9.927933399543496	-0.6003995043819556	-0.8760518885992176
8.583240774732927	10.063529445801633	-0.6660050882570985	-0.8026236148751587
8.664139539922127	10.197771163627113	-0.7242627687601599	-0.7155280555886523
8.743056363440477	10.330845041423984	-0.7762912619495242	-0.6165506293278595
8.822346678634206	10.463009232367865	-0.8235653931104023	-0.5074944319629404
8.904444213783444	10.59452615959441	-0.8673088566036106	-0.3901993528920591
8.991644247137836	10.725627258631963	-0.9074832401437353	-0.2665672464125287
9.085724001501875	10.856494509348193	-0.942625126523176	-0.1385819519491007
9.187561460427977	10.987254984434356	-0.9716608548809155	-0.008313830328266951
9.297187377076066	11.117996488887455	-0.9918133208365993	0.12210664547061086
9.41370789200788	11.24876382621187	-0.9996523379318577	0.25047778122003894
9.535610592940513	11.37957019661191	-0.9935101990941098	0.37455217425212345
9.661320476052692	11.510415204696448	-0.9718078559826432	0.49224103081148796
9.789453626879126	11.64129196895008	-0.9339475104093141	0.6015310170556964
9.918988877375105	11.77219481190401	-0.8801395034955117	0.7005521594900002
10.04927086034396	11.903121959817248	-0.811166964353822	0.7876115965505512
10.17993160920169	12.034074856684397	-0.7281404506014816	0.8612206993243993
10.310802717277435	12.165055082717487	-0.6323845673335738	0.9201176854825559
10.44185806993792	12.296059442357429	-0.5256971318174639	0.9632877321725412
10.573200186408398	12.4270750560482	-0.4097681441229161	0.9899825605766478
10.705089790769952	12.558074727835585	-0.2862860031412164	0.9997394627686601
10.838013435806834	12.68930152547715	-0.15683249036863084	0.9923718377428657
10.972765395114356	12.820619677673536	-0.0227938877623456	0.9677681805514669
11.110527585516122	12.951949929410288	0.114672112429313	0.9263662627399487
11.252845467238863	13.08324769900812	0.25439671061317864	0.8690681514676707
11.401405920789458	13.21445345485934	0.3945887148628592	0.7969053020218125
11.557573610584694	13.345480157542957	0.5328255760271319	0.7112038612514264
11.7217783246346	13.476165512522945	0.6637137981072972	0.6136055601380206
11.892711517298624	13.606197889983068	0.7812320124196103	0.5061209101842974
12.067298994576168	13.734986395694786	0.8779331534028102	0.3912384633346774
12.241331113282985	13.861562650547217	0.9473715740950265	0.27199898548865487
12.410919050776538	13.984618659624356	0.9874556202476785	0.15188244754146385
12.573662660952747	14.102765669771369	0.9997709889564075	0.03437864072098009
12.704559679183344	14.214945105833085	0.9901556258219562	-0.0776680513388562
12.835451941906785	14.320711925547464	0.9636307913995763	-0.1824924938261862
12.966332923830668	14.420332578020954	0.9206550264137884	-0.27925890421109556
13.09718879841041	14.51490778191997	0.8619727217766202	-0.3688125006497817
13.227995750750583	14.606435489958304	0.7886064986030608	-0.4520111775801528
13.35870775283987	14.697101411511987	0.7018520774021195	-0.5310485629015513
13.489254450350217	14.789285624388794	0.6032649714616645	-0.6065879688198325
13.619509945478484	14.885065282342635	0.49466454926643366	-0.6799842590825603
13.749288391438917	14.986191103205458	0.37811489957229505	-0.7502660266108288
13.878274014057089	15.09393879934129	0.2559538082608737	-0.8170501275395139
14.006020476044924	15.209021807150677	0.13074759993874321	-0.8779922346257356
14.131879847919157	15.331496373910104	0.005283615153618884	-0.9299540313600875
14.254968175994124	15.460697507127016	-0.11750694370804984	-0.9694690372071254
14.37420244695951	15.595270996274548	-0.23474447026255707	-0.9933352203432406
14.488451276144835	15.733387941766901	-0.3439415129229863	-0.9992015230553827
14.59678258914414	15.87312056267973	-0.4434117946820729	-0.9859375591274979
14.69872295182166	16.01283859805155	-0.532444061217861	-0.9536462256215663
14.794442304824432	16.151457381235737	-0.6106618755053117	-0.9031606631144232
14.884782324389137	16.28847179643452	-0.6797720441013864	-0.8358857816775325
14.971201660872422	16.42385495559953	-0.7403549610340896	-0.7541542162309471
15.055643614140195	16.557793630929655	-0.7943089563908774	-0.6597853076595415
15.140349125317552	16.690593768642238	-0.8431323094904422	-0.5545811927775572
15.227666576217432	16.82257481173391	-0.8864553903582484	-0.4403553744200549
15.31960358986559	16.954005641238698	-0.9252622290536626	-0.3189836930597455
15.417806612798074	17.08510683578902	-0.9577519295867664	-0.19241348440204703
15.523039419788908	17.21603264641224	-0.9828458975326094	-0.06268568380006811
15.635283569343104	17.346887413000278	-0.9971001167343061	0.06806211379062535
15.753612090919008	17.477726770359048	-0.9985663716690525	0.19759905960964091
15.876688475536445	17.608576646287748	-0.9853795063950135	0.3237466810653601
16.003093444324296	17.739444622308742	-0.9563645896340055	0.44436446213449965
16.131604329262636	17.87032991435668	-0.9112526068809309	0.557396520069801
16.26132851691698	18.001229833653852	-0.8504972197921604	0.660913495459831
16.391696971455588	18.132142160622614	-0.7750582307293646	0.7531478166856798
16.522391519788368	18.263064443020255	-0.6862338707300902	0.832523418063829
16.65326696643911	18.393991108586704	-0.5854483877447932	0.89768158151776
16.784300316495873	18.524908760050593	-0.47445258997412815	0.9475044525309588
16.915578546317505	18.65579146529496	-0.3551330606604846	0.9811380655074871
17.047323125866694	18.786598140474343	-0.22928117505307405	0.9980148795065805
17.17994494293394	18.9172728646048	-0.09860773295903379	0.9975670764669278
17.314125377655696	19.048453960516362	0.03534251775222068	0.9800183933298581
17.45086386289474	19.17964272030295	0.17119449044647178	0.9456621441956621
17.591449453388734	19.3108072822042	0.307606164484637	0.8951003675211471
17.737299744612645	19.44190237593195	0.4424536764615316	0.8292329747655005
17.889554068015265	19.57285905761624	0.5732938288140758	0.7492537436352538
18.0485900469166	19.703542732004543	0.6957516431601909	0.6566680232224209
18.213449267845032	19.833689208200724	0.8042443840217236	0.5533384721384506
18.381688089992835	19.962804668178926	0.8920970466829701	0.4415694358391017
18.549910313899808	20.090079026786217	0.9551050316843611	0.32417581205173124
18.714815619067377	20.21438949749475	0.990695042374981	0.20442503577249893
18.874165466005543	20.334485958375513	0.9992271226755957	0.08571895675833609
19.00506308777014	20.449346153839528	0.9874469235077883	-0.02897483204605219
19.135956870251412	20.558375867799214	0.958799565930813	-0.13753896784915406
19.26684129774573	20.66167162719983	0.9137763386295559	-0.2389244861243154
19.39770481141306	20.760144115009215	0.853152125845454	-0.33313024908380645
19.528524732094958	20.85543159996562	0.7779781868597373	-0.4214265285696024
19.659262677598928	20.949694996586096	0.6895719232620653	-0.5047213131646462
19.789847547725913	21.045107415398245	0.5895123812547484	-0.5848385482049072
19.920171468243563	21.143783843705265	0.47954964691478574	-0.6616345009692424
20.050042240620467	21.247462972096734	0.3618394580709277	-0.7357767935185071
20.1791817163894	21.357469861766	0.23877924781174809	-0.8057322410057005
20.307154623432993	21.474579079246336	0.11292451861804044	-0.8692247011346028
20.433315382153125	21.59891377013356	-0.012954606102774132	-0.9237234837173822
20.556818591680297	21.72983604282188	-0.13600111737880707	-0.9657978596669466
20.676640116753134	21.865982509686745	-0.25345259834196987	-0.9921615257383652
20.791713984774262	22.00548635097533	-0.3628288466380735	-0.999549713654825
20.90108685733968	22.146408736249082	-0.4622258315899559	-0.9874855572644363
21.004341659274502	22.28709561625903	-0.551127529098296	-0.9561367291183511
21.10169057158137	22.426467975262238	-0.6296722161921404	-0.9066153421397605
21.194033143708143	22.56404177797977	-0.6984738698188184	-0.8401655255628036
21.282835483579916	22.699813944257134	-0.7591652073857202	-0.7589322803615877
21.370052323054743	22.83403225529035	-0.8130758494192613	-0.6649952342419427
21.457894657284633	22.967034066652264	-0.8607330363419657	-0.5601589412265027
21.548519263391285	23.09915576365923	-0.9035532102232103	-0.4462389301220946
21.64393638169034	23.230696229840955	-0.9398620778029532	-0.3250934437394863
21.745414193140515	23.36187817074564	-0.9698030422018149	-0.1986719578088853
21.853634154626373	23.49286820762945	-0.9902611460861727	-0.06900662329929058
21.968273375913647	23.62376865518864	-0.999281590815779	0.06178308289487632
22.08838875893883	23.75463953240716	-0.994789151079823	0.19147858456954653
22.21269032024743	23.885509992292427	-0.9750796343618103	0.31786529858768986
22.33985913504667	24.016389865789797	-0.9393546077428766	0.43880543919568116
22.46880508951251	24.147280446010353	-0.8876538086370689	0.5522407065423506
22.59875708158979	24.278180135172477	-0.8206558400307239	0.6562373179832774
22.72923621264475	24.40908615068304	-0.7394781856109512	0.7490210385255027
22.859982151202463	24.539993324800736	-0.6455331318187006	0.8290073637765714
22.99088344617884	24.670890812452487	-0.540436827242874	0.8948284467040732
23.121936406289997	24.801757611331052	-0.42594456758613575	0.9453584076888412
23.25323956607302	24.932558312245085	-0.3037804817767495	0.9797381520913024
23.385021712260293	25.063238765568915	-0.17595330015542923	0.9973990718223227
23.517694946479725	25.193731482062596	-0.044220845886648125	0.9980845649588082
23.651914850075823	25.324859429727358	0.08980373077647322	0.9814971258907024
23.788642823702755	25.45598918820053	0.22465750816333468	0.947978337348564
23.9290879008615	25.587093144732847	0.35886017054888036	0.8982321346317867
24.07452459486731	25.718129575222118	0.4902950202628969	0.833143368243426
24.225920883028564	25.84902859281449	0.615955531085677	0.7538925937427855
24.38344381375856	25.979654060008926	0.7320662461354449	0.6619734205047054
24.546057533470737	26.109735005579694	0.8324153940067459	0.5592424507269955
24.71139826328017	26.23877807755712	0.9121651406872795	0.4479942268744534
24.87638526224523	26.36599058743306	0.9671804699945334	0.3310184145900177
25.038102223745703	26.490300454080337	0.9950339033680988	0.21152302874190299
25.194692535450567	26.610552307886618	0.9980543825077632	0.09280515447366218
25.325590019285304	26.725791865571246	0.9813377789309441	-0.02223967019899497
25.45648345441757	26.835508079172524	0.9478109381773876	-0.1315613790839604
25.5873670922476	26.939873444567443	0.8981077855196262	-0.2340618148533341
25.7182285685905	27.0397863717438	0.8330877348689179	-0.3297972093828627
25.849044339737134	27.13690891708851	0.7538821818288881	-0.4198592706277319
25.97977359815235	27.233322552616713	0.6618837683689643	-0.5051019127237945
26.110341619193633	27.33113900264427	0.5587408149161013	-0.5871922639414986
26.240635061075903	27.432397716347086	0.44633991459870814	-0.6657058582261316
26.370449254122292	27.538771498282305	0.3268240308748619	-0.7411478910199187
26.499486066383586	27.651526592924206	0.20256011023727186	-0.8121142619813646
26.62729504630766	27.771349050871876	0.07613946263049354	-0.8761387205150934
26.75321975487034	27.898235557602266	-0.04964951623225937	-0.9300788592336836
26.87637964948585	28.031409377592443	-0.17192311254065218	-0.9704158971157282
26.995721403382344	28.169379634419684	-0.2879176108284595	-0.9940633129299341
27.11019737161114	28.310208870996483	-0.3953486585050922	-0.998873324725376
27.2190208702782	28.451940624890028	-0.4927938785018019	-0.9839903567516983
27.321912528311984	28.593010832241994	-0.5795624814456642	-0.9495264569315965
27.41923254081186	28.732481250898775	-0.6558321386723294	-0.896509318644515
27.5119887283468	28.87002696113695	-0.7230561247093618	-0.8273522022086356
27.601819223711768	29.005712231850836	-0.7819333314511352	-0.7439143875456977
27.6907063872942	29.139822622634835	-0.8341329507981761	-0.6480417174454665
27.780830046865344	29.272729225999043	-0.8804604588249111	-0.5415445420677619
27.87429788680646	29.404787122433934	-0.9206257669758703	-0.42624264134502
27.97279755971699	29.53628820577277	-0.954577625793425	-0.3039117011074732
28.077491736453208	29.667460943157327	-0.9804667987513732	-0.17669006979319746
28.188662596380833	29.798456647044404	-0.9958777014665623	-0.04664285814706735
28.305769684351965	29.929369857604865	-0.9990127400120334	0.0840998007655395
28.427766184414345	30.06025462523718	-0.9877714503785632	0.21336458783468437
28.55335736737827	30.19113603490171	-0.9608574741208937	0.33897588204300205
28.681328394831972	30.32202306085621	-0.9178626611836012	0.4588033638515264
28.810730556110812	30.452917193870896	-0.8591335065417692	0.5708068026419606
28.94092172000895	30.583816770120748	-0.7855653242760885	0.6730755373754396
29.071518640577548	30.7147177180794	-0.6984248563970863	0.7638625751229428
29.202323455973048	30.845611578467324	-0.599231310833771	0.8416144760874966
29.333263960063505	30.97648163154253	-0.48968103011949216	0.904977176338805
29.46436445568093	31.107298317712342	-0.3715881716001561	0.9525993754442292
29.595752968447112	31.23801638533664	-0.24678699503050666	0.9839429010937931
29.72769462139444	31.368571992833783	-0.11714297920815707	0.9985128025189087
29.860646864642884	31.499064239729922	0.015506448004823165	0.9961160933857917
29.995314091411224	31.630166793746852	0.1495475421186277	0.9766721424746434
30.132678201188337	31.76126379392852	0.2834665600443889	0.9404970850569905
30.273911636012055	31.892327199427342	0.41564752973958563	0.8882238592137639
30.420167450223147	32.02331271668182	0.5437245812183071	0.8207807850434321
30.572182160066358	32.154140929688126	0.6643497230870161	0.7393943739710032
30.729809049179103	32.28465396108036	0.7735974335034065	0.645612743680319
30.89172250217834	32.41454297640167	0.8653390444237794	0.5413617072674164
31.055459455807195	32.54326507790502	0.9353728835930756	0.42901740120740245
31.218100070073966	32.66998604882053	0.9802521113214901	0.31144176129807055
31.37710988580166	32.793633202592055	0.9987809401060133	0.19186403718258535
31.523063648049437	32.91311034705206	0.9938579210454368	0.07352157174559117
31.65396053564248	33.02757675348996	0.9714825522442592	-0.04082701531999158
31.784852403016586	33.13661794677998	0.9325080429691026	-0.14926234640114008
31.91573224707959	33.240579531130415	0.8775999376999796	-0.25111831636895177
32.046586238510116	33.34062744495078	0.8075823096305207	-0.34640644767438267
32.17738637700798	33.43841878015441	0.7236820324604288	-0.4363564238070097
32.30808546753448	33.53608095555304	0.6275384153608496	-0.5219465276930115
32.43860073520211	33.63569606488107	0.520882855342808	-0.6041029600192538
32.56879540052551	33.739190701740654	0.4056878918743031	-0.6834113262145778
32.698459934683086	33.848148782228385	0.2841529955711723	-0.7584661069714903
32.8272385839454	33.96368436775774	0.1587319243002872	-0.8283965258315305
32.95462647865173	34.086314015755185	0.03207526963513137	-0.8905821742510891
33.079911377107635	34.215817554640424	-0.09300748587062863	-0.9417284059254035
33.20217324104955	34.35118648961229	-0.21368264750671032	-0.9783968390686215
33.32037257094177	34.49074172345006	-0.32735216090719277	-0.997655474522898
33.43354514309012	34.632466865575104	-0.43201469565410344	-0.9968867163058818
33.540975014797866	34.774506239856564	-0.526158357269702	-0.97607304680954
33.64257587461781	34.91547533443669	-0.6095381820057959	-0.9362232926380799
33.73895210842008	35.05461272265688	-0.6832323841618525	-0.8788310382200206
33.831352998876326	35.19172611974215	-0.7473606831327342	-0.805408546398575
33.9214863331347	35.32699477021004	-0.8042896074925622	-0.7180149809243277
34.011456179138115	35.460779964384216	-0.8542137502614602	-0.6187676811564875
34.10337881705531	35.593453144232846	-0.8983281576113678	-0.5094715038752307
34.19925108380167	35.725359207652	-0.9361176370884425	-0.3919503064666249
34.300560411985785	35.85677373692479	-0.9670123187418268	-0.26809842327888506
34.408146522932604	35.9879016765193	-0.9884064128350898	-0.13989937225303598
34.52192590281206	36.11887792989731	-0.9988821717439845	-0.009431377927998613
34.64120557060512	36.249787456076696	-0.9960644667851191	0.12116075684616856
34.76482199941635	36.380675104183496	-0.9781852509259705	0.24968091585273364
34.89150207170481	36.51156088316829	-0.9443426100693872	0.3738634740109062
35.020137998045804	36.642451547407276	-0.8944796612828412	0.4916344055979094
35.14991130937074	36.77334757432527	-0.8292073111747083	0.6009893574441962
35.280294050851296	36.904246466670884	-0.7496030405080628	0.7000646372762098
35.410985769661124	37.03514237868255	-0.6570581895363189	0.7871698797751427
35.54184309367011	37.16602326985753	-0.5531808420222952	0.8608171897591433
35.672831190281045	37.2968664835077	-0.43973136531288404	0.9197484670232406
35.8040072916857	37.427634140038485	-0.3185643842832845	0.9629623339202498
35.935536414663375	37.558270478709005	-0.19156100780697546	0.9897407830083763
36.06773350730096	37.6887036417619	-0.06054215548507811	0.9996731242711325
36.20111861612487	37.81961817475635	0.07271588070916413	0.9925999732932752
36.336466407489816	37.950706612838744	0.20656012738644836	0.9685085830402569
36.47479882189664	38.08178146630094	0.33942505972354836	0.9275216506361381
36.61729947172157	38.21281257488325	0.4695748440786734	0.8706847806604371
36.7650028844285	38.34374786331358	0.5943968434455056	0.7990175349859493
36.91838472772787	38.47448867493005	0.7100602531415406	0.7138428525993001
37.07691702677776	38.60483844099402	0.8124584662954989	0.6168196192178388
37.23890523199005	38.73442335919839	0.8955745958877313	0.5100071748338673
37.40172048898806	38.86261569911274	0.9557338449278835	0.395929184743667
37.56256924000455	38.98850627490812	0.9904131468198302	0.27756547258929165
37.71928607651981	39.111007150845936	0.99936641624611	0.1581559402308611
37.85018445774686	39.22910906875918	0.9881405261028962	0.040772261679149116
37.98108027491688	39.3420856201977	0.9600359953079293	-0.07209311030032316
38.111969571047446	39.449751607581184	0.915534480551313	-0.17883712067763752
38.24284362267689	39.552651292679904	0.8554002480694627	-0.278853233365612
38.37368458651269	39.6520758832861	0.780672124220584	-0.37287461523158844
38.50446117443301	39.749947858503596	0.6926525810130076	-0.4616067548479472
38.63511460324878	39.84830926798088	0.5929006928155176	-0.5465063043602033
38.765550290024464	39.94925871833253	0.4832193242324541	-0.6281018243291008
38.895610353487726	40.05461774051347	0.365590893402772	-0.7062710381568325
39.02503779344342	40.16583356670998	0.24238939414732097	-0.7804893936592787
39.15345167996466	40.28384416877431	0.1161683870104666	-0.8487183725103693
39.28028793015612	40.408942268810485	-0.01037293202317026	-0.9080278332339109
39.40476137293042	40.54065911518308	-0.13440809959507719	-0.9549935166826964
39.52588753799051	40.67775067061609	-0.2531563961794386	-0.9862822008737918
39.642610005249075	40.81838686299058	-0.36408951256039007	-0.9992991014918464
39.754038343338884	40.96054135554729	-0.4652508040321901	-0.9926629658861281
39.85970873921517	41.1024425407965	-0.5559330347615228	-0.9656791651796581
39.95969394813581	41.242937362751164	-0.6363459172083654	-0.9197534279687026
40.054803189041195	41.38149240208023	-0.7064021484990763	-0.8568985554630566
40.146461494402715	41.51803575600816	-0.7684683938863514	-0.7789816884619373
40.236571008453886	41.652822672663376	-0.8226087687446597	-0.6878670723421352
40.32718862255215	41.786217641901914	-0.8707788654028555	-0.5852751869047831
40.42047425247139	41.91861313333217	-0.9126069828930045	-0.47305252503566675
40.51824173064333	42.050338689315694	-0.9482442683986444	-0.3532338154896978
40.6218150466326	42.181647754593044	-0.9756581194406705	-0.22773616261803378
40.73165451334758	42.31271840631839	-0.9936779335763605	-0.09857564663011684
40.84752647049167	42.44367038464884	-0.9997857518702288	0.032148398641536964
40.96851871572296	42.57457291900506	-0.9917783423127282	0.1622749862398717
41.09338255570807	42.70546102541363	-0.9682064046780722	0.2896231518546796
41.22087885944032	42.836349436912684	-0.9285124750577507	0.41203876568230713
41.349999035318554	42.96724251903088	-0.8729273465320887	0.5274402590412316
41.480035917489076	43.09813982617595	-0.8022682266048609	0.6338598857178699
41.61055248332851	43.22903782934329	-0.7177516934736264	0.7294466216793225
41.74131164219414	43.35992866280424	-0.6208641148146868	0.8123608646837992
41.872212102348044	43.49079697687106	-0.5132808218612891	0.8813699527403835
42.003250759642235	43.621614676372644	-0.39680787564877146	0.9352999335485389
42.134517728096476	43.752336853009076	-0.2733228252044073	0.9732434861815422
42.26622206046854	43.88290035427287	-0.14470360984912373	0.9945862293287837
42.3987400831763	44.01322761378144	-0.012752345712537288	0.9990286104676362
42.53266977390303	44.14431054676854	0.12085916178650274	0.9864292922674059
42.668877502077834	44.27539349340185	0.2544980039161032	0.9569319176840354
42.808442095370204	44.406453879241255	0.3864308867034847	0.9110478442393145
42.952495327823726	44.53745706210336	0.5147488196874731	0.8495838123266353
43.10191742145738	44.66834037169775	0.6368442805944039	0.7736429437292517
43.256907833022225	44.79898067307771	0.7478743542092448	0.6846394156334237
43.41654361243864	44.929137559593535	0.8441779525073613	0.5841776131136717
43.57882819117369	45.05836029868256	0.9192625969890555	0.4746965966272116
43.741012482212035	45.18593170359242	0.9707735575628589	0.3588778322295676
43.90043969752309	45.31086928325585	0.9962365558396851	0.23980736493646865
44.05532249461943	45.43209133483999	0.9970675939455595	0.12069312117424999
44.186220283397965	45.548689564103555	0.9789223833079459	0.0044010158617941554
44.3171145181331	45.66008875701465	0.9440599846281867	-0.10675071557324528
44.44799979562518	45.766305752768055	0.8930798589531261	-0.2114988048938217
44.57886483280056	45.86821072394366	0.8268606828594287	-0.30991819251783626
44.70968862553907	45.967381697765546	0.7465505211233437	-0.40234851056558407
44.840429627994375	46.0656890775199	0.6535588238127736	-0.4903087102852032
44.97102091676784	46.16528741963468	0.54954239992969	-0.5744511123082994
45.101345613312716	46.268144851807385	0.43640270066623965	-0.6553494386894274
45.231214714757165	46.37597262499589	0.31627892591047957	-0.7329788625144618
45.3603414206191	46.490050323050546	0.19153461829769114	-0.8056337217191671
45.48827360164564	46.61109491972475	0.06476939340120143	-0.871145818801275
45.61436037718651	46.739126591627326	-0.06122659608654729	-0.9266903229461307
45.73775441460895	46.87336659105527	-0.18359452645650204	-0.9687585629575549
45.85745535726489	47.01229930132979	-0.29961017482099483	-0.9934388889255392
45.97239707430905	47.15397716602876	-0.4069506384810567	-0.9990550885648091
46.08181839860117	47.29642158808216	-0.504189611227271	-0.9847841245611472
46.18546916350071	47.43805872668931	-0.5909905069251458	-0.9510532454773901
46.283754005416654	47.577946632871495	-0.6670561117070215	-0.8983660792862507
46.37768295155728	47.71579553730429	-0.7341097357204821	-0.8294806559311749
46.468902780319446	47.8516952632319	-0.7926743755843263	-0.7462767935555152
46.559382357154774	47.98595337348934	-0.8448263126223696	-0.6506105532858824
46.65130802464734	48.1189653506481	-0.8899573112448556	-0.5442898299520159
46.74660576754857	48.25109243727519	-0.9296601733098802	-0.4291384767193852
46.8470096830466	48.38264647912494	-0.9614553553303368	-0.3069818773881556
46.95338265132256	48.51385272610374	-0.9851007946436103	-0.1798147385422858
47.06598445413188	48.64487278215716	-0.9981814481849984	-0.049780579084163966
47.18425992029186	48.77580450953955	-0.998104040725543	0.0809928945908826
47.30710048296567	48.906701740802205	-0.9831138521332652	0.21033115101311822
47.433238306388404	49.0375905990968	-0.9523984555689107	0.3360583545299956
47.561536073334274	49.168481466034294	-0.905691382886867	0.4560439105295324
47.69111916854927	49.2993766427526	-0.84334855119409	0.5682461915106894
47.821402381383315	49.430274439027414	-0.7663065406160888	0.6707518860489332
47.9520423030987	49.56116961196404	-0.6760434385452132	0.7618101824489218
48.08286687637337	49.69205110348914	-0.5741412658557385	0.8398630895312446
48.21381837898179	49.8228977257577	-0.4623444430502488	0.90357344581714
48.34492914460155	49.95367335506719	-0.3425046960420798	0.9517120830181381
48.47633043294971	50.084324007234	-0.21651753097153947	0.9834348386596455
48.60828970099385	50.21477829743231	-0.0862466568562463	0.9984076058143521
48.741261034060614	50.34511314838322	0.04654426440922399	0.9964460781666573
48.8759355382576	50.476191876075475	0.18022555234788898	0.9774422444935001
49.01326891349235	50.60726264138609	0.31317831232570803	0.9417018027424735
49.154378489305415	50.73829918342005	0.4434801331501578	0.8898506651816611
49.30031913575643	50.86925939228351	0.5690255809463627	0.8228091485004028
49.45173624818536	51.000062144716395	0.6867160683417117	0.7417976531442565
49.60842556063414	51.13054593395282	0.7914059443264555	0.6483606600672889
49.76901074894585	51.26040136449298	0.8791132942818701	0.5444193623325156
49.93114235650484	51.3890859249435	0.9442216264481738	0.4323448295524252
50.09207834772616	51.51578302988371	0.9846476852380357	0.3149778943656343
50.249482891268755	51.63945369733556	0.9994975241452277	0.19550890317959976
50.386557993362096	51.75904388053654	0.9925464152526555	0.07712729032823262
50.51745483120727	51.873725702166055	0.968403252208266	-0.037422283713166325
50.64834658081114	51.98311017758187	0.9274444180171473	-0.1462368725089654
50.77922615562622	52.08757416621388	0.8706629125891685	-0.2486586333950482
50.91007958930169	52.188279272360305	0.799041366022381	-0.34461521680550233
51.04087823288649	52.28684385458239	0.7138294596565163	-0.4353489973875385
51.1715744377798	52.38537762141542	0.6165309579503642	-0.5217234121418786
51.30208370583697	52.48593622501494	0.5088972306569196	-0.6046435256451219
51.43226684255765	52.59042745359669	0.39291895921980924	-0.6846647721230169
51.56191135557241	52.70041563626192	0.27081143013776765	-0.7602585839117861
51.69065479771813	52.81698848411405	0.14504452700943726	-0.8305029772981454
51.817983578846324	52.94062717516263	0.018283169998561333	-0.8927415598028843
51.94317742954846	53.07106276864419	-0.10665452561988718	-0.9436552680300554
52.065314522375076	53.207230827800565	-0.22693864706395414	-0.9798120104949024
52.18336734719369	53.34740473762244	-0.33999444105236487	-0.9981260165703204
52.29638079145523	53.48955562390967	-0.44384507265270456	-0.9961779303445681
52.403677716986664	53.63184811202186	-0.5374081238845028	-0.9743748736729652
52.50524413062339	53.77293205930595	-0.6198972546133271	-0.9335474311618972
52.60174992039225	53.9120864430754	-0.692669648272937	-0.8751073174527495
52.69446886425643	54.04917145610481	-0.7563265598906876	-0.80057386376881
52.78515673887543	54.18441352483043	-0.8126138253978998	-0.7124560328485761
52.875916399317575	54.31816817954671	-0.8617994076079776	-0.6125799730456936
52.96882491123252	54.45081539308851	-0.905451572691252	-0.5027533750921702
53.06587038985584	54.58270676162017	-0.9418967017440347	-0.3848006759654099
53.1683581960486	54.71411254724801	-0.9713336034055837	-0.26062579366269506
53.2770561142278	54.8452378657425	-0.9914334958174698	-0.132216156558272
53.39185355070881	54.97621700162803	-0.9995219578799005	-0.0016533478328258266
53.511914052122464	55.10712997861964	-0.9940741624728044	0.12888322582151873
53.63607991034186	55.2380210332524	-0.9734518873131583	0.2571603804310196
53.76311360272395	55.36890943112675	-0.9368727676655833	0.38101401660125217
53.89195800646233	55.49980153920935	-0.8843736399202752	0.4983419859551634
54.02184508244386	55.63069780399804	-0.8166311617270898	0.6071470560668171
54.1522858496693	55.76159537474047	-0.7347683691409925	0.7055742045060062
54.28300627284261	55.89248746058156	-0.6402100299018133	0.7919431258440512
54.41387968634118	56.0233602525319	-0.5345402608514358	0.8647774206287697
54.54488225531226	56.154188051075494	-0.41950858171459576	0.922832069672372
