1.7927466051667165	2.753728084681851	-0.22002496549273912	-0.9254588282753203
1.9167136810135879	2.8995974741446515	-0.3388926545267511	-0.9706185897971095
2.037274800615629	3.0483998169739652	-0.44952561147319686	-0.9951699774470669
2.153643851516959	3.1977740924022404	-0.5501832525338645	-0.9982355886282593
2.2654945146837266	3.3456718711052074	-0.6400847991402825	-0.978888340157068
2.3730101385232727	3.490871048463987	-0.7186463698343128	-0.9391622921491027
2.477064377702317	3.6329073029612973	-0.7868274366058521	-0.8814541650264979
2.5790623369475347	3.7719081750319474	-0.8458325881573235	-0.8077932259990189
2.6807391607706337	3.9083623567954997	-0.8952809660328244	-0.7199280105483852
2.7838022524869976	4.042877007751764	-0.936279427129008	-0.62032910303325
2.88983807202581	4.1760009038928185	-0.9684640043024004	-0.5107845258010074
3.0000040587678223	4.3081916066452814	-0.9896239096392404	-0.3930891123633533
3.114721119729409	4.4397914797477345	-0.999156083558528	-0.26911205900146473
3.233902964021191	4.5710446522852	-0.9952530168367378	-0.14081825356640554
3.356946033790857	4.702108594119625	-0.976429362297013	-0.01027362337710888
3.482969293275668	4.8330769814422885	-0.9418384760025884	0.12038042563167596
3.6110645245822828	4.96400055012107	-0.8913689477942808	0.2489627168851982
3.7404677756679567	5.094903295023932	-0.8255639227846177	0.37319265778768174
3.870626397966228	5.2257929481518435	-0.745464647724702	0.4910043915447709
4.001187284877933	5.356665374387679	-0.6524622266525419	0.6003923639283922
4.131950874117657	5.487504306361093	-0.5481907971179323	0.6994879985878687
4.262822008214072	5.618276681995745	-0.43445983167595126	0.786594356183866
4.393776554441923	5.7489255978778315	-0.31320619835350966	0.860221131049062
4.524849355423484	5.879363662841526	-0.1864373047697664	0.919122551823274
4.656142801496456	6.009469969501934	-0.05620917769041955	0.9623381564424129
4.787851233508891	6.139092222752177	0.07536279712428534	0.9892321855910584
4.920292196154255	6.2680736713469996	0.20631845653318615	0.9995254101234818
5.05392864285132	6.398327457096631	0.33477444604097983	0.9931047043567178
5.189384839491703	6.5292863400135	0.45889512897933926	0.9697230729537633
5.327372887817313	6.660222865173484	0.5767582584845603	0.9297580455473795
5.468531815926561	6.791107983272151	0.6860746286106209	0.8736255665253613
5.61323694942289	6.921881331328415	0.7835059766180164	0.8026576016505671
5.761285872229562	7.052421257668122	0.8665119876805264	0.7181843972165391
5.911816895862847	7.182496817554456	0.93168079671956	0.6218876990319735
6.063380240352174	7.311715472419467	0.9754584166792046	0.5158432084373957
6.214313159482389	7.43949478840538	0.9974583799894651	0.4025307694617099
6.363108463287086	7.565085141778672	0.9964185592908485	0.28476130318440984
6.494007469032972	7.687709868749195	0.9774176543686005	0.16543474285998894
6.6249050403474525	7.806682179558966	0.9417222763463273	0.04726833876457063
6.755798738796876	7.921656004852278	0.8899429437115478	-0.06761075308193308
6.88668295256542	8.032848317006122	0.8229661066424789	-0.17787255015517742
7.017545425359823	8.14105474457375	0.7419428329111277	-0.2830106093614235
7.148361769488782	8.247657781437935	0.6482759221136353	-0.3834347965349044
7.279088156121851	8.354435884987254	0.5436056969704078	-0.47979327121186144
7.409648934876552	8.463267232546245	0.42979682734060193	-0.5720460731322081
7.539907197516247	8.57591408697425	0.3089355471162804	-0.6605101626487098
7.669648366452803	8.693908194654027	0.1832709438164458	-0.7442506644789988
7.798536880271746	8.818301476119476	0.055408279717480524	-0.821292026013789
7.926068358895226	8.949479867375743	-0.07200280239510409	-0.8887243332465424
8.051538519604945	9.086980757155505	-0.19622296035967543	-0.9430507672963795
8.174070285306211	9.229453947029864	-0.3145949219704407	-0.9807979145392619
8.292740226531638	9.374880888515726	-0.4248026135400326	-0.9984329528833393
8.406720957065962	9.521088293312772	-0.5248564159434885	-0.9948766434206162
8.515648650880179	9.66624167930219	-0.6141313915435913	-0.9707345053336633
8.619806014275053	9.809162451032847	-0.6929193885143254	-0.9268407068321293
8.720093058696552	9.94943415993139	-0.7615641774755096	-0.8651089113465515
8.817965445651165	10.087176344994687	-0.8211031799406103	-0.788132647505801
8.915240751531513	10.222767795779879	-0.872803837471878	-0.6978556748114857
9.013870347393826	10.35670063104529	-0.9163088370577565	-0.5961240660125748
9.115556805960312	10.489442229409326	-0.9524339786096558	-0.4847461828775841
9.221714967393877	10.621391767516329	-0.9791099861214355	-0.365482431140182
9.333007247350814	10.752847654470093	-0.9953037890488313	-0.2402976232157299
9.449471044936576	10.88401922318179	-0.9992244990618093	-0.1112895168195718
9.570534032605762	11.015038944283992	-0.988972079835976	0.019451852016749024
9.695234020518336	11.145984775076885	-0.9632473164285835	0.1497713206226245
9.822516262786747	11.276898247494767	-0.9215381409996962	0.27749064437859927
9.951458709472123	11.407798681922683	-0.8640785012972578	0.40045473593086284
10.081375376254858	11.538692514074187	-0.7916875173444737	0.516576495918964
10.211818487655695	11.669577746489889	-0.7055967313360023	0.623877489687009
10.342529010380327	11.800444114419175	-0.6073200012448752	0.7205241472236414
10.47337863366682	11.931269813956428	-0.4985705205636894	0.8048607771944182
10.604327405753038	12.062016002461645	-0.38120569346055366	0.8754415602213019
10.735405822214231	12.192621081242576	-0.257178498114526	0.930874353143153
10.86672352716814	12.322998286489142	-0.12848053212090635	0.9703182235897705
10.998497732912325	12.453038736594968	0.0029215221777684386	0.9932750379936821
11.131091233304367	12.582620002684957	0.13506356267155611	0.9994896783323481
11.265044501706312	12.71362001489829	0.26610943949507937	0.9887385101843267
11.401106313241524	12.844613318600839	0.39431379387775023	0.9610752691978212
11.540134353613514	12.97558151023242	0.5178173436718796	0.9169825739967541
11.682933225174706	13.106491484408377	0.6344286523159416	0.8572380482382014
11.829980215746604	13.237277534969087	0.7406004052172255	0.7829185633206512
11.9810918902699	13.367808040943576	0.8332049750453765	0.6954182604155851
12.135271202083901	13.49782992556756	0.9082910257455871	0.5964901312800517
12.290777697765803	13.626906452868777	0.9618144147860114	0.4882991116956521
12.445564311785791	13.754379738739136	0.9925717481817238	0.37344306061175847
12.597791921187085	13.879396841439766	0.9990131952428773	0.2548757415704681
12.728690893464334	14.001070334907556	0.9863812931494734	0.13563599242348948
12.859588353715123	14.118616951953053	0.9568980547916662	0.01853778620637001
12.990481709740287	14.231614107710097	0.9110659645474877	-0.09426034595813901
13.121364958826488	14.340270556960911	0.8496680791166834	-0.20163521692971303
13.252225648579202	14.445512996437937	0.7737582660322326	-0.3034355236671632
13.383039722563973	14.548833200905115	0.6846496066294608	-0.39994258956760353
13.513761035305379	14.652046687254062	0.583722784020603	-0.492274447038574
13.644313476050412	14.75715325221237	0.4730220353298058	-0.5808949688081052
13.774567196823796	14.865986161998627	0.35458621277879404	-0.6656751537382448
13.904304520055712	14.98010122364616	0.23067255682797044	-0.7462393794330603
14.03319518057382	15.100613236323996	0.10374110979420839	-0.8208011005426337
14.160742895565518	15.228003601476088	-0.02356044511694863	-0.8866083714565703
14.2862468978541	15.361964072854187	-0.14845738701054434	-0.9402728987539486
14.408813604404669	15.501339107961261	-0.2681991260519855	-0.9783332694729772
14.527463715140522	15.64428557086264	-0.38033387103501326	-0.9979471405679198
14.641342321629171	15.788673813273695	-0.48306226519049217	-0.9963444716080287
14.749859853317005	15.93266269761175	-0.5748637324741716	-0.974390920122092
14.85313934571327	16.074944067400267	-0.6560401997020137	-0.9331668027713556
14.95195436057485	16.214903206297436	-0.7275357906780847	-0.8741257384534679
15.047674502033255	16.352513764284744	-0.7894254347687977	-0.7990699445656663
15.142052198775026	16.488084419543927	-0.8440894213154344	-0.7104886637428
15.23715835721964	16.622046100881967	-0.8907638599624023	-0.6102179842854367
15.334858882013807	16.754824437857135	-0.9310928530117182	-0.5000675376148637
15.436875974121861	16.88680334505229	-0.9630712367022412	-0.38185661202990023
15.544188412761406	17.01827291535585	-0.9861537847461048	-0.2574840267826405
15.657168169570042	17.14944542765641	-0.9984047498408213	-0.1289381582217298
15.775462369656001	17.280459912586736	-0.9975875737777341	0.0016991992993889893
15.898165423609466	17.41139933791184	-0.9819150294833877	0.13222225066845936
16.024136706939082	17.54230804183395	-0.9503743515328573	0.26042373935493235
16.152290528892458	17.673206373992574	-0.9027824842084922	0.38414193108815825
16.28177021257708	17.80410187393661	-0.8396520109778526	0.5012785077012538
16.411988787214195	17.934994808700502	-0.7620001634248924	0.6098401311824805
16.542590404011495	18.065879631579985	-0.6711875406568195	0.7079752147910829
16.673386180290002	18.19674309837231	-0.5688109138689574	0.7940067391313819
16.804299522674604	18.327559943429716	-0.4566360978232704	0.8664628512977196
16.935336291659855	18.458287503938422	-0.336546435759301	0.924107219303463
17.066583131030313	18.588861561796186	-0.21048810487099706	0.9659702959464302
17.19823125628017	18.719196457983738	-0.08040556939940274	0.991380243843186
17.330617864984436	18.849192311179817	0.051824155601082326	0.9999885806012491
17.46427002416893	18.980210612921926	0.18443342166145096	0.9913340676323822
17.59996021305164	19.111236242688246	0.31564097822474657	0.9656952667287059
17.738623319469525	19.242241973254234	0.4436327963144858	0.9235443015118727
17.881217069456145	19.37319778344581	0.5663995934449301	0.8656251660885832
18.028451814175494	19.504046455695196	0.6813296456775428	0.7929786273687098
18.180431510557238	19.63467294634442	0.7840108963428254	0.7069566289809028
18.33632392200916	19.764852817202566	0.8709233455550168	0.6092588443237199
18.494386810282315	19.894179618003747	0.9371672113484535	0.5019931082615634
18.65232741878102	20.02201035368172	0.9803825314672676	0.38771610327157957
18.807924857769112	20.147469169060955	0.9986925517771442	0.26938625325379517
18.953352021197965	20.26958374888587	0.9941722863788836	0.1501248666741003
19.084249962444986	20.38750039200261	0.9722110218491353	0.03283024494234799
19.215144599095243	20.500652772631703	0.9336382896813145	-0.08017880358686433
19.34603098982873	20.609080926744863	0.8791117692158757	-0.1876087820952396
19.476898836437968	20.713572149100926	0.8095652816098154	-0.28891236223570727
19.607726388153015	20.81544834258339	0.7260075888895118	-0.3847377449151416
19.738475345219108	20.91662005402013	0.6300977077748657	-0.4760637346677908
19.869079583068327	21.019100938569398	0.5235942095618241	-0.56333263440285
19.999420949745023	21.124798552798552	0.4084442231942206	-0.6473957665476138
20.129317499242006	21.235404990442095	0.28681432003321405	-0.7277233712904033
20.25848111836377	21.352180215670156	0.16108900165511336	-0.8024907128736389
20.386451586101483	21.4758237398822	0.033878360893058304	-0.8698581807315942
20.512591379440565	21.60630607618046	-0.09206247142600366	-0.926658839568548
20.636062113032914	21.742768340448084	-0.21393584292411288	-0.9692259622560078
20.755874929872256	21.883602384600607	-0.3291141155928923	-0.9938194297017161
20.871012159172594	22.02678765471909	-0.43543348698163997	-0.9988807335903618
20.9807932213421	22.17032859185876	-0.5314844593093063	-0.9837442829341265
21.085080520487946	22.312692232078025	-0.6165498598545256	-0.9485555542846494
21.18435245434182	22.45303804144358	-0.6916297146693732	-0.8948107212687891
21.279745386803565	22.591153756617693	-0.7571220258511154	-0.8249288396527401
21.372934592796533	22.727191022546428	-0.8146956588529518	-0.7408304716220653
21.465917286340414	22.86152159173429	-0.8648162150612365	-0.6443785703743534
21.5607174882155	22.99456603595184	-0.9085564060951047	-0.5373915297676458
21.659236144587048	23.126717013701185	-0.9450438352037459	-0.4215628262897761
21.76284938691877	23.25829181617721	-0.9736057862886165	-0.29892963592728294
21.872292299825865	23.389521719692084	-0.992755231773777	-0.17150942635457736
21.987551914977075	23.520563072620188	-0.9998870447570283	-0.04135460652507014
22.107888645228865	23.651511555446092	-0.9929543515183515	0.08940229202421682
22.23218028293118	23.782420745141895	-0.9708287300535339	0.2185862761943259
22.35925936839853	23.913317320064497	-0.9327840939756504	0.3440243750333154
22.488114201262622	24.044211979210683	-0.8788890972473709	0.46359104623195635
22.617999867222522	24.175107107792414	-0.8098415691640986	0.5752518123381269
22.74843634889486	24.306000092945137	-0.7266316443231758	0.6771019437765952
22.879150027991656	24.436882783492045	-0.6308229277096912	0.7674002580095658
23.010011710534133	24.56773839031957	-0.5241626586397806	0.8445741792057246
23.14099002964305	24.698536749093744	-0.4084658545002673	0.907058057636002
23.272137091117955	24.829229930557332	-0.285636292744341	0.954026715806284
23.40360172856745	24.959748887038565	-0.1576050531939983	0.9847120893543746
23.53566754290866	25.090006732259116	-0.02626007261812956	0.9986578978197768
23.668801659958334	25.22025072943274	0.1066128310944013	0.9957047386279553
23.803695461056208	25.351298065303908	0.2393452129591324	0.9757306648819792
23.941274333760802	25.482333250511935	0.3702701976447702	0.9390560722931716
24.082573653672185	25.61333040163179	0.4972220438731515	0.8863226285212709
24.22849486080347	25.744245710656763	0.6179890379892635	0.8184663371747394
24.37947753777969	25.874991156934183	0.7294437322053964	0.7367260661419928
24.535116721876065	26.00539081925236	0.8262667571958557	0.6426711679587058
24.69394121180837	26.135115000993355	0.9052332499001893	0.5382546023054293
24.853683220252158	26.26360304628709	0.9608478439847197	0.42587865605778946
25.011891191652147	26.390042806819366	0.9925676330793558	0.30837896818061
25.16654416174272	26.513427190551543	0.9989383988611346	0.18895697136582718
25.29744274754956	26.63280162358529	0.9860088464588758	0.07065822546893774
25.42833910759692	26.747403131134213	0.9562341262581648	-0.04383671892576237
25.559229632159283	26.85696086980833	0.910121976963755	-0.15274656504346143
25.69010633205307	26.96195291103304	0.8484614631696393	-0.2554952747252761
25.82095346627924	27.063614761633016	0.7723137571172782	-0.352213195478233
25.951740165890744	27.16363797410904	0.6829084974005633	-0.44384365740775833
26.082412330106003	27.264062706149126	0.5818367878010199	-0.5315569026131586
26.21288078010097	27.36692092474359	0.47106509242443845	-0.6154873528635345
26.342987437524542	27.474011099331854	0.3526580759727816	-0.6962063028267825
26.47249386662074	27.586813375796293	0.22889791753287686	-0.7727376542201614
26.601032428140794	27.706294305466105	0.10228122572545574	-0.8428932193255678
26.728045344168148	27.832773898038347	-0.024491666359063507	-0.9040385948827845
26.8527707118516	27.965788662932965	-0.14860867561825972	-0.9526225275653377
26.97424666774306	28.104077036407073	-0.26729894981683594	-0.9851399447856355
27.091429708187956	28.2457794993757	-0.3781273816978913	-0.9991032326863821
27.203450389600718	28.388840022412758	-0.4793109445478103	-0.9931645483223479
27.309872342257187	28.531474711099584	-0.5696059154271569	-0.9669615364055333
27.410847060297204	28.672508057629408	-0.6495431315334557	-0.9213650633098851
27.507175326913416	28.811451031500795	-0.7196530957555304	-0.8587668150545171
27.600319258551753	28.948272457430914	-0.7810141434421071	-0.7810607465192863
27.692139686572364	29.08324554750911	-0.834938451983028	-0.690134044924307
27.784712291781602	29.216769445812712	-0.8822226712288522	-0.5878186170822927
27.880072351517654	29.349246823771967	-0.9229187062386413	-0.4757212699627685
27.979947809923626	29.48102944298172	-0.9565721538825298	-0.3559982630160664
28.085485530143764	29.612378081312567	-0.9822103039899435	-0.23056493744478962
28.197126222638147	29.74347971817342	-0.9966740680460595	-0.10143052214065462
28.31440159196514	29.874452280038792	-0.9987416498392925	0.029302781594356026
28.436397059867026	30.0053679978849	-0.9864215060768027	0.15947603496042867
28.561920400359146	30.13626402501336	-0.9584688570355168	0.28690943762562965
28.689816711586648	30.267156586999768	-0.9144920985886129	0.40944907198468405
28.819161544021497	30.398050886852232	-0.8548424904446787	0.5250124898430948
28.949315740141316	30.528946510671314	-0.7804214163648324	0.6316298811226375
29.079889749614367	30.659838905555546	-0.6925065620636043	0.7274801342895484
29.210676173319474	30.790717752022452	-0.5926324549488194	0.810764643874508
29.34159086014574	30.921563396864617	-0.48251489618157967	0.8800704073267113
29.472640749887756	31.05234185906172	-0.36388972478192044	0.9343170090597497
29.603922133774503	31.18299863218533	-0.23881588100315182	0.97259622936991
29.735647687995982	31.313459865196535	-0.1092265109544986	0.9942973761169729
29.868192788808496	31.44363780790598	0.0230474081313081	0.9991297110844807
30.00214448416084	31.574697265019378	0.15629273173211983	0.9869364737682416
30.138342564744462	31.70575485489142	0.28890511789078627	0.9578435173871487
30.27781658340783	31.83678883199044	0.41923072379543824	0.9123560061042866
30.421626731188564	31.96776451263309	0.5449313256328534	0.8512745367335738
30.570535962375384	32.098619791493704	0.6631150950877691	0.7756958237009655
30.724619012658945	32.22922983913406	0.7704093416865134	0.6870291986746854
30.88295002956345	32.35934805172533	0.8608742270618579	0.5870048484053881
31.04354232388835	32.48853110315436	0.9313367631032609	0.4777777081323578
31.20383099741456	32.61606560959967	0.9771399215534946	0.3621661208309891
31.36141655505829	32.74100589198339	0.9982880817561849	0.24321546379750397
31.512062125107228	32.8623091051949	0.994893085516124	0.12408903692068521
31.642959832021607	32.97913367659981	0.973881886669616	0.007584193594304989
31.773853824036184	33.09090404200284	0.9362330659262997	-0.1039495648228079
31.904738538170818	33.19770627956115	0.8825901561489029	-0.20932398196955604
32.03560236155379	33.300430627648296	0.8138741161735138	-0.3085834927047526
32.166423607454995	33.4006435194046	0.7312730294872862	-0.4020112324891335
32.29715924935275	33.50019456414726	0.6361704013551588	-0.49106268318635715
32.42773991711784	33.60120478762688	0.5302296802474582	-0.5763431468023604
32.55804528627358	33.705602490529635	0.4155522361491891	-0.6582205813647233
32.68787851015256	33.81505206138995	0.29431259935301946	-0.7365824529090691
32.81694093727167	33.9307898620408	0.1689011168977383	-0.8099101121887118
32.944778501415946	34.05347336442189	0.041916768440542825	-0.8755987196526043
33.07072617607465	34.18304430361884	-0.08386455321028788	-0.9306286890751719
33.193913471761704	34.3186338486175	-0.20562312609975503	-0.9712968684788426
33.3133056582183	34.45865052269349	-0.32070413231260086	-0.9946359225009282
33.42791091349559	34.601083323314896	-0.42699538606501075	-0.9986318425667009
33.537036647716306	34.743964205203206	-0.5227689967964888	-0.9826079736412587
33.640540720516746	34.88577212942385	-0.6079303592985728	-0.9462832395432506
33.73884572750304	35.02570722962614	-0.6831525997838996	-0.8919516989355429
33.83312745021488	35.16351605223524	-0.7485339558395108	-0.8215615691695991
33.92504674985326	35.299328190855725	-0.8064714530727674	-0.7370176083359161
34.01664579121691	35.43350240419749	-0.8568550432159356	-0.6401709908724922
34.10996190058013	35.56643832817381	-0.9013163234004553	-0.5327204666675366
34.20699583046424	35.6985210322814	-0.9387406449485618	-0.41657711464384106
34.30918478365795	35.83005098412963	-0.9692359578656458	-0.29375589308134753
34.4174186777901	35.961252436217656	-0.9898566588366159	-0.1662161867437098
34.53163065922106	36.09227318413869	-0.9991869553687892	-0.03601862192062889
34.65115881307911	36.22320785603351	-0.9951279379943938	0.09470347055913478
34.77490089093725	36.35410876124497	-0.9759869705041928	0.2237747641158283
34.90163546611273	36.485000778187235	-0.9409106097290612	0.3490223053376567
35.03029043086332	36.61589347860828	-0.8898713113649179	0.46832230110055173
35.16006842036039	36.746788775400326	-0.8234991069905061	0.5796437587796699
35.29045080910357	36.877684316165734	-0.7428873605748946	0.6810870849982915
35.42113977083265	37.00857336901942	-0.6494428136798872	0.7708882248773358
35.55199058089257	37.13944208256343	-0.5447894329533182	0.847288490184776
35.68296401040163	37.270265428578575	-0.43070444151745285	0.9091856518830133
35.814108151648156	37.40100180039717	-0.30906224261435905	0.9555333701835835
35.945571403783575	37.531590503902194	-0.18170161210363978	0.9855678019291071
36.07764053966569	37.66194963641541	-0.05064164039977129	0.9988328988822717
36.2107920008328	37.79238292181762	0.08234475052535126	0.9951626154238647
36.34573707233284	37.92344804359946	0.21560603643732046	0.9744701430710925
36.48343107443147	38.05450203325965	0.3475456441898987	0.9370923358508998
36.624959528094955	38.18551775059225	0.4763988816445557	0.883682320636034
36.77130859343767	38.31644916968277	0.5993785114797768	0.8151883314143473
36.92296564537906	38.44720951505473	0.7132989182763438	0.7328595199018288
37.07954733745912	38.57762327994701	0.8139366770241593	0.6382748553816993
37.23957851913378	38.70735675569103	0.8958802115770248	0.5333007059273782
37.400693385683226	38.8358365683832	0.9554473393745526	0.42050181334163605
37.560259392131904	38.962219314878624	0.9900518664386329	0.3028045221859141
37.71614775971928	39.08547584080639	0.9994649769445904	0.18336876965523968
37.84704635806774	39.20461513342	0.9886313523004715	0.06524037705915478
37.97794277401292	39.31887345068138	0.9609111861756187	-0.048933069304519745
38.108833420504006	39.4279216547597	0.916779791255364	-0.15727947729867353
38.23971035849178	39.53222445027394	0.8569949469585101	-0.2592406920900843
38.370557925458776	39.63302797067704	0.7825881616230942	-0.35507544342979813
38.50134606533998	39.73206618577444	0.6948549334626501	-0.445676688475514
38.63202106414502	39.831386734843726	0.5953446661805328	-0.5323774114169777
38.76249580525031	39.93306359909715	0.4858480151962859	-0.6153072745506882
38.89261435122206	40.03892339155139	0.3684023115166376	-0.695175282968192
39.022142899617954	40.150474140512436	0.24521410485582845	-0.7710770414509176
39.1507220210054	40.26870249453709	0.11888548465052873	-0.8406663722789343
39.27779176613512	40.39397431952722	-0.007878410088092097	-0.9016917625207511
39.402601401472346	40.52588504315491	-0.13227507187931659	-0.9508329223170626
39.52421567574264	40.66323188111515	-0.25155118149712125	-0.9840113353905962
39.64155583160729	40.80421337660779	-0.3630978239987126	-0.998853974754625
39.753713958870016	40.946789887078324	-0.46496182289504895	-0.9939568805244584
39.860198277086575	41.089151582265416	-0.5563378554273326	-0.9692113815788456
39.961111890467365	41.23005573343026	-0.6374639916958708	-0.924868498389186
40.057182574256366	41.36896636581492	-0.7080843511766644	-0.8632737778944691
40.14979872455015	41.50580365252114	-0.7706631423349997	-0.786477597800491
40.24084728813464	41.640819979358454	-0.825011999111184	-0.69635286215333
40.33235242773809	41.77438333999555	-0.8734070237408615	-0.594736645320516
40.42646126782108	41.90689391828416	-0.9149843223086419	-0.48343363554299895
40.52491083089847	42.03868892712614	-0.9505029739640182	-0.36419304976736355
40.629069589223256	42.170043192667194	-0.9772403885734336	-0.23905938630629628
40.73934766814208	42.301142009495344	-0.994401804312494	-0.1100987712979822
40.855520986660444	42.432110719107726	-0.9995346793534348	0.020596337554268887
40.97670311433111	42.563022647924036	-0.9904982308889237	0.15086879462181435
41.101677001688465	42.69391564747773	-0.9658927086515876	0.2785380219648387
41.22923221513369	42.824806258367204	-0.9251955031472472	0.40144670270226146
41.35838161542161	42.95569984061795	-0.8686609679607518	0.5175066248325326
41.48843190347036	43.086596302074575	-0.7971231140091231	0.6247402125875389
41.618953959133535	43.21749192599232	-0.711811930124343	0.7213168784430881
41.74971453355539	43.34837808372947	-0.6142256202014915	0.8055849510864659
41.88061301697455	43.47923765548377	-0.5060509909734476	0.8761007200358344
42.011644011222685	43.61004024928212	-0.3891061972074976	0.9313798810849048
42.142893454944264	43.740738712999736	-0.2652809905806282	0.9707138464827036
42.274561838024674	43.87126671223136	-0.13646786367572755	0.9934915869806902
42.40701096591296	44.001543211784224	-0.0044869039244764064	0.9993955660350204
42.54081678399262	44.132612519647864	0.12893992929306328	0.9882589658781503
42.676814356620824	44.263682317623044	0.2621184615584834	0.9601986941425148
42.81604429503533	44.394731553727105	0.3934066930052472	0.9157025753298462
42.95960838404553	44.525726617776286	0.5208703190557797	0.8555541121262222
43.108369086846686	44.65660735434307	0.6417123290427332	0.7808330099718779
43.26252710143115	44.78725576050425	0.7515898318405487	0.6929288171140219
43.42122795193659	44.91743963220526	0.8465762355572196	0.5935803341561505
43.582546232892106	45.046731329801595	0.9207389665337938	0.48494419765612234
43.74385704271138	45.17444414125261	0.9713939771438526	0.3696461390253746
43.90259924912481	45.29963018172281	0.9964397541698127	0.25074062479177395
44.05699668079217	45.421222824116974	0.9969100650241153	0.13146275415906725
44.187894582326045	45.53829794511031	0.9785572063888206	0.014785798793327734
44.31878908074187	45.650259824985355	0.9434928400750544	-0.09696701423190435
44.44967504607531	45.757132936611775	0.892319436263004	-0.20254837230941744
44.58054173850705	45.85974217348067	0.8259182770729757	-0.30180582878112006
44.711368303787545	45.95956632990233	0.745439912676508	-0.39517710034323905
44.84211493474738	46.05848841379002	0.6522948644985389	-0.48411181585623714
44.97271733964374	46.15863567813447	0.5481395523090399	-0.5689504910485086
45.103057598342964	46.261951824479404	0.4348775617391639	-0.6507047444457466
45.23295429194275	46.37016926973401	0.3146424604092384	-0.7291416660872942
45.362126946038764	46.48457872123845	0.18979238073136914	-0.8022806899888797
45.49011664900738	46.6059194793926	0.06293482735765517	-0.8685117386661758
45.61628990985069	46.73422765223773	-0.06315342153661307	-0.92474503952435
45.73980670180601	46.86873796865192	-0.1856212131775969	-0.9675163566541344
45.85967619778744	47.00793942543713	-0.30174248316063784	-0.9930286558474104
45.97485537632672	47.14987222614004	-0.40920638543087334	-0.9991840066340694
46.084561718993484	47.29255639215679	-0.5065505139848121	-0.9853886749620016
46.188545286444445	47.43440656777052	-0.593420721087578	-0.9520725746452067
46.28721001122748	47.57447266198082	-0.669648073512703	-0.8999429696490503
46.38157801185193	47.71245161241546	-0.736685161620117	-0.8313599113672463
46.4732723006792	47.84844830711676	-0.7953520449242248	-0.7484236909695062
46.56426620456	47.98277792197358	-0.8473119842961472	-0.6529921028246181
46.65670992560207	48.1158389993994	-0.8924093195731864	-0.5468751490212574
46.75253916500729	48.24800080086074	-0.9316868159412649	-0.4318926918326824
46.85342583310791	48.379577581113494	-0.9632451096957606	-0.30991001068192414
46.960245902784614	48.51079861151861	-0.9861742671150344	-0.18283075573678903
47.0731994984015	48.64182766626975	-0.9984080409249854	-0.052823691761088545
47.19173108399329	48.772764899568976	-0.9975553772386807	0.07796727226918992
47.31475527269776	48.90366563178945	-0.9817703559945568	0.20736864870471272
47.44101730836666	49.03455661664439	-0.9500512265176226	0.3332042083294707
47.56938665567422	49.165448444537866	-0.9022515883975674	0.4533419131001564
47.69900526044504	49.29634363546857	-0.8389166391275292	0.5657380627225931
47.82930478165194	49.42724051377153	-0.7610814491459823	0.668476479462546
47.959952295446044	49.558133540670944	-0.6701110416773244	0.7598027227307436
48.090780194932805	49.68901089128859	-0.5675973903455201	0.8381545178693087
48.22173303803452	49.81985015665968	-0.4552935901499149	0.9021901059758283
48.352844054289484	49.950613512563024	-0.33505893464839304	0.950816160473808
48.48424287766461	50.0812444791274	-0.2087969136832391	0.9829531735675686
48.61619494556144	50.211669659253836	-0.07837779056954937	0.9983099771905812
48.74915027316762	50.3419271485406	0.05442831362951347	0.9967458579206077
48.8837914243851	50.4729983346764	0.18797626685485783	0.9781387793772389
49.02106197882414	50.60406130313057	0.32050945156465976	0.942786039034891
49.16205332950395	50.73509128884416	0.45031734103402193	0.8913067792945262
49.30780580396475	50.86604567575071	0.5752166402817833	0.824615228022232
49.458947166087356	50.99684386864361	0.6918141185965663	0.7439255872256424
49.615252599544725	51.12732587201805	0.7955895963678912	0.650775666871012
49.77537455748004	51.257183725459925	0.8820019276826866	0.5470801713358415
49.93700089028416	51.38588056781289	0.946205807573968	0.43520035389913425
50.0974360397689	51.51260729535823	0.9854856750669171	0.31796539042796423
50.25440859383865	51.63634041169575	0.9996522187527679	0.19854671106328484
50.389565458281375	51.75603482094173	0.9922634343555898	0.0801225028605986
50.52046232070348	51.870867412027025	0.9675643274008071	-0.03456587388246819
50.65135413437351	51.98045811585803	0.9262501709322747	-0.1436178929202717
50.7822338819988	52.08517202363002	0.8691321071346824	-0.24631472778431673
50.91308754975589	52.18614194076944	0.7971980690879985	-0.34260457339044986
51.043886746344114	52.28499354364158	0.7117024693055201	-0.4337006294443824
51.174584115477494	52.383821926770636	0.6141532371963259	-0.5203845806342431
51.30509469699401	52.484668810823194	0.5063059703194434	-0.6036422366931569
51.43528013688503	52.589442977676406	0.39015394929059366	-0.6839335834383851
51.564927096962954	52.6997057027885	0.2679159090717692	-0.7597891737059964
51.693673747294376	52.816543940242646	0.14206323617129593	-0.8302531476773616
51.82100669930617	52.94043577971395	0.0152620382796484	-0.8926546823798986
51.946205833721585	53.071106536084784	-0.10966899371086523	-0.9436700912832486
52.068350488657124	53.20748343550512	-0.22990101010198344	-0.9798671060944689
52.186416566057396	53.347831275459455	-0.3428629205412609	-0.9981394122438029
52.2994526526919	53.4901170372464	-0.4465816708517799	-0.9961251053727347
52.40679297461223	53.63250496311204	-0.5399842691427608	-0.9742316096157455
52.50843372871286	53.773650116560084	-0.6224171169827076	-0.9333042379493021
