2.469841170948607	0.7772637350064633	-0.7824010104382775	0.7125088300468971
2.6008007184194217	0.9351428060897281	-0.8568965044870264	0.593580078076189
2.7318639804298135	1.1097015968400696	-0.9167769736633034	0.44472944959197497
2.863187525673802	1.30762172170333	-0.961029961890886	0.26006480029421936
2.995119097905058	1.5351440594455124	-0.9888598590956813	0.03562881372777297
3.1283318209134974	1.7940796503686434	-0.999583535693151	-0.22132569266403881
3.263829547306963	2.074801398810329	-0.9924371398068735	-0.4829156976538704
3.402484291016346	2.3532786187417662	-0.9659152662802394	-0.7046963733403893
3.5443028754205472	2.603496212907878	-0.9195638783239954	-0.8582683971242966
3.688457444675426	2.8164875605441404	-0.8538056777934346	-0.9473493592623192
3.8339404077718324	2.998076247703607	-0.769721537773434	-0.9893223831515421
3.9798716063986412	3.1579245439958976	-0.6684487230604609	-0.9994870873056356
4.125455882814029	3.304022347999283	-0.5535617946598219	-0.9863641796402571
4.269879576564611	3.4417512947268945	-0.4281725265700497	-0.9549619234443498
4.412463764769554	3.5743513835533767	-0.2953503746120474	-0.9076321396206855
4.552812167195622	3.7035874650175966	-0.1588233044562347	-0.8461051376520737
4.690858920619708	3.8303487549827824	-0.021515896349509674	-0.7719804739675534
4.826822241097852	3.955095833616764	0.11415446829315495	-0.6868878876878782
4.961082502399329	4.07811948690855	0.24611985230124417	-0.5924866619043707
5.094056931837628	4.199626614066105	0.37241603182300437	-0.4904522290509504
5.226105835021021	4.319654885003895	0.49127366212443385	-0.3825703660878943
5.3574822239099085	4.437901577427283	0.6010376955077247	-0.27092662174836
5.488308155811208	4.5534565733577335	0.7000563124904429	-0.15818693669366532
5.6185692431723755	4.664567979349352	0.7867736394983285	-0.04778954228820246
5.74811946435734	4.7686009225428485	0.8598108431979254	0.05617496348276317
5.876691984182895	4.862287739741257	0.918061674806915	0.14926597582480783
6.003909230331579	4.942346242599087	0.960787014852827	0.22783782992460078
6.129274505127862	5.0063135408264605	0.9876966088079268	0.2895889311677366
6.252159987787177	5.053135530125652	0.9990256314629002	0.334028344272741
6.371780533160368	5.083455196316634	0.9956025796608199	0.3625508428097049
6.4871912826855285	5.09942071510051	0.9789043147783982	0.37733785902232525
6.5973402790656275	5.104388779906756	0.9510577139388904	0.38189657351412476
6.701176298313406	5.102148462577188	0.9134961512440429	0.37984085011379953
6.797691523179838	5.096666456386586	0.8702748232887454	0.37481054112229667
6.886361584560054	5.090945054699648	0.8231467125445675	0.36956056194512127
6.967015260553744	5.087373135897297	0.7749992482099914	0.36623655047064957
7.0400075496045	5.087275869444591	0.7269607705462018	0.3661450493888917
7.1060211007247585	5.091391632505792	0.6800309023626834	0.3699703433783318
7.16600398246001	5.0999615313532916	0.6349174517948973	0.3778341139998886
7.221048760398614	5.112899333597002	0.5914306987095167	0.38970588880167534
7.272275337609676	5.130023749871404	0.5492395199844265	0.4054193159968217
7.320792307511122	5.15112723190807	0.5080316800947028	0.4247839485328192
7.367632318004945	5.175999322333428	0.4672277492486273	0.44697050760915724
7.413787706082152	5.204730458320036	0.42610976176210974	0.4725659264580812
7.460188614326585	5.2373222512846285	0.3835420388801036	0.5009265149813904
7.507875362698691	5.274105713612905	0.33907037371570337	0.5325823791254748
7.557808373400796	5.31536729794181	0.29174798851380046	0.5668303015873373
7.6109324590992395	5.361763305284012	0.24061234537061157	0.604419857006527
7.668310376001888	5.4139163008311355	0.18459224401444196	0.6452065644740761
7.7310639272000685	5.472611632785061	0.12259987070947233	0.6889590202592195
7.800321200701167	5.5387294005874566	0.0536251330921197	0.7352674664247688
7.877126266513349	5.613135409513397	-0.023129406986768696	0.7834437523279252
7.962312621204241	5.696535809398784	-0.10808027619508388	0.8324346126726947
8.056357481172313	5.789315207827818	-0.20092509216965782	0.8802942058405092
8.159222231483945	5.891310518498898	-0.30045386269531577	0.9238664399191419
8.270147882206418	6.001781773469072	-0.4040717955060947	0.960193570938558
8.38784586589403	6.119401969132603	-0.5086125040323861	0.9861524579528029
8.510697320422693	6.242677409652487	-0.6102197164835346	0.9987278254784341
8.638464877160198	6.371845611642311	-0.7061110268022356	0.9955964562420287
8.769368423262131	6.505482264047231	-0.7924154563812484	0.9749149171210136
8.900280475727747	6.641590776922553	-0.8651896901179821	0.9360711143270573
9.031217398506245	6.781802803753474	-0.9231970486199205	0.8781392871139192
9.162222691742347	6.928382480720789	-0.9654512042039224	0.798673656739266
9.293406717983787	7.0843422149367745	-0.9912219927347745	0.6956165845537893
9.425030342306236	7.253090851705639	-0.9999920738083063	0.5651040256959944
9.557675815509922	7.438030698941417	-0.9909832172917871	0.40387422332492573
9.692552905539847	7.641191849197414	-0.9639952006256645	0.21108655672461535
9.831872305735043	7.861165333121069	-0.9178230194614643	-0.007178973394927512
9.979025845358889	8.090553044700245	-0.8500479956087285	-0.23429162659354175
10.137937760297671	8.31583761707	-0.7559605490968798	-0.44540761953955754
10.311689017666103	8.523098550165908	-0.6316843678304626	-0.6200169985508688
10.50103026272633	8.705594214043012	-0.4745280873184364	-0.7519774966000323
10.704106204925543	8.865108927027393	-0.2872303790554235	-0.8472888600810246
10.91609054968854	9.006922984149531	-0.0793657758447108	-0.9135501602362159
11.129327738226808	9.134690375596026	0.13332206564252097	-0.9577711963265771
11.335500431170617	9.248393493929466	0.33325656688485517	-0.984181531352943
11.528887837077018	9.345230051689045	0.5081385865066029	-0.9964538673470419
11.708259427203949	9.422369522136004	0.6535747914871652	-0.9999243615577903
11.875336934938856	9.47852609907818	0.770584759941553	-0.9983120078722347
12.032875392266302	9.514294631082606	0.8606102226898154	-0.9955158783523124
12.183232512748257	9.531531899201507	0.9273356260360799	-0.9938939749465634
12.32810075996053	9.532897141669517	0.9714311106083008	-0.9937655154138076
12.468599403686106	9.522115135136335	0.9947391852574339	-0.9947800249634852
12.605401809001519	9.503720437999029	0.9987742022074323	-0.9965108341455972
12.732620643662345	9.482780871585499	0.9857666458965693	-0.9981783842208158
12.858552939328142	9.464372062263735	0.9571868786816025	-0.9987565237842393
12.982926744603427	9.453404246933529	0.9140659094874212	-0.9991009745227895
13.105399460543554	9.4538739068891	0.8577938421774175	-0.9990862245736252
13.225465576210231	9.468711536213736	0.7901570053483084	-0.99862024003383
13.342389153711723	9.499540431954955	0.7133891715106406	-0.9969041427599419
13.455125427373536	9.546754925257627	0.6302277543234209	-0.9924615972846325
13.562269937899291	9.609709125680814	0.5436086122824348	-0.9828447531287906
13.662018279575808	9.686920241799402	0.45724953465034623	-0.9655664052299975
13.752280171061024	9.776281646990054	0.3753696316155603	-0.9384086255739151
13.830826378074036	9.875450417552138	0.30150997894303283	-0.8999022994044468
13.895678939230557	9.981963994255644	0.2390890211243828	-0.8485526021453307
13.94525507346057	10.093576698246116	0.19071479889413212	-0.7842104710985844
13.978696334995353	10.208324576110572	0.1577308963846903	-0.7080668935102419
13.996252959354027	10.324483700236886	0.14039327545816951	-0.6215762481759136
13.998986517400093	10.440596141666669	0.13769381614212461	-0.5267831478525452
13.989146132073405	10.555239663071049	0.14741145132526445	-0.42623510273130183
13.969985668904584	10.6669881325338	0.1663329045847824	-0.32258874470215193
13.945557053123464	10.774376716008629	0.1904201403543185	-0.2192905071214834
13.919802402670227	10.876135011890211	0.2155504011912569	-0.11913744662099278
13.896467179437314	10.971258720053976	0.23831989082560634	-0.024299571665938588
13.878323956483436	11.059233923768744	0.2559058567528202	0.06361449337726782
13.866929926413793	11.140176057827466	0.2668456721483805	0.1440350620069406
13.86336551236401	11.214684588559162	0.2702679934394086	0.21725383985145247
13.867665282408986	11.28384048175878	0.2661396305820288	0.28415613155186703
13.87963748735495	11.348953887862436	0.2546446888286621	0.34591258349112114
13.899012181616689	11.411457830217264	0.23583658907338945	0.40381238382973406
13.925712209753689	11.47279505724747	0.20978387006426485	0.4590954928077513
13.959719657270336	11.534443158623569	0.17647085676201404	0.5129194987161401
14.001170507428858	11.597879482733157	0.1355370694661997	0.566273666709227
14.05048321323127	11.664537065555045	0.08653263304457268	0.6198952255121905
14.108241081823087	11.73579968413693	0.028906830634914872	0.6742296450945702
14.1750561613972	11.813012324926557	-0.03786429505601529	0.729381183388953
14.251540765741321	11.897325444757948	-0.11409530567985587	0.7840594559550949
14.337959060262222	11.989671123409657	-0.19937975960687843	0.8380264261996957
14.434354066783143	12.09031264163761	-0.2927214365803886	0.888379411994521
14.540034102965391	12.19898640762714	-0.3918685050181936	0.9330301759048755
14.653783401968063	12.314786340016246	-0.49376906449880115	0.9685115106869826
14.773890349738254	12.436440662726975	-0.5944253162943484	0.9914474232592179
14.89851173622489	12.562613239800138	-0.6897523644360384	0.9998819974258406
15.029166873375189	12.69515583134738	-0.7780838444495476	0.991626469755504
15.160074317397436	12.829654704535926	-0.8532844239616526	0.9652479030308103
15.290998130253566	12.96718167500891	-0.9139034997593505	0.9203180021183348
15.421968310773833	13.109550941009287	-0.9589128153279839	0.8556809142864119
15.553061987216608	13.259153320978617	-0.9875416892915617	0.7694339458781447
15.684465673290376	13.418846276493706	-0.9992620441181193	0.6578013658646844
15.816609701729952	13.591835406704028	-0.9937159046960744	0.5184812697229226
15.950404859604497	13.780570357845388	-0.9705212240084106	0.348938883076119
16.08762121744382	13.98551892396866	-0.9287175337671744	0.1509934132022687
16.231277203296266	14.202935982893674	-0.865792066831588	-0.06571419186964128
16.385686437316405	14.423419750060683	-0.7787415235523361	-0.2822230083957027
16.55527939468426	14.633852678895053	-0.6616709538867885	-0.47643605360396474
16.743215664894617	14.824023571956342	-0.5100580528225221	-0.6340318173579771
16.949758017393037	14.991168439587524	-0.3229795432831714	-0.7535570568028871
17.171437886299383	15.138591057555828	-0.1070756418995289	-0.8421442913656223
17.400419103548458	15.27028331811744	0.12134746270336216	-0.9056780090094
17.625631958808636	15.386677058673138	0.33979105712676905	-0.9486427472298752
17.837376556530362	15.48424035406832	0.5299147144352682	-0.974603905401374
18.03195866117312	15.558798179670294	0.6839597377473382	-0.9884388798904886
18.21067865784884	15.608293967041115	0.8025465369289511	-0.9945605885682731
18.37690312100236	15.633616615763488	0.8899250735361512	-0.9969432683480447
18.53382410188767	15.637795324889849	0.9505239201434158	-0.9973364549317266
18.683774757965658	15.625225093533446	0.9858399805917656	-0.9961536862408081
18.8283395680748	15.601823876901173	0.9993336878494045	-0.9939517994515122
18.961538799724956	15.573838358243044	0.9934019691868873	-0.9907912951782607
19.08993149050508	15.547489546574068	0.9709718387629417	-0.9866701109060854
19.21757360789463	15.52821258133963	0.9328156276304199	-0.983655025180873
19.344314919953923	15.520247274475604	0.8798907204888231	-0.982409181619369
19.469905023037082	15.526727050771967	0.8134957412611018	-0.9834226752256565
19.593933175347033	15.54950985793547	0.735319471888433	-0.9869861052481494
19.715792642839325	15.589180214067222	0.6474807409246591	-0.9927621213847746
19.834663088486842	15.64526266930644	0.5525331271613277	-0.9980308505513874
19.949365350647838	15.716687318092568	0.4535419858076173	-0.9997260160364991
20.058317221756937	15.80183095314402	0.3540549681008973	-0.9951064790318039
20.15962338774446	15.898613902253848	0.2577165536073925	-0.9818172129902262
20.251274569628034	16.004671457108355	0.16820565503996104	-0.9559244105169377
20.331104839636055	16.117684149197377	0.08908451629704106	-0.9167800676955407
20.397330549756635	16.235536021297555	0.023006553896263805	-0.8636245086768726
20.448651814986345	16.35646516438939	-0.02828094995935115	-0.7966485019269403
20.484433037707035	16.479072017858805	-0.06403370848744509	-0.7168603458687317
20.504676281408145	16.602283320895808	-0.08418379701805787	-0.6258310754036787
20.510467972817807	16.725133932065546	-0.08994883627608383	-0.5256192001886492
20.503520249985037	16.846772699916855	-0.08303308540959604	-0.4185888788605473
20.486490562402018	16.966286322942118	-0.06608176488443256	-0.3073982117175819
20.462793217619684	17.082690961121973	-0.0424130497592075	-0.19477078917861484
20.436806284511537	17.194900545900282	-0.016443211992851633	-0.0837209525472577
20.412594513424466	17.30204257853599	0.007752631531687112	0.0232676672265201
20.39372050477261	17.40358686529973	0.026614224034722665	0.12450064707808303
20.382991357930038	17.4994724857769	0.03733631277499185	0.21881757707811336
20.38231081325155	17.590315126798036	0.0380164097614097	0.3065170569937263
20.392515243007914	17.677249688139824	0.027818692925487224	0.3878520909827696
20.41416055934591	17.761860553389724	0.006187615823781606	0.46433391775135324
20.447389542090338	17.84596074033797	-0.027019507441692635	0.5372445648733004
20.492522896007628	17.931312147234674	-0.07208633895338819	0.6069307363977452
20.549625642518723	18.01986077617158	-0.12889789392540477	0.6748864729526731
20.618903116594623	18.113137281473275	-0.1971928451118427	0.7405817318813126
20.700295209290605	18.212329839255247	-0.2761646979189477	0.8035583911972747
20.79334318834982	18.318081916112437	-0.3643614808137782	0.8616389364471762
20.896910140892984	18.43049016451929	-0.45850496211524294	0.9130693804486975
21.009426898063012	18.548819681411505	-0.5553327395067764	0.9548008049692187
21.128866390506204	18.67206618439381	-0.6504465947426696	0.9840086574239459
21.253168733107312	18.799126645852557	-0.7395494603252237	0.9984162387192252
21.38114319138122	18.929661262346254	-0.8193088167514214	0.9964014170161356
21.512052029294285	19.063780081464085	-0.8870001555733033	0.9766756535502605
21.642979919602542	19.2005588874909	-0.9395381411161237	0.9385782106174689
21.77396124785596	19.34154633073286	-0.9760293649427849	0.8811474269491348
21.905083406434184	19.488743901844135	-0.9958406399207907	0.8023561278482951
22.03655691977915	19.644561987936807	-0.9985739240331508	0.6999651707927015
22.16885721787022	19.811473718688276	-0.9839744186767263	0.5717094497095166
22.30298215495096	19.99132354990191	-0.9517052551497482	0.41587442699596666
22.440855788689042	20.18426749547321	-0.90034043857799	0.23381676714569308
22.585828978717057	20.387212230697916	-0.8279213165020454	0.03311821668192701
22.74279619411858	20.59278729358607	-0.7305122839702818	-0.17152114139488264
22.91745028329248	20.790632739228876	-0.6005647668496044	-0.3618116908325936
23.114888620772565	20.971880156229002	-0.4322231575576619	-0.5238138714834635
23.33712555726556	21.13314884552137	-0.22282447481857343	-0.6536583832758623
23.58083049685172	21.276343317742022	0.01887317115749121	-0.7548725672777808
23.8349777224029	21.40355048915145	0.26953002513687213	-0.831901514716324
24.082797164968333	21.512486422508733	0.4974143977946611	-0.8871973335276053
24.310734622580327	21.59689922623449	0.6806527827085899	-0.9229235434573274
24.515194007094077	21.652070004094746	0.8150703723187915	-0.9426167909559491
24.69966953619562	21.67857955164587	0.9075078676447496	-0.951500106658999
24.86920249574928	21.681358327859527	0.9651768716420794	-0.9522752329904287
25.02785394898101	21.667972263950727	0.9940696141530531	-0.9480026033541136
25.178389209208763	21.646687550521204	0.9985663981276243	-0.9407938497229753
25.308224734220975	21.62534996122319	0.9843224495749754	-0.9335671879762197
25.437709335474167	21.609599016586774	0.9536203460179797	-0.9279664087936168
25.56675653160705	21.60365932383516	0.9071331764196527	-0.9256078603566389
25.69522464032063	21.610590400015163	0.8458564608379262	-0.9283600698689032
25.822908429328685	21.632114738925583	0.7711157435626663	-0.9358582977901921
25.949465497582942	21.669124450283718	0.6846106085685272	-0.9483928283594536
26.07442875304227	21.721571435516594	0.588409586768525	-0.9634924869961392
26.19706984752296	21.788959394977116	0.4850350432761076	-0.9793005712169065
26.31641555526217	21.87018878195188	0.3774206870086151	-0.9925573058158853
26.43116692517709	21.963739639536914	0.26889423271924795	-0.9991392061387635
26.53962978662003	22.067770518507416	0.16310023530091208	-0.9967291797517444
26.639995059550607	22.1801385474719	0.0634978921903105	-0.9821794155865796
26.730354552628945	22.298720205082432	-0.026799355721484067	-0.9528941056768594
26.809027128536908	22.42147345964287	-0.10525193758244522	-0.908598577216074
26.87475480703818	22.54680551184702	-0.1703185385720191	-0.8493308476978255
26.92689790758753	22.673495611610992	-0.22140085370394513	-0.7759079889338353
26.965459272519567	22.800686047597942	-0.2588618576760173	-0.6896916051479006
26.991001689717123	22.92779321777692	-0.28338604509606946	-0.592393589583621
27.004837653158415	23.054342078215814	-0.29667044797567177	-0.4860119243705428
27.00881666628845	23.179926629449305	-0.30049084065789466	-0.37273748767723325
27.005554818934005	23.304107234699316	-0.2973590244622194	-0.25494061555094333
26.99835158930399	23.426416514303394	-0.29044294631229933	-0.13507486182414094
26.990989265104943	23.546420147377127	-0.2833741157819655	-0.015514541683416361
26.98741484035003	23.663830021953327	-0.2799421828552441	0.10166407152690435
26.991360640411834	23.77864135417378	-0.2837306864839052	0.21489851188139214
27.006000996759436	23.891246532020748	-0.2977874157350151	0.3232618107055227
27.03372827846145	24.00248346829509	-0.3240982034738178	0.4264167863863182
27.07619217824721	24.113484628220785	-0.3640450983995088	0.5238240424055063
27.13415683227682	24.225626515984604	-0.41733394750836855	0.6157229737489678
27.20758960291616	24.34006660047885	-0.48295612469336496	0.7016134753580732
27.295575297919132	24.45767344605142	-0.5577830527925179	0.7803687610905864
27.396402913172068	24.578691895981517	-0.6387101990346955	0.8501490501002046
27.507671290530283	24.702996026387392	-0.7200037373073734	0.9088287589047044
27.62669813109031	24.82999931655753	-0.7971792811236252	0.9542413323503781
27.750960262496008	24.959131536073823	-0.8657616899644816	0.9846155302716247
27.878433527840915	25.090014899998632	-0.9222679579284353	0.9986581543324755
28.008157875002386	25.222807851048785	-0.9644412165823001	0.9954641318085119
28.139103519738715	25.35781152157324	-0.9906183926955251	0.9743100321303242
28.27013237956677	25.495559453685917	-0.9998680493171416	0.9345765926669922
28.40137321440925	25.637192303043992	-0.9918995414001807	0.8753924649271078
28.533121994437412	25.78391343915422	-0.9665020345988744	0.7950121168492155
28.66602723956549	25.936842556803995	-0.9239384831742099	0.6935349074344641
28.801372926364134	26.09642190852067	-0.8638961441233883	0.5702516435397709
28.94154247733329	26.262124016783055	-0.7851849203145445	0.42719626423253665
29.090520510428195	26.4317995854305	-0.6849907154525569	0.26828679300405534
29.254284411597176	26.60156957043985	-0.5567973804753659	0.10174655524283366
29.44067156538694	26.766479461254256	-0.39332885465244405	-0.06290006575918208
29.657776470205587	26.92209239077346	-0.18625373747100235	-0.2167118406958617
29.91006182840702	27.066184482286378	0.06488062307679297	-0.35463059852991063
30.19162645292334	27.19852264161986	0.3394372310306972	-0.47492101114556706
30.48022399230146	27.31683642089267	0.5931378714280756	-0.5753648221730079
30.747344166444144	27.41426413583184	0.7843430627730662	-0.6521058961113276
30.978916176966894	27.484584736657414	0.9059438918821009	-0.703681763675867
31.17845663518822	27.5291653442373	0.9716055863955495	-0.7347962722895489
31.354853602924262	27.555655718437876	0.9980819683560612	-0.7523117895463607
31.514723912586476	27.572960331726673	0.9946426303890009	-0.7637536533111909
31.64530041834575	27.588797092996927	0.9733713875655055	-0.7739532884980319
31.77571230852332	27.607526378821515	0.9356036303062514	-0.7854307117119473
31.905888478990743	27.632517468110457	0.8820681798129477	-0.8007454071590845
32.03573270983531	27.666216501613743	0.8138008616224204	-0.8203698573305329
32.16508884022689	27.7103749224728	0.7321555817019367	-0.8451054692237587
32.29373768429022	27.76600673271535	0.6388000631172267	-0.8734197066286691
32.42131761364966	27.833678702399745	0.5357567174868108	-0.9044492999009344
32.5473190552397	27.913388942836296	0.42539466509558366	-0.9352110411252343
32.67096463449936	28.00471498811638	0.3105211802990285	-0.9634808397558532
32.791244126423	28.106680397145222	0.19419519315756592	-0.9855471331425014
32.90683672436945	28.217867794456676	0.07976632452972066	-0.9982266490565433
33.0162325310089	28.33648283658423	-0.029490255564907707	-0.9980481752695477
33.11780092852294	28.460584032796447	-0.13068005388049517	-0.9826384522647164
33.210028498122426	28.58831068912024	-0.22134746359656599	-0.9511074122339427
33.29193227687117	28.718028772866052	-0.30042392246488203	-0.9030695271337551
33.362998268992314	28.848608467838723	-0.36745126366859754	-0.839389201035251
33.42342775155254	28.979311844801295	-0.4229181274931439	-0.7613704050202519
33.474079465275885	29.10973010186451	-0.46812510056762513	-0.6706107375058596
33.51638100347621	29.239672711024003	-0.5049927401179463	-0.5688804463629977
33.552276541510054	29.369067281260747	-0.535882201231023	-0.4580640178638921
33.58423015713865	29.497899046964154	-0.5623060689427145	-0.3401285878066709
33.61524599331763	29.626140239935793	-0.5879468913427752	-0.21713642532000055
33.64865078414786	29.753850912477144	-0.6143375126715303	-0.09110705390236969
33.68794948166578	29.88109266025481	-0.6449810420713756	0.035938793477685346
33.73646024477874	30.0080729394064	-0.6813635171121835	0.16214723471785866
33.79689536832656	30.135055911684777	-0.7242730905991251	0.28574948485116436
33.87090238238814	30.262342841731787	-0.7732914468585887	0.4050319616673256
33.95878811241295	30.39021110012207	-0.8256448747690814	0.5182655658740088
34.059427965767334	30.5188002137725	-0.8783781706903788	0.6236140524737905
34.17067839572293	30.648143236488096	-0.9258653515358088	0.7192114076890797
34.28980028143071	30.778124496075883	-0.9640108317988078	0.8032054408239959
34.41419134813805	30.90861365385067	-0.9893518762919504	0.873935925891549
34.541774181946224	31.039520296550307	-0.9995055187097093	0.9299745740245284
34.67112112099723	31.170834195035027	-0.9932496278714859	0.9699430760966561
34.801380849654784	31.302640415349135	-0.970211496614282	0.9932793434197505
34.93213508419632	31.4350986753571	-0.9305809318907197	0.999397887601361
35.0633850267123	31.56842256188443	-0.8746724104759375	0.9879178921410015
35.19513126613241	31.702788340140696	-0.8033218514443545	0.9586710124853725
35.32794719988324	31.83831845059085	-0.7173416222196284	0.9117486212259707
35.46290801657038	31.97498852223311	-0.6170864666355425	0.8475978215244406
35.601870204475965	32.11256909770264	-0.5022277780625057	0.7668817977055913
35.74779201794059	32.25060898596016	-0.37136587744995525	0.6711460558381028
35.904920810689255	32.38843436321938	-0.2214343743644832	0.5629520821684377
36.07849627847888	32.52528687106185	-0.04978646452901653	0.44503346595743415
36.27364720836423	32.66041474044478	0.14475587869329315	0.32044574001685633
36.492616341956875	32.79321804519396	0.35618646424064376	0.19226912960352313
36.73080736860247	32.922898196831675	0.5664280218195192	0.06377876360201629
36.97464630573348	33.04767702520494	0.7484851603268559	-0.060914064196646835
37.207208113097266	33.16429117969173	0.8811867720159978	-0.1765903800956261
37.41795301143489	33.269146478263174	0.9602618294097658	-0.2785464630507599
37.605918986325115	33.36056068830768	0.9951699755523593	-0.3651581681221857
37.775365354651676	33.43971506344893	0.9967638465443427	-0.4375112306996304
37.90621904487455	33.50963760943443	0.9782279144991555	-0.49918937218722675
38.03702624634635	33.573552630361014	0.9430110738590669	-0.5534763465620095
38.16775332383662	33.63477364543406	0.8917458750621249	-0.6033742255555063
38.29834824238403	33.69653738863241	0.8253608882614534	-0.6514218665568299
38.42873061024618	33.76167708944333	0.7450778288472023	-0.6993741029700258
38.558775429209625	33.8324811965644	0.6524105113685807	-0.7481066509293743
38.68828899856536	33.91066637581108	0.5491674723943442	-0.7976590701339699
38.81697834343658	33.99738638369598	0.43745566391475416	-0.8470528197317834
38.94440632247597	34.09324694057548	0.31968725629442873	-0.8937291385404244
39.06989975281031	34.19832382027223	0.1986150574467273	-0.9358035894336778
39.19258059292227	34.31205807951141	0.07721953712040576	-0.9698626448388649
39.311320463297285	34.433319499273836	-0.04138505060604603	-0.9922524547221566
39.42478352362035	34.56051163344058	-0.154180491582498	-0.9999060205247261
39.53160361844573	34.691788366343	-0.2586446092685746	-0.9907687305360917
39.63064525143504	34.825360739987225	-0.35283395746930446	-0.9639766212761856
39.721306268531855	34.959751279583635	-0.4360911089588471	-0.9197537360999857
39.803616653726195	35.093981287407246	-0.5084784671772731	-0.859100208434655
39.87831719077761	35.227524376504256	-0.5713211920242395	-0.7834711512930062
39.946757754367496	35.360215763734324	-0.6261260001638338	-0.6945280550149133
40.010845759526376	35.49209533781321	-0.674763781136597	-0.594027751901034
40.072943523684685	35.62329911957157	-0.7192271922604025	-0.48378604413959236
40.13575060714665	35.75399176118396	-0.7613863221440306	-0.3656152946256163
40.2021490432822	35.88433671216606	-0.8027437442916568	-0.24151943690184313
40.27490573963927	36.01448514449943	-0.8441525397220189	-0.11355435373185138
40.35629122918471	36.144574927661225	-0.8845868114801076	0.016248715226283364
40.44757525969003	36.27470942059508	-0.9233683203710579	0.14580484076172603
40.549002928289504	36.40497323549687	-0.9573209834328185	0.27301041993518965
40.65960726786657	36.5354016220818	-0.9834444142216098	0.3957398234988519
40.777646623204696	36.6659933059156	-0.9980054615291837	0.5118944535075216
40.90104100626245	36.796719571990046	-0.9981050961685727	0.6194538209159866
41.02789200699001	36.92754839293798	-0.9824918409998372	0.7165388771384787
41.156775761523114	37.05846093196269	-0.9504089560937399	0.8014596347203671
41.28675348801434	37.18945538071842	-0.9020009635319758	0.8727431426792569
41.41728941257331	37.32054699487836	-0.8380908163342009	0.929151585234185
41.548134492857834	37.451762993456626	-0.7597491127646083	0.969450914928539
41.6792453016612	37.58313606813989	-0.6682523371457656	0.9930262662161335
41.81076619616163	37.71469068070879	-0.5649748941988915	0.9995107373741908
41.943082901924676	37.84649756044814	-0.4512533878016459	0.9887171890413051
42.076902557951854	37.97849902179143	-0.32824449339299455	0.9607560235188329
42.21342521776336	38.11064006273431	-0.19672910470217564	0.916062405123344
42.354444024128746	38.2428270636033	-0.05701926487404675	0.8554086759372361
42.50233885564375	38.37493723927989	0.09066782006463273	0.7799044907889687
42.65977792990713	38.506830432858564	0.24571353221149603	0.6909775378791971
42.8290568895841	38.63832659736176	0.405347097500535	0.5903631370266891
43.01071607122528	38.76917965477697	0.5637184515987939	0.4800376021034269
43.20239774061557	38.89890655990295	0.7106454331912277	0.3624900663005379
43.39839264761572	39.026569884183	0.833977275025839	0.24089444705101226
43.59137524527591	39.15062725755627	0.9242448134233028	0.11897981201809717
43.77542526865871	39.26912484827788	0.9782792395664436	0.0007828062913092943
43.94790146198543	39.38031964142003	0.9989197830314034	-0.110151186559566
44.09653697419542	39.483289899654736	0.9931896067651445	-0.2116641507560342
44.22742184116769	39.57835751228637	0.9699360203131593	-0.30353469333135935
44.35828709680346	39.66665006423561	0.9301155649874897	-0.38624793713695105
44.48911225160726	39.750083012992555	0.8741892752032481	-0.46172715857148333
44.619863026378646	39.831250871582206	0.8033501634132016	-0.5322604874333013
44.75048416654269	39.91282881923776	0.7189259837043284	-0.5993212917120626
44.88088018685808	39.997224049155996	0.622463211556884	-0.6645476660775642
45.010903646885986	40.086495601990826	0.5157775176098562	-0.7288083825057295
45.140335067585305	40.18221646685548	0.4009447501532901	-0.7905289370888733
45.26879646641733	40.285455574503295	0.28034517659122343	-0.8495385098412821
45.39578115622599	40.39667805174601	0.15658705964176256	-0.9029190293613708
45.520546466897535	40.515725664643156	0.03252559930692484	-0.9473921216232128
45.6420889982486	40.641774975686964	-0.08883378792959887	-0.9800115268733505
45.759251202822306	40.773376717440215	-0.20461528377806096	-0.9976036939953801
45.87084331863632	40.908698989215715	-0.3123947428135001	-0.997540961049589
45.975843802682306	41.045891271406944	-0.41011336908084683	-0.9786467737747979
46.07372299197728	41.18340742782577	-0.49722270066322327	-0.9413892846850452
46.164611599992526	41.32022218169631	-0.5738922469508132	-0.8868089938282959
46.24934611744509	41.45582850913578	-0.641250619379117	-0.8164321938698645
46.32938368942391	41.59012691654358	-0.7003186320757897	-0.7319835924984939
46.40667328407247	41.72324881518533	-0.7532782331379093	-0.6351342005080525
46.483547084593305	41.85544421042608	-0.8016484966158804	-0.5277112771546827
46.56254202520168	41.98697474337762	-0.8464344499598159	-0.4117428078825384
46.64609233325776	42.11806626853534	-0.8875898263849091	-0.2891184593642545
46.736154908980815	42.24889817357403	-0.9255103195765597	-0.16181139650645182
46.83408971608951	42.37961402642111	-0.9578513923554031	-0.03186582051063514
46.940174153411874	42.51030532336044	-0.9830348702090488	0.09859762776431512
47.05382619628618	42.64102819869539	-0.9973462721544459	0.22741836502104693
47.17363769343491	42.77180030470959	-0.9984376380533397	0.35242229547168796
47.29795745727967	42.90262133263818	-0.9845439012045715	0.47147821426973224
47.425253262699684	43.0334829717316	-0.9546258453062796	0.5825454154759541
47.55432781069102	43.16437704715595	-0.9085536583111221	0.6837176096707374
47.68437529464304	43.29529995420291	-0.8468733179880846	0.7730583421337842
47.81492065117437	43.4262535148145	-0.7705864954657201	0.8491340344100357
