5.223272068110242	1.8878474829866039	0.4888349210526161	-0.31173747129332724
5.503609809646209	2.004837414405364	0.7108744359656327	-0.42047381369455544
5.75790679013961	2.1038300058948214	0.864792177879471	-0.5078977299040615
5.977371203073828	2.180697875742079	0.953384359104376	-0.5725554299269524
6.167484296399803	2.237550374972931	0.9930521195543949	-0.6181502736458055
6.3368072575706575	2.280685485323097	0.9983159708785536	-0.6514778400793747
6.4675630228049386	2.3170583613431126	0.9829313174308889	-0.6787570492494968
6.598221531536938	2.3515341409040684	0.9507595058897843	-0.7034630441296094
6.728731405198649	2.3879054259519092	0.9022292347718173	-0.7291636884314571
6.859026017901878	2.429292635999875	0.8385090528925951	-0.7565290395706135
6.988988769398449	2.478108268451955	0.7608245820514395	-0.7874671393705438
7.118457630664055	2.5360309968452093	0.6707036580343038	-0.8218061509930562
7.247182542369903	2.604154208255792	0.5699898697926954	-0.858603288913921
7.374781955812061	2.6830540143193575	0.4608584231497027	-0.896331714691103
7.500700370162202	2.7727941390673823	0.3458200758013283	-0.9325511750269355
7.6241491409107995	2.8729339544957724	0.22771608564748358	-0.9637486815848961
7.744028876049183	2.9825385233757897	0.10969458384133099	-0.9868921473621766
7.858994719267774	3.1001603541368716	-0.005009787466411756	-0.9986987940882729
7.967543258271768	3.223999073270188	-0.1132868429656253	-0.9961849019839906
8.068207247867097	3.3521090223753354	-0.21248757594079185	-0.9774843500873471
8.159790824241716	3.4827365967140884	-0.30099978891871954	-0.9419172861866574
8.241589070580838	3.6145093498613847	-0.3778661251890709	-0.8898052870858026
8.313585933977834	3.7464861697933167	-0.44340168521500034	-0.8221816399126911
8.376415625649265	3.8781468995861927	-0.4987756341615372	-0.7404920688208714
8.431306619541937	4.009273908518788	-0.5456164189789342	-0.6463973584893109
8.480049978224077	4.139821244002377	-0.5859244728971827	-0.54168243777941
8.524959701112227	4.269824514465316	-0.6214873544081937	-0.4282215791899947
8.568800241271909	4.39933857035793	-0.6551748659619332	-0.3079523427494281
8.614694678266975	4.528454420922725	-0.689305722654751	-0.18287720928875562
8.66595134476826	4.657289549284743	-0.7255436975244468	-0.05506318428300984
8.725643005145029	4.785984720852594	-0.7652338192124151	0.07350487376856131
8.796218690668287	4.914714902162787	-0.8088694677788791	0.2008763771299198
8.879116519338384	5.043670801370132	-0.8544181318490178	0.3251246277746226
8.974352453053513	5.172976788581959	-0.9000143934938727	0.44427785329190617
9.080743017424766	5.302710351300036	-0.9409381558636274	0.5563637087740698
9.196086239622858	5.432846865087905	-0.9735201719660547	0.6594042545820751
9.317899802840019	5.56332190753753	-0.9938822867820449	0.7515281079925609
9.443906979464902	5.694061439580838	-0.9993992418344909	0.8310440392938616
9.572374576833063	5.825022865953191	-0.9886842026437485	0.8965024769366197
9.702167502387905	5.956211799707944	-0.9613132548301071	0.9467165605487062
9.83264162868905	6.087681209031277	-0.9175175347290747	0.9807586368042752
9.963505315453743	6.2195188568693975	-0.8579472885935929	0.9979481988089584
10.094728569649813	6.3518253575899895	-0.7835045971153443	0.9974802186809164
10.226561725618973	6.484706029359866	-0.6951734025618254	0.9794463668202948
10.359522923765045	6.618190063424736	-0.5938943840838818	0.9439965195225355
10.494680851974522	6.752227214611705	-0.4801845231694984	0.8915641150584984
10.633811883157646	6.886656291299182	-0.35379850533516216	0.8229810900321108
10.779598541577332	7.021212995891633	-0.21419527824913714	0.7395178239454522
10.935648292569978	7.155539245009793	-0.059886573052420136	0.6428929038463052
11.106115276962814	7.289230568178129	0.11028010839644868	0.5351937270917898
11.294409739209764	7.421920125868145	0.2943040532858953	0.4186573442793823
11.501059164379042	7.553162378040653	0.4841892183265408	0.29620877466741996
11.721022110773632	7.682171203424644	0.6631466470225338	0.1709043182108163
11.943401434783512	7.807341528461268	0.8120232811630255	0.046609423610830314
12.156332854358526	7.926091352942765	0.916654240667603	-0.072025690628849
12.35260437734695	8.035686075754276	0.9767755299079406	-0.18067491036128946
12.531243648281484	8.134534601521697	0.998896816818645	-0.2767503870427066
12.681740477979117	8.222936602155533	0.9930832781290975	-0.36056473714130055
12.8126066548029	8.302841919335606	0.969693626800401	-0.433830272688361
12.943435534246355	8.376519796786608	0.9297471806165932	-0.4988652838889617
13.074196308205087	8.44686534336553	0.8736749263851925	-0.5584826205648814
13.204840099986967	8.516956414689675	0.8027964258697349	-0.6151645577040761
13.335289998287505	8.589561699201296	0.7184082067585222	-0.6707457037813231
13.465426108606618	8.66698908280393	0.6220899581841786	-0.7262773684286403
13.595064828046935	8.751015235620494	0.5157020282697201	-0.7811685084804944
13.723903129766114	8.842899594003981	0.40140850881032814	-0.8351159449977277
13.851509306508058	8.9433308051156	0.28165156032163446	-0.8859331765778715
13.97723884828264	9.05243529494894	0.15917020223382267	-0.9313508340581195
14.100238690061607	9.169700291209464	0.03690395807290776	-0.9675370448032345
14.21937127871635	9.294028104366124	-0.08207385590093379	-0.9913191829920811
14.333342068377288	9.423810088104497	-0.19487470097441587	-0.9999696033855234
14.440895061773059	9.557180418282046	-0.29900167958971735	-0.991060701744963
14.541016417704911	9.692361187664037	-0.39276988062684687	-0.9640486794099636
14.633243172097721	9.827946932115823	-0.4758930683987765	-0.9193817168893151
14.71777395646035	9.963042478733957	-0.5483304755242908	-0.8581828528994565
14.795523688373462	10.097205438704018	-0.611516195590674	-0.7819867563046053
14.868004854742903	10.230346003005707	-0.6671891484410835	-0.6924979545040206
14.937244809493912	10.36257173798425	-0.7171362782087709	-0.5914857444977312
15.005672415271642	10.494070284518846	-0.7631471303316337	-0.48072845327274305
15.075969717680637	10.625044303791361	-0.8067649194643475	-0.3620463952714297
15.150865509493645	10.755681499674974	-0.8485975304008041	-0.2375324810795757
15.23270688000921	10.886135309593797	-0.8887432640120472	-0.10918316819432469
15.323165169894454	11.016531468513355	-0.9266764703892881	0.020943394398360706
15.423001448692592	11.146968877683841	-0.9592010042079997	0.1507431474159559
15.531725323414197	11.277496533770965	-0.9842044487211745	0.2780650804100379
15.648043565105398	11.40813524121082	-0.9981181862315519	0.4007635639683411
15.77011431381376	11.538874837752923	-0.9980481095819653	0.5167334037584926
15.896079641302844	11.66969385732253	-0.9823465587091897	0.6239692201526169
16.02443010262689	11.800574409661154	-0.9502749836350064	0.7206162647183356
16.154112722129955	11.931508736035472	-0.9019553618618188	0.8050071901352007
16.284486986020337	12.062500715535656	-0.8381252089617941	0.8756882586657883
16.415217864628218	12.193563346071361	-0.7598650874633129	0.9311934814710249
16.546181739399113	12.324714947667378	-0.6684940833348033	0.9706926400274426
16.6774210442453	12.455970158079205	-0.5654743051850237	0.9935508637484465
16.809155589707352	12.58733102871041	-0.45231002210807547	0.9993417257688757
16.941852343225012	12.718912125565208	-0.3304166165830842	0.9879107778554036
17.076320814591703	12.850607477484905	-0.20098649939242064	0.9594032272525292
17.21384215349933	12.982366386866325	-0.06486651026180566	0.914288417775351
17.3562164868881	13.114113617290565	0.07734825723304009	0.8533587051246643
17.50563070734592	13.245760417242188	0.22482650018899505	0.7777202001350998
17.6642663564903	13.377191625745336	0.37593853823118323	0.688784155362629
17.83349949952227	13.508242784062023	0.5265781174387226	0.5882637122950062
18.012748040830573	13.638627719981125	0.6695520090232254	0.478087247792482
18.198769874731063	13.767772528962725	0.7952487603300141	0.36097813355080394
18.386048180734893	13.894644708437477	0.8940761608691421	0.24009817827224905
18.568729044532894	14.017718830319579	0.9603544265676554	0.1191462411238597
18.742790534360076	14.135262687639939	0.9938928977015553	0.0019030008128388084
18.906851884763558	14.245890264076516	0.9982005863287667	-0.10847080644103316
19.0377445279479	14.349028935678993	0.9823352608284721	-0.21018125959853926
19.168626303284537	14.445019921498087	0.9493932085788672	-0.30296210479910946
19.299484886048624	14.535144748921539	0.9002397823128638	-0.38738201581072107
19.430296420618742	14.621372129062054	0.8357554163089675	-0.465317631395063
19.561021305451955	14.706202362151023	0.7570809019360543	-0.5387614088872936
19.691594663304215	14.792152816994005	0.6656289276358048	-0.6088531227824858
19.821903492208566	14.88146043495886	0.5630846055301802	-0.6772806679297945
19.951781593364572	14.976018929128147	0.45138945190139457	-0.7435401536865209
20.0809506843895	15.07723475842628	0.33276308115341835	-0.8075401443264473
20.209017807526408	15.185964817375602	0.20966649576764473	-0.8664615929180007
20.335353135566177	15.302487355667127	0.08485577013559942	-0.9184656708638872
20.45913565996159	15.426375549529128	-0.03875789820259591	-0.9601421934950123
20.57932082317351	15.556521311484515	-0.1582226533449394	-0.9880827578203575
20.69473589378133	15.69126834482478	-0.27082700045585584	-0.9994756860480383
20.80428338046133	15.828711031487538	-0.3744927347127324	-0.9925772562854018
20.90720100972228	15.967077540200735	-0.4676726851780519	-0.9664110537930193
21.003264833394446	16.10505205450995	-0.5502370538252053	-0.9217960522635453
21.09294481874842	16.241883252918452	-0.622762852429853	-0.8603940363590663
21.17742190447776	16.377290023645834	-0.6867298819461383	-0.7838868982387395
21.25844079004467	16.511330146076602	-0.743035360658907	-0.6940541565573243
21.33812685794564	16.644222024028302	-0.7938787275747075	-0.5926984496371058
21.418877784105106	16.77624955247692	-0.8405153153606311	-0.4816246933401427
21.503128121133745	16.907682173536244	-0.8829494524385588	-0.36256138390395815
21.592979383646558	17.03874281612454	-0.9213670423055705	-0.23765346580784721
21.689952126204584	17.169600269631182	-0.9546724319269653	-0.10890480224044552
21.794713268832087	17.30037494925587	-0.9805555334534309	0.02160113498591553
21.906937909493756	17.431139458229623	-0.9960151353691149	0.1517161303643345
22.025482901510166	17.561928492688104	-0.9989217101379155	0.2792620352879883
22.148848211899804	17.692753585103986	-0.9871040019665955	0.40207852371388647
22.27550594355965	17.82361216001958	-0.9593696128740821	0.5180690686371098
22.404196049221948	17.95449799697551	-0.9154591356737845	0.6252481383478267
22.53403102450223	18.085406769551355	-0.8558325212157171	0.7217807152924827
22.664463582610292	18.21633746386919	-0.7814428726604375	0.8060142885661086
22.795200263043114	18.34729090071626	-0.693570002562478	0.8764836181354729
22.92612153344621	18.47826632959547	-0.5937142620697076	0.9317074914385866
23.05723876650818	18.609257732224755	-0.48351903312956696	0.9709887158346295
23.188693494840663	18.740247000313218	-0.3646065089575539	0.9936535693750026
23.320799418860304	18.871199987184905	-0.23875480620975092	0.9993202552949161
23.45411563270998	19.002466472139687	-0.10758086698009614	0.9878530568708994
23.589527904633147	19.133766763099512	0.02756485740347874	0.9594104858435959
23.72829147495457	19.265066967023884	0.16550861750430418	0.9144808944248969
23.87196537028342	19.39632092313216	0.3050431874908063	0.8538564664224815
24.022160608772904	19.527464639852138	0.4439463630975743	0.7786278180005395
24.179983255593026	19.658400904766115	0.5792841160975402	0.6901811884443434
24.345426276052645	19.788940419751743	0.7054027149245614	0.5902290350720016
24.516725765571767	19.918715111675667	0.8159312066801018	0.48084705667839767
24.6905006908674	20.047051559385068	0.9037296808425508	0.36465286969043204
24.86261443960587	20.172892257705257	0.9633391648974345	0.24491622635636717
25.029622847611513	20.294905467605027	0.994236054838053	0.12511730639469804
25.18963777771107	20.411784012375904	0.9982131301693662	0.008562599397191888
25.320533901453977	20.52260997992978	0.982397188313043	-0.10203496841271159
25.451423841818823	20.627089808749204	0.94952453891785	-0.20518106105015996
25.582299430407716	20.72579615600745	0.9004080774244012	-0.30064906804866814
25.713144726636198	20.820136022442227	0.8359448079032616	-0.3890391771505919
25.84392935964147	20.91208094601354	0.7572642224695927	-0.47202002506009116
25.97460314210693	21.00395423405201	0.6657615467412412	-0.5508071499291187
26.105078366125724	21.09798411223229	0.563093233259493	-0.6267440204836543
26.23521677951958	21.196165074560984	0.4511668447256669	-0.6999811246198544
26.364791216933924	21.300095934725476	0.33214669361167404	-0.7705731405330113
26.493472028943547	21.410879154709992	0.2084283447848814	-0.8360201582408961
26.62071856936581	21.529046424727657	0.08268567600194637	-0.894714180596492
26.745808455836478	21.65442424858053	-0.04224309267522154	-0.9434141316644189
26.86780035293465	21.7860989389421	-0.1634508351607826	-0.9786766847025921
26.98560546783627	21.92250902150429	-0.2782049396532017	-0.9974802654249326
27.09816631425589	22.06172652375444	-0.38430891613939655	-0.9972978763460401
27.204651956874137	22.20189208511819	-0.4803813727290233	-0.9774348089189655
27.304769420803893	22.34156427840594	-0.5653860824357284	-0.9387771060338002
27.398962891620958	22.479852653167676	-0.6406301513513569	-0.882639144666507
27.4883220181222	22.616438602381823	-0.7063239860646078	-0.8107189858336029
27.57448770885911	22.751371374357735	-0.7647635597896079	-0.7245566092843108
27.65954259098782	22.884938852704565	-0.8166191801351472	-0.626249611214063
27.745745380789895	23.017466561070805	-0.8631075358389617	-0.5177470109311115
27.835322499500556	23.14926245228932	-0.9051493201872773	-0.4008750491322629
27.93025363715866	23.280589217193473	-0.9409228129485634	-0.27752110449215994
28.0316996351457	23.41163725466949	-0.9704792044244014	-0.1496697632056625
28.140195488990095	23.54254813334193	-0.9907891862235605	-0.019384008538339596
28.25528027091877	23.67340571003193	-0.9994016100456175	0.11119569429320963
28.37584795618278	23.804255197701846	-0.9943870086519525	0.23989137948274378
28.50052014908565	23.93511614710585	-0.9740666300041863	0.36453109857301613
28.627951516019426	24.06599303645408	-0.9376926691811053	0.48295275727372594
28.757063067469005	24.196884526806787	-0.8853512430965127	0.5930160824984929
28.88710988033565	24.327788300578504	-0.8177517566737048	0.6929328343097497
29.017640572305847	24.458701996384015	-0.7360273319872179	0.7809990631519983
29.148418102348213	24.589621673732783	-0.6415952134931875	0.8557118444921714
29.279351325037375	24.720538246119638	-0.5360684334797247	0.9157944685231635
29.410459564983885	24.85143290973888	-0.42105149705648204	0.9602201306322864
29.541875324831455	24.98227151423656	-0.2985473084631293	0.9882348249578836
29.673881784715583	25.113004359256983	-0.17034932258051935	0.9993801519210563
29.806974557021135	25.243959146237522	-0.038130551624263515	0.993473946503858
29.941928095257207	25.37513061748346	0.09660024803671002	0.9705326098430258
30.079826864794363	25.506297950707314	0.23246232267399333	0.9309396548405904
30.221993193994546	25.637427087995263	0.3680040141318064	0.8752729693216187
30.369777098915822	25.768467472558232	0.5006800552896025	0.8044775015537093
30.52407803147043	25.89933456697868	0.6277836606301818	0.7200526988844501
30.68483083343105	26.029856414542685	0.7441012746653941	0.6236228504305456
30.850526487681904	26.15969981696997	0.8443720162163095	0.5171957082969316
31.01834184994819	26.288266663870946	0.9215991392619534	0.40325021301478337
31.18487614172939	26.414638499945237	0.9730057280200188	0.2847637643696467
31.347222265740452	26.537636597734746	0.9974741760629229	0.16506856090963992
31.503683718957404	26.656067969690078	0.9956814334942032	0.047438358252333584
31.634580291427934	26.769123616769743	0.9757095261468696	-0.06553205342442203
31.76547148139084	26.876462984437016	0.9390720161983882	-0.17200540796167116
31.89634966532656	26.978409330899293	0.886397998286663	-0.27129567145130096
32.02719966258874	27.076214356257044	0.8185963567239765	-0.3640659618301616
32.15799422065405	27.171768990603347	0.7368465660805569	-0.4510872544912954
32.28868165754683	27.267168194951488	0.6425920209219039	-0.5342294876664958
32.41918223574985	27.364628930023663	0.5375252971183608	-0.6136766196352241
32.54935009732166	27.46606957666705	0.4235309734302004	-0.6905917219654404
32.67897220584124	27.57309092056549	0.30286386035785706	-0.763839999054839
32.80770130648033	27.68679219633766	0.17802549142945318	-0.8319332110081268
32.93501630216709	27.807691735447808	0.051672545687535654	-0.8926534043581975
33.0601989517603	27.93558687198485	-0.07338577297882837	-0.9427290846677624
33.182318364939135	28.069507244175973	-0.1943091282875004	-0.9787253222195071
33.30031277043568	28.207821815285417	-0.30847033378370686	-0.9976804466683247
33.41317974566817	28.348551402213204	-0.4135145196983361	-0.9969554187702545
33.5201697567844	28.489836888002937	-0.5082533429108264	-0.9763967278755796
33.621116361247935	28.630274721082724	-0.5925846290222753	-0.9369058409726174
33.71655749123399	28.769066394505163	-0.6664366970083839	-0.8799027430023807
33.80768274603356	28.90595354065177	-0.7317098388297646	-0.806994042768686
33.89621403684544	29.041082264210072	-0.7888025866410515	-0.7199430845070149
33.98419205664803	29.174773545520708	-0.8399216608478841	-0.6209964300372954
34.07387648158096	29.307387704729774	-0.884936580665669	-0.5119501470419776
34.167302105069226	29.43924953360207	-0.9245246853806589	-0.3946337162350333
34.266166611113306	29.570629776240725	-0.9574183325247327	-0.2709391322256358
34.371425072068185	29.70172768998042	-0.9826628571994444	-0.14285077046853417
34.48329258846965	29.83268209338971	-0.9969545643025972	-0.012439926798077669
34.601063380439314	29.963574117978624	-0.9986324688845241	0.11814666029218687
34.723597215686496	30.094449116652395	-0.985793548684351	0.24673007613789535
34.84957493407618	30.22532685845377	-0.9572221876731999	0.37106595961647837
34.97779672318496	30.356213360152342	-0.9125882050564971	0.48900709563858813
35.10734665806802	30.4871086441887	-0.8522978003116085	0.5985769188347736
35.237618066993356	30.618010564196805	-0.7772856747821192	0.69790789546748
35.36825719766508	30.748915092853306	-0.6888428378404454	0.7853057362783312
35.4990882625105	30.879813974678658	-0.5885031662628698	0.8592781078247582
35.630057164643446	31.010690677313093	-0.47783703236897535	0.9185609920017856
35.761208093406644	31.141514657223116	-0.35882670322202964	0.9621438596634322
35.89269511791312	31.2722388069159	-0.233363670354517	0.989295586723038
36.02482275370189	31.402799676196487	-0.10326431604322711	0.9995877431938013
36.158104561700654	31.5337311931598	0.029769448880382323	0.9928541814954029
36.29332062794806	31.664850220831042	0.16418388968814854	0.9691074317560897
36.43152415891997	31.7959583585813	0.29850291021782016	0.928569075242253
36.57396094152678	31.927024069257843	0.43096628251154334	0.8720096985174282
36.72179538502195	32.057996966870796	0.5589756112779551	0.8005897440943259
36.8756466629477	32.18878397580417	0.6795588701735885	0.7156240387018807
37.03516599727545	32.319196572740346	0.7871843533962382	0.618760363987257
37.19867765537007	32.44887592682475	0.8773146622592934	0.512040020833163
37.363458844150315	32.577200072850395	0.9437769712630024	0.39797573371603767
37.52648522517819	32.70325317115072	0.9847692917478224	0.2795508379691058
37.685315910744485	32.82590730674278	0.9995667305714006	0.16004659499185492
37.82177723755422	32.944079907942985	0.9923968209560868	0.04261490234814706
37.952673391756306	33.056996844016496	0.9679599594700639	-0.0701984006646445
38.083563524889755	33.16440246960132	0.9268140262395542	-0.17670028176157287
38.21443940310184	33.26676876526098	0.8698567939349046	-0.27626353583811736
38.34528431281297	33.365369704969915	0.7980759891461093	-0.3696438509601562
38.47606900629251	33.46212980130147	0.7127255733826106	-0.4574796233170366
38.606737269167034	33.55909581948581	0.6153194974078566	-0.5415213658631292
38.73720172376131	33.65842498661716	0.5076161130474142	-0.622059377402516
38.86730916123348	33.76197581851794	0.3916224466834803	-0.699585301579639
38.99682210868644	33.87127006753208	0.2695811434415788	-0.7735167666089529
39.125382947830275	33.98732128251131	0.14395946865755702	-0.8416802573803335
39.2524417647905	34.11052376410271	0.01745491491632322	-0.9015713621448326
39.37723851132865	34.24052900525932	-0.10708423518396898	-0.9500977344563935
39.49882871640965	34.376206880116214	-0.22682624813558705	-0.9834107737418554
39.61613046254331	34.515817276539664	-0.3391795180595504	-0.9986903267167202
39.72816310481005	34.65736214477602	-0.44219958989746133	-0.9945442489355002
39.834345135428286	34.799021006569994	-0.534923412284238	-0.9707261957596196
39.934692589285945	34.939497689110105	-0.616594217595449	-0.9277960837688198
40.02988008073091	35.07813340958338	-0.6887817483780483	-0.8671661076587238
40.12121066379331	35.21483183666822	-0.7517724666812851	-0.7912492188991105
40.21049218001996	35.34977282914252	-0.807856470541217	-0.701911110276497
40.2998766406586	35.483306712183364	-0.8568782223002696	-0.6009709862465574
40.39145635660776	35.61579655454808	-0.9005488193048955	-0.4902427549569715
40.48724742988603	35.74757810817339	-0.9377470503426633	-0.3715621618370738
40.588658691973855	35.87891141292592	-0.9683827690036142	-0.24681320647835697
40.69651235447915	36.00999169763058	-0.9892166920921182	-0.11802712269871213
40.81061665506183	36.14094234243009	-0.9990550735082264	0.012618519668673075
40.93020703089761	36.27183936697244	-0.995517208456415	0.1429705885312579
41.054075192459536	36.402721697696556	-0.9768618003592222	0.2708486380423049
41.18093336622125	36.53360574577131	-0.9422272053192282	0.39409192080808775
41.309681471816226	36.66449634376845	-0.8915935888493968	0.5106061672136397
41.439519286780964	36.79539328775158	-0.8255978288010641	0.6184060231527992
41.56993668421662	36.92629387475961	-0.7453334364857569	0.7156519447387637
41.7006473058161	37.05719226395765	-0.6522010975440342	0.8006821870510772
41.83151841131955	37.188076484136005	-0.5478139633536597	0.8720413426655393
41.9625245940847	37.31892400536361	-0.43393356257094257	0.9285071243936465
42.093734477019254	37.44969729543083	-0.3124102693632788	0.9690003709854882
42.225331440809036	37.58034185259835	-0.1850841550281751	0.9927633505573432
42.3576622720357	37.710786735729236	-0.05380313407140053	0.9996333430792452
42.49129043924793	37.84188123635473	0.07967024616857937	0.9894392224478983
42.627051773935165	37.972981408517036	0.21378078137649387	0.9622951353460498
42.766026275924844	38.104064565754726	0.3469905164234613	0.9186734203344156
42.909408337287296	38.23509684257296	0.4775244850055912	0.8593430313445343
43.05821657309293	38.366020879117286	0.6023195159643009	0.7853684919298731
43.21281868273676	38.496728797424375	0.7180129399856249	0.6981192978880694
43.37255009285115	38.62700293952791	0.8194539938105516	0.5993091102994519
43.53551619008482	38.756437016583874	0.9016687112987994	0.49106221143455003
43.698949080349955	38.88435531576565	0.9596511518689606	0.37598083275010863
43.86003929769565	39.009804447955304	0.9924351677298194	0.25711633563118724
44.01665992493728	39.1316611028324	0.9989208167022445	0.13775962811183923
44.147558075436066	39.24893531535905	0.9859213504203048	0.02095905765189271
44.27845324833161	39.36093394358737	0.9560784136839215	-0.09085469765080442
44.40934088700686	39.46756084620139	0.9099014637886983	-0.19631642873128752
44.54021140957115	39.56954458248895	0.848181966013192	-0.2950730845337299
44.67104545240996	39.66827065826812	0.771985253390569	-0.3877350001664098
44.801807441849505	39.765675946889786	0.6825249878816676	-0.47561827914427446
44.93243756456429	39.863907294966666	0.5814486920485672	-0.5594050074812027
45.0628286771439	39.96498294752065	0.47071589713983963	-0.640367236823037
45.19281959235764	40.07070674191352	0.35239821612855005	-0.7176458088590746
45.32213346685488	40.18245685661095	0.22881626752387496	-0.7906762494309264
45.45035959647385	40.301102057788235	0.1025089262567836	-0.8575019077668609
45.576904056899494	40.42684098330262	-0.023794916206113247	-0.9151351007062667
45.70095525115324	40.55910058902653	-0.14725440016719138	-0.9601376775892768
45.82151758289755	40.696546793156664	-0.2651050335406102	-0.9892220786020649
45.93754974960046	40.83730047490022	-0.3749746054893428	-0.9998930946796224
46.04819847841233	40.97934484597665	-0.4750278388444982	-0.9900850409870154
46.152978401514886	41.12101486956738	-0.564272237083701	-0.9604985029170662
46.25210124508639	41.26120617427884	-0.6433169311872915	-0.9124992014159343
46.34647063193613	41.39943332049901	-0.7123989376364734	-0.8477673871412513
46.43756721927497	41.53567805747485	-0.7734717482593261	-0.7679853463208829
46.52731829717148	41.670227816979875	-0.826858533731978	-0.6750153396280222
46.6178208929748	41.8034615651568	-0.8745690545822182	-0.5710154188643248
46.71125421841298	41.93575143266546	-0.9156226894794519	-0.45778470026193474
46.8093315060385	42.067405437905705	-0.9509213711061785	-0.33717868122063677
46.913376798139204	42.19867150896912	-0.9774850835993782	-0.21112512809160727
47.02371260640348	42.329717060700965	-0.9945127991439209	-0.08165521649710353
47.14003657720007	42.460655617527664	-0.9994929010163593	0.049122457890896525
47.261393134528284	42.59155172304829	-0.9902628806310022	0.1790419946506786
47.386520213446346	42.72243719656295	-0.9654302441007114	0.3059225803590637
47.514188724412264	42.853324824767185	-0.924492189673499	0.42756192890825345
47.64341184598656	42.98421797610447	-0.8677219800238237	0.5418059967385171
47.77350530499171	43.1151157678303	-0.7959660780158024	0.6467722567112167
47.90405121695138	43.24601444347174	-0.7104601992391595	0.7406716113860616
48.03482670535306	43.37690591791125	-0.6127033488977709	0.8219019279582693
48.165740827156014	43.50777408902861	-0.5043792720205622	0.8890761326111682
48.29679982954224	43.638590103200706	-0.38729804895654873	0.9410492085008231
48.42810544720708	43.76930828905429	-0.26333509781573705	0.9769450812934906
48.5598835817355	43.899865149116856	-0.13435807730931398	0.9961824949519382
48.692534621681	44.0301837256631	-0.0021500936040521248	0.9984960937279994
48.82668756590366	44.16127123153185	0.13159190509151758	0.9837764930379747
48.96323887453017	44.29235718848494	0.2652285435219582	0.9521999760931195
49.1032901454043	44.4234177339662	0.39713266233212496	0.9042380457507918
49.247987417516505	44.5544153106009	0.5253400422268732	0.8406010924172274
49.398205608729405	44.68528161153477	0.6467006581762975	0.7626885141823588
49.554025797629656	44.81588249578089	0.7570866703419983	0.6719688707337211
49.71439887259734	44.94595337106998	0.851658490287145	0.5702718697673453
49.877146393616876	45.07501510204269	0.9252716058660231	0.4598594990600364
50.03944860584464	45.202310137821826	0.9740998728779172	0.34347021318114845
50.19871734835963	45.326830244153115	0.9976566372243395	0.22423335777668263
50.35320752033724	45.447475314663336	0.995684455770981	0.10537993520610282
50.484105008033325	45.563389079911396	0.9757163321725069	-0.010288829961295378
50.614998485325096	45.674069632086805	0.9390818100763824	-0.12066725358458968
50.745882169970834	45.77966336641641	0.8864086275856422	-0.22453257973583116
50.876743492710006	45.88104633629223	0.8186031519908606	-0.3219929868815664
51.007559202328544	45.97987635289578	0.736840575490818	-0.41381365195033704
51.13828676257513	46.07813392954621	0.6425551339103286	-0.5010187555093949
51.26885152523424	46.17791511122372	0.5374315481156539	-0.5848935128156835
51.39913561982447	46.28120179538197	0.42332029074328226	-0.6651419856053633
51.52893140274517	46.389633236680325	0.3024766612701248	-0.7420113011612566
51.65793269967159	46.504432662985884	0.17735844569113907	-0.8139970150433037
51.78567688952389	46.62624043571382	0.0505686065670113	-0.8785787359338155
51.9114952724127	46.75498601970174	-0.07511816314002456	-0.932515522079211
52.03449795012234	46.88980631356315	-0.19686918445495277	-0.9723441874335763
52.15364450353786	47.029123913914034	-0.31203338899632843	-0.9950219644026141
52.26792853861832	47.17094905552293	-0.4182795175557341	-0.9985220763199036
52.37664953955085	47.31332444992821	-0.514212020982514	-0.9820824289715118
52.47962565918732	47.4547412545291	-0.5996580206026494	-0.9454031701996652
52.57725564287852	47.59439472192455	-0.6747932323978213	-0.8909000313743749
52.67070372542692	47.731997737836124	-0.7406129766801586	-0.8203751662930947
52.761641381407316	47.86767074289042	-0.7985286936987064	-0.7357137570530536
52.852085359945484	48.001747000255655	-0.8496704169559525	-0.638765527671847
52.94417261117369	48.13462001774997	-0.8943508893147609	-0.5311618545251585
53.039878653315256	48.26665939212566	-0.9330937631568221	-0.4149550249016631
53.14082343257896	48.39816128245107	-0.9644201084793061	-0.29208556034766864
53.247862376772815	48.529340445290266	-0.9868673403051453	-0.16452021501734118
53.36108290336111	48.66034566186747	-0.9985555874692504	-0.034317878111224144
53.47987102329431	48.791270168427054	-0.9970891818615157	0.09638738375323172
53.60310582331074	48.92216473313609	-0.9806437783853228	0.22541926224086453
53.72952012612306	49.05305313221132	-0.9482502803218392	0.3506043615789684
53.85798819786908	49.18394421833585	-0.899793073612319	0.46981905753033515
53.98766501042601	49.31483962406723	-0.8358400519624543	0.5810332193524029
54.117996314442735	49.44573728151442	-0.7574407157617448	0.6823488275262999
54.24866082657708	49.576631488955364	-0.6659686917190173	0.7719223388239005
54.37949981154165	49.70751051964943	-0.5630208234263319	0.8481526101109365
54.51046594226761	49.83835239177281	-0.450351458023445	0.9098671840819874
54.64160247208996	49.96911975613205	-0.32981616454237317	0.9560207827012428
54.77305462626312	50.09975697166261	-0.20330687837105693	0.9858486890858147
54.90510804068586	50.23019126600763	-0.07267636070598091	0.9988916592241865
55.03824246633363	50.36072343503674	0.06033131380784505	0.9949772620576648
55.17318175737783	50.49180334413083	0.19403085949890858	0.9740372684095615
55.31090234055855	50.622873144028006	0.3267700344684292	0.9364148033202642
55.4525261160796	50.75390545742365	0.45680946468629396	0.8827667304424398
55.59909264714027	50.88485423414589	0.5819161611718853	0.814044988921808
55.75118101317967	51.015632141180845	0.6982113501051075	0.7315027233823497
