4.252693936127022	5.540826161156992	-0.4434825256383821	0.7366538509907632
4.38361558612552	5.671474368132802	-0.3227648855142853	0.8183503101537647
4.514624934343664	5.801905360811431	-0.19642509842254768	0.8860090755187
4.645789840223811	5.931987920188722	-0.06654047035172488	0.938512363671795
4.777250600870295	6.061556486360862	0.06481094637832505	0.9750606425107928
4.909246068176829	6.190425460066094	0.19554012825360215	0.9952107186563842
5.042135290544462	6.318417629904375	0.3236801328054902	0.9988935080307221
5.176400328803954	6.4493644279037206	0.4473277482201451	0.9857777366176373
5.312666012881452	6.580297641072748	0.5645964886781464	0.9558116762768373
5.451531620088927	6.711197396762315	0.673417590774816	0.9095169477613286
5.593418566176598	6.842022877501461	0.7713611477087018	0.847712039779257
5.7383583827714295	6.972690260360968	0.8548428657018279	0.7715215729191965
5.885828943057482	7.103037604402087	0.9216898018790658	0.6822684878700722
6.034780226082058	7.232773858526155	0.9692205430695765	0.5819050521060883
6.183789010281542	7.361439275892026	0.9945862762892177	0.47274488253925157
6.331482071760499	7.488413088711274	0.9984832114939363	0.3573790410287093
6.462381386574767	7.6129738626389605	0.9837417705930354	0.23862043313247874
6.5932798648372435	7.734419433223026	0.9521903470633084	0.11925980602290748
6.724175984049014	7.852257264428341	0.9042970125210887	0.0017232351803957474
6.855066023586833	7.966432623765277	0.8407345337543863	-0.11218131936667199
6.985941392065128	8.077432398862886	0.7628395173583418	-0.22148907457131123
7.116784592027012	8.186376710877527	0.67195841641262	-0.32617189656976886
7.247562715636324	8.294838400955413	0.5696754875889355	-0.4267002585705211
7.378217911125753	8.404616549205114	0.4577974681132878	-0.5230453615965043
7.508643069524754	8.517487862802513	0.3383481719379767	-0.6155844150225387
7.6386654850218845	8.63510924543189	0.2135516723283167	-0.7037386271410261
7.768009831309684	8.758753596622748	0.08582398391760024	-0.7859106243858605
7.896252841656943	8.889095120825615	-0.04224339983225126	-0.8594968177707347
8.022783788519975	9.025994132068504	-0.1679335678011591	-0.921122980581754
8.14680624847839	9.168379930589174	-0.28853283377008365	-0.9671687365246692
8.26742582551771	9.314371152451491	-0.4015740263025392	-0.9935502660671975
8.383748333203185	9.461732862644183	-0.5050861655645783	-0.9988394094119388
8.495260820133433	9.6084052620585	-0.5980244946710276	-0.9830486887870984
8.602047224224547	9.752936788583337	-0.680109693819412	-0.9463151136440996
8.70477609074126	9.89471475601441	-0.7514365509455266	-0.891157911318635
8.804740072668306	10.033704075049249	-0.8136706403655976	-0.8199153563960444
8.90367280087952	10.170254224622317	-0.8669162400771357	-0.7345928030517843
9.003406620452829	10.304869078627526	-0.9121538735177742	-0.6370722904660799
9.105711310395678	10.438072813817234	-0.9493944723281814	-0.5289547249292165
9.212041087885352	10.57032760000924	-0.9770000418004632	-0.41240403994100716
9.323162445333887	10.70197120898417	-0.9943774637280185	-0.2892802649453252
9.439276187106861	10.833250342620222	-0.9995446746121023	-0.1615361681611323
9.559938309886272	10.964327624910954	-0.9906293434109898	-0.031226107231269812
9.684278359953845	11.095301965919989	-0.9663033455323338	0.09951655794775996
9.811285770335486	11.226228305503144	-0.9259975737557452	0.22851769366910615
9.940043456712177	11.35713381146774	-0.8698883819262173	0.3536076503693365
10.06984846525918	11.488029122915764	-0.7987512803243115	0.472666912042053
10.200229558502963	11.618914354084517	-0.713789993833727	0.583668338547971
10.330906389805948	11.749780302572608	-0.6165021625697299	0.6847053149464222
10.46173354274348	11.880605680466214	-0.5085922910246887	0.773813480074839
10.592656272663687	12.011351859049979	-0.39191516799946247	0.8496556550310895
10.723687924109841	12.141956087899871	-0.2684292707825343	0.9109454773564634
10.854911356072675	12.272327509818492	-0.14014535678130355	0.9566678231218451
10.986501035656302	12.402349274307213	-0.009067283125822622	0.9861152323605454
11.118757998744485	12.531890235750602	0.12286465101866692	0.9989171232811966
11.252142996488669	12.661703673244576	0.2537222433455885	0.9949685978685778
11.387293012217958	12.792685473047392	0.38163865818375825	0.9740385831620187
11.524995547392987	12.923649494197369	0.5047888802623266	0.9364526702777027
11.666027289785545	13.054569955339511	0.6210725399747152	0.8828682528049434
11.810934522916018	13.185395860447732	0.7279407660837831	0.8142397359852893
11.959748624253745	13.316023429310498	0.8212102532684786	0.7318312545631196
12.111747810407355	13.446251812776122	0.8981091743102424	0.6372381320817432
12.265497729858515	13.57572232394118	0.95476268867495	0.5323481959608855
12.419143709972072	13.703864164560951	0.9887420287789803	0.4197963367965064
12.570888415678501	13.82991348970724	0.9998581157729033	0.3023864756828577
12.70178762481461	13.953007827480624	0.990589199335994	0.18309896238414405
12.832685782850216	14.072358436136705	0.9644023982353954	0.06475807533635206
12.963581018111379	14.187423886309627	0.9217477601972281	-0.05022388393778235
13.09446872781309	14.298159130735236	0.8633571226133869	-0.16022102527392862
13.225338917051156	14.405238762658147	0.7902346228712744	-0.26476679275672027
13.356171948366514	14.509985481204	0.7036448670049629	-0.36419929968178
13.486931749961183	14.61413637986731	0.6050999629375475	-0.4588715921082213
13.61755042081719	14.719570759778055	0.4963509170670308	-0.5498163322023835
13.74791831425937	14.828202374044137	0.3793720874184413	-0.6373331756591643
13.877858585214746	14.941687013159806	0.2563526763362998	-0.7202768738775647
14.007068934362914	15.061272487262187	0.12971222021521464	-0.7977583649611565
14.135107700616706	15.187641531767262	0.0020578858788258035	-0.8673149695947386
14.261343079851688	15.320710597979874	-0.12385251159236167	-0.9257018026758767
14.384949962967466	15.459531536970058	-0.2452314260501932	-0.9692147305343032
14.504971480297167	15.602390743131602	-0.359482498625045	-0.9940051375015672
14.620438458424204	15.747191796653174	-0.4644858616016976	-0.9987680048143048
14.730759238914276	15.891915354354328	-0.5590685838419744	-0.9829978895582866
14.835890989273206	16.035069252675164	-0.6431041447441821	-0.9466716928603072
14.936386244628135	16.175932200346587	-0.716529281028624	-0.8920511554064661
15.033478841682307	16.314347287655956	-0.7807262455324981	-0.8213439904724398
15.12887938876729	16.450550328445605	-0.8366864216553478	-0.7365031532364407
15.224542602127528	16.584966443564866	-0.8850373690820108	-0.6394060327512681
15.322400981933328	16.71805601884326	-0.926373024673046	-0.5317104554758401
15.424182056570952	16.85023989733297	-0.9595303291277661	-0.4154073657919382
15.531004906685794	16.981839620179752	-0.984091769252825	-0.292464935297212
15.643394595438957	17.11309030737927	-0.9978633061653832	-0.16483978038018915
15.761100362300834	17.244148330979097	-0.9983311980697276	-0.03458849496086687
15.883266141781128	17.375109139400884	-0.9843507019458503	0.09615396971328871
16.008823086712905	17.506027059029748	-0.9547663332997027	0.22521324281692812
16.13669926623275	17.636928775770368	-0.909229496237018	0.35041826664925324
16.266013626007688	17.76782511589282	-0.8481126975110439	0.469647507704374
16.39614311739661	17.8987179884975	-0.7723336047551624	0.5808718827456723
16.526699769768566	18.029602883880912	-0.6831053206838987	0.682192933783939
16.657470715000528	18.16046749741388	-0.5819721208593407	0.7717768245239368
16.788362399752224	18.2912874895011	-0.47083384261955236	0.8480017070833633
16.91936594919168	18.422021507086136	-0.3515701522743213	0.9097066242275372
17.050548888260085	18.552605847365356	-0.22613361727545614	0.9558569378494304
17.182074061096042	18.682953624133823	-0.09648841255307798	0.985711548088789
17.314237404952447	18.812960762209023	0.035454471352513735	0.9988507073397035
17.447511013263885	18.94309618370414	0.16788346466293871	0.9951372871925455
17.582574868202396	19.074114454874152	0.2990853581450642	0.9744216506480989
17.720308860794386	19.205117358803847	0.42731717826861404	0.937034337511615
17.861649776802754	19.33607916860716	0.5502185277852907	0.883629058355726
18.00734157089823	19.46695347747779	0.6654972231417022	0.8151544830754399
18.157632555601726	19.597644981003693	0.7700021445920731	0.7328652145215532
18.311954875760875	19.727964460604916	0.8585205321682716	0.6383520274672617
18.46880651665309	19.857565780992076	0.9282841358602978	0.5335029927822527
18.62606288739724	19.98587295890347	0.974654043864402	0.42087590929189317
18.781552351394602	20.11208125159085	0.9975401069128798	0.30336345727993486
18.933565661868627	20.235240005030587	0.9960340410004549	0.1840402025607664
19.064464032090825	20.354494600570074	0.976526478884663	0.06580239014724189
19.195359826807927	20.469196132170605	0.9403390399422791	-0.048811752192744993
19.32624892291007	20.579185189280807	0.8880911624410837	-0.15808871136563593
19.457122291441618	20.685050183616458	0.8206795203940755	-0.26152740404168434
19.58796216688596	20.788083874650315	0.7392675211288335	-0.35941390763290454
19.718735109316356	20.890019511723665	0.6452739272963165	-0.4523663764427669
19.849379822187508	20.992810996127748	0.5403632047032694	-0.5415923102623641
19.979797868766113	21.098442058276436	0.4264308737294941	-0.6271058093271019
20.109818382003954	21.20863292459909	0.3055361192260211	-0.7087957758096409
20.239170796978577	21.32474622504865	0.18015844378168736	-0.785678992247524
20.36744783814367	21.447610696904423	0.05286960735385904	-0.8554989356647018
20.494053747521523	21.57735202021058	-0.07361014580903114	-0.9151616887380822
20.61818233802574	21.7132721769406	-0.1964895409270469	-0.9611774485191352
20.738867393016815	21.853881116571827	-0.3131146833425144	-0.9902997730913756
20.8551399098136	21.99716824619425	-0.4211588726160312	-0.9998109486637051
20.96623732009061	22.141085008855008	-0.5189576441770156	-0.988318234725623
21.071845784007234	22.284022609166957	-0.6060940865906435	-0.956993929745746
21.172368160309972	22.424992112291065	-0.6830723864753461	-0.9072013815949003
21.26886873607965	22.56365147050548	-0.7499303507917687	-0.8403848748206922
21.362892714931263	22.70013365258615	-0.8090522146387286	-0.7587208882267833
21.45642316017739	22.834819445077972	-0.8599841065794169	-0.6644048515935834
21.551433099446722	22.968123411442793	-0.9048697371823158	-0.5592581135088532
21.649908115364155	23.10045606237572	-0.9418845977183767	-0.445080546050793
21.7531985434078	23.232143392538124	-0.9715008662882576	-0.3237320601525848
21.86219185375075	23.363439143906103	-0.9915996449710739	-0.1971488285102332
21.976948933939585	23.49451566100786	-0.9995540518555943	-0.06736675115650698
22.09679433275498	23.62548053889424	-0.9939982468190292	0.06349106476211096
22.220701641263396	23.75639675987104	-0.973332306284566	0.19319321022899089
22.34751448338116	23.887296022276853	-0.9367618775054403	0.3195454634449445
22.476202198028567	24.018191294441866	-0.8842961440225309	0.44041025986471594
22.605991862542847	24.149086125199887	-0.816589958802281	0.5537339030741166
22.736377057170532	24.279978499144356	-0.7347566371506495	0.65758606881964
22.867064683235608	24.41086096084821	-0.6402213199982678	0.7501945484895454
22.997910176899623	24.54171783341359	-0.5345772439023166	0.8299765219643283
23.12886992553517	24.672520202742135	-0.4195873064928496	0.8955680527416142
23.2599819470242	24.803219799674395	-0.2973068809101891	0.945853624857932
23.391375080740886	24.933747389794487	-0.16967918435317383	0.979997498656488
23.52330199693235	25.064014526914775	-0.038617483997176634	0.9974720654057735
23.65618549211869	25.193923275161303	0.09405472021852801	0.9980785415829115
23.790657385121317	25.324962465473586	0.22662322903430615	0.9814746530361024
23.927598957481866	25.455993230060937	0.35745948278735523	0.9479769684423778
24.068024834245442	25.586992254027514	0.48470132336240873	0.8982779305195309
24.212872147313174	25.717919544439088	0.6056467030845087	0.8332614036371249
24.362651147818855	25.84869851880168	0.7175805351537018	0.7541108396997378
24.51711288123592	25.97917268251839	0.816148762169664	0.662334447695597
24.674992941278433	26.109044064986364	0.8966904678942795	0.5598138202723701
24.834166106955838	26.237800319859808	0.9554036385985043	0.44886527206414467
24.992199851092153	26.3646755665187	0.989787703554921	0.3322554889651015
25.14704141821768	26.48870684626309	0.9995508940763355	0.2130780015104894
25.277940202414563	26.608919897387075	0.9890592148507216	0.0944300529617579
25.4088371289617	26.72452897277392	0.9616741099030683	-0.020977608187816833
25.539729145514535	26.835174007664886	0.9178652802320564	-0.13123147482426645
25.67060947703999	26.9412049334261	0.858384537379927	-0.23536102341297988
25.801463705568125	27.043629071532404	0.7842572040866087	-0.3334121370145863
25.93226436540073	27.144106574374074	0.6967716451379592	-0.42644391528982617
26.06296487604997	27.244659130468822	0.5974663366880414	-0.5148581766976001
26.193477203475062	27.347258808380424	0.4881268743518058	-0.5999537885284277
26.32366486284667	27.45380599607076	0.3707686957746414	-0.6817618044271738
26.453308278930514	27.56583589187418	0.24761837440107592	-0.7590429516715461
26.582045590617227	27.68441138503901	0.12118068979678241	-0.8305952166679453
26.709359220929866	27.809969989114073	-0.005817835670354991	-0.8936875397506358
26.83452568551176	27.942183388082377	-0.13059123991922322	-0.9449632072707453
26.956628000002397	28.079909061762876	-0.2503826373777378	-0.9809940351930285
27.074660865997384	28.22134631116583	-0.36260455313986684	-0.9983358939347122
27.18768078203484	28.364445173679012	-0.465262432476447	-0.9954599287719106
27.295129747621054	28.507367151726328	-0.5574146074099307	-0.9725732483340248
27.397080600958706	28.648815261059177	-0.6392184565305712	-0.9306264900515414
27.494281390436075	28.788159138117116	-0.7105372055127344	-0.8706214032119035
27.588040089957087	28.92534542186028	-0.7734893923119284	-0.7951105769692667
27.680200855781884	29.060630389641407	-0.8282289374427094	-0.706122746071377
27.77278059430137	29.194392227535268	-0.8768066849236913	-0.6054971799253347
27.867901352209536	29.327043571923596	-0.918085814606861	-0.4950342989369587
27.967237798840987	29.458933231409183	-0.9530267570943682	-0.376571882916621
28.072111995016286	29.59034553169021	-0.9792934375488558	-0.2520093309452245
28.182967119785758	29.721479034866334	-0.995341797933404	-0.12332996290801614
28.29954039623394	29.85246732806342	-0.9992083744960483	0.007332292282457526
28.420981388162943	29.983390277350036	-0.9888326517698243	0.13777246714021626
28.546109994546022	30.114289042165627	-0.9628790941017883	0.26581047139459424
28.673750969852314	30.24518226054632	-0.9208715245355369	0.38928534941711157
28.80294461882621	30.3760764403795	-0.8630962191649033	0.506101271372844
28.93301614757665	30.506971884352442	-0.7904099083890956	0.6142693760091791
29.06354747977339	30.63786462080938	-0.7040603911405738	0.7119445243335032
29.194311108516832	30.76874511509708	-0.605561265981403	0.7974576976379236
29.32520857129819	30.899594601917713	-0.49661350129653337	0.8693456100905075
29.456233839388645	31.03038017909963	-0.3790488549375183	0.9263793498875351
29.587467146936554	31.161050511795832	-0.25477297099619295	0.9675932928390416
29.719097380646424	31.29153476139018	-0.12569775140144157	0.9922343809666024
29.851467628572806	31.421747576988626	0.006333250437916282	0.9998171867557527
29.98512978524432	31.55280167341617	0.1394902762049703	0.9903611355282772
30.12088313731606	31.68385682995341	0.27214169776538377	0.9639518666857855
30.259728631700167	31.814892964007683	0.4026331529519541	0.921050473539992
30.402728975878208	31.945878335328214	0.529038455352774	0.8624136748884239
30.550723730872775	32.07675566392133	0.6482561654010118	0.7890942974976389
30.703908067881386	32.20741292997845	0.756715201018304	0.7024535455875961
30.861507220267793	32.337626938048565	0.8499607444629932	0.6041999138329142
31.021697630565217	32.46698865610573	0.9229316612391183	0.4964521979066496
31.181974818602495	32.59483790167901	0.9723729280921818	0.3817911972776691
31.3398795943368	32.72026270004352	0.9967832833022642	0.2632193815032817
31.493652705067742	32.842224636958015	0.996625280017825	0.14393280910539685
31.62455071118069	32.95981954024941	0.9778970514169292	0.02688562426061946
31.755445506184742	33.072444980914156	0.9424676355668129	-0.08557544846967681
31.886332247184207	33.180098228583525	0.8909450629069272	-0.19214281638933003
32.01720081025749	33.28355315458474	0.8242156209786065	-0.2923788277591341
32.14803034122266	33.38416757347061	0.7434347139415065	-0.3868928440572934
32.27878326752909	33.483852388326966	0.6500156915602322	-0.47683140647169087
32.40939588394434	33.58467781742108	0.5456180672290907	-0.5626762591653256
32.539753341922875	33.688593097266825	0.43214586620759304	-0.645463745847572
32.669680397406424	33.797335237552616	0.3117292955326773	-0.7245840739511032
32.79889258372031	33.91220673324551	0.1867243331281784	-0.7986030107807849
32.926944692204614	34.03396583067554	0.05973884579176541	-0.8656702104189437
33.05321278678658	34.16266357987248	-0.06643175687407925	-0.9226828078947071
33.17686403009193	34.297549827024696	-0.1889870270362636	-0.9661725304692492
33.296912190171874	34.43711609989533	-0.3052053151646182	-0.9926096876337637
33.412348137745084	34.57938255824043	-0.41275143321732155	-0.9993133679509238
33.52236781238723	34.72236750511224	-0.5101449905464791	-0.9859858861582995
33.62672579652427	34.86447469733487	-0.59701622337047	-0.9530659699910705
33.72582902248512	35.004748400369785	-0.6733902312900206	-0.9014652432080743
33.820715440818816	35.142877183064996	-0.7403270968830313	-0.8331604263126188
33.91298459236307	35.278982741645216	-0.7990796877014426	-0.7504700822060854
34.00461844015284	35.41339158491426	-0.85073363045055	-0.6552538577183237
34.09771925831632	35.54650607686985	-0.8957591943373314	-0.5493248135639195
34.194236940502364	35.6787057271352	-0.934419435990476	-0.43449797560647974
34.29575524766358	35.81030701282996	-0.9656719411415422	-0.31263807276030803
34.40318126020202	35.94154594024501	-0.9876298023780572	-0.18567686152855215
34.5166146458144	36.07258530468071	-0.9987153685712109	-0.05569354982995978
34.63549995742537	36.203528948159985	-0.996601324098256	0.07511512090074515
34.758764143682676	36.33443348209412	-0.9795065138475592	0.20457648775023451
34.88517644725326	36.46532653637008	-0.946484986492979	0.3305142343743743
35.013632907686244	36.596219243271605	-0.8974324247399759	0.45079531246323584
35.14329842504656	36.727114352448794	-0.8329236921424232	0.5633741023058056
35.273621500667275	36.858010081442536	-0.7540149513029135	0.6663316511969929
35.40428012694954	36.988900381745914	-0.662087339006073	0.757909999420683
35.5351130966015	37.11977241787932	-0.5587461762964518	0.8365428071135488
35.66606841356155	37.250602174037134	-0.4457560523561664	0.9008840229867845
35.79718096677702	37.381349593980644	-0.3249860856633139	0.9498362498260051
35.928580818580755	37.511955460448974	-0.19834797407351396	0.9824967096430679
36.06052921157535	37.6423429635114	-0.06772217181535527	0.9982171397033495
36.19347388829993	37.77251159070762	0.06510633232158741	0.9970323652810785
36.32808772947751	37.903573871683285	0.19838458004985027	0.9788048462407563
36.465295270230506	38.03462847868595	0.3304848215037115	0.94382315509219
36.60617007924322	38.16565019662654	0.45966011386576855	0.8927005177847298
36.75172626301006	38.296596814567685	0.5837267871588142	0.8263451747972381
36.90256595931215	38.42738804827995	0.6988765345845794	0.7459655349667804
37.058430472860366	38.55786517046674	0.8014409691924131	0.6530931942180866
37.21800160085619	38.68772072489823	0.88608610691651	0.5496374031958828
37.379007481676126	38.81642326963484	0.9490430180714112	0.4379501569433024
37.538808344185284	38.94317095455009	0.9866967351890753	0.32084939903163956
37.69522022641344	39.06695882524666	0.9998777814729972	0.20148468586242835
37.82760969298331	39.18675244331557	0.9916714164770214	0.0830208668024772
37.958506566272646	39.30174122600725	0.966332823344017	-0.03181211495749099
38.08939841295542	39.41154880440241	0.9244970939161654	-0.14111086383505272
38.22027826086674	39.51653475846644	0.8668850623984315	-0.24410302912257603
38.3511320118027	39.61780609861986	0.7944924827187283	-0.34075583249654945
38.48193144539198	39.7169953455477	0.7085808847935415	-0.4322506802526417
38.61262934165773	39.81618213685545	0.6106646125820911	-0.519292327582654
38.74314011398174	39.91739360006238	0.5025055317656748	-0.6029275828816023
38.873325723304816	40.02253652890645	0.3861016272547696	-0.6835317142278159
39.002971571986485	40.13316678157173	0.26367682399770354	-0.7596778886918125
39.131715630320436	40.250366657556086	0.13770578080621448	-0.8303617983225766
39.25904326214686	40.37460628925807	0.01085776031380287	-0.8929003070828774
39.38423334631091	40.50559899938728	-0.1140468813996939	-0.9439624003269255
39.506366002553186	40.6422570490871	-0.23418080210764267	-0.9801166706300007
39.62442177752271	40.78283151045237	-0.34697937370043647	-0.9981824645798927
39.73744997382928	40.925286243781635	-0.45047288972288513	-0.9959802192611039
39.844807224252435	41.067784857841055	-0.5436103084492366	-0.9738716214357952
39.94650576136062	41.208992380499815	-0.625926919377614	-0.9327241165538317
40.04323973001816	41.34821553453852	-0.6982268931403792	-0.8738350729619424
40.13629261737726	41.485338447267566	-0.7617447009829152	-0.799018803271686
40.227453276783514	41.62059977365506	-0.8174846863038681	-0.7106483549380855
40.318786612199304	41.7543601344998	-0.8665025976565468	-0.6105554791133037
40.412391654942745	41.88701114714641	-0.9093975243292228	-0.500544757283726
40.510154602251525	42.01890346809091	-0.9455053019402537	-0.38244489295354195
40.6134070018872	42.15031287774182	-0.9738242629981331	-0.25815733764564963
40.72278005769918	42.28144125095037	-0.9928429108952129	-0.12967426536969315
40.838153473774504	42.412423941291344	-0.9999198836146459	0.0009225105618310468
40.95869001904652	42.54334107667434	-0.9928371633839611	0.13143273364594724
41.083185821958324	42.674235224623516	-0.9705125578100707	0.2596421447716333
41.210428673660886	42.80512555505636	-0.9322376696221157	0.3833876171446091
41.33939535860485	42.936018622855286	-0.8781059854143543	0.5005689600166194
41.46934867778495	43.066914935883375	-0.8088174337781415	0.6091914404062009
41.599822821386944	43.19781142061826	-0.7253374622397072	0.7074029486491893
41.73055837405328	43.32870029427557	-0.6293594659454345	0.7935262789303578
41.86143956705297	43.459566017889784	-0.5225516705580444	0.8660886888876285
41.99244905802466	43.59038038625682	-0.4067195566796258	0.9238497722515416
42.12365779177809	43.721097997025986	-0.2837498381054154	0.9658294862176785
42.255244914643676	43.85165437183723	-0.1555438254440232	0.9913359309238867
42.387541060010946	43.98196934542921	-0.023944001670381656	0.9999897050951654
42.52108102495957	44.11303033549297	0.10932374184009565	0.9913217905082646
42.656669435579545	44.24410091733527	0.24268039948060635	0.9656608320774542
42.795331193583586	44.375154194196114	0.374400275126102	0.9234764034810461
42.93817803327715	44.506159375249034	0.5024273495922302	0.8655130106028405
43.086123573436076	44.637062531369715	0.624366745124345	0.7928101994390707
43.23949849696322	44.76775625669249	0.736363247425239	0.7067147805278602
43.397631826547055	44.898028136787865	0.8335497004909128	0.6089159016676728
43.55872346963579	45.027483808793306	0.9112793625791249	0.5015086228510942
43.72020547197145	45.155473281011524	0.9655805206234598	0.38705386997811775
43.87945249479316	45.28108072894726	0.9942618104594996	0.26855061720120693
44.03455782668793	45.403246894112634	0.9983587224937895	0.14921445026247793
44.16545599996277	45.521009786450065	0.9831219587061475	0.03206258454627134
44.29635125081248	45.633710517686474	0.9510858515140227	-0.08049386338135732
44.42723912896629	45.74126832389812	0.9025034540867463	-0.18706460282090748
44.55811026734543	45.84440434739849	0.8385245602644305	-0.2870794339162065
44.688944801285636	45.9444066131297	0.7602664018025763	-0.3812664886185147
44.81970802201119	46.04321604014642	0.6690997731631924	-0.4705891840567313
44.95033840408698	46.1428930221084	0.5666456906926751	-0.5559321877335219
45.08072991802831	46.24544577352433	0.4547683982812629	-0.6383254094619433
45.21072012711168	46.35265089896328	0.3355587175299517	-0.7167683275423197
45.34002623753944	46.46586965419057	0.21135728491353115	-0.7908156569674851
45.4682356395217	46.58594852389742	0.08471514501749251	-0.858347367371625
45.59474864158855	46.71304854988502	-0.04162776194648111	-0.9163351872239949
45.71875088383663	46.846542093384606	-0.1648280479999964	-0.9613249234310226
45.83925466357599	46.98503391304152	-0.2821350384723423	-0.9900513284145223
45.955245284508216	47.12659763155645	-0.39121209323763423	-0.9999149590664738
46.06589857438481	47.26921081665967	-0.4904890033809176	-0.9890401268670181
46.170775657435655	47.41124608953936	-0.5789895805464129	-0.9585330792505256
46.27018496601621	47.55163749560784	-0.6568794992269236	-0.909621935526755
46.36508729273591	47.689946196895555	-0.7255607394521092	-0.8440077506168898
46.45702234517433	47.82621782664744	-0.7853939707999129	-0.7631225533313372
46.54788245200872	47.96077726469602	-0.8384154020980016	-0.6694923248973637
46.63982425735229	48.094013152415044	-0.8847446475392335	-0.5649239138344058
46.734860139110566	48.226299287326256	-0.924996189034556	-0.45122570145783447
46.83470753498654	48.35795570539736	-0.9580237299811509	-0.33025027150786057
46.94040826204977	48.4892245326312	-0.9830714868446908	-0.20393603277409159
47.05232307946301	48.62027877658778	-0.9972048396328929	-0.07431275247882319
47.16993424386583	48.75122591246245	-0.9985539470812406	0.056502587477985027
47.29222771795093	48.88212878134501	-0.9854400824783967	0.186341540180268
47.41797972055079	49.013019010243944	-0.9566547650928618	0.312943221840475
47.54603231921081	49.143909625556	-0.9118476533514043	0.4341538415387321
47.675472947130444	49.27480395735711	-0.8514042361774021	0.547925943694026
47.80568069259901	49.40570082626897	-0.7762487997330401	0.6523219790453102
47.936283276163685	49.536595572460236	-0.6876724404662639	0.7455617516136533
48.067087116753505	49.66747811981858	-0.5871902517847217	0.8260532957474103
48.198019415145396	49.79832888328475	-0.47641910744778776	0.89242125941721
48.329098938329096	49.929112808397996	-0.35739658279313563	0.943534254624576
48.46043878603918	50.05977680365029	-0.23202390457638886	0.9785336024357253
48.59227685004583	50.190249217783524	-0.10218582001577901	0.9968598468207225
48.725025444546105	50.32044584962045	0.03031935537597036	0.9982738421042898
48.85932041114091	50.451518028359324	0.16381768431414176	0.9826720143828985
48.996056898897265	50.58258565312693	0.2967383013537851	0.9500594594855554
49.136328900347934	50.71362482426492	0.42740047693214406	0.9010507472734333
49.281235560113274	50.84459673255362	0.5532445224232199	0.8366693394156284
49.43149009960108	50.97543105346516	0.6716636165112313	0.7580838067711747
49.58705309580426	51.1059838956046	0.7783087645260898	0.6667818864057505
49.7467743031139	51.23597601963517	0.8681362144837034	0.5646177676972488
49.90845077683716	51.364911642095635	0.9365363922603926	0.4538807303658118
50.069384404835745	51.4920232529581	0.9806290909666251	0.3373293344616608
50.227143889292826	51.616306088562844	0.9987959545529779	0.21809532683407715
50.372411132112276	51.73671096746176	0.9938775335182339	0.0993574320114338
50.50330840852225	51.85239734548972	0.9715279291880312	-0.016107957763185226
50.63420133212139	51.96290875960538	0.9325781476226053	-0.1262874494365499
50.76508382284776	52.068494131526705	0.877692693479019	-0.2300411705280197
50.895942493784545	52.1700539983909	0.8077046663631117	-0.32747022758122196
51.02675250903253	52.269275959802165	0.7238162118387602	-0.4195159161771098
51.15747002920606	52.36817612300855	0.6276737939473742	-0.506919794913493
51.28801512175976	52.468794266152855	0.521004660410898	-0.5911009488494331
51.41826485455778	52.57308576552686	0.4057672347754643	-0.6716658757261351
51.54800445336495	52.682648370406056	0.28416394386151567	-0.7485108128403601
51.67690843861314	52.79865625019385	0.15861941238678678	-0.8202004282292563
51.8044932252867	52.92168195263839	0.0317646490132749	-0.8841420234913471
51.93006849729275	53.051565113512154	-0.09360591792664906	-0.9370517592397147
52.05273176732713	53.18734466874788	-0.21466094533485153	-0.9754746928425401
52.171451775813225	53.32736351214203	-0.32878515315567186	-0.996438465309494
52.285261426180625	53.46959724426957	-0.43393927527419873	-0.9980364553629918
52.39351482243659	53.612115496866195	-0.5287262909829297	-0.9786787022712993
52.49602255774505	53.75353939254202	-0.6126119810989813	-0.940115382260457
52.593373018382366	53.89307587139141	-0.6867472583626894	-0.8838662233387754
52.686798953427726	54.030517144241614	-0.7512551911564767	-0.8117575417095448
52.777998153914176	54.16602247937278	-0.8085522259483193	-0.7254583267668748
52.86904999382067	54.29997229358553	-0.8583046977556434	-0.6269551786436891
52.96200595451714	54.43276036912512	-0.9024457260706675	-0.5182915367965388
53.0588782205667	54.56474717457116	-0.9395285784465552	-0.40128045892720465
53.16104925198874	54.696214557313304	-0.9697394689119909	-0.277810293320889
53.26936736295264	54.82737744146402	-0.9902309079654664	-0.1498537877680568
53.383733850192726	54.958376330125624	-0.9992669538745114	-0.019482282960806206
53.503423846352845	55.08929930788883	-0.9948730299939377	0.1111629078261488
53.62730459255062	55.22019450224881	-0.9753658487101384	0.23990383857168684
53.75414180154349	55.351084086306514	-0.939911357052827	0.36457004773671114
53.882864200498084	55.481976066310324	-0.8885014623567521	0.48300137599953485
54.01268226533957	55.61287161155608	-0.8217805817725211	0.5930639176074233
54.143086609163774	55.74376821636925	-0.740850935381999	0.6929705733853914
54.27378771072928	55.874659275271775	-0.6471238379822901	0.7810179026479842
54.40464785131878	56.00553127760465	-0.5422247894499906	0.8557032268073694
54.53563415153422	56.13635928380771	-0.4279301079537319	0.9157525770233197
54.66680279319724	56.26710227617505	-0.3060495789749377	0.9601483944412001
54.79831434934601	56.39769906646436	-0.17855434339882958	0.9881567795538155
54.93047422951386	56.52807059088634	-0.04736602834978505	0.9993531335557969
