0.8385837501379301	0.6141516412742403	0.6682201288164987	0.8169786576551998
0.9694834157899467	0.7450040470129093	0.5654531027459848	0.7349050342852067
1.100383021275898	0.8760549063754348	0.45303099550897247	0.6401172230059513
1.2312824571317114	1.0076590148105038	0.3328687300641454	0.533804929838896
1.3621814426880028	1.1405133269430185	0.20701287135271274	0.4170253785805459
1.4930792944624018	1.2758454193703304	0.07760720031059946	0.2905743635788278
1.6239744765965074	1.415612097720479	-0.053143166887586725	0.15448551396121665
1.7548636796368138	1.5626287026691876	-0.18300834618820314	0.008162251105142635
1.8857400289834696	1.7204952484385507	-0.3097549345021077	-0.14906863091142775
2.0165873900955216	1.8930067687978935	-0.4310960256256827	-0.31659094563824125
2.147371629112954	2.0829148991440816	-0.5449964725153484	-0.4898981796727208
2.278012469697676	2.289512963164801	-0.649473111272097	-0.6580983397713966
2.4083399887352193	2.5067071925630158	-0.7426750844712561	-0.804992738507612
2.5380743432593067	2.7239370815364987	-0.8229544931311512	-0.9136293403131054
2.66687092271784	2.9306888005471983	-0.8889859533160607	-0.9773998369189836
2.7945701118467308	3.121351428371751	-0.9399263094568384	-0.999364312329702
2.9213499528710827	3.295590783392473	-0.9753629655065085	-0.987682949984968
3.04767596755505	3.4560170980111864	-0.995101868403935	-0.9509667048661482
3.1741048391112425	3.6059399385046635	-0.9989789355511935	-0.8936950785113884
3.301076726166626	3.7485696956143935	-0.9868249006215686	-0.821010717312566
3.4288478495386094	3.8863106572732216	-0.958561277750913	-0.7350941670183189
3.5574726284448146	4.02096832567547	-0.9143343990041551	-0.6376266896105496
3.68685952220339	4.153795133973829	-0.8546189527170909	-0.5298948213326476
3.8168438526900115	4.28560464319381	-0.7802563623558457	-0.41381499288779916
3.947242502638754	4.416870463589823	-0.692440117866901	-0.2911193456167834
4.0778977480606295	4.547852082350934	-0.5926618411473447	-0.1637215166093072
4.208694437598288	4.6786724455382895	-0.48264845606037343	-0.03369435463433746
4.33955950440888	4.809364243051388	-0.3642095873916753	0.096776808299652
4.470452098817842	4.939882557902529	-0.2395270182364727	0.22543387421349975
4.601353318053117	5.070090808873751	-0.11077250494818339	0.3499786159624174
4.732256240092051	5.19972186195776	0.019854190154530722	0.4681039684694583
4.863160581330972	5.32832773637453	0.15012792948413484	0.5775478652775398
4.994071033735238	5.45523981077644	0.2778344626664081	0.6761986881329604
5.1249982357126695	5.579567778138897	0.40080788576842374	0.762269927821742
5.255960925045502	5.700262479252979	0.5169669659627154	0.8345289673052794
5.38698698350575	5.8162472186485505	0.6243471944908797	0.8925190717505934
5.518110378755401	5.926591148007959	0.7211262001719928	0.9366845729813862
5.649361665894281	6.0306789475304	0.8056434282703666	0.9682542994019594
5.7807536815211815	6.128345405893703	0.8764079935639374	0.9875512895730705
5.912288338354355	6.219981054079956	0.9318404659010966	0.9979916882543137
6.043919447141095	6.30646668325113	0.9712138744476061	0.9992688345909486
6.17590219119435	6.437345131206537	0.9938441831309627	0.9876576595960753
6.308134510787006	6.568196900379508	0.9992164554790459	0.9591871200045603
6.439034204326224	6.6989965083219	0.9873934738080079	0.9143617078464461
6.569933896690361	6.829702773993156	0.9587025931932536	0.8539824511512097
6.70083358449147	6.960255687482177	0.9136322369277408	0.7791415567643257
6.83173325580953	7.090581212390933	0.8529490218246337	0.6912056727956044
6.96263287175444	7.220610152279829	0.7776848034099393	0.5917772101076388
7.093532314746419	7.3503195580042355	0.6891192715468355	0.4826205151038586
7.224431255459633	7.479803116208115	0.5887584429017974	0.3654786660898095
7.35532882332332	7.609366362933137	0.47818844011126793	0.24214047347397435
7.486222901412824	7.739660154492441	0.3594394071825525	0.11404320145586472
7.6171086907016505	7.871794511839189	0.2345858488573024	-0.017801159774152225
7.747975911807182	8.007409069033951	0.10576571151575495	-0.15275063440493472
7.87880358506824	8.148637013209704	-0.024805622128114393	-0.2902906164045745
8.009550719740172	8.297864881419736	-0.15486556990408923	-0.42939642885625345
8.140139315388918	8.457172215121073	-0.28213167309141507	-0.5670058318019253
8.270415446287837	8.627332523064469	-0.4043173132887765	-0.6982405585198033
8.40012055076955	8.806931894222542	-0.5191761033304378	-0.8149024241848016
8.528852755688735	8.991864857022428	-0.6245629650193467	-0.9075708404827163
8.65610577821221	9.176342830029789	-0.7185829757727284	-0.969213989021476
8.781454247649672	9.355039722080546	-0.7998217249749371	-0.9973768870336596
8.904794450931611	9.524849704391345	-0.8674871124920669	-0.9945227215928255
9.026498553659493	9.68514074748193	-0.9213232776012727	-0.9660627866569451
9.147351912441373	9.836840765331175	-0.9613030714581414	-0.9158501307777087
9.268259405962894	9.981711971034587	-0.9872887335013033	-0.8486808713007193
9.39005497779186	10.121482449002544	-0.9989095041472538	-0.7668408517597894
9.51330750549238	10.257727381504015	-0.9956087597964975	-0.6724458064956922
9.638270505486043	10.39168210754366	-0.9768352242119889	-0.5675860151542389
9.764903004775755	10.524221657546029	-0.9422623691843868	-0.45386780210111444
9.892960294035275	10.655941038544666	-0.8919542893752919	-0.33298103332954143
10.022104632049402	10.787214178777532	-0.8264341380785124	-0.2067642727447913
10.151999177025946	10.918256808480333	-0.7466630969169119	-0.07720948572246916
10.282365361517325	11.04918022931144	-0.653967624843449	0.053570677412878506
10.413002902324017	11.18002877417649	-0.5499549004994047	0.1833906508055453
10.54378391498109	11.310798479516208	-0.4364405700935027	0.3100187985174517
10.67463545709275	11.44143756118496	-0.31539470759863036	0.43116035490900784
10.805521307165648	11.571831414489425	-0.18890097802044556	0.544733359114066
10.936428592803328	11.70177750499094	-0.05910678613470973	0.6487134296367625
11.067361336191937	11.83095257451526	0.0717045051495982	0.7412433318389204
11.198340279193859	11.95890241451483	0.20130577803265726	0.8207346910759112
11.329407081026265	12.085062193544433	0.3275243939287691	0.8859961505167877
11.460629896540247	12.20881603433784	0.4482580381449427	0.9363592955323542
11.592105206625297	12.329599142382705	0.5614986606573813	0.9717579188427354
11.723949839373159	12.447020831368283	0.6653424074242106	0.9927087962368498
11.856279350815367	12.560979071660924	0.7579894745692964	0.9998306754072325
11.9892314078152	12.689988282669566	0.8377793100267314	0.9923072188124402
12.122992347240467	12.820861974827555	0.9032132475233716	0.9677005929194773
12.257631262645596	12.951694284751143	0.9525683752782484	0.9264677747770965
12.393082223810184	13.082439602753864	0.9846657847255778	0.8694794382672427
12.529133528088122	13.213015839002553	0.998830547243789	0.7977862819887966
12.663447852590043	13.343288717509079	0.9948044830911587	0.7127531884764834
12.794347524647057	13.47306245338757	0.9736760774753617	0.6160570545664276
12.925247138569803	13.60208302966338	0.935911576562291	0.5096621608172432
13.056146560490015	13.730071763073115	0.8821526067773835	0.39574814825789273
13.187045395901336	13.85679746549684	0.8133127120325293	0.2765742099226943
13.3179425753456	13.982182128847214	0.7305623092759874	0.1542885847422651
13.448835431097907	14.106419751304374	0.6351970089046887	0.030726963002710415
13.579717823988155	14.230077638810254	0.5289096668320638	-0.09273094756658204
13.710576647681116	14.35414319564999	0.4136369376603719	-0.21517153066792985
13.841385671154976	14.480001062728352	0.29137162435672537	-0.335992177389723
13.972095117092936	14.609333245893499	0.16424976990543838	-0.4545926723361495
14.102614646998205	14.743916151600033	0.034529564144754714	-0.5699486208413429
14.232787512578392	14.885285203943898	-0.09542835106282979	-0.6801491975756991
14.362357233204246	15.034263508146138	-0.22318642905056138	-0.7812070940374279
14.490903236766158	15.190417420724721	-0.3462481360498332	-0.8687277796149135
14.61786021403664	15.351838455398557	-0.46218900689239006	-0.9368435323289561
14.742540160299862	15.515415458188938	-0.5688107523600183	-0.9814034250601671
14.864364910618479	15.677716189259389	-0.6644592351649627	-0.9990500725732572
14.98301857200098	15.836103805506193	-0.7481683391776851	-0.9917273032490569
15.098823252626078	15.989127345324055	-0.8197951459513606	-0.960260366137791
15.212557250751056	16.13670986551645	-0.8795970284242748	-0.9092252874462518
15.325463692226826	16.279415396443543	-0.9275891735342282	-0.8409753962711877
15.438852526103773	16.418220894888698	-0.963622586421981	-0.7578794745779721
15.55387952270161	16.554156377208933	-0.9876695589816662	-0.6625132031660113
15.671400275853307	16.68809078338471	-0.9988517175707479	-0.5566510227491636
15.791822226366499	16.820715751510093	-0.9960482284978851	-0.4420115367491806
15.915105461647286	16.952536496472465	-0.9782202825079418	-0.3203657557507237
16.04086885412104	17.08389467425375	-0.9447074710670214	-0.1935962585815366
16.168554701724382	17.215003964046183	-0.8953999187798589	-0.06371004612391507
16.297587299628493	17.345986975492202	-0.830762951620251	0.06716581990749562
16.42747966019377	17.476906793480424	-0.7517575503556162	0.19679896205531777
16.55787424378767	17.60778771214631	-0.6597248490085855	0.323004510199984
16.68853932396661	17.73862715381209	-0.5562801045677219	0.4436362121767752
16.819340888993434	17.86939629422353	-0.4432363467250193	0.5566244680060198
16.950211581506807	18.000032035630852	-0.3225528637250946	0.660015161690596
17.081127886269577	18.130423321880887	-0.1962959692162813	0.7520113151997272
17.21209930328638	18.2603969614229	-0.0666013402428623	0.8310243176177647
17.34316924916133	18.389710987707414	0.0643610601634343	0.8957387669178194
17.474425109710175	18.518061526752792	0.19437744363578469	0.9451854164742972
17.606012209431608	18.64511100534017	0.32133424861914966	0.9788085785827096
17.73814375909224	18.770562707099675	0.4432055751727353	0.996506060137778
17.871094271604665	18.894227019208067	0.558028601116277	0.9985970777113953
18.0051780991552	19.02513414973201	0.6638746459724036	0.9843076341188661
18.140797490065086	19.15602193315545	0.7588707472515196	0.9532025126228576
18.278208289636705	19.286865336150008	0.8410341224077119	0.9058251420853309
18.417453486658264	19.41761233397245	0.9078927429561008	0.8428837578758666
18.558285267337844	19.548161136521994	0.9574411848810149	0.7655840853608225
18.70014482132085	19.67833032233608	0.9884004014745553	0.6755770200433026
18.842236177421704	19.807832423836512	0.9997701190992727	0.5747205985754428
18.97454977375033	19.936263330148336	0.992177729769231	0.46521405135379945
19.105449254182716	20.06313038043661	0.9673095194879864	0.34952710455073677
19.23634824478475	20.18791978349427	0.9258845983337742	0.23025302432621772
19.367245801211986	20.31023689358276	0.8686544731929817	0.10985643243036623
19.498139509307265	20.42997544399816	0.7965984409713829	-0.009616865105283012
19.62902374840477	20.547459672652767	0.7109505581016321	-0.12675894262662268
19.75988654600602	20.663501890830084	0.6131823229418039	-0.24071037727869735
19.89070312564179	20.779320965409593	0.5049849791443515	-0.3511704110052141
20.02142695034097	20.896491891109832	0.38825143631729364	-0.4581323601273424
20.151975220360114	21.016738601040576	0.2650598323935356	-0.5613791123013916
20.282206236225218	21.141715025736435	0.13765983375156876	-0.6600829129651604
20.411886460679934	21.272752197801335	0.008460218488139038	-0.7524981076791313
20.540649446950795	21.410551029594167	-0.11999142158225011	-0.8358357549040613
20.66796214784224	21.554872330806447	-0.24506250088133635	-0.9062353959944959
20.79311909568944	21.70437451139745	-0.364150671019979	-0.9586954872813591
20.91526162169186	21.85681255765181	-0.4748535616890362	-0.9907582760791162
21.03370607280479	22.009570624922553	-0.5754102702933607	-0.9994214446117013
21.14803890019218	22.160442007182475	-0.6648257409435951	-0.9852906311256622
21.25846490247382	22.30803459950074	-0.7430513038715492	-0.9501330115459455
21.365822667075378	22.451853866464994	-0.810698821149732	-0.895348237031116
21.47141964639098	22.592179809581644	-0.8676166834997034	-0.8243522072000669
21.576838031220696	22.729551775710718	-0.9149575926712639	-0.7392695343368801
21.6836934159188	22.864652739697927	-0.9529265946337498	-0.6420302479542177
21.793384373181173	22.99813272523808	-0.9802656915312382	-0.534385718702628
21.906788674199298	23.13052802279659	-0.9960010933973438	-0.41806583036296063
22.02424546605173	23.262246763635755	-0.9989605725316315	-0.29513234955615947
22.14556463252241	23.39356583622605	-0.9876175824595814	-0.16751575661396342
22.270138860177394	23.524664454625203	-0.9608667351080069	-0.03725592258861554
22.397169006512826	23.655649728155247	-0.9182494518216482	0.09352142172870495
22.525873208405628	23.786579976062992	-0.8599845044184518	0.22264467171081753
22.65561617684668	23.917482687019575	-0.7868646181154022	0.3479428440604406
22.785949971060667	24.048365771106464	-0.7001098708621236	0.46729149314200374
22.91659469161941	24.17922203836245	-0.6012407056983416	0.5786546316712898
23.047395273614796	24.310027617523556	-0.49199034751958587	0.6801225376210861
23.17828037781623	24.44073560687805	-0.3742480942150983	0.7699477567347272
23.309235996983514	24.571267199985385	-0.2500163076235562	0.8463701940073111
23.440298220359672	24.701504558373077	-0.12133469449082213	0.9082365229589966
23.5715618221291	24.83128458899771	0.009610593774702856	0.9545998529489603
23.703201626973737	24.960414058269684	0.14073174328811644	0.9848161279444422
23.835497280365374	25.088697808722543	0.270028871301224	0.9986167903006125
23.968846566319204	25.217002365454388	0.3955705793904386	0.9960103864001694
24.103762499777275	25.347939628154663	0.5154571743153726	0.9764631647424694
24.240859606413533	25.478856752722166	0.6277574966777181	0.9402335002227806
24.380653312656175	25.609727169693016	0.730221158185992	0.8879581925193558
24.523394908347992	25.740495652401442	0.8196792043872324	0.8205738358764696
24.668878165960482	25.871051476557266	0.89391487461126	0.7393309949778678
24.81636524251517	26.00118768904798	0.9503057523965593	0.6458234638605029
24.964652640455142	26.13055657296793	0.9854790792174819	0.5420241694341438
25.112392784196498	26.258647835404737	0.9993609450439418	0.4302930550595456
25.248707909218528	26.38480688889357	0.9930271219375253	0.3133174304334664
25.37960698479003	26.50832541835119	0.9695562811872102	0.19393505741511227
25.510504758880963	26.628566460231667	0.9294697746560348	0.07487389948724946
25.64139896245751	26.745200771977142	0.8732514532865252	-0.0416358085769207
25.772284208032403	26.858416120254578	0.8021385822407733	-0.15418366252158472
25.903148922510926	26.968994205540064	0.7173559858643372	-0.2622558731774274
26.03397041372368	27.07825225538039	0.6203726880486226	-0.3659830665369891
26.16470691938817	27.18785022577951	0.5128865937146363	-0.4654133831251858
26.295279904412524	27.299559567920692	0.3968148377654164	-0.561077823083072
26.425560115309363	27.415152852579624	0.2742775312129367	-0.6527724227297468
26.555336741510345	27.53613223939688	0.14758921084456683	-0.739402804891546
26.68427634774128	27.663524460363764	0.01924853690661491	-0.8188569545826128
26.81187643044397	27.797650510895274	-0.10808812759850488	-0.8880955336316165
26.937438965082226	27.937931173484454	-0.2316863563093807	-0.9435230578637706
27.060108167558404	28.082864397713337	-0.34891445123306775	-0.9816386157152216
27.179009404102633	28.230291616764614	-0.4575374490203251	-0.9986168265568702
27.29336264490208	28.37798787683998	-0.5559533114795447	-0.9941856574530268
27.402927032321408	28.524133150905413	-0.6436032080677923	-0.9689164605146023
27.508103359405503	28.667644053771316	-0.7203092058856279	-0.9232964744411832
27.609848249306904	28.808258346742406	-0.786853568432609	-0.8603917565010373
27.709683500316082	28.946160676245448	-0.8447535646028785	-0.7823548592061116
27.809452925977574	29.08181703472619	-0.8934528366104647	-0.6911439898517105
27.9109039473836	29.21575816340276	-0.9343694173912664	-0.5886175555122052
28.015670695001106	29.348492799616803	-0.9665368817804114	-0.47639299989654554
28.12488065338763	29.480438777437318	-0.988393812177522	-0.35655391745565973
28.238967597754062	29.611894900046074	-0.998889300880105	-0.23103640457964844
28.357783160790593	29.743068529927427	-0.9960867764439626	-0.10183981818440134
28.48064368019969	29.87409126737196	-0.9784018341598664	0.028942006417453495
28.60659324316118	30.00503990178638	-0.9449263360816034	0.15915203157188357
28.73466848836451	30.135955013396845	-0.8955164969458276	0.28661274453116703
28.864072566399873	30.26685506052437	-0.830698518005244	0.40917239018469526
28.99423702430662	30.397745127838835	-0.7515018302237186	0.5247493534993068
29.12480372236025	30.52862047287262	-0.6593057077296032	0.6313723030965422
29.255572939001322	30.659465538120827	-0.5557318397845787	0.7272161670704519
29.386452130915664	30.79024942435701	-0.44257655127884	0.8105014479773507
29.517422967605434	30.92091962253027	-0.321761927883075	0.8797781879686352
29.648531773418313	31.051396228545947	-0.19528774684632227	0.9339967408335947
29.77990137243204	31.18157029730071	-0.06517647271169105	0.9722846990189686
29.91176049762313	31.31131106016522	0.06657147537271184	0.9940951889621095
30.044478177102203	31.440477876884362	0.1979706201536898	0.9992289505903801
30.17858568811183	31.571458005548738	0.3271694444094901	0.9874431222407272
30.314800694055613	31.702428577919946	0.45236924640388965	0.9587713664357864
30.453902931324787	31.833371007316106	0.5716219528391353	0.9137131646949093
30.596567939900265	31.964249915353232	0.6826387577099481	0.8530633180320907
30.743106717026155	32.09499338279037	0.7817463273303312	0.7779181095811959
30.89318497813172	32.225458166937976	0.8660833828007346	0.689695734982794
31.045739912127363	32.35537581187018	0.9320810471289863	0.5901778590199194
31.199106504828023	32.48429718799791	0.9761094749479057	0.48154953364773595
31.351463340824303	32.61156865232632	0.997873230836283	0.36639652549448654
31.501237550536338	32.73636406991607	0.9959116004131023	0.2477447506353207
31.632136365728055	32.85788119754776	0.9762425643294097	0.12847155032508775
31.7630333868024	32.975429125081625	0.9398977554443337	0.011286308096387608
31.893925599461472	33.08871248719796	0.8874983201436226	-0.10176809509443524
32.02480610107593	33.198066247598504	0.819941516568788	-0.2096752230274776
32.155660638690684	33.304502635973876	0.7383895376837507	-0.3124229003390753
32.28646251136204	33.409574754038616	0.6442563532370257	-0.41020656615397266
32.41716023565703	33.515064716444435	0.5391973790381903	-0.5038599429092255
32.54766656863613	33.62290288241514	0.4250757855281456	-0.5939960254851092
32.67783971498784	33.73487080688767	0.3039512052917951	-0.6801714582640034
32.80744443654171	33.85241100062098	0.17827915714173975	-0.761284298939734
32.936108922266456	33.97648770264011	0.05058064436148652	-0.8355918838247338
33.06329536839488	34.107377764442454	-0.07646794055215594	-0.9001433431136587
33.18826903337193	34.24450803530171	-0.20011553013099714	-0.9513767764144111
33.31012929897537	34.38644976395784	-0.31771604856231705	-0.9850128502347218
33.4278649007743	34.531198681209396	-0.42695439517365824	-0.9991733888433989
33.54072325407115	34.67661191186853	-0.5259416918756046	-0.9927329837981336
33.64842982686712	34.820915878574986	-0.614162950886203	-0.9652164941033855
33.75125664257012	34.963073871932416	-0.692006946311233	-0.9184343926055261
33.85018544357561	35.102718867910006	-0.7598127537460326	-0.8546531496813801
33.946749169838796	35.23995101943562	-0.8188790983150145	-0.7758560269691376
34.04280588103352	35.375154697492995	-0.8701694219926093	-0.6839310524885437
34.14031992859827	35.50880840819758	-0.9138105335207755	-0.5804986945297997
34.2410722401084	35.64137375964515	-0.9502817184317404	-0.4677555309223489
34.34649417516147	35.77321725741116	-0.9773734107512644	-0.3475293703097402
34.457217392076075	35.90460967464421	-0.994501075179808	-0.22173796730129558
34.573292956281946	36.03574419499831	-0.9995046155083386	-0.09239313293374132
34.69411414817787	36.16674347958848	-0.9904049579440373	0.03840268370998448
34.818676675954	36.29767876285884	-0.9658411089624019	0.1684876607027801
34.94588746496212	36.428587300971785	-0.9252588151795798	0.2956831279634508
35.07479590563378	36.55948595036062	-0.8688647559456815	0.4178396914820269
35.20469781574336	36.69037996783612	-0.7974594101526706	0.5328816256718548
35.33513531196209	36.82126711198483	-0.7122596954644538	0.6387748765054182
35.465844600382184	36.95213773576221	-0.6147664918818824	0.7336024243272494
35.59669621999662	37.08297169861637	-0.5066805114213154	0.8158611369129949
35.7276520814349	37.21373289996649	-0.3898463570719175	0.884148476030564
35.85874827855311	37.344363896182436	-0.26620259530821505	0.9373098522221176
35.9901041046497	37.47478313792512	-0.1377244174745587	0.9744717778663561
36.12195267186363	37.604888306705625	-0.006358658661492417	0.9950729959861337
36.25468266505974	37.73456814875391	0.1260279013702825	0.9988864737134238
36.388872266431356	37.86557966008889	0.2575513042237426	0.985732581996877
36.52531125831566	37.996583373076255	0.38648086869005166	0.955711480241543
36.66490026749373	38.12755926308737	0.5109537841524128	0.9093440856384215
36.80847337939873	38.25847162586056	0.6287396231253176	0.8474462557334609
36.95650604003327	38.38924994899518	0.7364907606060593	0.7711335729718749
37.10877259962461	38.519753002659236	0.8303610090952968	0.6816768508136112
37.26418777625741	38.649707379130724	0.9067723221062014	0.5810723316094425
37.42087109471868	38.77864179215815	0.9610758147819787	0.47160816271090883
37.576650760978104	38.905855094902726	0.9924160452866638	0.35595339870938253
37.72961122015718	39.03045121234648	0.9990421489928372	0.2371072168838192
37.86051010067825	39.15152713003605	0.9865255053655844	0.1180840805631234
37.99140731462344	39.268318327628485	0.9571553169852437	0.0015887963761307747
38.122300100606815	39.38044985364074	0.9114324073693658	-0.11028079957089114
38.253181901221964	39.488128492571725	0.8501385017447041	-0.21638543797786983
38.38403918565075	39.59235399996005	0.7743267612616846	-0.3168123813314082
38.51484664827145	39.694728826968884	0.685310149956594	-0.41201311282931147
38.64555665931755	39.79711850667101	0.5845047466615123	-0.5028861589129959
38.77608707572208	39.901516171872565	0.47388405731012756	-0.5903840169852772
38.90630725991502	40.009778764801126	0.35552803532245403	-0.6739635482301454
39.03599042578325	40.12342844863277	0.23170229481934632	-0.7532388728684274
39.16479175098094	40.24354851884579	0.10488050062747015	-0.826530066252875
39.292201032725245	40.3705828551748	-0.022278197632105576	-0.8910740066817162
39.41750377163854	40.50418656341506	-0.14699154809762632	-0.9434840334004828
39.53979595815584	40.64317946721066	-0.26651036734877626	-0.9803178568117852
39.65809373973985	40.78571323509468	-0.3783966223903446	-0.998272966849621
39.77149276861187	40.929697394001145	-0.4808002527500411	-0.9955651616362561
39.87945756130557	41.073296674774596	-0.5722642151964357	-0.9726694535953838
39.982125844466346	41.215224853173055	-0.6532241984585714	-0.9306132889797161
40.08027934930796	41.354886279189905	-0.7244135510841461	-0.8704399462007708
40.17527615719629	41.49228615812166	-0.7862758720259477	-0.7947612027103423
40.268915252312205	41.62770026864828	-0.8407859402174337	-0.7056283726276787
40.363263983448185	41.76154816035616	-0.887751854984	-0.6048767586734514
40.460245106182924	41.89424928286405	-0.9283992955228343	-0.4943156144453153
40.56159494955483	42.026176682369666	-0.9608334675258916	-0.37577096484921596
40.668314632809036	42.15761269212356	-0.9848063221476221	-0.2511485250244824
40.780828602809684	42.28876472768016	-0.9981195620787109	-0.12241909545288127
40.898790565053424	42.41976811197764	-0.9981757726080619	0.00826184993126661
41.021251878066536	42.55070144312674	-0.9835304151575042	0.13870128600686815
41.14706013756437	42.68160670061714	-0.9532333000070984	0.26671976226694627
41.27511841434629	42.812503450546004	-0.9069748934360267	0.3901576011120782
41.40454911306518	42.94339871033457	-0.8451636651950959	0.5069202666046366
41.534745762104535	43.07429267107181	-0.7686017828998266	0.6150200359693737
41.66533786091363	43.20518014713519	-0.6786827464696027	0.7126125680912859
41.796129789660526	43.3360488085183	-0.577078390518526	0.7980294943090542
41.927042370788634	43.46687504673093	-0.465543254835709	0.8698086752929808
42.05808089441366	43.59761864079372	-0.3459505217954756	0.9267239569338751
42.18933321964309	43.72821859913312	-0.220237022153616	0.9678157441112614
42.32099401006486	43.85859306169541	-0.09033812547996241	0.9922990872860897
42.453410208597184	43.98864630059797	0.041881815307471405	0.999800601171862
42.587129835712275	44.119682746696064	0.1746752664661836	0.9902812952947934
42.722938446532424	44.250717467062096	0.3064038483651653	0.9638151771840255
42.861800738560895	44.381730980002104	0.4351127811884592	0.9208648764994793
43.00469980092224	44.51269281265438	0.5587433297705423	0.8621877674198755
43.152363006647455	44.64354480467795	0.6747072272135115	0.7888378219099058
43.30489786805013	44.774169642303505	0.7789400036251509	0.702180578004259
43.461458840979056	44.90433784904802	0.8670520557470107	0.6039310709648731
43.620240347308425	45.033635158901646	0.9348344727536413	0.4962147681944974
43.77887214444311	45.16140320772976	0.9790310285441741	0.3816125474672373
43.93508512519737	45.28674940285453	0.998517278381275	0.2631079208326571
44.08261104520317	45.40867736706872	0.9944999368885117	0.14385171767557173
44.2135089383805	45.52632877661908	0.972970526810599	0.02674709344174834
44.34440343820512	45.63913533140841	0.9348177130650595	-0.08589371324598799
44.475289469654214	45.747146587398184	0.88069264405278	-0.19280412976953268
44.60615644738878	45.85117200096451	0.8115230431757836	-0.2935772999233047
44.736982696715145	45.952590530418085	0.7284713942374594	-0.3887760811454357
44.867728899349174	46.05329746768464	0.6328530580431841	-0.47957032425794155
44.99832934884706	46.15534476018643	0.5265989641304445	-0.5662290844471444
45.12866359848463	46.26063111797478	0.4116545330174239	-0.6497142308286191
45.258547797760656	46.37085239710866	0.2901852895687174	-0.7295933520177641
45.38769460880141	46.487265780018056	0.16457273450655957	-0.8039273363748154
45.51564141701728	46.61056577608335	0.037427422430725034	-0.870876507078025
45.64174633538139	46.740722523998535	-0.08849270192518105	-0.9273240398666929
45.765167745954095	46.87688129864494	-0.2103883876462276	-0.9695251465512577
45.88490443998994	47.01744509332026	-0.32562240537120984	-0.9939230710765073
45.999940759104575	47.16039976432271	-0.43203696862789487	-0.9988533830601887
46.1095879264575	47.30375566989881	-0.5280880793301373	-0.9836370101100913
46.213702069196366	47.445977131967325	-0.6132952094754789	-0.9483714225348496
46.31274530552305	47.58622367182949	-0.6885554531797009	-0.8946090003192357
46.40785443460204	47.72427234736561	-0.7540592135169292	-0.824716765617282
46.50069412200268	47.8602634598689	-0.8118959889439636	-0.7406114754698332
46.59328324622948	47.994565257224025	-0.8620804306766588	-0.6441517465195976
46.687634378915874	48.127589900485006	-0.9062436630117217	-0.5371578056261225
46.785705331239086	48.25972884647419	-0.9429196061804209	-0.4213145190164975
46.8888564320506	48.39129467045628	-0.9721370112845217	-0.2986784398781566
46.99789799440806	48.52251878352412	-0.9920633830934894	-0.171256782558695
47.11283544057776	48.65355633091862	-0.9996528311721504	-0.041102742741072035
47.23289533508899	48.78450138806326	-0.9936821161983179	0.08964975189993281
47.35699619234119	48.91540840674905	-0.9725573005253668	0.21882673462282837
47.48395423517198	49.04630372390108	-0.9355092535639993	0.3442550176435362
47.612738114545714	49.17719781352524	-0.8825736751797935	0.46380895556525686
47.742585207055406	49.30809297839138	-0.8144251046900284	0.5754541176035266
47.87300213326708	49.43898671857836	-0.7321886252660076	0.6772859884412797
48.00370729668844	49.569871526466834	-0.6372884610817264	0.7675639152005592
48.13456534464697	49.70073193407423	-0.5312089062220673	0.8447025968827304
48.2655411159837	49.83153883573448	-0.4159811591919752	0.9071616397690935
48.396685102764806	49.96224616586159	-0.29350289321055384	0.9541034275778227
48.528145014280625	50.09278703949777	-0.16570073407758584	0.9847585308207393
48.660203859415276	50.22307665367619	-0.034459587279556884	0.998668220608721
48.79332942188087	50.353357686770956	0.09843716095366495	0.9956703261856784
48.928216267029946	50.48441002054361	0.23132408418718545	0.975649806699108
49.06579653904881	50.61545072803211	0.3625924158203593	0.9389286435201527
49.20712156036046	50.746453485638824	0.49017086726672376	0.886149298362882
49.35312009801815	50.877374152906235	0.6115772014485388	0.818248726684827
49.504245716438334	51.00812595199406	0.7238397621138098	0.7364658388611471
49.660112521288596	51.1385338805773	0.8219138962281125	0.6423697984513665
49.81925809616758	51.26826877729084	0.9019213603491169	0.5379134483407981
49.979388590006344	51.39677039645148	0.958885224785468	0.4254906283872755
50.13800400611549	51.52322075846153	0.9918308593189471	0.307959654896694
50.29303333312344	51.64660367875553	0.9991347484259812	0.1885322642075669
50.42393193659614	51.76595794025074	0.9869867200680539	0.07024504766968373
50.55482834424373	51.88050666401995	0.9579780895376544	-0.044198784753614495
50.68571898636383	51.98996419405738	0.9126044873358097	-0.1530053911631662
50.81659595441106	52.094797558759026	0.8516432662761229	-0.25559457100982597
50.947443663048695	52.19623814995695	0.7761444284986144	-0.35210233995442536
51.07823155726488	52.29597888038449	0.687421015203937	-0.44348702616960073
51.208906120906	52.39606620392695	0.5870030724246511	-0.5309220110355349
51.339378812721506	52.49854545531094	0.4766269058923751	-0.6146051333582183
51.469493403699104	52.605225857686456	0.35852374961385713	-0.6951271028230271
51.59901428903716	52.71759715307151	0.2349679080872984	-0.7715381157623736
51.72757808477073	52.83663928391903	0.10844828708788339	-0.8415465484261924
51.854624686881515	52.96269441661517	-0.018333833912343247	-0.9027582299118642
51.979399590837616	53.095324335083546	-0.1425725720675722	-0.9517283528958012
52.10095755121155	53.23329020602561	-0.26150899986921594	-0.9845881255288086
