5.668738608308549	5.788536051960807	0.816812837963918	0.8799405346623461
5.799492923109082	5.877068697607333	0.8849140318688238	0.9182112611400053
5.930181357297924	5.955472172956639	0.9379005129723699	0.9464660621312945
6.060758026898929	6.02386926559949	0.9748864926254499	0.9663547712041259
6.191164353533996	6.082986643987662	0.9952802432367185	0.9797347176160656
6.321333796067571	6.134109631222277	0.998801924104625	0.9884528647584654
6.450923982382009	6.179044043392897	0.9855338086762839	0.9941398089079729
6.580204289992201	6.220121134192435	0.955837716114174	0.9980048687890678
6.7091586066797735	6.2601389142832256	0.910326515758124	0.9992762143767858
6.8391026156889305	6.3564947785552555	0.8491983294736598	0.9970408596296909
6.970002309392553	6.487381981748026	0.7731687660440006	0.9788627219093142
7.100902002527587	6.618271414069597	0.6838701629811232	0.9439689675069314
7.231801693663858	6.749188578963671	0.5827089785228632	0.8929433998654918
7.3627013783385316	6.880208211796116	0.4716205259957579	0.826604852186228
7.493601043800162	7.011511931969305	0.3524985967487312	0.7459321973799082
7.624500656919629	7.143490786638737	0.22737309170911552	0.6519290992766769
7.7554001399798675	7.276905093720876	0.0983756480871908	0.5454109684852259
7.886299330069697	7.413102652540592	-0.03229643610049485	0.4267200485373472
8.0171979271221	7.554269873854472	-0.1624173851064712	0.29514542836409485
8.148095312262292	7.703647170810856	-0.28977050996918086	0.1496962446104651
8.278990458089538	7.865532694309303	-0.41218577557586633	-0.011543461541855675
8.409881166034678	8.044814850946363	-0.5275760931964825	-0.18966229872390192
8.540760561029847	8.245484288988008	-0.6339704294519454	-0.38144039188928835
8.671602171996843	8.467575116236585	-0.7295018533891874	-0.5756084539930774
8.802328397014005	8.703960727918313	-0.8123153005376835	-0.7508974305281338
8.932759509019702	8.940377507988812	-0.8811346979893856	-0.8845926282761519
9.062643013636274	9.16249515413534	-0.9348080067091209	-0.9655272062850169
9.191828390836461	9.363266956641116	-0.9725915038077942	-0.9980682104719072
9.32043545383379	9.543249189386152	-0.9941208733697929	-0.992791461907633
9.44879755411518	9.706611395331242	-0.9992456504400786	-0.9600736521526743
9.577295291411563	9.857954407576035	-0.98791455990678	-0.9074662715449239
9.706205997501867	10.001068665562228	-0.9601867359377985	-0.8382561603093568
9.835650008960798	10.138910795281904	-0.916322959372321	-0.7553171753593569
9.965613276535729	10.273529554091041	-0.8568744255992837	-0.6605943716213465
10.095995430159116	10.406272082479923	-0.7827282570907199	-0.5555209151632479
10.22666632938499	10.537979330837587	-0.6950994486958613	-0.4416116417304206
10.35750616415543	10.669136702356987	-0.5954876746821969	-0.32056752918967324
10.488425757005668	10.79999816799548	-0.4856209594831472	-0.194290215519012
10.619370071786525	10.930672083119251	-0.367384292893286	-0.06485134357885777
10.750311570557058	11.061164469244028	-0.2427722229139347	0.06553615488634798
10.881240534914522	11.191378593233235	-0.11405541814502787	0.1945128695296673
11.012156093119687	11.321084738650866	0.016570897318094076	0.31969535000951144
11.143060100936774	11.449860067133422	0.14688312921755003	0.4386636282779727
11.273954901428679	11.577023971396102	0.2746646326504016	0.5490273156535149
11.404843161924747	11.701600437764018	0.39774273993828735	0.6485806313967302
11.535729086808493	11.822343401625723	0.5140261690876702	0.7355509201284706
11.666619536182042	11.937846909847085	0.6215404294598704	0.808891262593732
11.797523042461792	12.046727417210551	0.7184589771802178	0.8676603172508264
11.928449346860543	12.147878402849498	0.8031323773598712	0.9132971253712429
12.059397042912932	12.24057287820052	0.874108620629856	0.9471147733670264
12.19034865958436	12.324618439840533	0.9301047243701662	0.970671590960106
12.321270733054016	12.400401097843687	0.9699414314707031	0.9858105205465264
12.45211451930179	12.468884783784775	0.9931880757694412	0.9947660374796523
12.582826728756993	12.531586566804252	0.9994831859775769	0.9989075863780217
12.71321946107228	12.620978761599225	0.9888011603011004	0.998284998782219
12.84411915490417	12.751852773727267	0.9612131137969804	0.982758572783454
12.975018848508624	12.88270254666334	0.9172059971576316	0.9503206726681188
13.105918541196209	13.013513252745923	0.8575296520896334	0.9015045398337028
13.236818230405591	13.144270216277555	0.7832000280229732	0.8373519747281143
13.367717907431459	13.274973880933553	0.6954819839499069	0.7589733427622756
13.498617544849434	13.405671626075376	0.5958678923226275	0.6676821914641529
13.629517062681328	13.536518261760031	0.4860524197224549	0.5649038200475676
13.760416244746711	13.667874958239345	0.3678983814343759	0.45203205409104386
13.891314547946186	13.80045083375325	0.24334760314512677	0.33023680233999353
14.022210700957634	13.935488141391616	0.11467504113430863	0.20024494378641633
14.153101892983713	14.074914148874328	-0.015924469121013897	0.06221183966878811
14.283982178882239	14.221422464967693	-0.14622091841401472	-0.08411560302247202
14.414837910041433	14.378270855842063	-0.2739832771512718	-0.23871424560839258
14.545642033183901	14.548724949499368	-0.39701436235966336	-0.39984325768056467
14.676333431008064	14.734627651390449	-0.5131756295840755	-0.562267546385455
14.8067880999547	14.93462896759621	-0.6204153628401404	-0.7152869029094691
14.936772936276931	15.142825932170958	-0.7168026683401268	-0.8445057257308279
15.065941517959914	15.35002495570632	-0.8006195761049484	-0.9362293322583392
15.193913676242586	15.547662561976479	-0.8705072257326911	-0.9866971720261166
15.320567250916179	15.731314869506939	-0.9256448820560466	-0.9992666291179406
15.446159301400284	15.90073910104448	-0.9656607764361073	-0.9813536914924363
15.571253396152224	16.05803951449144	-0.9903869845305285	-0.9388920739885496
15.696477980172517	16.20616142418971	-0.9996392977326883	-0.8783296323271864
15.822365964539157	16.347685189639517	-0.9931742816157674	-0.8020289252359543
15.949223846936787	16.48482684240694	-0.9707788115635412	-0.7127917397421595
16.077133681094008	16.619190969607907	-0.9324252195821899	-0.6124736094944239
16.205999977175193	16.751889205302284	-0.8784029156819713	-0.5025936000653857
16.3356285455961	16.88364759721184	-0.8093841166714366	-0.38475233782531065
16.465799662853033	17.014904588790948	-0.7262437744057544	-0.260718077472938
16.59631590974597	17.145901876425906	-0.6305454796569088	-0.1324375067703489
16.72703217459239	17.27675529776705	-0.5239855718203879	-0.002002978462553838
16.85785329001451	17.40749807188118	-0.40842128873725353	0.12836964949688665
16.988723926293698	17.53809554501171	-0.28585506701068286	0.2563791706371018
17.11961549498326	17.66843411182596	-0.1583959887468315	0.3797628858167964
17.250515825693537	17.798289609165906	-0.028225189063093424	0.49627647003800207
17.38142283401393	17.927284655950203	0.10243861002521328	0.6037489174205356
17.51234215648123	18.05485318817567	0.23137523854871034	0.7001796243584183
17.64328807891883	18.180236370976885	0.3564006285131854	0.78389131359042
17.774286106181744	18.302532572843	0.47540334529815925	0.8537249786790978
17.905374478822672	18.420808741075984	0.5863764310203015	0.9092250559886941
18.036601023989615	18.534255355697407	0.6872755181759521	0.9506699781336807
18.168012563891413	18.642323215925963	0.7764004883385011	0.978200541193223
18.299652139252814	18.7449168058984	0.8522589598645742	0.994092964616206
18.43152418821117	18.842424318669508	0.9134799732292108	0.9997760277866281
18.563744489869546	18.96867705664817	0.9589640088898934	0.9927303103639804
18.6963611032275	19.099540805697355	0.9878085949182456	0.9688759763945398
18.829340774967374	19.23036050672928	0.9993651313450511	0.9282622247232748
18.96108057719904	19.361094384762993	0.9934450846429006	0.8717852838740272
19.09198026818949	19.491675189346523	0.970524985270881	0.8005598165771839
19.222879950588467	19.622005826551305	0.9310184637978444	0.7159121619889419
19.35377960220488	19.751965071942614	0.8755081986778538	0.6194404858333279
19.48467915148832	19.881432643247802	0.8048470322281819	0.5129631604421074
19.61557838529594	20.010341358386142	0.7204563017191862	0.398423616163078
19.746476717739725	20.138756782109105	0.6237764231012073	0.2777513272728511
19.87737265961125	20.26698231386574	0.5164571841769826	0.15269385108264036
20.008262699413592	20.395670336446127	0.40033100126195187	0.02466567504580509
20.139139108971875	20.525913083818434	0.27738424159079655	-0.10532287210862756
20.26998587593223	20.659276462227947	0.14972775580861714	-0.2365873889619908
20.4007714823745	20.797725758091904	0.019567884874452327	-0.3684754363695881
20.531436560830773	20.943372765455646	-0.11082093123584819	-0.499280398223934
20.661863784614283	21.09790461052324	-0.23911198492014374	-0.6266812121425045
20.791857357433386	21.261927284157075	-0.3629637210273349	-0.7453406413366812
20.92108136379105	21.43408461269319	-0.4800381369418515	-0.848614731144916
21.04906603509171	21.610903153326916	-0.5880975144627419	-0.9284842587563494
21.175248619419296	21.78757473238334	-0.6851933901157271	-0.9789985661140289
21.29916374086665	21.959679405246167	-0.7699615015457786	-0.9990116920752943
21.420746963180722	22.124507031602057	-0.8415657770353457	-0.9909111751579153
21.54045445341601	22.281274753000453	-0.8998924653499707	-0.9577604310779408
21.65911646908893	22.43073136071838	-0.9450033032424168	-0.904922426104485
21.777786909735763	22.574156976444048	-0.9768637699558032	-0.8344808758374396
21.897419136371166	22.71313077370998	-0.9951194870308987	-0.7501271515883488
22.018725760221567	22.84895506777338	-0.9991339221634898	-0.6538033086183783
22.14206042436657	22.982689867088105	-0.9881656712204605	-0.5472124626669027
22.267429365780664	23.115123537069167	-0.9616225356080415	-0.4320138800334885
22.394578776787597	23.246797727988124	-0.9192779868865624	-0.30994634566615237
22.52311899893446	23.37805653203574	-0.8613862804974517	-0.1828315958887752
22.652641938318638	23.509102041027774	-0.7886872500430262	-0.052808098549366696
22.782795989030298	23.640038701920417	-0.7023397061081031	0.07798223416913991
22.913320910150336	23.770910858405166	-0.6038270750458545	0.2073554324124312
23.044046325331013	23.901721196740493	-0.4948724539116071	0.333115600231509
23.174872513960683	24.032433555109808	-0.37737516259086223	0.45309811972940933
23.305748161393197	24.162962449057567	-0.25336510319938915	0.5652088532081415
23.4366531809908	24.29315310203559	-0.12496296015144533	0.6674668587743711
23.567589529110247	24.42275853277833	0.005640913904024248	0.7580612598043159
23.69857986200932	24.551416499514183	0.13616763077266453	0.835427084281998
23.829672593175054	24.678671535994113	0.2644363810050341	0.8983602402494176
23.960949650015927	24.80401653950776	0.388324340020329	0.9461234664597871
24.09253172674693	24.92697504037633	0.5057919660185358	0.9785203994036097
24.2245735180226	25.047205088541453	0.6148910789882288	0.9958904177132062
24.357242482074685	25.164599153120125	0.7137566600035121	0.998999483009287
24.490714312399426	25.295491865460484	0.8006164101457707	0.9863139814563617
24.625241690975468	25.426362624855045	0.8738409260406441	0.9567854566637275
24.76090318480967	25.557184280056255	0.9315217405187973	0.910934150624481
24.89761528082696	25.687903060148557	0.9721168197568191	0.8495828353396255
25.03511122199283	25.81842140541625	0.9947524715370146	0.7738654198128079
25.172965682059832	25.948578786528337	0.9987367272110154	0.6852375048360136
25.30386535177572	26.07813853492337	0.9850042950637014	0.5853709793568488
25.43476495646199	26.206785830612244	0.9544416664578307	0.47649483892313993
25.56566434467651	26.33416773266124	0.9075668648082007	0.3609550017197684
25.69656306967924	26.459978025855268	0.8451752569287941	0.24111032723344838
25.827459923898168	26.584075965289134	0.7681538642612704	0.11915965848414736
25.95835191589132	26.706618952500417	0.6779497663080032	-0.00307936990939384
26.0892322410431	26.828157235802912	0.5761970997449963	-0.124294012098842
26.220086474481874	26.949664035146778	0.4646458277680552	-0.24361504468470407
26.35088556025338	27.072495156479405	0.34522810650810815	-0.36056721387072943
26.481575268136403	27.19829777949728	0.22003668335429918	-0.47472069048252935
26.612058784250557	27.328803374969894	0.09130561059863632	-0.5852608294081161
26.742170939344017	27.465537867490923	-0.038607969100287895	-0.6902158086437661
26.87163289866844	27.60940904210868	-0.16723557326068803	-0.7865844195211227
27.000013548293193	27.760281710337953	-0.2920386525221077	-0.8705059124875956
27.126733425516214	27.91670455405733	-0.4105222022317081	-0.9363339796373362
27.251058260791098	28.07604974329524	-0.5203652711172173	-0.9801522894304897
27.372333422293682	28.235206781067866	-0.6197633614759894	-0.9987711902039027
27.490157395135885	28.391544275409903	-0.7076215801267702	-0.9929100974943035
27.604715967366218	28.543441595660724	-0.7837084740366949	-0.9636234312055058
27.716728062896188	28.69049135940115	-0.8483389488720083	-0.9142242077035208
27.827415413807866	28.833059488928125	-0.9016062940926592	-0.8477690245658779
27.93819291317702	28.971901068175537	-0.9436117044394194	-0.7662704334189451
28.050389188151545	29.107930339284426	-0.9745555334908776	-0.6719605372811557
28.16509475652833	29.241979800359005	-0.9936601366262838	-0.5669726114533049
28.28295240334593	29.374706456243715	-0.99972933024059	-0.4530403026262245
28.404097567550416	29.506603006782896	-0.9914734287747511	-0.3319405464333884
28.528228536502105	29.63801133282775	-0.9678670412801461	-0.205553132378941
28.6547712048845	29.769151216399802	-0.928408058304372	-0.07587715877593151
28.783067606645915	29.900152807681973	-0.8732127772873045	0.05498640230579427
28.91252206860727	30.031085891576847	-0.802968807853495	0.1848731205704109
29.042675695653692	30.16198183743488	-0.7188165436577569	0.31154977024625136
29.17321776694606	30.29284649178601	-0.6222255340734077	0.43281112650057424
29.303960427135433	30.423663830749195	-0.5148996636737252	0.5466158939750192
29.43480336900973	30.554391769794247	-0.39871353317593383	0.6510071494289977
29.56570414174333	30.68495185739686	-0.2756684099068567	0.7441812960854615
29.69666107469008	30.815216578898223	-0.14785418419373647	0.8245327622127625
29.827710097488914	30.94500039487201	-0.017408651902394674	0.8907088316123108
29.958933557040364	31.074062523983944	0.11352745424407176	0.9416734117027674
30.09047659258573	31.2021288233069	0.24285386099929096	0.9767686648525407
30.222562873446496	31.328935118867843	0.3685297168339902	0.9957534865900011
30.355496949639246	31.45428436826825	0.48839055243035057	0.9987953495485324
30.48964462579245	31.58520041842421	0.6005804078115904	0.9852936888425285
30.62547300000802	31.716099310971163	0.7031837664878244	0.9549579808504818
30.76333408649889	31.846958258055334	0.7941417855510631	0.9083179043112599
30.903369425503843	31.977729341655653	0.8712668355676825	0.8462028604136036
31.045384675741257	32.10831732503195	0.9319607348872108	0.7696930829302417
31.18880728804038	32.23854761804637	0.973863139963849	0.6801919332665786
31.332774370823227	32.368129693448715	0.9961147326864831	0.5797429178029988
31.476279655176455	32.49664215626574	0.9981045745316253	0.47055189562746613
31.607179178875295	32.623552792730045	0.9816859104679486	0.3551227329342731
31.738078301319675	32.74828587509761	0.9483495987676949	0.23611197486136243
31.86897622655022	32.87034937354866	0.8988232353313867	0.11608576819901956
31.999870886720394	32.98952068576872	0.8339548807097585	-0.002795982545435397
32.13075740832899	33.10601216970983	0.7548556305312091	-0.11898816808829733
32.26162494676862	33.220515773129925	0.6628842208669444	-0.23158048760462532
32.392451357461276	33.334222151406024	0.5596302507462856	-0.34038082144853865
32.523195048455314	33.44869673809816	0.44689698697508334	-0.445512645078752
32.653781903610906	33.56567338700798	0.32668542213269486	-0.5469606493573902
32.78408496647775	33.68685111167492	0.20118078813289828	-0.6441572781020247
32.913893385423826	33.81367260850945	0.07274213675251942	-0.735670354403008
33.04287003949185	33.94705931905966	-0.05611024072911503	-0.8190533993620421
33.17050857934721	34.08712064310384	-0.18273022316415255	-0.8909483151695046
33.296120667470156	34.2329457498637	-0.30444534593641165	-0.9475294208143046
33.41889836192258	34.38264677026648	-0.4187619429524076	-0.9844180288065334
33.538004251945985	34.53379160379506	-0.5236017174296526	-0.9992548211134313
33.65287660095076	34.68404752389515	-0.617676013775064	-0.9919794659024616
33.76351596007401	34.831701290218746	-0.7006741669861175	-0.9622079551216207
33.870446586018396	34.97603332014202	-0.7730121319992879	-0.9132884216610595
33.97489106659523	35.11696885019368	-0.8346945888595299	-0.8474005116737989
34.078395500538306	35.25490159444205	-0.8869878348837966	-0.7663926111295019
34.18265996413292	35.390472284947435	-0.93049852013144	-0.6724430504971317
34.28931548343554	35.52432037247633	-0.963875599717277	-0.5676711604937641
34.39950059973978	35.656974089824345	-0.987054114935346	-0.4538578212980521
34.5139027072809	35.78885591575149	-0.9986301985348232	-0.3328176776801959
34.63260279699121	35.92027036671952	-0.9968739261337266	-0.20645694931760983
34.75514238141309	36.05142049431671	-0.9802964468548802	-0.07678897266367385
34.88073517400822	36.18243163892873	-0.9479891666990239	0.0540805226925043
35.008511931863005	36.31337476832386	-0.899756916705488	0.18398787231827426
35.13770574012314	36.444285784727136	-0.8360667303068501	0.31072065207791233
35.26773974671614	36.575178997861755	-0.757903985185614	0.43205140013758714
35.39823228058972	36.70605410924633	-0.666623149311189	0.5459584493535328
35.528958798337264	36.83689733910402	-0.5638354395924311	0.6504973543959824
35.65980456457327	36.96767762465442	-0.4513362646574155	0.7438774468693838
35.79072801625399	37.098339277183605	-0.3310565440480727	0.8244975765824952
35.921743012642814	37.228793951703864	-0.20502000587160932	0.8909849257550138
36.052920593631626	37.35891617081036	-0.07529577649182533	0.942238448649442
36.18440713605323	37.48854763466895	0.05605472024854558	0.9774739159134631
36.31645189017547	37.61751450137189	0.18702660978386138	0.9962610304234711
36.44943079997831	37.74565788092127	0.31556070173577755	0.9985381941043704
36.58384629534762	37.87660856093667	0.4397727484874169	0.9840075655792768
36.72034496282531	38.00754493342267	0.5577761925738061	0.9526538054218486
36.85954686584911	38.138446254774706	0.6674842205801033	0.9050210510470145
37.00188467456749	38.26927008811603	0.766495253946038	0.8417025470294401
37.147410548989946	38.39992775544728	0.8513441024175942	0.7641223654194541
37.29556737409385	38.53024765423508	0.9192326133241304	0.6738059913482354
37.44522434410081	38.65992628121403	0.9678690371937702	0.5726218664118119
37.59488194310221	38.788485994815524	0.9941314688778009	0.4628383566591505
37.743118630500014	38.91528368624432	0.9986179407682806	0.34708367761640135
37.87401791945278	39.039578127255034	0.9844127645336873	0.2282015727282127
38.00491631902939	39.160652232091586	0.9533870448318427	0.1090009703173172
38.13581221634597	39.27800991076996	0.9060669817843159	-0.008096411217848296
38.266701712994276	39.391619708871104	0.8431459505357654	-0.12139925346539306
38.397576141181574	39.502031814711835	0.7656772600366634	-0.22995169128483364
38.52841716688632	39.61035033278	0.6751788343217375	-0.3337419996621189
38.65919064016363	39.71818455821609	0.5732302007557224	-0.4333101022108259
38.78983661190169	39.82736143064815	0.46163514596671273	-0.528913232824532
38.92024919993042	39.939683829987686	0.34241248974926575	-0.6205374227479602
39.05024936784029	40.0567871211747	0.2177890431600844	-0.7078047696155969
39.17955693116447	40.17993700391297	0.09018326671271533	-0.7891320679750875
39.307742945630515	40.3097973194986	-0.03780988638695015	-0.861927428045487
39.43419071032191	40.44622253291841	-0.1634703319119717	-0.9228311761539603
39.558097903560736	40.58814581223364	-0.28408271908783184	-0.9682397036536436
39.67856411896509	40.7336996068943	-0.3971803174640126	-0.9938703622237319
39.79466768787989	40.88067766934477	-0.5007769831643609	-0.9987446188291453
39.905909328914376	41.027026140477375	-0.5938547210683353	-0.9826272700847803
40.012366590635395	41.171300577282544	-0.6759043857429672	-0.945489659496485
40.11468851416618	41.31289246985257	-0.7474600011992751	-0.8901360660267179
40.214183370099235	41.45174961048396	-0.8100271191928715	-0.8187244978896762
40.312600113013	41.58821074807503	-0.8633539313467029	-0.7332505690094255
40.41175698809228	41.722764502303676	-0.9091455091879073	-0.635516819813448
40.51349125120068	41.85593447937541	-0.9466353655564599	-0.5272893514774456
40.61923263743876	41.98816669069788	-0.9750948769888541	-0.4106490726487527
40.72983777258327	42.119797062956984	-0.9935069912894113	-0.287456661796164
40.84553410280941	42.25106862542061	-0.9998483233577089	-0.15966801913580725
40.96588544336177	42.382141667189835	-0.9921601255191318	-0.029339842534616974
41.09001005750642	42.513113670621394	-0.9690241418103688	0.10139305159897419
41.21687593975523	42.64403877326241	-0.9300540953389859	0.23035595193474498
41.345552498147214	42.77494392211123	-0.8751904458011969	0.3553795781203187
41.47531411951049	42.905839639353125	-0.8051617738676006	0.474345274882714
41.605673143321546	43.03672625829117	-0.7212013403707512	0.5852274335610814
41.736339435364044	43.16759525150993	-0.6247922827319238	0.6860404049734581
41.8671617882819	43.29842667792761	-0.5176271244071476	0.774974417941343
41.99808226037486	43.42918389072643	-0.401550509537408	0.8506254717530642
42.12911261166411	43.559807030745596	-0.2785124706239949	0.9117096258046451
42.26033514849431	43.69020888748464	-0.1505170877792684	0.9572131168813328
42.39192481215793	43.82027661249672	-0.019563133347392247	0.9864281753136988
42.524184760803294	43.949882690838066	0.11241319494109392	0.9989820046973397
42.65758078866239	44.07981173716869	0.24356965793620516	0.9947633317143941
42.79276258286428	44.21079812105427	0.3720433085069913	0.9735617760211805
42.93053392058792	44.34176645458108	0.495848822790357	0.9357108124877046
43.07168823454313	44.472691228007015	0.6129624658875126	0.8818720270535677
43.21679311656117	44.60352144651319	0.7208228268331561	0.813003889751027
43.36589714629825	44.73415338209797	0.8157150982339247	0.7303743485088487
43.518287944719916	44.86438530897838	0.8938485380910173	0.6354945781713183
43.67251497414547	44.99385427017031	0.9522774844011712	0.5304502188427102
43.82665539542291	45.1219839982329	0.9874258726748284	0.41778375871284973
43.9788848291953	45.24800341218512	0.9998928340353551	0.30030933092641876
44.110921022803886	45.37103388679527	0.9916517054353047	0.18102562867365204
44.241819187427566	45.49027446529806	0.9662973097196543	0.06277768665904301
44.37271445491964	45.6051879910763	0.9244451814124637	-0.05206024397330749
44.503602234307145	45.715706354561725	0.8668144871392103	-0.16182149654741773
44.63447256121575	45.822501719205874	0.7943973493094314	-0.2660499379748921
44.76530585333195	45.926902544121354	0.708447192357601	-0.3651311142104866
44.89606638659349	46.030660846752696	0.6104657334503202	-0.4594042648878066
45.02668648837677	46.135659140082645	0.5021947971584495	-0.5499501685494529
45.15705725681051	46.24382201068714	0.38560040797407524	-0.6370907175619382
45.2870030234595	46.356814003495934	0.26286441062758714	-0.7197116027830213
45.41622348269389	46.475894140629634	0.13639973319928403	-0.7969587248047145
45.54427978935017	46.601761701660635	0.008807889672372926	-0.8663956057331229
45.67054284977306	46.73435712694449	-0.11715670078487499	-0.9247964516730971
45.79418791604391	46.87276178750552	-0.23870499963882824	-0.9686266508519735
45.914268144531455	47.015284513648986	-0.35324560592195864	-0.9937197760124019
46.02978920224342	47.15984774526051	-0.45862775168928066	-0.9988707195458921
46.14013708070781	47.30442996626053	-0.5536531770626516	-0.9835315442699009
46.245244144096326	47.44752203994317	-0.6381741898735229	-0.9478481896984035
46.345657896506154	47.588362389160004	-0.7118243414307995	-0.8936382026777532
46.44256915252851	47.72678169289217	-0.7765369641664555	-0.8233065362076711
46.53769512461945	47.86300459808399	-0.8326902165714736	-0.7387990264139523
46.632969017784745	47.99744085031909	-0.8816329458154915	-0.6419950871043455
46.730378956518486	48.13054966927671	-0.9232167895537511	-0.5346647982431408
46.83162277594101	48.262740982415224	-0.9571632512025579	-0.4185505720268368
46.937926212115265	48.39434603198162	-0.9826832725570276	-0.2957487186479804
47.049858642683496	48.52559994138841	-0.9969729537923773	-0.1682140594261367
47.167134996677035	48.656658025110076	-0.9986418590976758	-0.038003088979784584
47.288978846450654	48.78761833785843	-0.9859482343562673	0.09275235814453998
47.41431481276955	48.91853564121927	-0.9576770735859106	0.22187815316479584
47.542051606397166	49.04943689700657	-0.9134283250085578	0.3472024750711496
47.6712848487984	49.180333108006124	-0.8535358010129087	0.4666020639021623
47.80137057992789	49.31122638153431	-0.7788900636706735	0.5780452681981452
47.93190513532228	49.442112575404785	-0.6907677443284997	0.679630342573653
48.062665619565244	49.5729802781844	-0.5907099094863052	0.7696194314399274
48.19355167641657	49.70380702695478	-0.48039923702307497	0.846267689039222
48.324549394171804	49.834553955748525	-0.3616764573060294	0.9083588913600114
48.45572270585807	49.965159368523594	-0.23662564923195173	0.9549160515239361
48.587230660117434	50.095539083262466	-0.10720878843431529	0.9851889745015354
48.719364820856626	50.2255912081732	0.02466245549246372	0.9987471916824985
48.85259316227292	50.35569154141411	0.15717435195316112	0.9954507271884275
48.987592651311815	50.48671362599198	0.288611474806798	0.9751473733961851
49.12524661021223	50.617721310899526	0.4172799949882412	0.938159637512884
49.26650658011567	50.74868900026798	0.5410644729568734	0.8851345628957321
49.41215492252835	50.879570526588495	0.657162471773103	0.8170143846109912
49.562462782482065	51.01027370057123	0.7626652307903672	0.7350457408669883
49.716899482365044	51.140613224691435	0.8529311948479175	0.6408103159679089
49.87398965805209	51.270247586661604	0.9240181212088822	0.536277082752396
50.0315902408587	51.39861361663975	0.9723859056365842	0.4237992827805756
50.18747849094008	51.52490392905133	0.9965991412801005	0.30634358267123046
50.33992704737562	51.64816672160207	0.9969340531072781	0.1870026017821399
50.47082548254241	51.76752059132824	0.9786126944199454	0.06868958758537214
50.60172143011816	51.8822832083715	0.9435785123811009	-0.04597416041654824
50.73261091310149	51.99228671602655	0.892432661096023	-0.1552989417155014
50.86348518968824	52.09809248616717	0.8260541979488458	-0.25875814854705553
50.9943270603392	52.20097328563646	0.7455897086515662	-0.3565568052391168
51.125103585617765	52.30263724528603	0.6524423543090874	-0.44941869690421177
51.25575548534878	52.40505721632329	0.5482612466856894	-0.5385488933173938
51.38618740889329	52.51022467588826	0.43492700146445834	-0.6238320101028596
51.516229530283766	52.61987070022024	0.3145578598267569	-0.7054808669660114
51.645619661114246	52.73539376843301	0.18949242555934215	-0.7824439926971529
51.77395869255136	52.85765371045345	0.06227909479678344	-0.8525044717449095
51.900660157176205	52.98681526201469	-0.06433290883600125	-0.9125952273367622
52.02492547597449	53.12222849101974	-0.1875287830922104	-0.959233138487583
52.145787030306984	53.262450531149604	-0.3045513845729199	-0.9891490550607478
52.26226715687954	53.40549700969352	-0.4130846129031721	-0.9999504387926599
52.37361353111032	53.549296235076035	-0.5115992307596735	-0.9895249765436179
52.479437679790585	53.69222401039735	-0.599509512171567	-0.9591488191050348
52.58009386961877	53.83325735500805	-0.676921867507043	-0.9102435475473798
52.67660877380636	53.97200926780576	-0.744517412910815	-0.8446091352438523
52.770525076881405	54.1085661740903	-0.803972677714681	-0.7636759536948368
52.8637762384273	54.24331513530097	-0.8556205794144964	-0.6699778943567112
52.958384914876305	54.37667122398483	-0.9008020788748105	-0.5653599084388419
53.05631424830802	54.509039239758664	-0.9386602066739645	-0.4516224501730854
53.15902394000284	54.64075056943308	-0.9692977334614835	-0.33061757152790316
53.26746373014119	54.77206127300785	-0.9899331631676695	-0.20427614900641
53.381667034854964	54.903144130855374	-0.9992020443143022	-0.07463123303448393
53.50107144769605	55.03411173249636	-0.9950943738499837	0.0562032973480601
53.62465850711685	55.16502867929768	-0.9759429794185455	0.1860596911821828
53.75125730514846	55.295927568277015	-0.9408882846459823	0.3126828767206818
53.879815067992794	55.42682245456788	-0.8898855118533662	0.4339111016473208
54.0095320542908	55.55771724382891	-0.8235509717887398	0.5477009976572194
54.139879390931405	55.68861022398088	-0.7429715579851404	0.6521150503417187
54.27054808846672	55.81949447902485	-0.6495535147910193	0.7453723826422689
54.40138323964309	55.950355276547846	-0.5449244422232832	0.8258801179912858
54.53233438249462	56.08116548384792	-0.4308697400905415	0.8922629759657409
54.66343377468452	56.21188052193762	-0.30927889040514484	0.9433928230907025
54.79480387714046	56.342435220843164	-0.18202102555420682	0.9784186838516915
54.926689386306485	56.472741423344395	-0.05114838172167516	0.9967946309252471
55.059503566368086	56.602701804927385	0.08150428007148104	0.9983030289504639
55.1938689011022	56.733743957158154	0.21421646903410674	0.9828220695407367
55.33064487901125	56.86477876682839	0.3453423538530233	0.9503954977583711
55.47084255084254	56.99578378478801	0.47312684314967607	0.9015166222627327
55.61544176111067	57.12672036521379	0.595094400121086	0.8372659908591489
55.765014023860516	57.25751458961194	0.7079911568627757	0.7588123011817136
55.91935835426927	57.38801735781043	0.8084097771557139	0.6676457559538538
56.07728231045499	57.51794015095063	0.8905003421115463	0.5656276124003146
56.2366805255677	57.64678503341672	0.9516623926436971	0.455049463683859
56.39507494139199	57.77379461649255	0.987746343473724	0.3386594680223548
56.550388889384465	57.898014929574465	0.9999459470569397	0.2195359979076469
56.68128774374515	58.01844736467357	0.991026679464382	0.10079967439880412
56.81218486898715	58.134292615930796	0.9651829048360754	-0.014818769667293787
56.94307740354012	58.24514992350348	0.9228598950810534	-0.1253550835112898
57.07395898243435	58.35132046983568	0.8647857137208432	-0.22969090441327422
