2.353218045246404	1.7907346382274678	-0.7046535484562806	-0.21806177620114225
2.4842069732329186	2.0216399203393127	-0.7912044637129357	-0.43559712255053007
2.615262545289842	2.274205894091431	-0.8642569624252545	-0.6466182264362789
2.746341168096815	2.532171659313389	-0.9225256124854988	-0.8196372383298169
2.8772867317839066	2.7753149745139436	-0.9649628679861978	-0.9334049371289751
3.0079297231495064	2.9920771264618846	-0.9908635527702737	-0.9883840681937799
3.1382642403682133	3.18245823501244	-0.9998954692107901	-0.9987165922037771
3.268473973314133	3.3519688777178964	-0.9919242559159677	-0.9775149166686052
3.398782814247596	3.5067106169648885	-0.9669477755174112	-0.9337977121971754
3.529336163421549	3.6516284082305948	-0.9255068987238879	-0.8725500989572712
3.6601702842870467	3.790345895647359	-0.8682026454861149	-0.7964944757644957
3.7912386596201757	3.9253483198738977	-0.7959473844315896	-0.7079190964853309
3.9224469219626084	4.058211592967386	-0.7099703571656104	-0.6082143966812273
4.0536995988317015	4.1898966217728635	-0.6117789850445424	-0.4988258647736828
4.184925762884144	4.320945701929318	-0.5031037881582835	-0.3813859077417011
4.316087264697945	4.451635420868926	-0.385844027568623	-0.2577402679293202
4.447174178056224	4.582076301246566	-0.2620236665606573	-0.12992421471365062
4.57819427709019	4.712257020492363	-0.13375781403638135	-0.00013187308333558568
4.709162319978853	4.84203621916589	-0.0032245377674225595	0.12926707513933094
4.84009266474266	4.971088391395329	0.12734776484644011	0.25576800655175913
4.970994013373474	5.098820414915393	0.2556773908407082	0.37678702137023123
5.101869078101011	5.224283380573085	0.3795844858935239	0.489705257010805
5.232715426689726	5.346147096548486	0.4969618796729912	0.5920826610209413
5.363526751526216	5.462747579175589	0.6058130237007334	0.6818294219921276
5.494293956489675	5.572253837773647	0.7042882165405403	0.7574339278576476
5.625004818283036	5.672928809892701	0.7907174000806472	0.819167693221449
5.755639067277768	5.7633193293406375	0.8636380028993869	0.8675469313062085
5.886164004329764	5.842480465399809	0.9218228488687131	0.9044267575916154
6.016529699971401	5.910002547962352	0.9643074344838714	0.9310663093759014
6.146667200869028	5.966128732574154	0.9904169783274228	0.9500752492172548
6.27648875116199	6.011610003359786	0.9997896906907566	0.9629351086493666
6.405729929137546	6.047779670056561	0.992408184784631	0.9720558174768734
6.534447780748658	6.076459718615586	0.9685973247410029	0.9783111471539686
6.662550374897532	6.10006693464931	0.9288338320145814	0.9831282896899002
6.78994121153035	6.121550927174919	0.8742194039710718	0.9864885737593455
6.916542574810686	6.144340752751766	0.8059292249555833	0.9900531015229832
7.042399135331553	6.172051885694384	0.7252699422229535	0.9934818969751467
7.167666517083149	6.208252433980507	0.6336040078069318	0.9968881091515918
7.292660924537631	6.256053670568976	0.5322415608733665	0.9991479148775542
7.420760256810613	6.355447804077468	0.4197216443816099	0.9971393724253116
7.551659951579012	6.486460483528403	0.2976513079971812	0.9790637074532799
7.682559649771701	6.617664059116172	0.17052071738995345	0.9441746678204636
7.813459362786863	6.749316999570587	0.04049561386437213	0.892885107719759
7.944359134360545	6.881948430507845	-0.09020940754008552	0.825626865065497
8.07525911872246	7.01655704374121	-0.2193684829173963	0.7425963538907123
8.206159818678907	7.154883750912338	-0.34478238059578725	0.6433845163485556
8.337062757895964	7.299736346533808	-0.4643162477894523	0.52615244953648
8.467972242638176	7.455338245386821	-0.5759368554992615	0.38799275521304527
8.598899646481836	7.6274777102255005	-0.6777490492672633	0.22446821337508976
8.729872739413352	7.823142987916552	-0.7680305325773372	0.0308183590470502
8.860952373279876	8.048763826478151	-0.8451733501042622	-0.19351553623270484
8.992250524472682	8.305614297764578	-0.9077239823033508	-0.4363000736433366
9.123908959116992	8.582499820405337	-0.9547637717769	-0.6654493816344849
9.255979571784787	8.85503804811441	-0.9853680601853478	-0.8419376460319574
9.388331048026767	9.100484561673062	-0.9988553631116039	-0.9476242655571121
9.520778026034547	9.31201311951153	-0.9949058373480864	-0.9933283920654815
9.653265981254657	9.495078144382	-0.9735646005795174	-0.9973240120432927
9.785826368789351	9.657900002451047	-0.93517599816943	-0.9725538864499925
9.91847472427658	9.807451475016679	-0.8803728857233951	-0.9275201055783933
10.0511552538724	9.948663192903838	-0.8101079522947152	-0.8655013009408187
10.183777967910611	10.08490941446854	-0.7254211116403684	-0.7895218366766439
10.316230045167597	10.218287394340658	-0.628096842381061	-0.7010232759420929
10.44842641724167	10.35006036552371	-0.5200444091878482	-0.6013700420701116
10.580329733314372	10.480934718833344	-0.40322604572690435	-0.4920677502872565
10.711949561508938	10.611271544994853	-0.27969969214487206	-0.37483372581735086
10.843328100541404	10.741222343232778	-0.1515841213976335	-0.2515938484516444
10.974521262113223	10.870787669293712	-0.021039175849627827	-0.12446018186608929
11.105582606620606	10.99980277460677	0.1097498892916647	0.004225705358678559
11.236552741178546	11.12786119469826	0.23859182618308242	0.13187381595335834
11.367454088238592	11.254203872685814	0.3633162031364917	0.2557009642206492
11.49829170708168	11.37760577683965	0.481807543337711	0.37274961546252744
11.629054935130922	11.496325583104635	0.5918634538804081	0.48005789628982437
11.759717994519278	11.608142450986957	0.6917311684715858	0.574760572185583
11.8902437434072	11.710657846282556	0.7797197451813725	0.655373576265332
12.020581221083658	11.801563602809082	0.8543530097743218	0.721315614849406
12.150661291568168	11.878934605204053	0.914402161963568	0.7727894347275814
12.280387908590571	11.94146499002871	0.9589162327992263	0.8109350167871512
12.409624718233278	11.988551399258228	0.987253175333378	0.837397151389875
12.538177637500066	12.020292115981682	0.9991145828582375	0.854205867510631
12.665750867680348	12.037408221350393	0.9945877858748311	0.8629172408911516
12.791986331911941	12.041343226485036	0.9741910709893689	0.8649199919985855
12.916417414925325	12.034291223850314	0.938902046816675	0.8613308210564747
13.038418437757151	12.019270201200486	0.890199682233032	0.85368575612838
13.15728022308307	11.999943920199861	0.8300404689899767	0.8437996447537748
13.272322207150312	11.98032226987996	0.7607266376594379	0.8327724553717626
13.382974849646827	11.964636729775046	0.6846954711638082	0.8239573242040958
13.489126501541714	11.956289927387596	0.6033660542246677	0.8192664970228934
13.591189341981895	11.958129976782827	0.5190372733119705	0.8203005880816301
13.690124749213707	11.97193038374596	0.43221060604404477	0.8280562915342065
13.787350776627465	11.998826142656473	0.3425603667833076	0.8431714639200044
13.88467939408941	12.039380225570937	0.24980377401805617	0.8639209075958756
13.983736834776968	12.094047182668776	0.152753272400233	0.8900745792676075
14.086243908087564	12.162693775868588	0.050889533666954465	0.9191800517007106
14.193370759399063	12.24494474997886	-0.05616684491386319	0.9485954485314502
14.305766442444638	12.339833367240974	-0.1677334424671759	0.973990078608652
14.42330642158054	12.445800773088473	-0.2821141976725214	0.9925939974957971
14.545371028660863	12.560866213804658	-0.39676568761513076	0.9998271310393915
14.675696752149413	12.691839924364476	-0.5126277034733413	0.9921329925980258
14.806597576089375	12.824884599754737	-0.6202648442151498	0.9665785009398493
14.93750109859373	12.960098707866587	-0.7173174721605539	0.9231305248836159
15.068412961190088	13.099142786087166	-0.8021340919368675	0.8609782247303315
15.19934904813682	13.244512684366208	-0.8732736000341268	0.778484818626678
15.330351479841108	13.399681467894782	-0.9295300287804548	0.6721747363451416
15.461526552760777	13.569220368962352	-0.9696498581616597	0.5378609913219702
15.59312920854546	13.758352201736678	-0.9931336934662297	0.3697979139920401
15.725722990621527	13.97199477876908	-0.9994422453873593	0.16434885659704118
15.86041453282533	14.211764350613599	-0.9879248931695642	-0.07450193328914217
15.99898801689885	14.471222273821134	-0.957509778974406	-0.3277337423467632
16.14343941582298	14.73272019418802	-0.9065531003448716	-0.5606901850824805
16.294765932417526	14.974416223756839	-0.8323485343844066	-0.7424804399438543
16.452435662141916	15.18437750640559	-0.7352565647721725	-0.8656537187998592
16.614745449640495	15.364380676787531	-0.6159856816000575	-0.9410913594974865
16.779704828735223	15.522326345810919	-0.47854652604765346	-0.9827343665345549
16.944971592414714	15.665682434407893	-0.327482257745184	-0.9986721453725034
17.10820575579098	15.799504044505229	-0.16966340148773834	-0.9953254244598201
17.267344774167135	15.926352051334192	-0.011407311408238238	-0.9757673185218515
17.42118450869895	16.047169105869475	0.14188536006479308	-0.9425736879264124
17.569507531403165	16.162125595202063	0.28653894116868045	-0.8983181919708266
17.71287020523174	16.271350695843317	0.42053760814191576	-0.8453963547978777
17.85220309483161	16.3752895271226	0.5424066457866672	-0.7851128149901929
17.988497794494354	16.474632215976452	0.6513646228547882	-0.7199992434994442
18.122471385538354	16.570293793002307	0.7467534703245247	-0.6504103400146231
18.254608568444013	16.66314719946612	0.8277712933025296	-0.5772779830713135
18.385043581728112	16.75375814701658	0.8936201574822047	-0.5009851879895197
18.51356949793979	16.842062506704625	0.9436640462606875	-0.42291096943166234
18.639609968409605	16.927355761708363	0.9776087619402888	-0.3440539278415634
18.76228807840961	17.008009569050635	0.9957274768749809	-0.26733823229495546
18.880480231408214	17.08230369344371	0.9990288037268136	-0.19514866803145145
18.992944543317464	17.148732520212178	0.9893423697020025	-0.1296421727732332
19.098700721090808	17.206525958756338	0.9690592050302861	-0.07214903740790672
19.19696532052619	17.255889869302017	0.9397952877931315	-0.022854680735667945
19.28716330668823	17.298071164151082	0.9057068231795251	0.019298865411785455
19.369301229802865	17.334537475936166	0.8676083470137824	0.05574118806120534
19.44352084827536	17.367044387917538	0.8283234079987223	0.08812633052827504
19.510449961418743	17.396912697894926	0.7890545191069096	0.117857192794739
19.570780831876828	17.425225585782282	0.750627872914311	0.14587602826924523
19.625418074356432	17.45275827667075	0.71349973530083	0.17306527307845465
19.675214234257872	17.480038965427656	0.6779140477347942	0.1998551983712798
19.721037247660714	17.507424799947174	0.64354735188337	0.22657709723619712
19.763731330367396	17.535221593352645	0.6101448470094601	0.25361978695865206
19.804034859287082	17.563656684614383	0.5778609738133218	0.28092133410728515
19.842710243869835	17.592900562280146	0.5458785760217268	0.30899942598156827
19.880342436659102	17.623122986300654	0.5139013927203215	0.3374308014353824
19.917660938248247	17.65465572675537	0.48178507354884953	0.3670944704817644
19.955128090913288	17.687627198981627	0.4484081912065094	0.397374533001612
19.99350340285896	17.72253782203386	0.4138741859256817	0.4293028706042375
20.03329645887366	17.759641798810225	0.37735993174382637	0.4623573181204962
20.075184185292727	17.79952323122374	0.3381877768283335	0.49733812573314756
20.119913339969973	17.842693547238287	0.2958435893749364	0.5344905190184069
20.168224874628745	17.88978097071951	0.24945795870583032	0.5734814647645762
20.220929462329124	17.941688058010886	0.19804362428913816	0.6151279657600714
20.279072191098233	17.999217289761813	0.14075478442478373	0.6594041123204613
20.343637348449377	18.063317865031603	0.07660967946615875	0.7061640702485487
20.415613859663715	18.1349665916015	0.004735271550521435	0.7550153391742933
20.495884837570912	18.215049128981512	-0.07543280956526988	0.8052247889084262
20.585148332990645	18.304100960018182	-0.16397747010760116	0.8545232213864149
20.683479943691474	18.402331536547006	-0.2600197605826918	0.9014674337560534
20.79047218771565	18.50931319864683	-0.3616606558484934	0.9422225134401989
20.90499003548834	18.62401807829227	-0.4657030167455805	0.9742080559487265
21.025524978962167	18.74497701145052	-0.5686449594769862	0.9940986295272205
21.15038083346585	18.870767728121095	-0.6665821620635455	0.9993338306469157
21.281282741439156	19.00362457955371	-0.7581385294854411	0.9876719187565846
21.412189746897273	19.138361967686084	-0.8367566991544334	0.9581286755071416
21.543112089406435	19.276322460254995	-0.9010988083830627	0.9100115342950418
21.674077769537035	19.419441947713395	-0.9500704294355391	0.8418555315601184
21.805159074317757	19.570317008024297	-0.9826792201507601	0.7509345546784723
21.93653457309547	19.732202592755094	-0.9982848149089754	0.6350533393131115
22.068613588866178	19.908418117668617	-0.9966498528725237	0.48973944907678824
22.202277109084374	20.101864718173623	-0.9773508323581477	0.3130887056424142
22.33923486902809	20.313064785229674	-0.9395660355332076	0.10704155414892033
22.48236679328265	20.537779312996093	-0.8814979366821006	-0.11713449538327451
22.635568588662448	20.765365169379933	-0.7991499052408021	-0.33804183071904603
22.802683658506684	20.981299338797626	-0.6882793132676124	-0.5319200242180714
22.98586599420899	21.174926974484304	-0.544585981712345	-0.6849659902111525
23.184683293082067	21.344212043569268	-0.3683727556777589	-0.7976077672931327
23.395635858088188	21.49329245283969	-0.16547155645212322	-0.8784848869506253
23.612064376948624	21.62696824053912	0.0500865042412661	-0.9341152703797503
23.82512615058588	21.74675017702245	0.2600711790239909	-0.9700944301193625
24.027112842836605	21.850567134547283	0.4483581101707643	-0.9897814373588423
24.21460087061806	21.935052690193032	0.6070124377886505	-0.9982382754984528
24.388307140311696	21.99805028326576	0.7352818926764098	-0.9997832477668935
24.550889294056613	22.03946562361622	0.8351307996000745	-0.998482574465827
24.705061280968128	22.060821855551087	0.9096488354923411	-0.9973829991410196
24.852891606176122	22.064703522695503	0.9606270270252069	-0.9970177620792019
24.9958097299149	22.054813494491903	0.990352320131018	-0.9979483428600847
25.134679900642347	22.035504019525856	0.9999391148596212	-0.9986069909894177
25.262571283045627	22.012208404765328	0.9914630480701973	-0.9993386035729327
25.389387420212117	21.990278064823475	0.9670995131134273	-0.9999726611081173
25.514937115536252	21.97458475140359	0.9277097631034806	-0.9994798033023433
25.63893073809669	21.969707353239716	0.8745076750455547	-0.9993266257232933
25.760976094095255	21.97884207747913	0.8090640135372207	-0.9996135071500851
25.880485671508264	22.003919516995545	0.7330930761316804	-0.9995989210042628
25.996579821020916	22.045672081115335	0.6492793081459387	-0.9982876569909254
26.108064986566305	22.10366725345647	0.5606234638179306	-0.9933515542331564
26.213346961579354	22.176648336326032	0.47064979000811896	-0.9827558197036059
26.31052415918813	22.262708202848223	0.38282665365902885	-0.9629394814225047
26.397370583217015	22.359552506204242	0.3013433082288433	-0.9326848134178759
26.471759351383106	22.46475137515134	0.22961462535789645	-0.8894938537355558
26.531790008450734	22.575948575066793	0.17084221913962733	-0.8334740136730718
26.57614991583231	22.691115617283888	0.1270356625485046	-0.7646836410276049
26.604233265896763	22.80854110456961	0.0990951175548877	-0.6841132834200035
26.616576279512675	22.9267033791226	0.08680890390418006	-0.5932545894139076
26.614569544980363	23.04428037135705	0.0888064038641943	-0.49467103379684
26.60074552791408	23.1599656386999	0.1025668056973775	-0.3910537660167532
26.57854022444644	23.27242516443459	0.12466992500614416	-0.28535970325974963
26.55184653360736	23.3803413186157	0.15103588147671496	-0.18057531000989135
26.52498862956263	23.482459501052965	0.17755875681398753	-0.07936743118670607
26.50152045152917	23.577896883401227	0.20057504624099795	0.015941487566299872
26.48412223688152	23.66629600551708	0.21755146271329012	0.10411870715043922
26.474437858633536	23.74789194634927	0.22700105519979452	0.18486459027446403
26.473024165644816	23.823489357000376	0.2283804749521376	0.2584996350174711
26.480126934730436	23.8942799538306	0.22144990370985804	0.3261154294950087
26.495601720574847	23.96169698480617	0.2063502848906504	0.389010097165491
26.519233033284166	24.027290461999055	0.18324255709605966	0.44851634397191387
26.550910635210457	24.09265060315054	0.15196010536507523	0.5058942711046901
26.59087513381587	24.159298166276074	0.11239177830786971	0.5621786945994314
26.639332279654823	24.228836943025154	0.06415762211173703	0.618259291511331
26.69674455086716	24.30278495960903	0.006788535910364542	0.6746906333611857
26.763747313065302	24.382474570268176	-0.06017014893875305	0.731425379345367
26.84081351772461	24.46912815086912	-0.1368006369609769	0.7873882756740334
26.928156054621716	24.563579427903772	-0.2226284985208575	0.8422625396389724
27.025661768007748	24.666079017906586	-0.3165098272969538	0.8926442970131325
27.132409814303344	24.776389027772108	-0.41573087740688724	0.9367665199261566
27.247082133947924	24.89350170600126	-0.5169434145762576	0.9712196188112485
27.367900369564936	25.016115444933124	-0.6162611388011248	0.9929651050416125
27.4930220122613	25.142972842609517	-0.7096468371418644	0.99967867010382
27.6239246113554	25.27589662344122	-0.7954796509248088	0.9893788484505095
27.754833797367887	25.41072160988549	-0.8677331553092258	0.9611484429645338
27.885762577222312	25.548762890308467	-0.9251781956605689	0.9142781376718633
28.01674608096679	25.69188252950479	-0.9668368555510071	0.8475574538248636
28.147873441650802	25.842491957794305	-0.9919900850779506	0.7582146370114329
28.27936036431552	26.003559365218432	-0.9998421403545167	0.6440447359341785
28.41169670992208	26.178004145034578	-0.9902848565378863	0.5014429953714663
28.545916955699617	26.368096716485887	-0.9629329413645156	0.32903712421401177
28.683993448961267	26.573740384354736	-0.9168044146523471	0.1294151372422303
28.829211964180814	26.79052030779375	-0.8497272518578113	-0.08683028135477289
28.98600934623107	27.00847592212116	-0.7569419963846269	-0.30016368000758287
29.159022256055255	27.214916148557105	-0.6334403431824169	-0.48926135315134367
29.35116018577518	27.40052658558549	-0.4740167323522597	-0.6418029025716077
29.562466751723257	27.56370231868094	-0.2787767437419035	-0.757632226485034
29.78876295989153	27.7080316844104	-0.05633016836833631	-0.8438696105227765
30.0211855859362	27.83688039642952	0.17509631252647387	-0.9057679338968474
30.247765007502	27.949650616043566	0.39165528749857814	-0.9474922244857527
30.45918004680045	28.042115992390126	0.5759858346248161	-0.9727510886042412
30.652623478627635	28.11012003994682	0.7223788961963301	-0.9860851233180713
30.830185120754706	28.152314273878055	0.8329449468727139	-0.9924575847952968
30.995462881469194	28.170313104742984	0.9125142997589106	-0.9941511457980013
31.151692749967992	28.168083838626707	0.9649829899437027	-0.9939413878316362
31.301082399635703	28.15075271516231	0.9931327453060358	-0.9923106533104538
31.445108368181803	28.124515655369507	0.9990835272677552	-0.9883367232996414
31.574114645476637	28.096480960045067	0.9870276005532507	-0.9839518520994593
31.70252009474491	28.07238470438202	0.9587458382552698	-0.979352917468675
31.83020674370595	28.057251963678404	0.9149696386076198	-0.976052355343604
31.956993726636647	28.054946968735386	0.8567564110499246	-0.9755496189816715
32.08260456046813	28.067916792928695	0.7855100571998139	-0.9783784330966874
32.20661307836176	28.097364065682736	0.7030190330600286	-0.9840899775341224
32.32838228171838	28.143469937453876	0.6115034238523066	-0.9913013385619096
32.44700845236057	28.205597759301615	0.5136471701929199	-0.997471178938089
32.561236230363676	28.282497378719416	0.4126242141459857	-0.9997436205585744
32.669453971481275	28.372395756023092	0.3119423002893297	-0.9947118359481172
32.769704283997726	28.473164134528876	0.21521282876930153	-0.9800331781204439
32.86000059769946	28.582376752250365	0.12637858782437725	-0.9527626555364721
32.93824079155158	28.69787353498942	0.048450177513270784	-0.911292874480859
33.00276739800257	28.817578527367385	-0.016033980512300785	-0.8556481789377379
33.05242593395732	28.9398782075826	-0.0656485249768495	-0.7862047952019104
33.08668536613198	29.06352294824136	-0.09975030241531538	-0.7040777346999959
33.105923612438254	29.187493422593636	-0.11890001833875109	-0.6109474085994433
33.1110351509294	29.310998305646628	-0.123988034599636	-0.508842862276819
33.10391038508559	29.433236421546685	-0.11689605543698643	-0.40015136991644895
33.08737282428755	29.553345625571797	-0.10043459703233981	-0.28753426287136663
33.06497354905112	29.67039971274675	-0.07813839857226276	-0.17378795876713105
33.04064720413599	29.78348417834085	-0.05388886765162487	-0.0616054773055109
33.018451551400425	29.891804484531477	-0.03170781618771103	0.04664357104759025
33.002323285654384	29.99485959406244	-0.015590160320653874	0.1490987142241338
32.99485959277123	30.092786129358633	-0.008131377381288205	0.24510740591231206
32.99783533081369	30.186264251906305	-0.011105157853050628	0.33439286907433763
33.01247240730829	30.27651710260128	-0.025732605438205863	0.41803831544013803
33.039300784030985	30.36512776741393	-0.05254333328068111	0.4966788385180224
33.07856514304455	30.454004091525142	-0.09166744689492798	0.5717056067136433
33.13055531550008	30.54493348333443	-0.14327534110896548	0.6439135510402884
33.19534512603883	30.639656047451847	-0.20702007169130332	0.7132110459019505
33.272827892619524	30.739560346647615	-0.28208112051671996	0.7795730894349299
33.3625556270406	30.8454796840119	-0.36703485887242826	0.8415403526007005
33.46348598456953	30.957685915599306	-0.4586877926980881	0.896466990218552
33.57397122218602	31.075642520705387	-0.5538224987827046	0.9422085284728663
33.691963383984906	31.19847487769076	-0.6479914193891203	0.9759717124204661
33.81532459382989	31.325123609139922	-0.7367626522002806	0.9953948508383195
33.942164083062465	31.454753825439685	-0.8163023211636922	0.9987806059679241
34.07307135816304	31.588385357268205	-0.8845711224052129	0.9847955365904798
34.203994652052735	31.724317614294574	-0.9377241992330373	0.9526655244539053
34.334963281875666	31.86392382577196	-0.9748584380577683	0.9011165999987847
34.46605311775902	32.009053937102706	-0.9953324536487498	0.8287940897457282
34.59744834026566	32.16193020134692	-0.9987460013629816	0.7342440834872006
34.729565158801265	32.324790146021826	-0.9848601102579501	0.6143413010122364
34.86329501445858	32.49957820946149	-0.9533950368859345	0.4679362833752084
35.00037704194275	32.68675065192772	-0.9034494719747692	0.2953954963347464
35.14389280388211	32.88410284516841	-0.8325896566317796	0.10239558717699732
35.2986122513926	33.0855612257647	-0.737490989720652	-0.09863133510671597
35.470470569791	33.28181870481906	-0.6111118601984559	-0.2907135205646286
35.6653125256683	33.4638395140787	-0.4464294426195916	-0.45900273798486224
35.88653052051275	33.627072853409125	-0.23937881472261166	-0.597290407001025
36.13235119932473	33.772292825854095	0.0040330281932015755	-0.7068793274712506
36.392471687764804	33.901520427342604	0.2610072372586806	-0.7920543758467168
36.648877747119585	34.012779491508915	0.49716479594670493	-0.8548872602634597
36.8852420695848	34.09953032034443	0.686628709600304	-0.8965812640519126
37.09612310160261	34.15644181047543	0.8232521060213028	-0.9202122517396494
37.28484382467571	34.18406377469563	0.9149744788083117	-0.9309739657851906
37.45702547123341	34.18801349270089	0.9705987000637144	-0.9323116649798103
37.61721943600471	34.17648969752524	0.9962332668868914	-0.9281729181652313
37.76859733051471	34.158206764578026	0.9974006691151944	-0.9209130842429616
37.89855552965701	34.14101629159391	0.9798993835718968	-0.9140870471257072
38.02819105429588	34.13025604083013	0.946003396165238	-0.909814339145401
38.15741723004007	34.12968140860501	0.8964375916048661	-0.9095861627071442
38.28609495316605	34.141926334099054	0.8322471255838151	-0.9144484091385009
38.41400614704137	34.16853364856053	0.7548136894057696	-0.9250137098298956
38.54083710678115	34.21008719089763	0.6658640323224436	-0.9397876337099178
38.6660889922491	34.26662538989485	0.5675256462209908	-0.957546306671095
38.78906962903773	34.337557389036775	0.46231842029537484	-0.9754242319223447
38.908792867929904	34.42186274572165	0.35318975921738416	-0.9905517498750298
39.02397897128629	34.51805615456734	0.24342254647205702	-0.9987606400076481
39.132955238797855	34.624337299361756	0.1364816353532087	-0.9976516502291545
39.23397244446941	34.738541425391176	0.03591208531028397	-0.9834561437657248
39.325138631117866	34.85856827506892	-0.055194128231149484	-0.954713538226462
39.404804982045434	34.982517945603234	-0.13445116472477123	-0.9107134899456484
39.471862456932925	35.10879295193604	-0.20051375223598056	-0.8515616979313719
39.52577069402478	35.2362376926202	-0.25304421011292727	-0.778131576810778
39.5665660992398	35.364077613057404	-0.29221333634056884	-0.6917977643371765
39.59499970897585	35.49176648254408	-0.3193012686119313	-0.5942875557993348
39.61230967001637	35.618928884544566	-0.3355851991586374	-0.4875470703599599
39.620477956603466	35.74520961115523	-0.34326931879116696	-0.37373550338988465
39.62206459944067	35.87026731492948	-0.3447619149733862	-0.25514275689090476
39.620287571669934	35.99374520810687	-0.3430902187326793	-0.13412873357741661
39.618853509701125	36.1153258210359	-0.3417411593416686	-0.012981150056754836
39.62166829002015	36.23482988465646	-0.34438909639432747	0.10627201703891466
39.63246761403294	36.352336137974035	-0.3545483013609879	0.22204511590160855
39.65445239948391	36.468282259592534	-0.3750553152130609	0.3332947600819183
39.69006879888962	36.583458990767404	-0.4077370539682382	0.4394277143419749
39.740912505246705	36.698869165320694	-0.45355752034618857	0.5400168992637504
39.8075479278964	36.815624050894215	-0.5118617234878007	0.634388832684593
39.88953194866609	36.93463535237209	-0.5805951747343119	0.7215492899375525
39.985410133835195	37.05642312001917	-0.6556873750470478	0.8002108508465321
40.09292198897682	37.180964780794056	-0.7330679075018287	0.8684217865896309
40.209345900271586	37.30794548730301	-0.807154023159247	0.9241477462751176
40.331967270472816	37.43685822629562	-0.8732109949904118	0.9655353486546302
40.45849549331623	37.56730814772611	-0.9277045547568339	0.9911543533764954
40.58727022667231	37.69917392075899	-0.9679954632500184	0.9999980504136343
40.71820367079757	37.832952843100074	-0.9924123056826845	0.9908357011323703
40.849200413506466	37.968754038895796	-0.9997331806980876	0.9634743398786083
40.98036208293148	38.10747550219244	-0.9899259362428628	0.9173189969424611
41.11192536369744	38.25009067517264	-0.9630339770962582	0.85171180500144
41.2444039950095	38.39745900461519	-0.9191710538686992	0.7657547110962186
41.37884142825114	38.550090829503304	-0.8582477889685569	0.6589238542182673
41.517208366633646	38.70780798007845	-0.7794887178331014	0.5329123820175964
41.66286557748392	38.86921865392713	-0.6805369286016341	0.38987028918272104
41.821097146660165	39.031686477131096	-0.5564317711770002	0.23590189956466112
41.99917539121443	39.19148137276838	-0.40054744866881375	0.07831369889321976
42.20540775015834	39.344793921452506	-0.20455219873064	-0.07478894851961614
42.44622492256988	39.48915859729886	0.03470125607574828	-0.2173905690911529
42.71973236326558	39.62378593177285	0.30332557326252724	-0.34638121706652303
43.008622708113734	39.747167667629746	0.561987356420864	-0.4591299940985878
43.28355222026513	39.85387939536227	0.7654917053654278	-0.5511124907390428
43.524771600615175	39.93714955450858	0.8967915721056053	-0.6185352816523384
43.731666086871655	39.99588338178009	0.9687350399492567	-0.6635421820527434
43.91265042287792	40.035650042919436	0.9973854975921165	-0.692861056672152
44.07602113820362	40.06462152244668	0.9951199999131402	-0.7133436166728074
44.20668713615557	40.09018374989845	0.9744584120846087	-0.7312573753641061
44.337219313287065	40.11678166352998	0.9372508483177872	-0.7488439980248779
44.46755258024927	40.14793040817191	0.8842045405898109	-0.7694396442083848
44.59760491399932	40.18628000641636	0.8163289273218539	-0.7930190994860694
44.72722977858619	40.23385498320155	0.7349522565395802	-0.8210823872051097
44.85622601939307	40.291921350735805	0.6417117247584952	-0.8528293163502939
44.98428109472857	40.36121361982007	0.5385769682758682	-0.8868211624862334
45.1109209095899	40.44197317640702	0.427872452543391	-0.9211438307680584
45.235467971989536	40.533928412651065	0.3122777762136629	-0.9531160194103548
45.3569945026586	40.63629947505961	0.19480039437568128	-0.9788172798866079
45.47423744437073	40.74785156478059	0.07874095921817117	-0.9952019600462795
45.58572205402176	40.8669034553272	-0.03260711246399362	-0.9991772061811806
45.68988951592027	40.991541099994144	-0.13632670023906365	-0.9881774403381579
45.785278409594724	41.11988302580884	-0.23001149314364377	-0.9608142253188916
45.87085013413167	41.25027375343418	-0.31240115432723625	-0.9168402751336873
45.94609080217397	41.381518996375405	-0.3828119066640656	-0.8568850200921238
46.011216761604686	41.512829768101014	-0.44208230783990454	-0.7821719503339839
46.06702119732251	41.64380529632793	-0.49145513318359113	-0.6942422714984474
46.11489092604354	41.77427736503531	-0.5326518431475216	-0.594820368193091
46.1567700935234	41.90420294173767	-0.5674077560559811	-0.48574949116339544
46.195126494173316	42.03358311321088	-0.5986200400098606	-0.3689747967384649
46.232865147305695	42.16246609925625	-0.6284345210923914	-0.2464527824678405
46.27328801703325	42.29091288887272	-0.6592067492830611	-0.12028081964851016
46.31977245594297	42.41902515839898	-0.6935235815755669	0.007519385099983922
46.37547900171865	42.54698280193442	-0.7326524772786273	0.1350290315895568
46.44288678352773	42.675006635230275	-0.7767316104246229	0.26038280365883515
46.523344759207085	42.80332083141464	-0.8246254414621808	0.38173159611025126
46.61683224084719	42.93210604717669	-0.8740658724831644	0.4972017956363396
46.722046999093614	43.06146292261965	-0.9199083145226044	0.6048842133903629
46.83663894109356	43.191350749192026	-0.9585624864750625	0.7028353155047413
46.958007828286	43.321688023500876	-0.9858242127163952	0.7892291156468498
47.08377263188823	43.452378977349035	-0.9987400964464039	0.862430789365354
47.21211897007841	43.58336944476317	-0.9956370232600001	0.9210658496156292
47.34185721793323	43.71467021305762	-0.9758592222672358	0.9640364866295383
47.47231228685019	43.84635654913145	-0.939452174266977	0.9905073051821979
47.60318019021043	43.97855174470516	-0.8869121682895476	0.9998823733195994
