3.4029211766672383	0.37470327930913017	-0.9657933991179374	0.930551336281715
3.5347081597869696	0.5152453888221655	-0.9233737726244493	0.8698986155998045
3.667668446806045	0.6593599082014193	-0.8643863980417502	0.7899946445716853
3.803060458707139	0.8071916536736179	-0.7887029121894695	0.6913500766867764
3.943141750398426	0.9582426393533079	-0.6953393106309901	0.5747486013521781
4.091668430916002	1.1112523682500657	-0.5815021432465292	0.4433479294252719
4.254248707034188	1.2640779396194068	-0.4420974424797632	0.30187274135729913
4.438253782123139	1.4140878578468017	-0.2705884574350692	0.1559907402843992
4.651455411687427	1.5588603265396581	-0.060893483929311404	0.011928148231949398
4.8983267867129365	1.6969337467215042	0.1848554674140241	-0.12580103818493094
5.172896257965989	1.8275073384545137	0.4442061117900427	-0.2538588732863666
5.453569030689976	1.9480376652021987	0.6749456236397686	-0.36835415545308337
5.713626406162078	2.052875472684054	0.842039372929241	-0.46342362567291995
5.939812470337785	2.136926891300774	0.941162399552515	-0.5363592536966629
6.135316468077604	2.200744877764077	0.9886416245829972	-0.5890730091123498
6.308343324965029	2.249523338327207	0.9992098975460689	-0.6276092145405886
6.439127841636346	2.2899564172526334	0.9873788281148885	-0.6584309248771953
6.5698275967419075	2.3271626840669315	0.958732245055347	-0.6862326563442487
6.700401140267559	2.365002008151463	0.9138039529896715	-0.7129846979587217
6.830779992952384	2.4067875553989646	0.8534341922824856	-0.7416486107534697
6.960870252350897	2.4551186186627354	0.7787649475782217	-0.7733789385367361
7.0905307037452046	2.511892294185012	0.6912413819269142	-0.8081702011337993
7.219537539241254	2.57841671184682	0.5926246012700976	-0.8455039923000881
7.347549353502941	2.655451841602807	0.48500455433762346	-0.8838026516912076
7.474046662945319	2.7432508801876487	0.3708258426286267	-0.9212985130339328
7.598310380657939	2.8415084860576845	0.2528605641490658	-0.9549826975001887
7.719354732745802	2.9494028410645963	0.13418462068183754	-0.9814815068919586
7.835932788104889	3.065608003262018	0.018036972548961156	-0.996789144460937
7.946528866415229	3.1884292285850795	-0.09236915494198983	-0.9985290696129918
8.049661667554123	3.315956941944048	-0.1943916102633058	-0.9844975049120804
8.144043612542381	3.4463829884564636	-0.28588032829481785	-0.9536699346360167
8.22890606856774	3.5781870911288953	-0.36618036944860055	-0.9061090470155191
8.304020339977432	3.71035235630511	-0.43488008046212356	-0.8424885151210735
8.369889404658773	3.8422632345333034	-0.49315916545596644	-0.7642184590074563
8.427621637224304	3.9736535924895082	-0.5425691430020043	-0.6731121569323556
8.478912304156951	4.104452952409736	-0.5849836795485313	-0.5709300531070519
8.525985371856795	4.2346893506355245	-0.6222976599827872	-0.4595220900701869
8.571516440477897	4.364424163348172	-0.6572119819229337	-0.3408187560497066
8.618541571654424	4.49375036633608	-0.6920254396284888	-0.21679358837124596
8.670297266047216	4.62278295404938	-0.7286162224630036	-0.08944148365144153
8.72989597843821	4.751662502238309	-0.768045898292364	0.03924768601232823
8.799871437662842	4.8805468485730295	-0.8109345116831551	0.16729731834908732
8.881811026598474	5.009611755944414	-0.8557895220288234	0.29275566535263137
8.975962500484782	5.138987247654752	-0.9007452195018952	0.41364425444585057
9.081338702397469	5.268756163432332	-0.9411399037623814	0.5279785538456018
9.195858184668216	5.398902353132963	-0.9734704315019533	0.6337606348989347
9.317088176383647	5.529370713260588	-0.9938059185487085	0.7290794734529176
9.442728314893458	5.660090500942801	-0.9994362584936809	0.8119526801197358
9.570984910810328	5.791017287021081	-0.9889015585468695	0.8810668065217016
9.70066469589387	5.922149803258374	-0.9617324555123518	0.935180368558023
9.8310770259011	6.053531590222904	-0.9181388112183352	0.9733103535995287
9.961895002027209	6.185240602384992	-0.8587668699887769	0.9947228607038769
10.093056900423617	6.317369889574737	-0.7845290064474686	0.9989264129365294
10.224773080118327	6.450013846343173	-0.6964379578895032	0.9856761619017695
10.357485999348505	6.583202893047381	-0.5955036053846646	0.9550012701369297
10.492153967937702	6.716901957107513	-0.48241245948628286	0.9072517663035575
10.630385569055159	6.850977255026979	-0.35702172812263594	0.8430323845729277
10.774652950313067	6.985205935476349	-0.2190209697757814	0.7633258035268518
10.928366965179318	7.1192797541367625	-0.06714585384850444	0.6700870755522551
11.095520753557853	7.252826739435178	0.09973433877070842	0.5653224318938035
11.279575869924791	7.385502251485992	0.2800615253491103	0.45130814090237115
11.48154430889734	7.516896730597263	0.4668898508413988	0.3305837383066051
11.697455742807046	7.646326674743545	0.6454721612109968	0.20607621866699957
11.917671349477086	7.772388093201718	0.7965275533144177	0.08146586987040114
12.130497772417462	7.892717529048548	0.9063955800466921	-0.03871041290719635
12.328012767327836	8.004572680492114	0.971411918767481	-0.14994962731302158
12.50833916290314	8.10612634811987	0.9981774878851102	-0.24947460788233106
12.671356389988505	8.197363558030322	0.994060346395449	-0.3365075094313197
12.802227301396528	8.27985976849204	0.9719574401708115	-0.4129834579903095
12.933065312062043	8.355819552792012	0.9332637003417507	-0.48102592546636275
13.063843190625406	8.428020682548789	0.8786589845599058	-0.5428991313509828
13.194514498512202	8.49940911094657	0.8091151441592418	-0.6013017483011251
13.325006919492745	8.572810805417994	0.7256782454946207	-0.6581827396910014
13.455206778394883	8.650627523244138	0.6301634849792426	-0.7147099017042501
13.584938598438395	8.734719930572465	0.5244166660033552	-0.7711826438731769
13.71393793972771	8.826406084613858	0.4105526037473528	-0.8258467424253826
13.841764694304029	8.926496764189412	0.29100771068825687	-0.8782919390031005
13.967843594919662	9.035172471964978	0.16844825808260874	-0.9247675393362449
14.091302961144159	9.152048327462094	0.04583380867684525	-0.9626131139610219
14.211050714690433	9.276089915170347	-0.07379158136912703	-0.9885134935320139
14.325827562376578	9.405733231325893	-0.187542374868827	-0.9994018889883901
14.434363677871666	9.539129315058922	-0.2927306645298975	-0.9931791125583336
14.535675717853223	9.674447878243367	-0.38786923485032027	-0.9689446729466211
14.629240280210789	9.81024005395682	-0.4723270522655911	-0.9264128094983272
14.715145335491762	9.945574298742164	-0.5461567517884394	-0.8670734173654141
14.79423680763416	10.079976019930422	-0.6104995275786278	-0.7925450516313142
14.867992312964105	10.213327269278086	-0.6671797422614072	-0.704530037103854
14.93840620625585	10.345726893963489	-0.7179573746542806	-0.6047935931279802
15.007878754785139	10.477363555108465	-0.7646059688338928	-0.4951410953873499
15.079059310841723	10.608444662273074	-0.8086582414308502	-0.37742768377341224
15.154628622466715	10.739162822958498	-0.8505127956714552	-0.25357126745671277
15.23690162493324	10.869675767525433	-0.8906473251148224	-0.12556511836294124
15.327598653180262	11.000116074997843	-0.928436929307179	0.004538799647043482
15.427550405064952	11.130586243050166	-0.9604699138263465	0.13456487172618603
15.536282175249536	11.261134872006245	-0.9849171801471821	0.26235566432314283
15.652553627041057	11.391785637224539	-0.9982598273987191	0.3857611073712104
15.774563798226518	11.52253113555189	-0.9976721229099825	0.5026680063288024
15.900479170488433	11.653352002988745	-0.98141038425981	0.6110587459717017
16.028793964843587	11.78423110194596	-0.9487970211665637	0.7090617018741818
16.15845419923435	11.915160681881948	-0.8999846967003429	0.7949890005469104
16.28881525924279	12.046143834767692	-0.8356927586967591	0.867363298481162
16.419536763364466	12.177192175817103	-0.7570094182767476	0.9249371135500728
16.550488634735917	12.308320887423166	-0.6652639648613059	0.9667080036161801
16.681703066906525	12.439541722449196	-0.5619333099607637	0.9919324560840317
16.813382171023804	12.570854900330671	-0.44854473001715184	0.9998591683422586
16.94596870541012	12.702383463258409	-0.3265442476175813	0.9904960049994074
17.08023431825867	12.834021168911239	-0.19716787377699202	0.9640298986820179
17.217406194521644	12.965721645850063	-0.06131303927071879	0.9208977542426517
17.359216270508657	13.097415749161929	0.0803342364772445	0.8618572134473086
17.50778199517783	13.22902071219041	0.22692563271068894	0.7879783958375302
17.665245761042	13.36042684076687	0.37683724344081626	0.7006366986163011
17.83300258250233	13.491478868237545	0.5261504704289433	0.6015076256234664
18.01061088857922	13.621905503152755	0.6679491711486234	0.4926029312596983
18.19505276373064	13.751169797441925	0.7929708915161937	0.3763885145219052
18.381102204421417	13.878298661146355	0.8918311039504754	0.2559301437097926
18.56305960987616	14.001830122216923	0.9587729648921315	0.1348856827918962
18.736846243195966	14.12005275010225	0.9933335825004845	0.017102932588026053
18.900903732677513	14.2315295255163	0.9983873915691327	-0.0941761529938949
19.031797006959756	14.33568061074206	0.9832655050559048	-0.19715654827464033
19.162680367760707	14.432754863699852	0.951345174142964	-0.2911859845582084
19.293541844249305	14.523804379012182	0.9029374230340974	-0.3769760507791955
19.424359710920037	14.610843935254142	0.8390917932745304	-0.4559384850096996
19.55509487355308	14.696258235737297	0.7609994770158202	-0.5303229254524451
19.685685780614897	14.782584194223535	0.6700605168990498	-0.6012936711620126
19.816025040153338	14.872078341797268	0.5679457593120345	-0.6702442135766161
19.945947605181228	14.966655331467786	0.4565867184202669	-0.7373489139869958
20.075194207316	15.067760717953302	0.33817834885038994	-0.8017343932117202
20.203366458831486	15.176305899244486	0.2151808345097585	-0.8615456122974416
20.329868054579393	15.292609085361784	0.09031560992773774	-0.9145431819468669
20.45389724278783	15.416296553794039	-0.03352292708888607	-0.9573307058515523
20.574423184723358	15.546307586114597	-0.15338610862260776	-0.9864852419671328
20.6902746538996	15.68101530971482	-0.2665436046386479	-0.9991536834057909
20.800340248885064	15.818517992028386	-0.37087450271277883	-0.9935363482540188
20.903831654883298	15.957023876665692	-0.46467106183832185	-0.9690775676711179
21.000547523652713	16.095154169693508	-0.5479899893933794	-0.925726329760957
21.090874963204467	16.232148361504436	-0.6211276147137021	-0.8653486841658824
21.17595612104753	16.367707024754377	-0.6856935870261832	-0.7897594197521514
21.257516151411355	16.501876597597466	-0.7424239867381193	-0.7007377252636078
21.337661382560736	16.63487024644486	-0.7935934813545243	-0.600086588129266
21.418776718747267	16.76697375475347	-0.8404585175468549	-0.4896118300558141
21.50328902887624	16.898460706785745	-0.8830224910092388	-0.3711597741376822
21.593272825624297	17.02955508235229	-0.9214835629989602	-0.24661845434909105
21.690275490040708	17.160433556760747	-0.954762632722114	-0.11802933181689129
21.79500216541093	17.291221389919425	-0.980618543923568	0.01245359726136494
21.907160378761553	17.421993633731944	-0.9960360681329745	0.14268439197534816
22.025631032297575	17.552786762152685	-0.998917058002774	0.2704847331532606
22.14893194675751	17.68361370553841	-0.9870909051035206	0.3936917366944195
22.27554251529541	17.814472789859362	-0.9593594113633473	0.5102037225864227
22.40420224100376	17.945358240651654	-0.9154566770251771	0.6180275019604963
22.534019516294336	18.076265820874184	-0.855838378406576	0.7153181516679014
22.664442291365287	18.207194355732934	-0.7814559200682226	0.8004113348521632
22.795172946241127	18.338144344301163	-0.6935893152812224	0.8718498634721622
22.926088246905614	18.469114551408573	-0.5937405592703897	0.9284064510913145
23.05719387858272	18.600097308726145	-0.4835576636983115	0.968990760048478
23.188623229978315	18.731074124784012	-0.3646726089410069	0.992790467521582
23.320679664310667	18.862011378299684	-0.23887165745858638	0.9996088290009346
23.453905147761564	18.99326427150927	-0.10779038332083393	0.989292361420339
23.5891619681434	19.124551135519315	0.027199161642768553	0.96198114107051
23.727677406489118	19.25583945025005	0.16490220900233687	0.9181449804600204
23.870983590747983	19.387084671222436	0.3041005458783859	0.8585573278210814
24.020676256080684	19.51822490963093	0.442624012707579	0.7842899823310117
24.1778787693211	19.649165899142464	0.5775438226829616	0.6967102494339609
24.34263455126427	19.77972512344223	0.7034289920972727	0.5975093499397879
24.51328137530232	19.909546528369884	0.8139954906120079	0.488768338322199
24.686534475252365	20.037978931871315	0.9019293528096013	0.37306327734329847
24.85832584307312	20.16399990433282	0.9621428814108137	0.2535145036514416
25.025214138793714	20.28629425001279	0.9938212269316109	0.1336228143369387
25.185241565608894	20.403532783845765	0.9983511958150603	0.016808399908128047
25.316137882407237	20.51480554326399	0.9830847640862209	-0.09426644613094874
25.44702833319815	20.61978665909345	0.9510132194601032	-0.1980549672165997
25.577905187835892	20.7189832701432	0.902402693666556	-0.2941077728958247
25.708752718598323	20.813715240975522	0.8384130765560696	-0.3831474445217937
25.839542120058837	20.905974945259505	0.7601650788349106	-0.4665804334315458
25.970223544098484	20.998033528682917	0.6690461913233103	-0.5459110550004184
26.100713542737168	21.0921451408306	0.5667027000924387	-0.6221310868480397
26.23087391568052	21.190301296437163	0.4550357282608116	-0.6958354893533241
26.360487360632767	21.294127118235693	0.33619544316847316	-0.7666312711028029
26.489221969384285	21.404752372127174	0.21257536691164985	-0.8325769620396763
26.61655481963391	21.522737605652413	0.08683026502907254	-0.8918505077812979
26.741775051176834	21.647943727624078	-0.038212341365664905	-0.9412192945513346
26.86395001610126	21.779490630128727	-0.15964852788957998	-0.9772353639129627
26.981992646266793	21.915840827349	-0.27473614057284246	-0.9968528361399636
27.094837363231353	22.055073729003688	-0.38125425846686056	-0.997923856657396
27.20168337317513	22.195297516939622	-0.4777367803537123	-0.9788731327750119
27.30217139038426	22.335066789706673	-0.563237655387056	-0.9409776898193988
27.396716387599998	22.47346991292726	-0.6389453009959559	-0.8855363714683729
27.48639117114751	22.610168289227072	-0.7049588956496015	-0.81424284491348
27.572819925540202	22.745197667937695	-0.7636608163069464	-0.7289213609034324
27.65806334249519	22.878827245145356	-0.8157878559088292	-0.6310779342418805
27.744382159647518	23.01140164555809	-0.8624137139609327	-0.5229664799360236
27.83399606799539	23.14323009354299	-0.9045933571671022	-0.4064103636478987
27.928899155295213	23.274578537045905	-0.9404640740473434	-0.2832921732724105
28.030266636339014	23.405640079414322	-0.9701666568377315	-0.1555921289793902
28.13866208360856	23.53655894174735	-0.990549348229322	-0.025369260180600473
28.25363528774091	23.6674205191925	-0.9993499483743129	0.10523804604929268
28.374107671094443	23.798271886847566	-0.9945507570076827	0.23405312659286093
28.498708395629937	23.929133550041005	-0.9744617867674592	0.3589031139192803
28.626091873165716	24.060010553709574	-0.938322497119296	0.477665363784299
28.755174368753718	24.190901786344245	-0.8862085533320025	0.588289567704325
28.885205203366105	24.321804854662258	-0.8188221678426078	0.6887025950541069
29.015727449178865	24.452717488733576	-0.7372922949088945	0.77733171952372
29.14649993108657	24.58363565634578	-0.6430338183217329	0.8526652149349715
29.27742825497307	24.71455019391404	-0.5376587057534518	0.9134167173901242
29.408528422100858	24.845442244003962	-0.4228235208504395	0.9585490630842388
29.539928423553324	24.976278132590455	-0.300416597945951	0.9872974077230046
29.671904632036618	25.107007664831915	-0.17230181202048447	0.9991918221797735
29.80494273343277	25.23790071807106	-0.04016103859015847	0.9940440011789312
29.939803577494306	25.36906815727418	0.09448550685988111	0.9718548770346334
30.077557383489257	25.50023239918976	0.23024786213353968	0.9329939491899979
30.219514040720732	25.631360078118288	0.3656718101695376	0.8781386730447649
30.367004719999386	25.76240171892409	0.4982941447531938	0.8081946332277323
30.520931292283166	25.893275347974086	0.6252976578668801	0.7243365089916285
30.6812944091601	26.02381425013417	0.7417629800125423	0.6283963116302161
30.846653353595055	26.15369359684923	0.842199944253511	0.5223646640212385
31.0142364632001	26.282329063459635	0.9199689617590401	0.408698576934579
31.180670521185267	26.40881727612715	0.9720884512258003	0.2903529293584064
31.343025918462455	26.531990294340055	0.9970793298555689	0.17064443164044574
31.49958570561835	26.65066037323458	0.9960670271825749	0.052842397354246125
31.630482422406875	26.763996999785846	0.9766033015408522	-0.060419671404445645
31.76137395181693	26.871622948481225	0.9404597765406844	-0.1672257471932971
31.892252857846145	26.97382811532321	0.8882576040339233	-0.266897082683037
32.02310450087225	27.07185518901213	0.8208978004385209	-0.3599651798300478
32.15390186269435	27.167542626906677	0.7395524458058271	-0.44732215626912336
32.28459502238974	27.263002310118715	0.6456569469725961	-0.530644325314751
32.41510455491646	27.36043419201506	0.5408973129854971	-0.6103626715575068
32.545289160049435	27.461777123227666	0.42721422745558457	-0.6875569982800479
32.67494084769944	27.568647999553438	0.30673451135624263	-0.7609023259563753
32.80371030569334	27.682166922230152	0.18196670799527204	-0.8293338489414475
32.93108998116976	27.802871206721814	0.05559628377909709	-0.8904652900846947
33.05636964314206	27.93058587521342	-0.06957408603735901	-0.9410353360648169
33.178623907901475	28.06436803417867	-0.19070423878702572	-0.9776044226942924
33.29679061342135	28.202606459258206	-0.30508858498232244	-0.9971897190400033
33.40986455360533	28.343325161504875	-0.41047248729953456	-0.9974471705690682
33.51711042908376	28.484641040805176	-0.5056204841222925	-0.9775299803910669
33.618305011323145	28.625147824809996	-0.5903635921756493	-0.9386422294959992
33.71396744094098	28.76402576015079	-0.6644941911788962	-0.8821907667037724
33.805270106280275	28.900997470243762	-0.7301145939716476	-0.8099470571973745
33.893928641517405	29.036191016381892	-0.7874020821243999	-0.7234011501202868
33.98196176163866	29.169929398778507	-0.8386682552961032	-0.624823427278022
34.07162571322652	29.30257783957534	-0.8839149212912212	-0.516089519146792
34.16497667317735	29.434463774970855	-0.9236012969187907	-0.3990251459118247
34.2637096597294	29.565859114991063	-0.9567329776899862	-0.27551961455428087
34.36881855149981	29.69696624678753	-0.9822425215390113	-0.14755281884953259
34.48053914323562	29.82792578804935	-0.9966954848375786	-0.01719310323264951
34.59816812775206	29.958819962427967	-0.9987233960105184	0.11341438237030473
34.72059282017837	30.0896957916303	-0.9862634623818278	0.2420919895964045
34.84649482567402	30.220573721784444	-0.9580813691770712	0.3666686797062595
34.97466853913619	30.351460030375897	-0.9138303524044048	0.4849163779053771
35.10419089408606	30.482354992850972	-0.8539039506451938	0.5948214152299011
35.23444764471334	30.613256544263983	-0.7792285293370314	0.6945468486687907
35.365079193681375	30.744160682931287	-0.6910896563785657	0.7823922042131735
35.49590568036236	30.875059230572916	-0.5910174858628916	0.8568581442675305
35.626869938732995	31.005935808598455	-0.4806764043374969	0.9166729165332528
35.75801315982716	31.13676090487363	-0.3618322603337929	0.9608178231869882
35.889485312039945	31.267487164158783	-0.23649565845799816	0.9885523882955853
36.021585211237976	31.39805124571521	-0.1064869600143567	0.9994386159212325
36.154818560951995	31.528920776335077	0.026485609806811684	0.9933068072466108
36.289955172826325	31.660038683547445	0.1608604156561325	0.9701568634507602
36.42803942462078	31.791146579354994	0.2951570923024095	0.9303763174617448
36.570293115831014	31.922213238638086	0.42769876343427143	0.8744582077370404
36.717894481412124	32.05318918456466	0.5557497803691727	0.803535983089487
36.871490553046215	32.1839842331087	0.6764418389200166	0.7190174110581383
37.03077085285471	32.314414246827646	0.7844909814718855	0.6225385212244678
37.19411335123122	32.444127539956376	0.8751138525725632	0.5161264846974731
37.35882221121799	32.57251280419562	0.9422066262077201	0.4022767886291347
37.52187815020568	32.69866505492593	0.9840487049845187	0.2839560522967634
37.680804044276925	32.821460484105764	0.9994250327318398	0.16443794743142193
37.819046052511496	32.93981780174686	0.9926538058966223	0.046874204744303566
37.94994232567945	33.052956204787556	0.9686915451504077	-0.06617635561170959
38.08083277452436	33.160597246628896	0.927898359600792	-0.17294252559563958
38.2117092463916	33.26316189925421	0.8712463281763643	-0.2728004549063133
38.34255550099191	33.36193626431133	0.799748222056367	-0.36645220824467717
38.47334273590426	33.45881534025598	0.7146530205726258	-0.4545269026603479
38.60401556307767	33.55584097567577	0.6174697133795028	-0.538829790572921
38.7344887962674	33.65517477299944	0.5099508596629861	-0.6194916272477888
38.864609209300916	33.7586752296857	0.39409993248170516	-0.6972518167215302
38.99414502601941	33.86787949283525	0.2721515061663498	-0.771439001279384
39.12274409863874	33.983814926150345	0.14656540052864991	-0.8397097169312474
39.249852109349085	34.106898229213954	0.020042866769061883	-0.8999256744848068
39.37472169547898	34.23679897934113	-0.10457900119405969	-0.9488344410617697
39.49641168652813	34.3724060968691	-0.2244678161512906	-0.9828162980464523
39.61386298895417	34.51198298550755	-0.3370464466819979	-0.998569908535153
39.72606686065108	34.6535401260855	-0.4403321298957592	-0.9949038735052541
39.83242910059507	34.79524761361973	-0.5332744718491511	-0.9715492005344043
39.9329535190397	34.9357927546599	-0.6152203085485102	-0.9292672486458688
40.02831473429325	35.074489181094485	-0.687675063360421	-0.8690208657574165
40.11978735044828	35.21124556799516	-0.7508313675005763	-0.7934469067183381
40.20916923998816	35.34623493866764	-0.8070457646352969	-0.7044123651350677
40.2986068377702	35.47980600748346	-0.8562319463606068	-0.6037366306293779
40.3901996844053	35.612323116799026	-0.8999783959053861	-0.49323199703853016
40.48595976445454	35.744123018285784	-0.9373109409778044	-0.37473256499310953
40.58731447750153	35.87546824931076	-0.9680078068071379	-0.2501491539542936
40.69508215954002	36.00655448915735	-0.9889929971124996	-0.12144851385797353
40.8090989223889	36.13750795745195	-0.9990074082144216	0.009186393979265853
40.92861512888453	36.2684063448162	-0.9956669950280936	0.13958039030400574
41.05242746198025	36.39928922860127	-0.9772211825041204	0.26755300181667735
41.179247836271514	36.530173422993634	-0.942798064315557	0.39094240883564835
41.30797268857363	36.66106397597885	-0.8923692326046742	0.5076522699575737
41.4377973744555	36.79196078108247	-0.8265655278988746	0.6156942569222248
41.568207837001566	36.922861177331	-0.7464765556051929	0.7132250603616842
41.6989147760489	37.053759357546824	-0.6535004735374745	0.7985784805830427
41.829783347157395	37.18464340418636	-0.5492487651746795	0.8702940502387702
41.96078640517412	37.31549086501194	-0.4354820454859783	0.9271438842145703
42.091990611278035	37.446264280474296	-0.3140507692203439	0.9681591224702094
42.22357503888497	37.576908794741655	-0.18681864738456497	0.9924403244147143
42.355880781531184	37.7073545265804	-0.05558345263350116	0.9997411336410466
42.489466090623964	37.83844728401911	0.07785429281513156	0.9899763225848893
42.62515936671874	37.969546120660276	0.21193425323025533	0.9632533924596416
42.76403394922006	38.10062864768885	0.3451162828760171	0.9200377634953733
42.90728128860157	38.231661447975284	0.47562958248420584	0.8610915018292078
43.05592464360596	38.36258800015	0.6005088342716629	0.7874721815803345
43.21035293028148	38.493301842715375	0.7162696764921422	0.7005421222170994
43.36992299340079	38.62358884434768	0.8179775877645683	0.6020063309927277
43.53277217885898	38.753047844091554	0.9004231611794642	0.4939789347984422
43.696150876191695	38.8810106677239	0.9588706062053248	0.3790498940632262
43.85724601888985	39.006530113301174	0.9921723402111501	0.2602601413294798
44.013909731849836	39.128485272528415	0.9990071881455636	0.14089584272876227
44.144807921264466	39.24588611332472	0.9863514985522375	0.02400625378768697
44.27570320226142	39.35803102746844	0.9568455258792732	-0.08796514014426125
44.406591117616195	39.464808599786025	0.910993349273288	-0.19363090712301884
44.537462294728066	39.56692800474394	0.8495811491420722	-0.29256081474651985
44.66829749390153	39.66573920987057	0.773669219510313	-0.3854121338300781
44.799061916154976	39.763187961619195	0.6845819775518366	-0.4734018326689103
44.92969595135626	39.86140575759701	0.5837158540989486	-0.5573363748325576
45.06009452299082	39.96242616144694	0.4731516456176614	-0.638449678748453
45.19009901857658	40.06805644182425	0.3549575306408224	-0.7157720719466327
45.319432066015644	40.179684087658146	0.23145217624406428	-0.7889770793160715
45.44768991715143	40.298191873343626	0.10516632027374272	-0.8560207470263157
45.574283678825886	40.42379494944373	-0.02117626193186997	-0.9139255737665262
45.69840609719519	40.55593870208598	-0.1447370446605119	-0.9592556843533422
45.819063096885834	40.693305080808635	-0.2627483938183155	-0.9887150464781327
45.93521012560854	40.834023752259526	-0.3728277579313368	-0.9997901872637306
46.04598556336371	40.976076732053436	-0.4730564414179219	-0.9905962025478945
46.15091590701376	41.11777474473641	-0.5625666685343613	-0.9614023202382539
46.25017388718228	41.25801329547914	-0.6418714364900033	-0.9137670379215262
46.34465269764529	41.39629405467987	-0.7111136754131759	-0.8493651406080649
46.43582223025683	41.53258826114476	-0.7724024081012254	-0.7700283291994902
46.52560748753979	41.667171276785616	-0.825897074247291	-0.6773077071397409
46.61609466379733	41.80043015322133	-0.873690476974675	-0.5735222283876555
46.709463980307866	41.93273751059755	-0.9149118171395498	-0.4604696827750608
46.80744968836554	42.064403358910454	-0.9502840329513564	-0.34000281500926616
46.911374473049065	42.1956763180571	-0.9770483617600215	-0.21404770430797204
47.02159125557962	42.32672579942187	-0.9943131952332391	-0.08463271261787592
47.13781115607315	42.45766637736885	-0.9995627916853462	0.046135184185071225
47.259086214240554	42.5885633874257	-0.9906237031123495	0.17609093588407249
47.38415565029833	42.71944918428817	-0.9660898276790314	0.30305368300791335
47.511787068122906	42.850336875434515	-0.9254458455146843	0.4248736905835387
47.64098824768762	42.98122994148109	-0.8689554890056654	0.5393350578462235
47.77106982957329	43.112127620657965	-0.7974585525482564	0.6445311831238468
47.901609638742904	43.24302624189433	-0.7121863717704717	0.7386958032717721
48.03238179178993	43.37391781721822	-0.6146348918418371	0.8202226424905656
48.16329323089828	43.504786410133605	-0.506485674455516	0.8877199778807652
48.2943483663506	43.63560339936988	-0.38954752057451014	0.9400376650681663
48.425646742147435	43.76632336854461	-0.26569578839670277	0.9762940481611889
48.55741116814833	43.89688300592975	-0.13679964971367928	0.9959018966484116
48.690037715481175	44.0272053482602	-0.0046453572297123205	0.9985896314349377
48.82414997314858	44.158292565568196	0.1290859665719769	0.9842423824099772
48.96064037246424	44.2893783790428	0.26273362884010354	0.9530309007366972
49.10060611940257	44.42043942871749	0.39466979022645654	0.9054944263712781
49.24518555430054	44.55143858065691	0.5229287574890934	0.8422739876271808
49.39525748417234	44.68230882602143	0.6444896010575947	0.7646541291474542
49.550941234214875	44.81291779912035	0.7550471474831574	0.6741923567259854
49.711208824265135	44.943004984326365	0.8500348906699934	0.5727100220622787
49.87390719471736	45.072096591902245	0.9239853764563564	0.46245948290663336
50.03622574991171	45.19944222357886	0.9733969442785885	0.3461681346979547
50.19555829228038	45.32403735388527	0.9973593926854403	0.22695853787755066
50.350150817706	45.44478458812075	0.9959720695838994	0.10805827958832585
50.481048362388975	45.560816340204035	0.9763830090845809	-0.007717782714697448
50.61194199187832	45.67162330965466	0.9401169900099043	-0.1182321886162522
50.74282597803448	45.777315972933266	0.8877958814697312	-0.22224209590164418
50.87368800111858	45.8787748096834	0.820320310531782	-0.3198561027229838
51.0045052304301	45.97764371519891	0.7388598711445532	-0.4117649754091483
51.13523533507748	46.075884415407046	0.6448436669625383	-0.4990828226343407
51.265805116312244	46.17560399049999	0.5399507593149807	-0.5829823441711249
51.39609694076364	46.278782769976765	0.4260989962322053	-0.6633277463359677
51.5259064766695	46.38707814713	0.30538100088050224	-0.7403218680572698
51.65493129860563	46.50171972328766	0.18032240692121085	-0.8124723675571546
51.78271362187424	46.623361241151756	0.053529924849533	-0.8772718239588968
51.90858980535694	46.75195024169292	-0.07222606643552457	-0.9314873580958484
52.03167342403703	46.88664252353295	-0.19411313550785012	-0.9716541415423611
52.15092355893633	47.02587538737647	-0.30947372564358605	-0.9947163013347431
52.265327763305315	47.167664871224346	-0.41589303658744864	-0.9986252180735824
52.37417790734819	47.3100473656603	-0.5120849332025992	-0.9826529339421289
52.47727986491917	47.45149956635341	-0.5978047843839114	-0.9465010722919278
52.575024175136186	47.59119561436667	-0.673119659066254	-0.8923521569207136
52.66854920734835	47.728844292251985	-0.7391884026707635	-0.8221473740888328
52.759521986829625	47.864559985109665	-0.7972299154776226	-0.7377705997075964
52.84994939226132	47.99867058334288	-0.8485832997862096	-0.6410728024777201
52.941980174461456	48.13156995997779	-0.8933557075958084	-0.5337867356091086
53.03757293482866	48.263623039611716	-0.9323128573406518	-0.41774119310746616
53.138384659309345	48.39513397926719	-0.9637398243425783	-0.2949921823045692
53.245268697809706	48.52631801006222	-0.9864616662624552	-0.16750494802684776
53.35834836072986	48.657325823848225	-0.998469707537781	-0.03733572954886815
53.47702158597297	48.78825153456087	-0.9973572934940591	0.09338264100828472
53.600171724204166	48.919146545598096	-0.9812837269955605	0.22247424692324763
53.7265293066593	49.050035038891934	-0.9492632176461239	0.3477651626991294
53.85496261232474	49.18092609621827	-0.9011664347707293	0.46713033336110305
53.984619801314295	49.31182147531265	-0.8375514318431062	0.5785373777439816
54.11494079349852	49.442719202802664	-0.7594610356493283	0.6800853056528979
54.24560006514547	49.57361370374115	-0.6682642251067772	0.7700382543748601
54.37643591361543	49.70449327108228	-0.5655544970620646	0.8466169582623349
