6.175881801872309	0.3730632047582436	0.993842264641871	0.9311068003434319
6.309618251787896	0.5038053733401701	0.9991698577138406	0.8757210994064758
6.44051794357036	0.6343946638989404	0.9871614040314365	0.805293502049859
6.571417628856371	0.7647240952426954	0.9582887132035619	0.721374235888751
6.702317290204842	0.8946514353233668	0.9130430832564067	0.6255692750272488
6.833216869830852	1.024016713559817	0.8521939250655346	0.5197274869734902
6.964116191053517	1.1526867490565733	0.7767758160883556	0.40585500179035583
7.0950147556005785	1.2806304335231014	0.6880711999868658	0.285980100515057
7.225911266644652	1.408019176514515	0.587580034935696	0.1619837201598875
7.356802601674484	1.5353357143446673	0.4768755099783941	0.035437284907597524
7.487681776959318	1.6634726623453053	0.35806700501366423	-0.09249766394616377
7.618534142387169	1.7937685421823508	0.23319495548320765	-0.22102212691057485
7.749330596018609	1.927971890143972	0.1044172612775264	-0.34948354465817755
7.880015966388545	2.0680667676122084	-0.026017205890933662	-0.4769569421670849
8.010490443885212	2.2159025347326042	-0.15579357181774572	-0.6010479377182653
8.140568487627826	2.37253888352443	-0.2825437366929551	-0.7183131970400023
8.269952061285933	2.53759225973404	-0.40389210951107896	-0.8226835665656282
8.398180407168667	2.7087201873855564	-0.5175064148791044	-0.9075869769424394
8.524689169774321	2.8819662530952055	-0.6212736278761967	-0.9662681980696526
8.648913200581024	3.052961795185538	-0.7134978919145984	-0.995599226905117
8.770565161047621	3.218412915916137	-0.7931488247631928	-0.9967105193599628
8.889885069937566	3.376736697690845	-0.8598988684427523	-0.9721128728403015
9.00758754702501	3.5279752177970045	-0.9138140465678458	-0.9260473065041908
9.124727187782746	3.673077964915598	-0.9549920127488931	-0.8616331822227388
9.242410237458275	3.813403382081553	-0.9832456977838526	-0.7823647042113837
9.361577981504144	3.950221568205323	-0.9979920903915036	-0.6903339468943152
9.4828264115461	4.084632853025281	-0.9981769540113722	-0.5873201759105183
9.60634424347013	4.217494748369809	-0.9833710500949921	-0.474840072872426
9.732012434730333	4.349430041131432	-0.9529881537281679	-0.35492411678475366
9.859475254284797	4.48083801368671	-0.9068623698318494	-0.2293928970159657
9.988281543841058	4.6119643565266	-0.8453372367276168	-0.1002102962528102
10.11799864646182	4.742947325960292	-0.7691443527620537	0.030538242958643904
10.248276989160706	4.873855162261851	-0.6795334843942171	0.16068910493332994
10.37887271031302	5.004710537572985	-0.5781786761483221	0.2880498304663763
10.509635141123347	5.13550101609901	-0.4668623456360197	0.41044527558089117
10.640480226945275	5.266176007090772	-0.3475254209044638	0.5257580701431707
10.771367994621537	5.396632882792757	-0.22222628578330517	0.6319676964946921
10.902287528699404	5.5266968130934515	-0.09310527822029929	0.7271967274419383
11.033250972214887	5.656102572803449	0.03765189927870983	0.8097115007022282
11.164295985329977	5.784490727528438	0.1678541146488622	0.8781042978853125
11.295494163618532	5.911430485836878	0.29534524790885586	0.931549926520765
11.426958929466473	6.036474362096435	0.4180362493673456	0.9695900466032248
11.558848017333489	6.159243337966605	0.5339223310455725	0.9922767044214839
11.69135062214326	6.279522984631346	0.6408933958831021	0.9998849825905551
11.824683468715616	6.4095881465285265	0.7370981797173604	0.9919990944256667
11.95913102752186	6.54047152118119	0.8208631695108344	0.9669209818966669
12.09487425874018	6.67131742132126	0.8904500021848809	0.9253525907274833
12.231919346692267	6.80208176889433	0.9441839762534622	0.8680403739892519
12.370057291404374	6.9326804175323415	0.980582138918051	0.796039854244347
12.508863138377519	7.062967164962058	0.998193943645323	0.7107285412356164
12.64718908146496	7.192714494630201	0.9963343169418111	0.6138154782557408
12.778088720404043	7.32161001473779	0.9772222423462509	0.5073279608894246
12.908988220359532	7.449272497798763	0.941418182797548	0.39355870745233845
13.03988727985975	7.57531758506887	0.8895329515582646	0.2749367687610246
13.170785052172873	7.699472186583941	0.8224508776193715	0.15381914958477433
13.301679358227142	7.821713945488151	0.7413155986758568	0.0322464613888068
13.432565054754718	7.9423953182133955	0.6475124510828362	-0.08825462846380802
13.563430957755006	8.062307757183993	0.5426485132615714	-0.20673111110580267
13.694254461395689	8.182663098806211	0.4285316107870317	-0.3226784051109988
13.824992539745347	8.304997677761296	0.3071112555741553	-0.4357507515677329
13.955567075607732	8.431015593140714	0.1805716386242788	-0.545375756287866
14.085841628065621	8.562362728860265	0.051291549051494946	-0.6503468109157541
14.215587219811317	8.700300212517027	-0.07830721044295835	-0.7484770864365561
14.344442367039996	8.845308254539711	-0.2057058866380793	-0.8364695903563718
14.471887339154518	8.996720676723562	-0.32835938660283653	-0.909499001827972
14.597227461448565	9.152615423575764	-0.4438081136083879	-0.9627713027090028
14.719701002399919	9.310206607221941	-0.5499240356263267	-0.9931584122047055
14.8387333352513	9.46662523131305	-0.6452358692310662	-0.9986857616753098
14.954133876949586	9.619746554246824	-0.7290696895776574	-0.9808754343143281
15.066357654331261	9.768478477319823	-0.8008745870697759	-0.9410514202669664
15.176345424230893	9.912774471074716	-0.8615657288430598	-0.8829603208581186
15.28547985034974	10.05312539171437	-0.9117122870171694	-0.8089992841355003
15.395255807163158	10.19032024359361	-0.9514614902355613	-0.7207957850638689
15.507039887934685	10.3252237750157	-0.9795766515431628	-0.6209915705665875
15.621757781314697	10.458528231284438	-0.9958274370081805	-0.5113507835010449
15.73990793942829	10.59079009732898	-0.9989967586659216	-0.3936275773327442
15.86148194576825	10.722414206419337	-0.9877579404626433	-0.26965221264902056
15.986056665295946	10.853673063009293	-0.9611169176418255	-0.14136820322890414
16.112979288607825	10.984736469609313	-0.918648285809461	-0.010830688364047708
16.24155898914661	11.115701559684007	-0.8605590728980119	0.11982227705101704
16.371201875446967	11.246617954587665	-0.7876177534417551	0.24841302095370738
16.501468963843838	11.377505240762886	-0.7010259184437018	0.372657363189668
16.63207385835624	11.508361968565593	-0.6022958047506194	0.49047401487824027
16.76284980292293	11.639166388290466	-0.49316090484706754	0.5998517551026226
16.893712724848825	11.769870706695334	-0.3755165397812025	0.6989090392503258
17.024633284201535	11.90039059827482	-0.2513772093884304	0.785937801155133
17.15562367317485	12.030594197964815	-0.12281708132525831	0.8594491913169836
17.28673908090535	12.1602934443988	0.007974236906304992	0.918226921922279
17.418090950099433	12.289250587071399	0.13883039088525945	0.9613884345633423
17.549866111678426	12.417210593099485	0.2676805122737253	0.9884396724165124
17.682341175022447	12.543944742664658	0.3925240580246325	0.9992957022127702
17.81588077232514	12.672762652106169	0.511415432926688	0.9939280272076124
17.950942800084302	12.803677917721505	0.6224394437692015	0.9716410500737365
18.088000604950143	12.93456734273459	0.7236145322067183	0.9327549892848384
18.22737249567122	13.065398433354424	0.8124648676150205	0.8779530352735179
18.369085131306136	13.196104231930205	0.8863763642934982	0.808149820322008
18.51277164917942	13.326554611107621	0.9433938290849916	0.7245840422684996
18.657663460215524	13.456516739382925	0.9815463613776237	0.6291285829926817
18.80269241451602	13.585624848491582	0.9985282237967135	0.5238260789004152
18.94383039520601	13.713378577885468	0.995068203151663	0.4110658762258406
19.074729794177408	13.839186387147095	0.9742874406171357	0.29348323551639127
19.205628531441402	13.962446501047678	0.936861212436696	0.17377802796010125
19.336525369853504	14.082722697841884	0.8834265205488842	0.05440842750644577
19.467417230966262	14.199940681683337	0.8148938578242215	-0.06273244521575827
19.5982971702813	14.31452931328128	0.7324339849564245	-0.17638700420489767
19.729149953641613	14.427390688873928	0.6374629222862475	-0.2860356486378678
19.859946085567845	14.539935907932618	0.5314545015989152	-0.39177840089588745
19.990631741697822	14.653853867868811	0.4165092327419702	-0.49382970748452576
20.121113372617376	14.77090300751277	0.29469139515120696	-0.5920652411227113
20.251233608533973	14.892712649547438	0.16824610518043595	-0.6856524654057446
20.38073507111879	15.020559692205538	0.039591115302041395	-0.7728093101246325
20.509214094350742	15.15510288568139	-0.08870072789528143	-0.850754175579716
20.63608182549103	15.2961181593765	-0.2139550774780853	-0.9159365740596824
20.760571612452164	15.442368703500003	-0.33353240704670317	-0.964603407285641
20.88183754454295	15.591766237694825	-0.44507738943243225	-0.9930054476763903
20.999099729664938	15.741890020711132	-0.5467927440721791	-0.9989345102289096
21.111908081344307	15.890644487219923	-0.6377280716722254	-0.9831966642776984
21.220470170984658	16.03662850942632	-0.7171645962251445	-0.9461436003490327
21.325542074656585	16.179345855359657	-0.7861666938529379	-0.8905016433750088
21.428469380115175	16.31891366075002	-0.845756815366074	-0.8187777302406946
21.530959406336642	16.45579988788847	-0.8955825132217075	-0.7330321283156157
21.634690341845584	16.59059653137666	-0.9367306086607801	-0.6350639318019147
21.74122808834078	16.72389967000462	-0.968890021935084	-0.5266814066707408
21.8517433929244	16.85620599414756	-0.9899654144423136	-0.40993285346795105
21.96668711190451	16.987876612805486	-0.9992317732547578	-0.28666860296649005
22.08599215991217	17.119170461860673	-0.9950146538739284	-0.1588354704730193
22.20908897384922	17.250256363724645	-0.9758651145173218	-0.02848448034654756
22.33512699047416	17.381235793427418	-0.940957300890854	0.1022524301603333
22.463219739893063	17.5121644279049	-0.8901890872173868	0.23120181878168872
22.592615658375884	17.643069118000973	-0.824107264133727	0.3561946462830429
22.722767370859565	17.77395898591985	-0.7437554037831857	0.4751119269525348
22.853323372308093	17.90483053288267	-0.6505271340025569	0.5859266178996833
22.984083313166348	18.035667358829944	-0.5460601600522992	0.686615425803538
23.11495013596136	18.166435662236644	-0.43216835613861715	0.7754341531654457
23.245896816767996	18.297077005936895	-0.31079385628174383	0.8509483259711541
23.376953310754264	18.427501153806606	-0.18392105545603202	0.9118824964061518
23.508213625758362	18.557580160914803	-0.05369592938033681	0.9572444988174618
23.63985870802149	18.68715662012963	0.07780306856446048	0.9863689333709621
23.77218619292473	18.816065300195998	0.20859984802541484	0.9989482071945311
23.90563200722382	18.94543323538225	0.33679460136517547	0.9949173873772152
24.04077861615891	19.076387791124223	0.4605324005379082	0.9739258192801077
24.17831905880001	19.207322196311516	0.5779079176599051	0.9362875982876124
24.318878758037375	19.338209596843836	0.6866338726186332	0.882662023265113
24.46281496595306	19.468995095841013	0.7835195165666143	0.814007112086252
24.60997891641813	19.59956778759201	0.8660728196211342	0.7315938488653267
24.759602024127194	19.72971640027807	0.9310810605526068	0.6370174936329225
24.910344881910177	19.85907808831124	0.9748932394434713	0.5322015004264677
25.060639504351894	19.98710041426679	0.9971544999684048	0.41974959174753046
25.209008347959244	20.1130668993251	0.9967625661604165	0.30241710167161695
25.33990744362349	20.23621671452356	0.9782150433059368	0.18307567665882923
25.470805277772932	20.35586564742216	0.9429603914947018	0.06443765256580243
25.60169966762731	20.471628122470523	0.8916020027420452	-0.05124214262301956
25.732585322835174	20.583607027464385	0.8250193692938549	-0.16245539101082748
25.863450868421623	20.69257377369342	0.7443565405573342	-0.268751071703677
25.99427398960668	20.799876656418668	0.6510086533158227	-0.3704491085649025
26.125014357634928	20.907237693237015	0.5466072740972006	-0.4677053650527689
26.25559595989847	21.016467536393606	0.4330118487714983	-0.561154956873846
26.38589293822686	21.129379836483363	0.3122957555797701	-0.6508316729036809
26.515701953926676	21.247525315479376	0.186729589347301	-0.7358180151557038
26.644701557655598	21.372000169392756	0.058797292963581355	-0.814170521381412
26.772404711484587	21.503243904429443	-0.06879804922813779	-0.8830020083087445
26.898122576447395	21.64085309326544	-0.19332314484379695	-0.9388178228872155
27.02098668302769	21.78352316000262	-0.31211185326703095	-0.9781148883580494
27.14007076573864	21.929252961831576	-0.4227605945484872	-0.9980561315930943
27.254609186175042	22.07581203724089	-0.5234211990920429	-0.9959725304653697
27.36413560420774	22.22136097713653	-0.613286879886039	-0.9731885002778955
27.46890469501003	22.364674861611746	-0.6925961236224019	-0.9309499628047307
27.569818533402383	22.505266504807466	-0.7616762865533699	-0.8704724445963301
27.66828444702567	22.64325897966236	-0.8215320238821329	-0.7944371856521779
27.766093547915382	22.77904298380362	-0.8734638918919803	-0.704993045046693
27.865188604699977	22.913115968650207	-0.9170086298658073	-0.6039889839634093
27.967256113165785	23.045953800015024	-0.9530318657876569	-0.4932308803447573
28.07370251902719	23.17796609276564	-0.9796403425419581	-0.37453648333048867
28.185204772040954	23.309459060805015	-0.9955523449753454	-0.24980213607812987
28.30179181112532	23.440649419252075	-0.9991376674774881	-0.12098511174221402
28.422921547784494	23.571679103716335	-0.9885291938599079	0.009727798208975522
28.54765333093151	23.70263002360069	-0.9624485878002134	0.14016727016391334
28.67494810097956	23.833545852733383	-0.9203961646361121	0.26815523590432905
28.80389408766665	23.964447150837273	-0.8626129797010149	0.39153365960474873
28.933810887191722	24.09534096686225	-0.7899228869942353	0.508209599319202
29.064253165312934	24.226225485862734	-0.7035614781875195	0.6161961749529923
29.194962561304266	24.357090290734998	-0.6050466019646727	0.7136490621763529
29.325810448444297	24.487913085223685	-0.4960955255551924	0.7988998006543347
29.45675574942056	24.618654098548213	-0.3785699483775818	0.8704881202430462
29.587826705366915	24.749250207423234	-0.2544277460996441	0.9271954877824113
29.71912711846662	24.879611916896923	-0.12566838453437187	0.9680805298736509
29.850863041220038	25.009626948957	0.005729060809165525	0.9923545840675653
29.983383850847396	25.139166088477534	0.13776612080253858	0.9997982234727238
30.117214284649997	25.270161104725265	0.2686191012271164	0.9902759336709711
30.253083062645242	25.401150061708925	0.39653515440756126	0.9638183805391181
30.39182876724329	25.53211537112006	0.5196577309226027	0.9208885773028874
30.5342450162303	25.66302529397567	0.6358158332073596	0.8622445656419793
30.680814768981886	25.793816707828984	0.7414458404449793	0.7889433320142818
30.831382664445844	25.92436301121635	0.8336179555575144	0.7023578272663453
30.98500540501819	26.05441991991841	0.908361818179531	0.6042170660275823
31.14000356977976	26.18356472302339	0.96172234904999	0.49665755946536505
31.294379028682382	26.311157742164585	0.992502006136453	0.38224527559550353
31.44631305969266	26.436364555901484	0.9990456932171128	0.2639038017416575
31.57721207117361	26.55831029397344	0.986543136121725	0.14465275083055407
31.70810964746256	26.676214623843833	0.9571866592645064	0.027304957449301143
31.83900332097291	26.78964343597908	0.9114766711375254	-0.08595744472066186
31.96988737300032	26.898777277809682	0.850194090633525	-0.19396197378206695
32.10074994341711	27.004503141150987	0.7743904533113088	-0.2963492710447278
32.2315670765057	27.108231301581498	0.6853767941209103	-0.393544585433269
32.36229475053521	27.211800508546688	0.5845680919380246	-0.4865800319638103
32.49285958346068	27.317191749085378	0.4739216383107111	-0.5756586588789215
32.623130937114865	27.42622529977956	0.3555195834830551	-0.6610766217990196
32.75289930467563	27.54048191863293	0.23161039217209056	-0.7422788262396691
32.88184145041997	27.66109363214128	0.10464657546012396	-0.8174908511852206
33.00946939604082	27.788566271393393	-0.02273156968296326	-0.883972053563797
33.135090445966256	27.922617378637753	-0.1477538998152686	-0.9383365480912433
33.2578165309738	28.06211162483652	-0.2676681758223082	-0.9771122832095005
33.37666914375101	28.20521446917552	-0.3800122574382301	-0.9974351140839245
33.490788853016504	28.349790987412526	-0.48296812397721095	-0.996838782686008
33.599610897105784	28.493963397580007	-0.575025087751835	-0.9754967057655355
33.70321277355883	28.636424510032843	-0.656428323060264	-0.9348230169039875
33.802358119728865	28.776544309439416	-0.7281352037943165	-0.8765083990758633
33.89841785561603	28.914271534123582	-0.7901531005343048	-0.801896724469381
33.99312066891275	29.049930590727545	-0.8448817514068914	-0.7136874019613891
34.088527592587724	29.183956684804308	-0.8915869518051893	-0.6137415200253049
34.186500809175214	29.3167799963324	-0.9317993459911342	-0.5038671366847441
34.28874480908139	29.448788556298283	-0.9637164128362339	-0.3858806740146186
34.39625032252742	29.58027740566452	-0.9865457431918281	-0.2616760984916548
34.50937161350865	29.711461574227112	-0.998487896850367	-0.13323830785817997
34.62776084301518	29.842482753612263	-0.9973295193048732	-0.002645713878698097
34.750520702566725	29.973425519927154	-0.9813044690270238	0.12793201129328674
34.87652276683842	30.10433565525335	-0.9494158340385533	0.25625386897075236
35.004692722803846	30.235234569581014	-0.9014905161363503	0.38015731169375877
35.134180260228796	30.36613011545662	-0.8380480180081176	0.4975414596922144
35.26440236095724	30.497022643143612	-0.7601106749594158	0.6064092262903837
35.39500533890413	30.62790649338293	-0.6690433158433199	0.7049042231188327
35.52580128535621	30.758768106630082	-0.5664465276858448	0.7913437245982141
35.65671376454903	30.889581659165884	-0.4540897346641546	0.8642494459182298
35.78774807066576	31.02030363235412	-0.33385985636507964	0.922378128852946
35.918989378125524	31.150868614488154	-0.20770688192899373	0.9647531012941781
36.050626112773465	31.28118943214613	-0.07757969862932407	0.9906955426826609
36.182990785772915	31.411164488027463	0.054639301705423964	0.9998504450652559
36.31660326843662	31.54206510252425	0.1871760997344769	0.9920404289876088
36.452208930727714	31.673086949153333	0.31817416158511375	0.9669560734130027
36.59074028656775	31.804089757679357	0.4459143292763673	0.9253402384260797
36.73314664015265	31.935043827838705	0.568362469636069	0.8679279807484298
36.88013477309832	32.06589296549476	0.6829248975262201	0.7957510268708017
37.03181636007555	32.1965240698711	0.7851316748202181	0.7101518659401282
37.18737903681306	32.32671645788711	0.8716863714899997	0.6128194663970721
37.34511582631959	32.456069738054914	0.9375645175773519	0.5058490236685137
37.50276892398647	32.58395015256595	0.9805756837829068	0.391781835806051
37.65813781018059	32.709492026755676	0.9987131862209733	0.27356068977916825
37.80324846539557	32.831732387808024	0.9941402456369106	0.15429417668453924
37.93414644849263	32.94982005604175	0.9721367422231777	0.03687853036998979
38.065041201947786	33.0631860105162	0.9335229069834959	-0.07635908591553944
38.19592789366928	33.17185938472356	0.8789569919530553	-0.18406417843267595
38.326796267352755	33.276586162703	0.8093733564402302	-0.2856895699124605
38.457624981509696	33.37869700101893	0.7257653231790393	-0.38187302670656564
38.58837638380623	33.48008748436278	0.629825056663722	-0.4734774042514405
38.71898422843347	33.58275037119144	0.5232940976807489	-0.5610823680456012
38.84933239149024	33.688602505035334	0.40811799654852887	-0.6454708015581198
38.979240967390304	33.799336334898314	0.286461425400408	-0.7259988307091024
39.10842034239978	33.91621744729811	0.16071048051905576	-0.8010608013769018
39.23641595160287	34.03995461035935	0.03347018562274099	-0.8687182458683355
39.36259341902332	34.17052657058672	-0.0925065365281352	-0.9258050644211937
39.486117163942026	34.307080967431084	-0.21442287152079784	-0.9687771000623903
39.60601205294596	34.448008394305994	-0.3296608669926478	-0.9936345744823769
39.72125017141706	34.59129004246511	-0.4360411342850291	-0.9989394063540167
39.831149824625626	34.73492525762616	-0.5321735263772398	-0.9840217439873197
39.93557124720081	34.87737582856471	-0.6172883793528636	-0.949126917213935
40.03500009489838	35.01778903707795	-0.69240154961363	-0.8955458918384142
40.130560626905606	35.15595859826855	-0.757954691175507	-0.8258087897029305
40.22392824669159	35.29203732306091	-0.8155036513874786	-0.7418383526451616
40.31709204388155	35.426397698454686	-0.8656401340869004	-0.6454994327021535
40.41207786022442	35.55946338351443	-0.909272921917384	-0.5386098396887996
40.510768841055096	35.69162847233903	-0.9457133336913173	-0.42290175293264726
40.61454253659258	35.82321148931647	-0.9740719314749609	-0.30032273643681434
40.72411697665378	35.95444652328648	-0.9929687053883263	-0.1729372019029461
40.83947596974251	36.08549096596568	-0.9999614173840607	-0.04279637845373169
40.95989549566861	36.216441563682814	-0.9927237366724062	0.08796831526961546
41.08424216805044	36.347351953892435	-0.9702821609526289	0.21718176719270837
41.211355097760716	36.478249152941714	-0.9319239062672205	0.34267087587354306
41.34022924889914	36.609144063564685	-0.8777274694134758	0.46230951743942095
41.470125178345825	36.74003916231457	-0.8083415893894943	0.5740622031473991
41.60056613876526	36.87093176884551	-0.7248119439351773	0.6760227576495769
41.73128145002636	37.00181350853126	-0.6287882178183504	0.7664481987430293
41.86214375138503	37.13266733601512	-0.5219456492066807	0.843789634063919
41.99312204046848	37.263462529068505	-0.4061020255203106	0.9064843390917019
42.12426810402505	37.394150368312225	-0.28316385550974627	0.9536221959800106
42.255730315908345	37.524661061564764	-0.1550644791327874	0.9844839766266708
42.387790954199296	37.65490683435612	-0.02369427187336396	0.9986117155109484
42.52091475657525	37.78511250411232	0.10915823858808012	0.9958467096292866
42.65578900468669	37.91615750460536	0.24182131354478498	0.9760602632843811
42.79333419527968	38.04719035568547	0.37256782215634954	0.9395686709181819
42.9345760828942	38.178185675421844	0.49932750948042703	0.8870104655858289
43.08041191508976	38.309099569908945	0.6198543919908424	0.8193187397778966
43.23127736119413	38.439844350090674	0.7309274070575719	0.7377293897288995
43.3867654869366	38.5702449046763	0.8274429162592024	0.6438085459877056
43.545417949970286	38.69997270516045	0.9059959726930542	0.5395056951157037
43.70498378802441	38.82846994058037	0.9613345047053495	0.4272182600656526
43.86302616075737	38.95492795491008	0.9927162101397243	0.309789283018004
44.017543326766564	39.078348763472405	0.9988930729444065	0.19037088258836116
44.14844191637977	39.19777440960325	0.9857831099773564	0.07204962129669988
44.279338288300565	39.31244832182757	0.9558315360185181	-0.042512167181631394
44.41022884692975	39.422100750912676	0.9095488703843256	-0.15153118410246097
44.54110563622088	39.52720746342238	0.8477268424868537	-0.2544237037494773
44.67195298395741	39.62899859019316	0.7714291123957874	-0.35128490041285454
44.80273995509485	39.72915409596643	0.6818256144293265	-0.44308242424605443
44.93341267910811	39.829715898005354	0.5806423264087869	-0.5309394884860041
45.06388176561805	39.9327082554061	0.4697777427768015	-0.615026544135705
45.19398954551485	40.03993034920658	0.3512976107655219	-0.6958871924366423
45.323497723872734	40.152861206382696	0.22748508522848476	-0.7725398503102117
45.452038710487486	40.27246673902726	0.10083753917439368	-0.8427818435158876
45.57905406196136	40.39906551242436	-0.025943506900563112	-0.9040027355447929
45.70378287392717	40.532190581598414	-0.15004675083643298	-0.9526312597518167
45.82526402631969	40.670575964085764	-0.26870212773621815	-0.9851600141094802
45.942455615436316	40.81235810659769	-0.37947624597773477	-0.9991097648254685
46.05449163369047	40.95547878399498	-0.4806341589461573	-0.9931393175902329
46.16093856779595	41.09815576188911	-0.5708548530611468	-0.9668749416483811
46.26195336811191	41.23921683135146	-0.6507059021511208	-0.9212307861224736
46.35834212280741	41.37817585059519	-0.720791968577111	-0.8585865398321337
46.451571681832256	41.51500664852499	-0.7820537702947002	-0.7808379444276167
46.54349930349096	41.64998413603939	-0.8359521124150839	-0.6898738906911989
46.63620513040145	41.78351061872336	-0.8831018685436337	-0.587513744919436
46.73170905445549	41.91598960037323	-0.9237449482551423	-0.47538972552016523
46.83174321269274	42.047773792686954	-0.9571968464582981	-0.3556466804559512
46.93742777320503	42.1791234770704	-0.9826053123581653	-0.23019924215716764
47.04919552724792	42.31022594977057	-0.9969105593818506	-0.10105663341458795
47.166583659531355	42.44119949578814	-0.9986591741673867	0.029679135239656578
47.28866107044932	42.57211591781364	-0.9859979372982905	0.1598486339751926
47.414239042658934	42.70301240963582	-0.9576982092957899	0.28727214835370346
47.54216888985258	42.833905235249304	-0.9133817537931727	0.40979595726931684
47.67153275166814	42.96479962056606	-0.8534096289419925	0.5253378995289592
47.801696977604294	43.09569513538871	-0.7786900451380288	0.6319285187723347
47.93227595375926	43.22658714275458	-0.690505579226521	0.7277471100395383
48.06306480171557	43.35746514074618	-0.5903945455906304	0.8109763876475586
48.19398093963543	43.488309201746425	-0.48001682360620423	0.8802407122423181
48.325032250541064	43.61908432160445	-0.3612222217613823	0.934442947421678
48.45631591216071	43.74973532789754	-0.23604682448173786	0.9726760744073811
48.5880453561987	43.880187938952545	-0.10639784141389734	0.9943310104846201
48.720596618619126	44.010353859620885	0.02589344292449214	0.9991188624196625
48.85455698310574	44.1414119564369	0.15911367585002523	0.9868826571111913
48.99076566823331	44.272467931333594	0.2916580017297533	0.9577479892273979
49.13024973481733	44.40350006384274	0.42187088048009047	0.9122207528362096
49.27406426748978	44.53447363133776	0.5473142612030928	0.8511022523452126
49.42295871367772	44.66532664784032	0.6652651821123081	0.7754897725130941
49.57700340975062	44.79593343322282	0.7721502542078159	0.6867937851783209
49.735262224852576	44.92604676443666	0.8622770537716226	0.5867335292672115
49.89575299900284	45.0552216605086	0.9322358808922871	0.47749268372641723
50.055920215722075	45.182745121780506	0.9776924522239319	0.36187553261636674
50.213373006603	45.307671554691204	0.9983634718232643	0.24292756853081082
50.36315644517161	45.42896316940681	0.9947483332392029	0.12380689144484266
50.494054139436436	45.54577870365082	0.9735463533874599	0.007309961423145213
50.62494810137353	45.65754827043615	0.935712052195681	-0.10422191978224618
50.755832742008884	45.76436034900881	0.8818919054699598	-0.20960056504033475
50.88669639848083	45.86710877294268	0.8130097092861521	-0.3088787641441863
51.01751732613233	45.96736375996434	0.7302562332686213	-0.40233205077339407
51.14825231267602	46.066973183357774	0.6349560208499864	-0.49141381234404774
51.27883169482343	46.16805629255025	0.52890792174283	-0.5767408166247634
51.40913497288071	46.272539437202404	0.4141448476957651	-0.6586453236268935
51.5389643827177	46.38208344235327	0.2928436387051554	-0.7370193538290054
51.66802013276168	46.49792137367101	0.16739684444794492	-0.8103377295486814
51.79584663331789	46.620705748910325	0.04040555287550681	-0.8760373241833932
51.92178046060773	46.75037072488624	-0.08535602105172133	-0.930952403864339
52.0449438298555	46.886041753146046	-0.20706181676584745	-0.9715231090992821
52.164305913375514	47.026119845687276	-0.3220628545115808	-0.9947393031099734
52.278877966631484	47.16859092528782	-0.42825250671267723	-0.9985961347970593
52.38797256201527	47.31148821770229	-0.5239566191836104	-0.9824275720985448
52.49145261522812	47.45329652938243	-0.609001612063252	-0.9458924728948381
52.589742947839255	47.59322626103792	-0.6841585573671078	-0.8914304142616881
52.6840316159596	47.7310254994753	-0.7494254190735528	-0.8209215554272636
52.77598064868169	47.86682656824539	-0.8073158861537102	-0.7362719279362104
52.86763709716747	48.00099135394682	-0.8575855931445786	-0.6393322530994958
52.961029214542194	48.13391958085254	-0.9020023683391487	-0.5317646508325998
53.058165236266916	48.265998780035524	-0.9392871033533146	-0.4155612049790602
53.16046001259297	48.39752642194866	-0.9696109514629461	-0.29269511260054426
53.26879270036631	48.52872651613048	-0.9901410257179348	-0.16512648595135487
53.38310131177757	48.65974694023996	-0.9992470886308231	-0.03491620587344193
53.502705140747715	48.7906815968304	-0.9949406550410537	0.09580152063987704
53.626501213527106	48.92158261184469	-0.9755410715880709	0.22485125375951415
53.75327103620841	49.05247475376018	-0.9402062697746689	0.35006026592756906
53.881947150239334	49.183367537498185	-0.8889177259815011	0.46930531565848105
54.01173686447807	49.31426284042859	-0.8223118884756656	0.580556251276461
54.14212531272817	49.44515826181067	-0.7414865475549063	0.681914569877729
54.27281728889395	49.5760469768207	-0.6478516424103685	0.7715641461407381
54.40366981887123	49.706915056481265	-0.5430335680343032	0.8478495445548119
54.53464484243078	49.83773716906252	-0.42881144382869923	0.9096228898697409
54.66579147653402	49.96847138664671	-0.3070205802391522	0.9558399231350378
54.79725925751613	50.09905558937551	-0.17959627388702304	0.9857389867703296
54.9293364428084	50.22940822370453	-0.04850306656936385	0.9988670673167285
55.06250118191854	50.35985353414694	0.08448810122258991	0.9950591134975851
55.19746659452097	50.49091805257894	0.2177269408298375	0.9742303570128117
55.33518867836868	50.621971161354494	0.34961682408327444	0.9367202887990529
55.47675169504597	50.75298563076905	0.47839106315810004	0.8831842543172028
55.623137301525844	50.883915202580255	0.6011740697723409	0.8145727161384864
55.774819779183176	51.014672799202614	0.7149237324517874	0.732137043262003
55.931409196933686	51.145081589596785	0.8152325932140186	0.6374590973061129
56.09141892193736	51.274806362511086	0.8969171737749997	0.5323721245325829
56.25248574542028	51.40326914417165	0.9560711831110844	0.41952735363827254
56.41198053939063	51.5296265865002	0.9903905266520403	0.30180919050697
56.567780070531	51.65284834411721	0.9993997667092739	0.1823793783862076
56.698678653842435	51.77194855893624	0.9883065892351848	0.06428199655751236
56.82957503492402	51.88617341115747	0.9603320012406901	-0.04986180405689457
56.96046559131653	51.99519421308641	0.9159553488668115	-0.15817017030927705
57.091342314024565	52.09948341154282	0.855938333501006	-0.2600936257000584
57.222189401706935	52.2002938239975	0.7813162487468364	-0.3559176180039711
