3.9596392785535266	2.470945134359133	-0.6836227198316167	-0.783077526104382
4.133711898564474	2.6520439858045126	-0.54673452758147	-0.8822557720151094
4.313739584883663	2.8103476387578787	-0.3879982671787856	-0.9452698770264802
4.496180537872526	2.952783427570801	-0.2144223333351788	-0.9822188376902217
4.676866848392441	3.0840003346686666	-0.03549876397937008	-0.998191279102542
4.852022757180973	3.2058453149476964	0.13912903988474917	-0.9978930405502237
5.0192748526713356	3.3182200492354985	0.30203354979701286	-0.9841435351660082
5.178174877990972	3.4204122846606175	0.4489086230498389	-0.9609143382187841
5.329562433690531	3.5119726505985636	0.5785688914712951	-0.932015555054702
5.474843787787639	3.5932364919080673	0.6905371325792361	-0.8994613739533819
5.615458387074055	3.6651669041641437	0.784867287471219	-0.8656595773960168
5.752465190486699	3.7292077682606535	0.8620226339123911	-0.8318919447449954
5.886496204052816	3.7871703925960674	0.9219547595870503	-0.7984404438477477
6.017747461911218	3.8411156806488687	0.9646471233513397	-0.7649772251809255
6.145974922136222	3.8932695187432897	0.9903086998873382	-0.7304929463166465
6.2704977510107955	3.9458530045185145	0.9996015397815186	-0.6934224797994988
6.389661949632558	4.000763853160268	0.9939200665110671	-0.6527797952272425
6.502734732160457	4.059424662984337	0.97551417404747	-0.6072560409883179
6.608154328299163	4.122438543954491	0.9473954444019878	-0.5560569665299628
6.704346720611498	4.189485356359277	0.9122372318237257	-0.499179799972699
6.790096678855412	4.259539464937909	0.8741402776810713	-0.43738411806971866
6.86498795036477	4.331018935460165	0.8351585009624962	-0.37214267169964843
6.929301127230253	4.402317967092266	0.7981107044264099	-0.3050917174865014
6.984155630321477	4.471865159660229	0.7640202685399085	-0.23814821530485702
7.031107196855599	4.538467409722702	0.7329757477024172	-0.1729891237086979
7.071797002871167	4.6014256470168995	0.7044859299599536	-0.11070050882715315
7.107794456024583	4.660446771601222	0.6787009077224402	-0.05190803892553043
7.140455815425538	4.715438242604493	0.6542052903181717	0.0030472562816783798
7.170865308649643	4.766665401217016	0.6310768823604662	0.054240715427557276
7.199936092168918	4.814401613342268	0.6081102353460784	0.10179099766680048
7.22834193158255	4.859180974234748	0.5855700098569382	0.14619796448281966
7.256491080621504	4.901459373278101	0.5622922249875362	0.18794221213286125
7.284790684837324	4.941838347206906	0.5388900220323604	0.22734224782743445
7.313626335053832	4.980801326216326	0.514198719198954	0.2650937423310521
7.343307542131473	5.018939776334142	0.4886550591025536	0.30171183103289617
7.3740618696944615	5.056724528622313	0.46149991904446463	0.33740460850089493
7.406313010109717	5.094766789138642	0.4327686691673724	0.37306739948656154
7.440308086916623	5.133540916412183	0.40178448376416787	0.4086466809175373
7.476573773699796	5.173704006613075	0.3685069565294894	0.44492570272290627
7.5154627911021885	5.215858713591418	0.33193268248338875	0.48245498483548044
7.557689324902988	5.260624033021738	0.29186229123032653	0.5209800387742827
7.603826614135325	5.308881927028218	0.247545917920325	0.5614672595743813
7.654595986367782	5.36146723087531	0.19800738626578632	0.6041859508089131
7.7109721479386515	5.4192546865963624	0.1424626401234839	0.649210288068556
7.773880144903773	5.4832524404330325	0.07998068427798494	0.6964819698862846
7.844260744131701	5.554496418032754	0.009714495016055494	0.745692667067859
7.922973229112662	5.63393187299369	-0.06892191575197247	0.7961879549073267
8.01068433547757	5.7222145828242486	-0.15598504478319025	0.8466263546386622
8.107665818653837	5.819521642349365	-0.25095270854957163	0.8940053844860851
8.21339545841446	5.925655608744408	-0.35158913507887896	0.9363677224827631
8.3269320842494	6.039547756156168	-0.455291236201799	0.9702603764679628
8.446751815693197	6.159850709786881	-0.5583887394770504	0.9923338537572758
8.571131538742206	6.285125232835161	-0.6569233103603089	0.9999390754854383
8.702033137172327	6.417795721863016	-0.7496229015720783	0.9907153579594402
8.83293919496423	6.552203542737501	-0.8295182911438949	0.9636483906082769
8.963858815063919	6.689619676090436	-0.8952511651487762	0.9180850844465767
9.094817137957667	6.831898311671633	-0.9457048100087524	0.8528650153750091
9.225879385307936	6.981524204240451	-0.9800182763187838	0.7657601755938164
9.35720558961855	7.141580724987814	-0.9975806796481307	0.6533616219970327
9.48916744351023	7.3155269901528195	-0.9978801666385662	0.5125630145700274
9.622567345616838	7.506276182649835	-0.980260198955384	0.34057476397899034
9.7590022038217	7.7147259624676945	-0.9442608654500292	0.13875565112586036
9.901221260895227	7.937424835426853	-0.8882045057879178	-0.0833070187987015
10.053078466401024	8.164600937858442	-0.8090271243098498	-0.3056181508746747
10.218528810385498	8.38215524894391	-0.7008525970984767	-0.5037151565379779
10.400172847896242	8.578457739384124	-0.5605646438496986	-0.662417870637126
10.597939171751532	8.750379261942012	-0.38706756041588286	-0.7807787798421886
10.808803239067656	8.901532350166905	-0.18567831561992781	-0.8658268412356054
11.026380459462239	9.036758499411585	0.030785906250004776	-0.925397323183933
11.241652844105987	9.157974681819518	0.24356828342891254	-0.9642662421579766
11.446467205941989	9.263375371377915	0.43564106406987946	-0.9865248278356799
11.636661911252324	9.349437547827899	0.5978731555216199	-0.9968497625823084
11.812582047553763	9.413734011516436	0.7290966826608266	-0.9996531582304989
11.976856729670859	9.455991008235177	0.8308248532295528	-0.999019735751532
12.132306666198886	9.477707670673032	0.9071138602304067	-0.998337711101193
12.28111579222657	9.481451595119657	0.9591192724573706	-0.9982201309357825
12.424811320971994	9.471026298490525	0.9896284926395569	-0.9985475435530993
12.564350910051756	9.451049967056672	0.9999365699896107	-0.9991749120771631
12.692710922725048	9.4268386000733	0.9920088748175555	-0.9999352844017926
12.819777344593398	9.403800673228933	0.9680031453345397	-0.9993411958563718
12.945644656233322	9.387240326286346	0.9288699767901767	-0.9988211083491256
13.07006804164406	9.381472182410793	0.8757760393809776	-0.9986399563732599
13.192678059566646	9.389764508853277	0.8101472061780319	-0.9989003817981436
13.312903895732196	9.414122437515422	0.733893899802112	-0.9996653569791281
13.429937905999104	9.455189770225957	0.6494827803024996	-0.9990448991059211
13.542597429775201	9.51263273312873	0.5598766853002173	-0.995672251040421
13.649380430840468	9.585162436406568	0.4685080881541528	-0.986684069718924
13.748396909652026	9.670929274659143	0.37893292653039023	-0.9697121062854117
13.837549218103083	9.767634720893176	0.2950551400140393	-0.9413371855522041
13.914578947858557	9.872866907212439	0.22064721980759078	-0.9010749956316376
13.977615026884791	9.984278701288446	0.15879871612854865	-0.8473745142103196
14.02517778723928	10.099829341555633	0.11172160876270537	-0.7803788122654015
14.056542821193949	10.217782047899238	0.08050091012943164	-0.7013805510615002
14.071976352629768	10.33666146002606	0.06513840057496177	-0.6119555129687423
14.072590456859887	10.45520145733203	0.06452712232397514	-0.5142138066535591
14.0606953090949	10.5721401723401	0.0763675311086635	-0.41074081692069914
14.039586984916447	10.686185038466732	0.0973787191973285	-0.3044371313225452
14.013131931420432	10.796033505250014	0.12371203207433433	-0.19815875992441728
13.98545985963169	10.90043960093303	0.1510517407636346	-0.09494470220987292
13.960698547988565	10.998379228855681	0.1755041768436861	0.0028030960782786138
13.94144554690728	11.089431583141511	0.1944319681922848	0.09367318944212787
13.929851245203547	11.173669167889312	0.20574518040481327	0.1771103750078494
13.92678620718585	11.251778694916391	0.20873591037025038	0.253372464389006
13.932498499296933	11.324907938184783	0.20316210570965348	0.32329193324449135
13.946944517765507	11.394502863903828	0.1890663130748574	0.3882544445404047
13.969902171481255	11.462148119473921	0.16641536045126612	0.4496105621771127
14.001452322436794	11.529405091637594	0.13525876985237983	0.5085837360129587
14.041574695490985	11.597958331263202	0.0954001556508168	0.566338870069979
14.090637534330051	11.669359436616078	0.046498797744075046	0.6237050194194553
14.149031945901264	11.745180248232934	-0.011857199427857049	0.6812649526673837
14.217302808338387	11.826810159550728	-0.08001490419070799	0.7385043542674163
14.295848178608436	11.915443765639552	-0.1579389002403653	0.795162476039859
14.384828763318556	12.011832331876217	-0.24511316473672665	0.849900195368882
14.48391613576764	12.116229342930792	-0.3396751884206426	0.9001434128427966
14.59218585155798	12.22810500675098	-0.43931674518903474	0.9428921271997646
14.708082275432345	12.346512911683003	-0.540315992895328	0.9754469364131886
14.829794460864424	12.470136588519427	-0.6385318235017469	0.9948838233346069
14.955509758516747	12.597755987534512	-0.729979426720307	0.999014323760526
15.086413097898799	12.730944105857622	-0.8128207516365777	0.9860288710518945
15.217324596101259	12.866218124837026	-0.8817610019218804	0.9550487118533313
15.348260118019942	13.004965967129396	-0.9356316131430606	0.9053145184618995
15.479262025683182	13.149114056684239	-0.9735180953398679	0.8346297803851352
15.610438296895127	13.301238357784383	-0.9947623546410221	0.7416071895309698
15.74204407471022	13.46421809385952	-0.9989296720717957	0.6230443200873028
15.87464885016139	13.640927748905645	-0.9856985216174989	0.47603824410132406
16.00942882114275	13.83325731568817	-0.954597366578267	0.2991759488786744
16.14858303439656	14.040535611482245	-0.9044653746312097	0.09643445801243421
16.295649363789916	14.25739039949703	-0.8318520539716722	-0.11991802064537949
16.455379462006807	14.473225327392214	-0.7333101152073727	-0.3296180669363126
16.632183125483603	14.67550264211103	-0.6022094809835706	-0.5124606522874252
16.828771439755954	14.856377064501237	-0.4348350465865474	-0.6584684489282329
17.04452876549975	15.01539083052074	-0.2320077896123061	-0.7695729765169527
17.274466588816438	15.156422875345818	-0.0042901818002639095	-0.851425994464769
17.50850941503732	15.282141539047304	0.2276354171762231	-0.9103867018002632
17.734357787983985	15.390899044299887	0.43983280507722444	-0.9500726586223033
17.943595995364152	15.477988843895087	0.6166352840505804	-0.9732404050212126
18.134581743369132	15.539626256986994	0.7547608763341589	-0.9854402237377022
18.31007702072914	15.575237917231055	0.8575647834168152	-0.9910101984275546
18.473803399916118	15.587198082259192	0.9301959765836616	-0.9925756169858229
18.628821895738813	15.579860386050258	0.9752558038901176	-0.9917331929229288
18.77726700078035	15.559169604975427	0.9971368861293923	-0.9884969740521924
18.92050704888924	15.531766735528922	0.9972627629022972	-0.984210925937606
19.04943991510163	15.504462908933164	0.9798033493781438	-0.9790145934562564
19.17776896987056	15.483033988941818	0.9462967501196775	-0.9743407882883856
19.305365429296966	15.472087834801773	0.8975705106729575	-0.9719533515062839
19.432037192734363	15.474898599949746	0.8347771181802719	-0.9725664000724075
19.557467765519586	15.49350657104074	0.7594305135171102	-0.9766249355228082
19.68117884397126	15.528732515024029	0.6734406638896422	-0.983736347350147
19.802489621322493	15.580407322942207	0.5791387998982934	-0.9918187386297064
19.92041912749822	15.647707432932918	0.47932901719942284	-0.9981076298015268
20.03362029480029	15.729244960539532	0.37706277870954363	-0.9993316358354216
20.14037589428742	15.82309963654086	0.2761967598171574	-0.9931052483379849
20.238794608073725	15.927012035029456	0.18052994006114517	-0.9756233712204063
20.32671750103031	16.03874612195043	0.09345166528881566	-0.9454264026746034
20.40229376175907	16.156031753176315	0.01804660691187652	-0.9010842833012469
20.463934612964707	16.277015310032628	-0.043553694244424894	-0.8423242230495099
20.51065641784499	16.40017949317341	-0.09013641411869576	-0.7698085051265212
20.542152974243734	16.524368587694532	-0.12148802995728361	-0.6848361025569011
20.55875646025394	16.648702854240465	-0.13791481274807724	-0.5891584815538267
20.56178413138092	16.772381635222942	-0.14090471634329	-0.48495780570320457
20.55325319081913	16.89465139233094	-0.13248019175443124	-0.3746552150560676
20.53601093516228	17.014699123468752	-0.11537425525412265	-0.26091535207036104
20.513776906710397	17.131619143214934	-0.09324254314747754	-0.1465420754589264
20.490694403671096	17.24452026803755	-0.07026626095587586	-0.03421680257888656
20.47064948597222	17.35274256884643	-0.05026414991463056	0.07389032543508811
20.4572166907914	17.455936883208437	-0.03684019141430295	0.17620422929800625
20.45313107614831	17.554313795573382	-0.032757264467310455	0.2719508925036542
20.46011297573219	17.648719420197313	-0.03973457105211596	0.3615100325116832
20.47912633360468	17.740478854959413	-0.05873542110576808	0.44528581859925953
20.51070390594225	17.83134074125023	-0.09018368368567063	0.5247202891035406
20.55529767039918	17.923031416638242	-0.13449916825166477	0.6003887518480888
20.612967433031592	18.017460554415667	-0.1914010648484942	0.6730863361887232
20.68375039687491	18.11618270388605	-0.2602794323478046	0.7425953745887109
20.767341942134124	18.22030817263747	-0.33990143226063807	0.8084475636743836
20.862965308083353	18.330369634331827	-0.4282648694880598	0.8678928650774249
20.969080852808325	18.446349758135984	-0.521404789706654	0.9193669485721648
21.08379343580173	18.567451951748048	-0.6155330307193108	0.9599981876447985
21.204906584257696	18.69269576695402	-0.706161288690897	0.987235304312496
21.330344671933744	18.82114720209524	-0.7891097554299892	0.999107807334553
21.459822170595785	18.95319289345308	-0.8617140590564009	0.9941872591593497
21.59073653968597	19.087860674954204	-0.9204764480713499	0.971423498875878
21.721680198021673	19.22545834506396	-0.9635228257766226	0.9301452074770932
21.852703694348232	19.367551478670144	-0.9901156139721504	0.8684988963012381
21.983933909006492	19.51618349122891	-0.999773419135961	0.7855409762651151
22.11566564789707	19.673551153687022	-0.9922225912981661	0.6791613376860761
22.24854228381427	19.841665760984434	-0.9668909967687763	0.54674230543225
22.383892118918467	20.021736197628297	-0.9235214724114498	0.3879676698719543
22.524177944705954	20.212920367510968	-0.8608473219080715	0.2058585485185891
22.673439553804574	20.411112650009187	-0.7759423415073787	0.009233520112364856
22.837287930265372	20.60856586467415	-0.6625535180965187	-0.18710288869997613
23.022141213866558	20.7959505234402	-0.5137240026427001	-0.3668142687446328
23.233090364291844	20.966426428933346	-0.32284121919510556	-0.5191203913317202
23.47124577874514	21.11851919897578	-0.09052955029156115	-0.6426863284957431
23.730321159890437	21.254206624701204	0.16751298390751526	-0.740235717453412
23.994251162834406	21.373398952205076	0.41888193035078786	-0.8149566246257508
24.243527436473702	21.47079657274097	0.6298651492370528	-0.8672995653766323
24.466999087382963	21.53952377175406	0.7860835722855113	-0.8994700142155911
24.665355909043406	21.577759812599762	0.8923160664569509	-0.915323615986231
24.844266380347523	21.590013741742673	0.9582210615424818	-0.9201894376095798
25.00910156502	21.584197258834873	0.9923051492040551	-0.9178798136534967
25.163682690213506	21.569112215904873	0.9990282650698465	-0.9118898061039264
25.293804058756983	21.553238518671527	0.9865779691658769	-0.9055866376801736
25.423648757659656	21.542214008513767	0.9575424769350294	-0.9006911552537678
25.553135231484855	21.540215507850796	0.9125419572196499	-0.8997840041766106
25.68214822140313	21.550105067793304	0.8525118047503745	-0.904273031936611
25.81051532180408	21.573631341907316	0.7787103171800289	-0.9136842722514675
25.93794201192573	21.611806884843137	0.6927576031384304	-0.9288431147854684
26.064044427290103	21.664697252810882	0.5966134641725962	-0.9468934153669439
26.188188599738293	21.732037517982587	0.4926782490948616	-0.9664119506314028
26.309531227485955	21.8129400761333	0.38373777143156307	-0.9838962367929849
26.426890631741255	21.906126509615174	0.2730000548453396	-0.995938788455125
26.53876101972945	22.009902553413845	0.163958165089388	-0.9994110202007745
26.64341231731863	22.122260905695477	0.060085685181836546	-0.9912624888670806
26.739008844812144	22.241105371435822	-0.03544795473257119	-0.9688821025616419
26.823887806994467	22.364369190842346	-0.12004423030815946	-0.931053488054255
26.896658070393745	22.490413709901006	-0.19189414392637638	-0.8778453138867285
26.95660760391106	22.61793044779029	-0.2503630543616626	-0.8098805822549213
27.00360600060159	22.746035194635105	-0.2954878943470803	-0.72832923750788
27.038196322850713	22.874133750943447	-0.3283014090352877	-0.6347859122029098
27.06145843523847	23.00183650226254	-0.3501846831573452	-0.5311982465375559
27.075099459012534	23.128828271404757	-0.36301714899610615	-0.4196255284757271
27.08142180561548	23.254816613695223	-0.3689440935829097	-0.30226630200440835
27.083404442594638	23.379491467883618	-0.3707633685483849	-0.18141455960229175
27.084574980543113	23.50255957377567	-0.3718374584640812	-0.059346261880212116
27.088753095611224	23.62383111909863	-0.37567131217819866	0.06184550571337044
27.099782880035423	23.743307529088177	-0.38579228282914535	0.18033735958261665
27.121178068413602	23.861284944266618	-0.40542458617425337	0.29478852884451767
27.155669006013806	23.978419620662482	-0.4367444227556267	0.4043548491750467
27.205078158225472	24.095637974712428	-0.48076105845069045	0.5084652044080075
27.270234748133515	24.213946186386767	-0.5368278237173617	0.6064952208503448
27.350896545279408	24.334163659047846	-0.6028276917802883	0.6974401520064929
27.44572483417758	24.456758399673266	-0.6757010325074505	0.7798080149606594
27.552475029079694	24.581839586179978	-0.7502087079167862	0.8517510912196242
27.668382449603	24.709105662502502	-0.8215871004410635	0.911254788888474
27.790681036702573	24.838137339786396	-0.8849319790037543	0.9565113949986332
27.917023604058777	24.968576237199787	-0.936442036194643	0.986092764016536
28.04569729511341	25.100298250527437	-0.973532197086729	0.9989811090484126
28.176050123335404	25.233605921582882	-0.9946909581354151	0.9944481107514648
28.307044881024126	25.368837919057984	-0.9989726917050281	0.971905093684149
28.438199854661818	25.506633366346094	-0.9861395332255183	0.9308260555331812
28.56974317402804	25.64783506831421	-0.9562867317438953	0.8699757477433278
28.7021759824312	25.793255743457106	-0.9095844476121067	0.7892870944814829
28.836509054994746	25.943332043374276	-0.8460133414031625	0.6889469022577096
28.974623103160415	26.09781307198871	-0.7644706154778973	0.5691012285171935
29.11981065653324	26.255583604300707	-0.6630504456222102	0.4330228558789116
29.27717278943844	26.41432345434566	-0.5378699615803505	0.2850662509068509
29.453761214257252	26.570780421503027	-0.3813177448290302	0.1323381771632928
29.657839526106454	26.721682622814637	-0.18619146813698476	-0.01813313068209222
29.89594825971433	26.86471883226216	0.05078462027379661	-0.1604077537457324
30.16670399843689	26.999071282096764	0.3159920299143748	-0.29113394907833934
30.453573163390615	27.123207534155025	0.5713492530492461	-0.40728683138377675
30.727824452434152	27.23205335145993	0.7723812602352911	-0.5040096376401682
30.969208529654754	27.31907306309093	0.9016972870834657	-0.5772144012081982
31.17641708033849	27.38278170277005	0.9711607444716133	-0.6280177647138295
31.35758130006897	27.428102447536688	0.9981676333009704	-0.6624844595042849
31.518894197059634	27.462500436802852	0.9942502365048134	-0.688068374086351
31.64958926461721	27.493031783863618	0.9724359586276105	-0.7096537455716048
31.78015692374058	27.523991405863043	0.9340983182336918	-0.7313752482529016
31.910541882804658	27.558846420599355	0.8799559261817856	-0.7544214916724076
32.04065060916928	27.600386220270224	0.8110370468345067	-0.7810551780009908
32.1703539572591	27.65061622557752	0.7286538862216654	-0.811602643795562
32.299454867431066	27.710893825277978	0.6343568055829799	-0.8453695687947034
32.42764412065087	27.78203166346684	0.5303121227298133	-0.8810058916158894
32.55445027909194	27.864338015812763	0.41885102792752504	-0.9166708758481596
32.67919777805677	27.95760403197588	0.3026472804136979	-0.9501859049138147
32.80099910890186	28.06107766550889	0.18464408499369636	-0.9768867690701604
32.91856835758461	28.173599576495086	0.06808867783512224	-0.9944603792386408
33.030485025355226	28.293477772617273	-0.04373337399675815	-0.9993987747826545
33.13521860989568	28.418800721285237	-0.14788046501250843	-0.9891737271151628
33.231342955737084	28.547699848323827	-0.2421451785733921	-0.9624356119961608
33.31781097345952	28.678561921247027	-0.3249423995338483	-0.9189611796125114
33.394212376045225	28.810169985094664	-0.39610999174960493	-0.8594188134689451
33.460764605859254	28.94177620845758	-0.4562634253508122	-0.7850416884232239
33.5183209352032	29.072994826010007	-0.5066622462305097	-0.6973812073606607
33.568327894084554	29.20367527855912	-0.5491557794686844	-0.5981633371364042
33.6127694630351	29.333797142134188	-0.5859064918919248	-0.48922217339080887
33.65414309061102	29.4633974350163	-0.6186765723240031	-0.3724755133095816
33.695380648420176	29.592519180459487	-0.6505543256401429	-0.24992233309412912
33.739721769606355	29.7212536225672	-0.6838096205750243	-0.12355433790692935
33.790518289169995	29.849727396668683	-0.7197645563929091	0.0045941633344932205
33.85075165948432	29.97808737718016	-0.760187137454051	0.1325357159813249
33.92268592009309	30.10654315914598	-0.8050247218654344	0.2583733723354719
34.00743484963409	30.23530089287263	-0.8521670637027453	0.3802181701894559
34.10467591456703	30.364492407037122	-0.8989169306984824	0.49613204709335224
34.21287154594726	30.494172132951196	-0.9407306452116153	0.6041572518516232
34.32963847328806	30.624298690058854	-0.9736970581139941	0.7023535405419741
34.45243969892493	30.754791584802557	-0.9940515284917817	0.7889068872109625
34.579059085251565	30.88557252201667	-0.9993235268117873	0.8622089647522065
34.707871328165716	31.016606081145742	-0.988253214840489	0.920909895732504
34.83784610430447	31.147913790886374	-0.9604938886285452	0.9639288673860235
34.968421331687885	31.27956977317215	-0.9163110095661191	0.9904422138732358
35.09936858351187	31.411683731114127	-0.8563583026758494	0.9998667522020287
35.23077189508841	31.544381974992927	-0.7814810516418784	0.9916780498982404
35.36285112194601	31.67775233011819	-0.6926648818675676	0.9656546877115426
35.496319101039205	31.811826489225183	-0.5906908731746853	0.9222681172141252
35.63245034636927	31.946518151562486	-0.4757050425763494	0.8620880354984108
35.77332610536458	32.08161145759561	-0.34742697420905005	0.7861186368365146
35.922018724342614	32.2167647989983	-0.2047509784606435	0.695841863290283
36.08255342369786	32.35153711273888	-0.045731988277703424	0.5932105274681074
36.259317544131676	32.485471793042564	0.13060496440630945	0.4805031250367442
36.45554180366537	32.61813169638994	0.32130948183862046	0.3602224992527905
36.67048135564251	32.749008438720224	0.5157568711113618	0.23540692889925124
36.89690665048578	32.877099715206775	0.6948754571632729	0.10936649020033695
37.12220313237683	33.00039718465667	0.8379088465985406	-0.013665326396462379
37.33438283862512	33.11597350608984	0.933929445661928	-0.12887542693339674
37.52787072809448	33.221190926836634	0.9849859965047345	-0.23223927304554703
37.703285957887736	33.31499811693112	0.9998689094513459	-0.3222962722410663
37.834165861083704	33.39852139698429	0.9906459745253867	-0.4000639651711473
37.96502130568435	33.473924634604096	0.9645155679509417	-0.4679871681205072
38.09583094960594	33.54385780959818	0.9219428457593448	-0.5286392917651984
38.22656004764143	33.61139571164025	0.8636878987381084	-0.5847704756880553
38.35715371131566	33.67957592801511	0.7908023476850379	-0.6387009799336391
38.48752551652714	33.751082743550285	0.704625929798365	-0.6918840013610288
38.61753673350047	33.82810385530283	0.6067876501280581	-0.7452123393645201
38.74697460254204	33.912287432314706	0.4992055691943531	-0.7986524636739056
38.87552133629923	34.004722320294555	0.38408692471638306	-0.850786501047091
39.002692636067025	34.10595342171815	0.2639446403407745	-0.8994968114109
39.12779254062687	34.21593825816268	0.14157993340971112	-0.9417692860602118
39.24985778709497	34.334029133997134	0.020037192758249247	-0.9746546935300926
39.367718803604866	34.45896957748776	-0.09760833516260706	-0.9946659432706857
39.48006036846238	34.58906555745035	-0.2085129155493196	-0.9990092676238467
39.5856278339837	34.72245078459262	-0.3104849020639495	-0.985972860520216
39.68348841773274	34.85741199033663	-0.4016988720782363	-0.9550360783209909
39.77332533081267	34.99261289497482	-0.4824097411194199	-0.9067049615490824
39.855422202995996	35.127265751818506	-0.5523883070751971	-0.8419339089745084
39.93078495199052	35.261003767814564	-0.6135070862711479	-0.7623578352444579
40.001010157919424	35.393787666426356	-0.6673872010332701	-0.6699565552089274
40.068220409811225	35.52572978129704	-0.7158879957512251	-0.56650565757657
40.13492196879052	35.65700841997104	-0.7608384239030892	-0.45382723794470803
40.20384668010539	35.7878116222762	-0.803784066729246	-0.3338000717122893
40.277721776148205	35.918313348449004	-0.8456023337270587	-0.20836652210292228
40.35893309380129	36.048664794711435	-0.8857859956370292	-0.07953199111614631
40.44906925356482	36.17898292912772	-0.9239615592919228	0.05063408160371432
40.54880609345151	36.309363054792584	-0.9572660772963972	0.18002620138141734
40.65760817860385	36.43985447183147	-0.9831317392011311	0.30650114129865813
40.77408157048719	36.57047270289706	-0.9976700156160428	0.4278587503619503
40.89629476837215	36.70120161549979	-0.9982541545815228	0.5419457061847865
41.02236520507368	36.83201738136504	-0.9833562810899308	0.6468374461767452
41.15078551711473	36.962901310778776	-0.9521941232033448	0.7407193333795793
41.28051134106784	37.093846314404686	-0.9048334562570742	0.8219725722815463
41.410912356969895	37.22485858614555	-0.8416746637013697	0.8891986010510111
41.54166293031586	37.35595455496935	-0.7640281299096372	0.9412354020724417
41.67265300294177	37.487155226225795	-0.6731964800169585	0.9771702213838265
41.80394256258809	37.618477574520206	-0.5706176606687648	0.9963516487052348
41.93577959830374	37.74992490058576	-0.45775960862235676	0.9984041858237246
42.06867681482431	37.88160070871249	-0.33598266388745307	0.9832267500663585
42.203514711741875	38.01339957221918	-0.20639934277425304	0.9510130078982504
42.3416735499822	38.14526286057955	-0.06975374847698872	0.9019546522456585
42.485111605427065	38.27710794996581	0.07351984604769257	0.8372977398109616
42.63616534499232	38.40883110326807	0.2226734051858582	0.7582354443356794
42.797090740103876	38.540304874701015	0.37601484146810243	0.6662631998293792
42.96919572569772	38.67134370859731	0.5291211895729746	0.5631802872712713
43.15158300875793	38.80162397862516	0.6741222384001755	0.45113425283970043
43.34044802245854	38.930505122303956	0.800725360060347	0.3327644768373865
43.52977897693942	39.05684775059971	0.8990644994608137	0.21135063002194904
43.713527241640044	39.179009291193545	0.9637176602204585	0.09072838655911822
43.88783715309093	39.295197301379105	0.9950507467198967	-0.025272495209327468
44.05167826421236	39.4040949332648	0.9974104899118919	-0.13374997317755533
44.18256956615572	39.50539364769802	0.979718631607913	-0.23323202079217803
44.313448287422496	39.599548890600026	0.9453016717213762	-0.32358080208049533
44.444300296323185	39.6879869028849	0.8947591202308067	-0.40582669855677206
44.57509995355397	39.77287196821103	0.8289765108237275	-0.4820195770615227
44.70580545900049	39.856778860969385	0.749118082834729	-0.5535101879676606
44.83634106310873	39.94215583611888	0.6566251971361166	-0.6224903694992872
44.96659284540972	40.03126631015861	0.5532041693252068	-0.6897617993761593
45.09637895765584	40.12592842338839	0.44082729535944865	-0.7548918638998873
45.225402519949185	40.22747104339311	0.3217466087293778	-0.8174946709772002
45.35323448498081	40.33667334455173	0.19846925507973023	-0.8756061875634094
45.47925771340236	40.453689857932794	0.07374379241385393	-0.9257963207292061
45.60257859295971	40.578019380843976	-0.04945256243298626	-0.9654149840612669
45.7221287246723	40.70846581855175	-0.16816375324507252	-0.9910863182730983
45.8367353996068	40.843319865478385	-0.27971620311846146	-0.9999178627929598
45.94531097185087	40.98067927969263	-0.3820963314987463	-0.9898763238990627
46.04708028419274	41.11884354759152	-0.47403168437924226	-0.9611041827948603
46.141930075988874	41.25654780071917	-0.5551358847056684	-0.9143489603407602
46.23044212026212	41.393077621570555	-0.6265202690468887	-0.8510021689603171
46.31384600696385	41.528203200145654	-0.6893336386114374	-0.7727510152551317
46.39392277656344	41.66200315311234	-0.7448475581834355	-0.6811837362616298
46.472847894641	41.794714802201945	-0.7950919662559525	-0.5782485066598053
46.553067763073585	41.926617961142995	-0.8413294998514866	-0.4659213443984995
46.63703522622469	42.057968082306836	-0.8834786621740527	-0.34605664707837536
46.72680125953348	42.188971882513734	-0.9217961484558306	-0.2205895991116011
46.823857516694396	42.319792516694505	-0.9549971692838897	-0.09153408982930339
46.928804177517975	42.45054460819388	-0.9808499085880535	0.03901810002151197
47.04126258847366	42.58129678399194	-0.9961641266915412	0.16891497693068222
47.160027411086105	42.71207969899966	-0.9988650770341925	0.2959779768597057
47.283567543371156	42.84290234965415	-0.9867946094195292	0.41805174245355897
47.410347039868505	42.97376058819014	-0.9587838648552529	0.5330497122771912
47.53911304616868	43.104647467918525	-0.9145951760433992	0.6389211606694399
47.6689910469264	43.23555868744836	-0.8547032491056539	0.7337582332029559
47.79944661579315	43.36649396273676	-0.780069080896937	0.816050503655306
47.930197337040056	43.49745510520644	-0.6919751414430244	0.8843921825565662
48.06113340681826	43.628442478341185	-0.5919203959283946	0.9376123885598024
48.19227613315229	43.759450007762744	-0.4815355674530423	0.9747949175864373
48.323781463954155	43.89045994060657	-0.36239886923403014	0.9952975322299225
48.45598548969762	44.02143791963518	-0.23636923626127287	0.9987707609479368
48.589480483391014	44.15272780785502	-0.10496931837654075	0.985112759118199
48.725197103956646	44.28405063475015	0.030490901861438578	0.95451704951977
48.864442814306045	44.41536998500338	0.16887619000952092	0.9075074140876915
49.008824722607514	44.54663673704484	0.30899714511138676	0.8449117462108661
49.15997671886849	44.67778295492571	0.44846737175242457	0.7676466490974938
