2.0622811887197123	5.9927790693450795	-0.47180280154744636	0.9576823096911489
2.180649126399845	6.113136541036188	-0.5725151169249687	0.9851724902770768
2.304103230640664	6.23826648729925	-0.6690408607340795	0.99858929784859
2.4319142124384734	6.368046907280127	-0.7582624340105198	0.9959538871005593
2.5628195478719964	6.501905664634214	-0.836861073521283	0.9756949997769157
2.693737000364029	6.638337930384133	-0.9011808911148282	0.937172795558191
2.824689211114308	6.778956772318531	-0.9501271123443511	0.8794311458206329
2.9557351918113426	6.92593701354315	-0.982699872208631	0.8001722542841154
3.087022339956313	7.082053738270392	-0.998286186969049	0.697234515753513
3.218894560994174	7.250315763207501	-0.9966652000096434	0.5673988699544763
3.352100438723792	7.433441104083124	-0.9774862222449248	0.40808565240404826
3.488137799260897	7.632613655814598	-0.940087995010117	0.21945678242856226
3.6296735590865863	7.845588167178083	-0.8829220125451638	0.008387945206641868
3.7807036307030306	8.064834006184496	-0.8024033158848953	-0.20919611432675395
3.945925158139257	8.27810022121189	-0.6933714678770757	-0.411368890951059
4.129219480670255	8.47378025272887	-0.5504495079931472	-0.5807397576837438
4.3320191593657915	8.6467904049693	-0.37122486257447507	-0.711997095641996
4.552107957895489	8.79897597907488	-0.15951872936532963	-0.8104312720844353
4.782748350947733	8.934562393218412	0.07028339696061377	-0.8819530556577879
5.0129258646605495	9.054957751931202	0.2959376595490422	-0.932205145345442
5.231484928464387	9.157261708852701	0.4959029123494905	-0.96406736175967
5.432612701879935	9.23682163515678	0.6592286350592571	-0.9823715915737619
5.616582637291734	9.290790900608322	0.7855562350193259	-0.9908128560510376
5.786759643559064	9.319678734053412	0.879134194777166	-0.9940496714612002
5.946612794147673	9.32636879767003	0.9434655482004761	-0.994679158505761
6.098773994813723	9.315477414993824	0.9829260626072436	-0.9936543574448268
6.245002521949407	9.292633366959315	0.998800847007679	-0.9911010338801982
6.38215175617773	9.264596204090582	0.9946267218962591	-0.9867157767345376
6.510809796976172	9.238022285554914	0.9737529429783435	-0.9825593837823569
6.638806063204973	9.218055988386897	0.9370142473032073	-0.9783119358697727
6.765980244087086	9.209350895270719	0.8853213973381955	-0.9764132909912804
6.89210711259038	9.214958304030764	0.8199177779413549	-0.977636308112612
7.016832110045296	9.236646847661715	0.7424144792007021	-0.9823442532829623
7.139638342033738	9.274984399420687	0.6548183852967939	-0.9883405812133339
7.259687670732838	9.329843566049895	0.5596488222749241	-0.9950061093097179
7.375909157596062	9.40013177427141	0.4598542442059187	-0.999225971910897
7.48685994573115	9.484270375355548	0.3588401230241127	-0.9981316054724307
7.59078457446749	9.580250828110188	0.2600863595808002	-0.9874522881538359
7.685554451155112	9.685817388575503	0.16756327351719932	-0.9658740408608718
7.769178322664513	9.798610475197702	0.08466086971541521	-0.9308462488497034
7.839763048616037	9.916508785896264	0.014209231750789779	-0.8812652562651576
7.8958369303223765	10.037712507181968	-0.04182776210236118	-0.8176626539203709
7.936656419167412	10.160773526912177	-0.08254213863005296	-0.7408614696659751
7.962135391784006	10.284596642559078	-0.10790386234754609	-0.6522941915350178
7.972961897005037	10.408292054969605	-0.1186805462575934	-0.5538505099587471
7.9705976187072025	10.531062362926214	-0.11632714787362979	-0.44777369153376567
7.957482963312756	10.652066398885779	-0.10327284337834376	-0.3366260076279308
7.936894667909485	10.770391254006066	-0.08277929100128131	-0.2231793465317467
7.9126560531423005	10.885093516897708	-0.05863582056728662	-0.11022016677847894
7.888809274764528	10.995304548882615	-0.03480472964386969	-0.00026956123575270265
7.869390447597076	11.100339512679804	-0.015398677030699671	0.10453092297177169
7.857634481932058	11.20005621364142	-0.0036504449543389565	0.202980111773842
7.855597747850731	11.294910328451621	-0.0016150507258187047	0.29478468690380344
7.864705234206018	11.385883913068156	-0.010716545778036022	0.38034566363455113
7.8857367589378216	11.474418918905323	-0.031734235052528086	0.46054212615022794
7.919069737898704	11.562288849243888	-0.0650363875875605	0.5368421869660035
7.964828975920568	11.651410504181554	-0.11058505117369277	0.6095249132920955
8.023278764848879	11.743553445305604	-0.1684223697361332	0.6800448705020697
8.094471385936403	11.840258422829262	-0.23811497249728736	0.7473963874922309
8.178080395411467	11.942739360598225	-0.3183673368410318	0.8116512014802731
8.273481693734091	12.051487190346046	-0.4071309131941375	0.8700828403713996
8.379308016209526	12.166380377137017	-0.5012648267723387	0.9206439367909034
8.493703290230902	12.286715073850061	-0.5967940070420286	0.9606811652798758
8.614549943818325	12.41145367506882	-0.6892033967785096	0.9875392401563315
8.739799856994992	12.539585568155262	-0.7742956544808931	0.9991587997546211
8.869294719918805	12.67156620580035	-0.8494192515448025	0.9940406042311186
9.000207501296698	12.806183803992866	-0.9108835590754407	0.9710944978345235
9.13114674039959	12.94372869086527	-0.956782716240905	0.9296307732342177
9.262158693799211	13.085796452446937	-0.9863345288360643	0.8677709438154555
9.39336041785916	13.234492936493341	-0.9990133134509427	0.7846249826409757
9.52502571258127	13.39210695228635	-0.9945061604834484	0.67785552978944
9.65775769597443	13.560813349516287	-0.9725849245399243	0.5448131300806786
9.792797579140485	13.742033174267549	-0.9328149732912439	0.3847723134648599
9.932464541927999	13.935151713231463	-0.8737457288566011	0.20057321566232078
10.080611505488354	14.136127164702078	-0.7921556221163273	0.0010390924415408377
10.242709954408056	14.33702698762735	-0.6837086919139992	-0.19847028391914529
10.424732459397045	14.527874288205084	-0.5402552074187543	-0.3807106143852623
10.631647708118104	14.701388035247568	-0.3558344010805264	-0.5347376332070958
10.864749122776159	14.855900786257974	-0.1304303075563491	-0.6581112461100126
11.11837719645648	14.993485713360851	0.12248560110308769	-0.7550892453804493
11.378240564713412	15.114870468006691	0.3733320991442421	-0.8288135353411908
11.62579975526717	15.215594491055557	0.5892917802669482	-0.880975679862757
11.849523749550393	15.288840556433287	0.753522650143154	-0.9130467648112168
12.048876360288627	15.331773186940776	0.8687540383470302	-0.9300477830070902
12.228938399664502	15.34748208563969	0.9431743825475478	-0.9353681074226357
12.394933885847365	15.343155895581155	0.984955400840372	-0.9339029038437048
12.55065554277817	15.327161620122334	0.999506458866285	-0.9282633910992637
12.685808273551247	15.307878251049074	0.9927005277160494	-0.9206063014332961
12.815627604013567	15.292138676732876	0.9690347355432405	-0.9143563908815966
12.94508985556551	15.284412483693153	0.9290902784627754	-0.9112884543266837
13.074090168879442	15.288082206743193	0.8737289468107585	-0.9127456373706149
13.20246081695159	15.305374574410745	0.8042544653592529	-0.9196121350901931
13.329947725789335	15.337429755062145	0.7221851425163501	-0.9319635619589524
13.456181812489683	15.384552689650214	0.6293931836260842	-0.9479232612495451
13.580585947402867	15.446551110636149	0.5281625594327884	-0.965770069748078
13.702351621835506	15.522662577011793	0.4211842515502114	-0.9827869560309719
13.820381998618224	15.611657628527984	0.3114870371835976	-0.9948770850098037
13.933176175761737	15.711934922201387	0.20250085867178377	-0.9998752678451153
14.039108545020866	15.821422486285988	0.0978549574126496	-0.9932630561583173
14.136238767183114	15.938041269949398	0.0009275633775004632	-0.973217813908731
14.222741173337909	16.059750482734355	-0.08542824297278007	-0.9383125994950492
14.297252900017668	16.1846718752711	-0.15932609898672326	-0.888084078653042
14.35882536374348	16.311427549391794	-0.2197401853924597	-0.8229848568756168
14.407148001780548	16.439018570714232	-0.26659992145810046	-0.7441279870729074
14.442523830875974	16.56677271966857	-0.30056551900377626	-0.653051101661337
14.465867804040812	16.694224096886273	-0.3226966533658538	-0.5515791126879235
14.47876141306477	16.820993584994238	-0.33482600671049656	-0.4417640260207413
14.483410562111748	16.946728776861647	-0.33919958213363227	-0.325829228635261
14.482650372002274	17.071069835599296	-0.3384844515266947	-0.20611017489980438
14.479918724512421	17.193656821602037	-0.33591471968855213	-0.08495895348660013
14.479038122226184	17.314203881182735	-0.3350863142152649	0.035420969636204246
14.48388882376919	17.43261057701056	-0.3396494953133732	0.15316889823364185
14.498034310797307	17.549079256608675	-0.3529565228552562	0.26692502460575107
14.524388808027888	17.664196961417016	-0.37751232498801407	0.37587486105735685
14.56506455385582	17.778880996050717	-0.41483653858067926	0.47949674873392467
14.621286619597848	17.894229057148426	-0.46524145443662573	0.5771597855134387
14.693248758274798	18.011324367620162	-0.5277329678011693	0.6684842716445445
14.780133989728448	18.130981900210116	-0.5993579482491981	0.7523806489166018
14.880210070492767	18.2535095814334	-0.6763429099754693	0.8271536725776243
14.991020394457292	18.378789436307816	-0.7534591689054297	0.890781301904201
15.109792340064393	18.506374060179336	-0.8259596735297301	0.9412270795495754
15.233928469576187	18.635783181977846	-0.889297762848129	0.976774111654212
15.3613463190417	18.766694420458585	-0.9400636765319225	0.996142082085437
15.490599892729573	18.899090347896706	-0.9759909675898673	0.9984443419925506
15.62154782252442	19.033526251497204	-0.9958076813906043	0.9829950361072476
15.752582441986526	19.170293054344242	-0.9985987084038135	0.9488287096583796
15.883837834639548	19.310365928633164	-0.9842612841897012	0.8953007048914513
16.015620947259485	19.45476675273933	-0.9528701026204757	0.8220033117644896
16.14858250992494	19.60430086553803	-0.9044656126971777	0.7284294007417189
16.284005975278735	19.75925463644074	-0.8383955326326347	0.613681547323601
16.424292263680016	19.91915778169248	-0.7538650667771762	0.48045269968195053
16.57339292564527	20.082142498185334	-0.6480860286908005	0.33164191091909234
16.73726976635761	20.245066353095012	-0.5151750957648695	0.17433642953740092
16.923714819541086	20.403899951857248	-0.34747905683161157	0.016441473435830602
17.140898840443892	20.555027804013164	-0.137378134283123	-0.1342326682112254
17.393469012809966	20.69657031200843	0.11442935482775872	-0.272588290942193
17.675047241706437	20.827930574252235	0.3858311180557119	-0.3961914864861483
17.96287656812629	20.946561600385937	0.6318674193856894	-0.5020247109922735
18.228341800643687	21.045860578646582	0.8130096082115589	-0.5854613724345872
18.458017760079702	21.120175993147075	0.9240001087199744	-0.6439289037247617
18.655680267814436	21.170942341982173	0.9811138125185663	-0.6820030402850357
18.830327999128244	21.205165716470276	0.9993961357047243	-0.7063444926963149
18.97073940305518	21.231149127347788	0.9925362583460913	-0.7247145166303656
19.101370784045525	21.25511638904071	0.9684471892217886	-0.7408372564451837
19.2318508044382	21.2811952828441	0.9276704534854363	-0.7580807015922076
19.36211348840604	21.312716359811454	0.8712666032421423	-0.7783070157703212
19.49206060410721	21.352172696917368	0.8003236320070559	-0.8024861053350173
19.62154255310712	21.40131969966056	0.7162396919001546	-0.8306478312704179
19.75032448981323	21.461310362388758	0.6207365868014586	-0.8624714857075659
19.8780630054019	21.53271752569694	0.5158630722805503	-0.8963805514215512
20.00424814609175	21.615631924648252	0.4040147701176581	-0.9302758619417357
20.12816189473141	21.709649379063368	0.28792385721531166	-0.9601668863823611
20.24873167088099	21.813944756859968	0.17071683336388563	-0.9840533776333884
20.36470636284169	21.927109918907412	0.055609279193415656	-0.9979131769000081
20.47457276370404	22.04740191197869	-0.05418484674267363	-0.9982333306277883
20.576710630635613	22.172878041307715	-0.1556450206609582	-0.9833455267737446
20.669766011113364	22.301657912937273	-0.24682263172061303	-0.9520746461244335
20.75275184289709	22.432219673040503	-0.32617614645039367	-0.9042605081372259
20.825368848534	22.563421096970977	-0.39384083756928123	-0.8405143426560757
20.887893878946514	22.69459782302	-0.4504727352976502	-0.762381195837483
20.941270490175338	22.82540146850547	-0.49747117917671746	-0.6714682180631268
20.987020928848803	22.95569196174081	-0.5368042457879418	-0.5695382328608477
21.02720404870615	23.08544116864518	-0.5700334570200933	-0.45845671377992214
21.0644138116545	23.214645398414156	-0.6002226423093857	-0.34019287831123324
21.10164692001211	23.343352844034392	-0.6296377303592393	-0.21674816090814597
21.142235654145022	23.47163276784785	-0.6604733778613083	-0.09014434203170152
21.189543786307848	23.599594860179685	-0.695299936909059	0.03762519046612665
21.24665070130917	23.72743408584114	-0.7352397175644629	0.16466192356522413
21.31586992346235	23.855383633467877	-0.780239539252122	0.2891224694840061
21.398322466246814	23.983672428024555	-0.8289634132965654	0.4091748444806645
21.493746688658447	24.112476331082895	-0.8786910717770327	0.5229563014373219
21.60061783302302	24.241875345609024	-0.9244001373815561	0.6285599560798204
21.716485000990886	24.371814875348946	-0.9620736504181544	0.7240592032102722
21.838720392389888	24.50219965095904	-0.9879285034174965	0.8076546972773987
21.965017500763224	24.632936497017187	-0.9991793381276706	0.8776003823016779
22.093661149441004	24.763980902534453	-0.9942930569161232	0.9325641087375476
22.223553784805695	24.895357891273715	-0.9727102327860933	0.9716244664807733
22.354091282886777	25.02715783531725	-0.9345344325612382	0.9940041148457235
22.48502161992373	25.15951770294418	-0.8802928688571334	0.9991590689626711
22.616429036601247	25.29259651296651	-0.8107243617154622	0.986766839874057
22.748513000385948	25.426504149374274	-0.7265774524492715	0.9567459790761268
22.8820002753147	25.561279261657823	-0.6285711609443194	0.9093081048238447
23.018195953777685	25.696829846657444	-0.5171192952410925	0.8450394787353089
23.159245560587358	25.83290117422633	-0.39171451233446464	0.7645560927349073
23.308408484198345	25.96908847337323	-0.2508108322168628	0.6698974803915728
23.47001052696388	26.104835782523075	-0.09175911770266854	0.5632938364431805
23.648834855022873	26.23959509381171	0.08673790921609813	0.44726637980107764
23.848560631377293	26.372832043848533	0.28257146138079076	0.3245824786080098
24.068722933867612	26.503995609931575	0.4853021082097193	0.1981598949898441
24.301749051137694	26.632051298515616	0.6739137147624157	0.07140509769968834
24.533542308394615	26.754848643863163	0.8253819511095946	-0.051277333670622094
24.7508229401908	26.86918269677909	0.9278199925448372	-0.16481593548276888
24.947579587212406	26.9721996957522	0.9828087045764569	-0.2653335788670466
25.124902842319937	27.06307599523796	0.9997538308311467	-0.35170636391821625
25.260232964138854	27.14327913984817	0.9918287815697945	-0.42570461040146856
25.39108341346362	27.215399370544528	0.966626423909372	-0.4896772142100114
25.52188374480295	27.282209427572198	0.924951377731648	-0.5467302193978846
25.652597318798193	27.346931690833234	0.8675519637571998	-0.5996953574739793
25.78316678320007	27.41266228059116	0.7954696722766472	-0.6509045244038307
25.913502602685625	27.482085364961012	0.710036032625275	-0.7019147316992173
26.043465115346326	27.55735283233742	0.612871635986174	-0.7534339264995473
26.172839402604907	27.64005812273537	0.5058877750181922	-0.8053663673628343
26.301305778008814	27.731236066336205	0.39128547404725	-0.8557229087302425
26.428350833655955	27.831409488883132	0.2715980628118431	-0.9034192679754837
26.55330038614201	27.940466999102643	0.14960016447247498	-0.944381896870158
26.67515000776271	28.05775500262384	0.02836887317937861	-0.9761620718399913
26.792715472245938	28.181994827750998	-0.08901534411961233	-0.9952503122204892
26.904664912941076	28.311482942624178	-0.19970687048852018	-0.9988333117510586
27.0097224632324	28.444351471474317	-0.3013605286692577	-0.9851773666286099
27.106951976259584	28.57887346484389	-0.3923706718246137	-0.9537398807991537
27.195987557245463	28.713724551995007	-0.47266260596415327	-0.9049987119801338
27.277098163994957	28.848098347319375	-0.5425034879326746	-0.8396758841369671
27.351228110268035	28.98163678280752	-0.6030896364248517	-0.7598331488282208
27.419975364033675	29.11426414446352	-0.6563892469426023	-0.6672102613824833
27.485437847867463	29.246079581515403	-0.7042849051733738	-0.5635823198449084
27.5501156973286	29.377249320305022	-0.7486487104743969	-0.45077496683318835
27.616762010222562	29.507951493676153	-0.7910903642598512	-0.3306719897415781
27.688158902505943	29.63835299288289	-0.832701287469664	-0.2052197554488686
27.766801806900364	29.76860315578059	-0.873824365746013	-0.0764226973348868
27.854533585135464	29.89883142173805	-0.9127777073600897	0.05366588562736752
27.952066770772397	30.029126013649734	-0.9483105330917164	0.1829376903949762
28.059086454578534	30.15954878352543	-0.976452471310853	0.3092609331549887
28.174173136396078	30.29011167168224	-0.9945143471151282	0.43037478475393964
28.29543966976709	30.420803512405104	-0.9993371602402985	0.5442505693614897
28.420929629612765	30.551597644762992	-0.9888407472591246	0.6489115900585174
28.549021910091895	30.682470951440703	-0.9620668291905612	0.7425409134031107
28.678575738495883	30.81341356731329	-0.9189556930238854	0.8235194860672361
28.808891710166794	30.944431083518943	-0.8600694013182106	0.8904504121798119
28.939600907547806	31.075541797424066	-0.7863747263934333	0.9421744152900713
29.070564469490378	31.206770517882617	-0.699099446264872	0.9777810526025732
29.201823116418677	31.338139600202457	-0.5996265916119776	0.9966195623232199
29.333608368025693	31.469658208523	-0.48938463247307473	0.9983125249867878
29.466416987270104	31.601412948202583	-0.36970476108411676	0.9827579075870319
29.60111434431595	31.73331130764126	-0.24155559908229224	0.9499640946876273
29.73909062779712	31.865295063044037	-0.10579941484170215	0.900494173701185
29.88231787304408	31.997275044892298	0.03716320026836573	0.8354137202557438
30.03322368640692	32.12913406869921	0.1869842482920775	0.755928987709322
30.194273703077624	32.26072903463914	0.341927568100271	0.663556143933041
30.366947082323584	32.39188453456429	0.4982445417435999	0.5600989818413825
30.550657150006746	32.522278707343794	0.6482062305712738	0.447713318587198
30.741701582494787	32.65128828340323	0.7808852521222303	0.32903123551589936
30.933814235381615	32.77777939686736	0.8856312567988609	0.20733348701430204
31.120473271923316	32.90007500885785	0.9562744658938014	0.08649692404179937
31.29736741095505	33.01630007710347	0.9927831914932211	-0.02955775722470092
31.463211445932632	33.12503055356496	0.9985149893854538	-0.13781949571502622
31.594103052632153	33.22593082981178	0.983901239097939	-0.23686426294100216
31.724982591254268	33.319447387073474	0.9524800323121776	-0.32648181638018825
31.855836281043732	33.40694993354625	0.9047876645361668	-0.4077980212408969
31.986639589653247	33.49064751845254	0.8413907495663707	-0.4828464913882023
32.1173518928941	33.57316796468302	0.7637193987497477	-0.5531582493830669
32.24790069680224	33.65701033070022	0.6731772393604476	-0.6209417638001935
32.378176232990604	33.7444801311651	0.5714349868664572	-0.6872160173109394
32.508006490025494	33.83743696812759	0.460427865632433	-0.7513834223965727
32.637101936586006	33.93725395673514	0.34237670092407535	-0.8135428747349639
32.765059063477395	34.04475425235843	0.21974543166884275	-0.8711610605534583
32.89125699771013	34.16017083767155	0.09527435654787009	-0.9216929834260608
33.01484157997747	34.2830668719307	-0.02810021956193237	-0.9621325794306952
33.13475360969236	34.41232358827709	-0.14742126527734195	-0.9890597423369213
33.24980246600135	34.54628756812006	-0.25997358568775986	-0.9996472642765459
33.358866863127496	34.683062525354366	-0.36356474272233685	-0.9921260272949518
33.46116493047742	34.82087753567583	-0.45662005852683296	-0.9652271896716776
33.55641280911976	34.95842828012907	-0.5393026651124658	-0.9202790761177566
33.645067493708765	35.09494316560096	-0.6115066234865113	-0.8586106531350401
33.72828616462459	35.230111752333556	-0.6752330576408001	-0.7818855912409859
33.80778413229755	35.363975800869994	-0.7317768757407238	-0.6918697445836619
33.88571473792366	35.496743110761344	-0.7823685507518373	-0.5903558948755085
33.96445818676958	35.62867378145853	-0.8288314050925429	-0.47906943306705335
34.04650131078309	35.760028422100376	-0.8720502393664517	-0.3599364507006194
34.134126428612994	35.8910259354024	-0.9113512026562763	-0.2349923856016894
34.22893642869691	36.02182857398655	-0.946171535089641	-0.1062447171702185
34.331743255825174	36.15255601195265	-0.9741561266766281	0.024224549211205666
34.44232884240908	36.2832817992418	-0.9931001693491976	0.15427028653188496
34.559680958137626	36.41404415264676	-0.999932108374766	0.2817197316082049
34.682251198182435	36.544852237572684	-0.992202367367767	0.4044117429433307
34.80841882866515	36.67570089048835	-0.9686764615922984	0.5202488051359708
34.93683239039159	36.80658208272422	-0.9288544274221904	0.6272454513877687
35.066522535167856	36.93749033916994	-0.8730755514328236	0.7235677384028113
35.19688370394304	37.06842468433893	-0.8022479466197368	0.8075654843449479
35.32758588944592	37.199387341776635	-0.7175970652564367	0.8776368001500074
35.458487971853565	37.3303808738056	-0.6205784126552163	0.9325740514011644
35.58958782496572	37.46140312363939	-0.5127979993666473	0.9715534982731667
35.721017196301595	37.592441100829696	-0.3959345520106346	0.9939018031113129
35.853081462874314	37.723466833236195	-0.2716435075252044	0.9992351171044578
35.98633494485158	37.854776684903314	-0.14144656032254238	0.9874222616677033
36.12166734154428	37.98612797141409	-0.006643801278072657	0.9586279645176743
36.26036105160149	38.11748333082797	0.1316354550391362	0.9133450626712889
36.40403319515715	38.24879399773664	0.27210785361597967	0.8523717589486599
36.554380613278845	38.37999581315673	0.4131550154466144	0.7768045651544747
36.71270141091516	38.51098666847775	0.5514553991190431	0.6880391188948729
36.87911811236843	38.641583895312365	0.6821624144965467	0.5877897900715713
37.051983400580205	38.77142604049034	0.7974901630728887	0.4780363870015684
37.227794705619694	38.89983971846586	0.8905313521443589	0.3616122197709007
37.402174968465275	39.025758456885555	0.9558606198038707	0.24168620229816518
37.57133758886964	39.147802468892976	0.9917845931639666	0.12179160159520837
37.73314626974678	39.26459292666374	0.9989311286660637	0.005311746609098953
37.864042559716616	39.37520856056962	0.9859729979199385	-0.10506362583345197
37.99493290180657	39.47927914982827	0.9561718713065425	-0.20775063659385473
38.12580939759622	39.57731675182085	0.9100389267171878	-0.30253542202049477
38.256656781456854	39.670731225020184	0.8483699347414853	-0.38999282524481205
38.38744562365675	39.76149933958705	0.7722392747972763	-0.4718975069015442
38.51812768076603	39.85199918111936	0.6828958222215691	-0.549557657852469
38.648618714136745	39.94451362474481	0.5819725971730525	-0.6243530815610501
38.77878481696797	40.04107776328388	0.4714807476335893	-0.6966984032573335
38.908410234478374	40.14333177133972	0.35354971245673383	-0.7663990113286003
39.03716956726042	40.25242459472368	0.2305517401675242	-0.8315183403317012
39.16454693738346	40.368945837745265	0.10512418764401127	-0.8903309385646797
39.28984052092677	40.49279832484081	-0.019919238681584368	-0.9396270396736839
39.412121368335654	40.62315653985914	-0.14167628553731326	-0.9759507089868259
39.53029121779087	40.758536163314844	-0.257384526505809	-0.9962073042012949
39.64325025618276	40.89704840362407	-0.36469181326529543	-0.9982304862199297
39.750155152178046	41.036791240703025	-0.46179142448386923	-0.9806315574479342
39.85062482972661	41.17625148684995	-0.5484211454836198	-0.9438128745381322
39.94493050788343	41.31450072567633	-0.6246824296807723	-0.8894060532576951
40.03408554327944	41.45113230011651	-0.6917549703324086	-0.8190714207131043
40.11967945739787	41.58615114430074	-0.7507600282823399	-0.7346123853876138
40.20371883187003	41.71978511368338	-0.8037057205329101	-0.6378479772798602
40.28849979809879	41.85235514426723	-0.8510878908378857	-0.5303697288736627
40.3763050709335	41.98417738010264	-0.8936714109685422	-0.4143096786859228
40.46915580234439	42.115510462493035	-0.9316197380738908	-0.29157238006823233
40.56856575286681	42.24655772341964	-0.962777939762187	-0.16412265160567585
40.675089179188426	42.377457113797185	-0.9858659203693794	-0.034021314223048535
40.78849991017553	42.50830087974753	-0.9983604840315572	0.09660240818137014
40.90781835515946	42.63913883600506	-0.9976238224035576	0.2255748075901384
41.031640055530715	42.769991287263046	-0.9817550688469557	0.3507205057109608
41.15854080422546	42.90086261492917	-0.949811167543202	0.4699114430700103
41.287347459430976	43.0317510012534	-0.9017313505063791	0.5811131719599602
41.417232108823754	43.16265370707304	-0.838123020521329	0.6824251258273614
41.54768154557754	43.29356858470081	-0.7600486029056063	0.7719973481000866
41.67841740095566	43.424493044540085	-0.6688732524813039	0.8482380295330297
41.80932189583485	43.55542089559787	-0.5661692504562369	0.9099679680069027
41.940394547617544	43.68633743637606	-0.4536483350302355	0.9561331941152046
42.07174797255207	43.81721512233916	-0.3330935459385598	0.9859493315143928
42.20364084921452	43.94801090139512	-0.20627626334847254	0.9989232200409043
42.33653919223489	44.07888684239058	-0.07486447898459228	0.9948503576851122
42.47118642736763	44.21007781028654	0.05964634010331709	0.9737188811011392
42.60865157669992	44.34126955472784	0.1958266741440001	0.9358791036245907
42.75026727086997	44.47242921185056	0.3321656105095773	0.8819909603333833
42.89742891132891	44.60350887893126	0.4668524939949499	0.8130109526180027
43.05119953013814	44.73442760818286	0.5967758762987065	0.7301930293743663
43.21172209684506	44.86503278256394	0.7172376642078886	0.6349830578237221
43.377739923689525	44.99502105594742	0.8223706316357262	0.5294460824806743
43.54653931200317	45.123833807333334	0.9064412460060928	0.4160863670961761
43.71459556628341	45.25058124029015	0.964015664268973	0.2978342660531328
43.87874571489341	45.3740914298609	0.9941953075357988	0.17800622576592778
44.03702650703001	45.4931318931341	0.9982811921250266	0.05992213856407413
44.16792359363853	45.60677515797634	0.9827360055036114	-0.053646366765503536
44.298815979910664	45.7145159519031	0.950257373862122	-0.16064594311394018
44.42969694149047	45.81660843002646	0.901387814087186	-0.2603915804577235
44.56055313019465	45.91423299934978	0.8371516935160443	-0.3532125439355025
44.69135893206162	46.00915031108041	0.7586701710756435	-0.44024138979461575
44.8220690873549	46.10352435827269	0.66732900322628	-0.5228697698362242
44.95260733064382	46.199556890460926	0.5647694142836934	-0.6021201640297008
45.0828461484578	46.299262875846196	0.45288313331127406	-0.6786875735745679
45.21258696487343	46.40431195778053	0.33380253469492477	-0.7517169168989513
45.341501599258976	46.51591771367524	0.2099176915124063	-0.82045150928557
45.469119502404624	46.63471895921057	0.08383534948656024	-0.8824272719214643
45.594764224457556	46.760663914796964	-0.041643334564392016	-0.9344385240975587
45.717533313284946	46.89294418506619	-0.16362566556900754	-0.973028580303257
45.83635885911452	47.030060083692874	-0.27935467313746687	-0.995110051270103
45.95018048257075	47.17008827795818	-0.3865646123993438	-0.9985491095493098
46.05819945476399	47.31109842900881	-0.4838631375890913	-0.98248853845457
46.16012446248593	47.451551055167755	-0.5701816331268083	-0.9464836339468645
46.256264794916376	47.59054607561838	-0.6464395422956299	-0.8926469928375014
46.347670253640494	47.72772693144382	-0.7132470587520919	-0.8227753207211908
46.4359623272752	47.86313569044892	-0.7724882604282103	-0.7387123477372827
46.52318167897064	47.997050819103315	-0.8245337918495106	-0.6422876057138742
46.61148461392303	48.12981571562345	-0.8713441566586518	-0.5352964390856557
46.70308577785499	48.26177463985709	-0.9123791441453316	-0.4194372915032577
46.7997907881976	48.39321188118348	-0.9476900997711437	-0.2968376573541721
46.90284468837537	48.52433919209238	-0.9751879529431118	-0.16945908198465293
47.01258303919746	48.65530142281501	-0.9934655866255888	-0.039358798842498155
47.12860819397518	48.78619277365454	-0.999851816162515	0.0913333540887365
47.24985408331596	48.917063952314464	-0.9920676890212057	0.22044214353555275
47.374965656415	49.04793751619484	-0.9686380281548529	0.34579196854579647
47.50265283619109	49.17882064194353	-0.9290728897654037	0.4652546684359721
47.631899868533345	49.30971385596744	-0.8735810894288427	0.5767944934515824
47.76201191708795	49.44061534895187	-0.8030092978357444	0.6785074411687283
47.892570974268466	49.571521928422264	-0.7185766214382315	0.768655166071994
48.02335827862166	49.70242721103359	-0.6217636932251228	0.8455654211209696
48.15429031471097	49.833318235800654	-0.5142335881560456	0.9078682085126869
48.28538677986885	49.96417089561446	-0.39777070520617697	0.9546403217346822
48.41677331177148	50.09494542716827	-0.274215485961566	0.9850961215034867
48.5487171675637	50.22558550690874	-0.1453852002951453	0.9987470126309104
48.681685068824116	50.356254774595804	-0.012992509150287075	0.9953977309822237
48.8164037895161	50.48738534796278	0.1214053451786239	0.9750008658904523
48.953894566838954	50.618511022460105	0.25625673982156605	0.9378921762619387
49.09538732823724	50.749602635610046	0.3898810083077569	0.8847198493557067
49.24210599271253	50.88061519673642	0.5202784854080329	0.8164272894699042
49.39488726884942	51.011467263061995	0.6442119441237222	0.7342565536608833
49.55366182201666	51.141999977668185	0.7568460085422719	0.6397702683098897
49.71705943840684	51.27190393860715	0.853012605704801	0.5348699518434399
49.882527902016534	51.40062340512882	0.9274085090284213	0.42195509348999904
50.04693561313346	51.52729118523851	0.9757328442723002	0.3040514927056895
50.20758282270956	51.650801730431965	0.9981816276675789	0.18440046236755245
50.36115020335303	51.77001125626798	0.9949371062173729	0.06621038416438058
50.49204707181504	51.88409402864864	0.9739841096077897	-0.04778378945687111
50.622938870370305	51.99260343417844	0.9363925429778696	-0.15561170908728614
50.7538185013723	52.09588553960199	0.8828062011702245	-0.25663918029233146
50.884671921907476	52.1951290959608	0.8141474467450229	-0.351059024016076
51.01547164580839	52.292050281878666	0.7316088434184275	-0.439987195035438
51.14616979469092	52.38877649194382	0.6366012622117553	-0.5246484816399628
