3.9899629899544737	0.6910831016309733	-0.6608803096448156	0.7705544737024946
4.1312177482455255	0.8327571534922923	-0.5487970515489298	0.6725900045601387
4.281306076661965	0.9750036138701663	-0.4177593733069216	0.5608882051297186
4.445447968606908	1.1166562574091794	-0.2636810619329851	0.4385338209088127
4.6299825256431255	1.2564505706164375	-0.0822750429792628	0.3091924311390683
4.840680353097258	1.393302003057226	0.1279281223062106	0.17651730983518643
5.078929375768667	1.526416591231371	0.3582932857131056	0.044350540631407684
5.336090499233669	1.6547394011035736	0.5839672395746869	-0.08380459134474981
5.59305757070572	1.7755914306417426	0.7711399274317314	-0.20328569693622855
5.830344673720874	1.884565318446015	0.8989181296998767	-0.30864227864296834
6.040069599482757	1.9781701161607472	0.9703741943382809	-0.3960038029950121
6.224859914107838	2.0562475005923395	0.998168256474517	-0.4664276303430821
6.388913378691546	2.122048501807376	0.9939905016722712	-0.5235765756410502
6.519732573660694	2.1802021895376917	0.9718068197114349	-0.5721455249308016
6.6504824752787375	2.2343503389194757	0.9330596543407919	-0.6156221650234737
6.781119430869759	2.288029235628969	0.8784494808802004	-0.6569855623880752
6.911577940772692	2.344398624580127	0.8089715836706958	-0.6984183020720507
7.0417581675696095	2.406041348876901	0.7257231003238416	-0.7411552166958626
7.171505255245123	2.4749261070166404	0.6305713085235347	-0.7855170909880176
7.3005801064120055	2.552418423783904	0.5254263094076344	-0.8310157361905657
7.428623433901537	2.6393348758424238	0.41250636423653003	-0.8764869058818963
7.555122724113942	2.735941585317651	0.29432657635636533	-0.918396119473869
7.679266813754449	2.8420282860654247	0.17377247817687846	-0.9551276932256801
7.800064323554388	2.956730186144525	0.05388184125387103	-0.9828554980124937
7.91625825872758	3.078682307654921	-0.062235656464098864	-0.9980193428123451
8.026419740443803	3.20614220693749	-0.17152416442580215	-0.9978651051415462
8.129207638148968	3.3372040737737594	-0.27163577916819953	-0.9807352290784037
8.223582656673528	3.4701802883930206	-0.36117249742890545	-0.9461698843483803
8.309066273518452	3.603771012596811	-0.43937530064855934	-0.8946795883041734
8.38589497156827	3.7371351699043975	-0.5069335635024111	-0.8274368169750251
8.45495648003683	3.8698646868727793	-0.5651735417903445	-0.7459682934528065
8.517739769250449	4.001846340965864	-0.6157834274250271	-0.6519679427012912
8.576269378262117	4.133128017746944	-0.6607766267400487	-0.5472173646306838
8.633021118357863	4.263828251816979	-0.7022623411942721	-0.43356340953335093
8.690816363230507	4.394086080663551	-0.7422063359903271	-0.3129150189866947
8.752641072880563	4.524042170370932	-0.7821648316978088	-0.18723442089942746
8.821351293368444	4.653835499294068	-0.823005995625753	-0.058514962048450525
8.899304549164853	4.783601841658291	-0.8646929847928979	0.07113296008556154
8.987907805369282	4.91346475586406	-0.9059995642598796	0.19965653908053915
9.087385722525719	5.043518902732288	-0.9431879218600375	0.3249817327754369
9.196626183955015	5.173792138516278	-0.9736379377989113	0.44500421590726075
9.313780264805352	5.30428200460727	-0.9934946677740644	0.5576633788821941
9.436650869482191	5.434951717303235	-0.9996271242675279	0.6609828678273569
9.563223939437487	5.56575990150452	-0.990115442252912	0.7531401171351078
9.691969047431165	5.6966814894715085	-0.9641580650519662	0.8325164835512867
9.821884142634923	5.827715928735685	-0.921789144891381	0.8977249007512607
9.952398436091555	5.958886339453862	-0.8636002202116289	0.947622379561438
10.083248051812676	6.090232746872151	-0.7905399300781606	0.9813151459867965
10.214391899997905	6.22180068297062	-0.7037773533281866	0.998072179508149
10.3459958149817	6.353627863262557	-0.6045811387888699	0.9973106158140902
10.478498491433042	6.4857747168593605	-0.49416436867841823	0.9792132782110698
10.612704200125327	6.618188797416171	-0.3735191162138629	0.9439969482971049
10.749977232381639	6.750792882477219	-0.24309845547419703	0.89221518111262
10.892359032669274	6.883459650282735	-0.1029880853897835	0.8247775732687384
11.042558567611492	7.016023612453805	0.04695337173176069	0.7429490603058477
11.203650166684094	7.148285411959958	0.20648693387426648	0.6483331893200934
11.378183489461204	7.28002777270677	0.37327972668343273	0.5428286861736269
11.566750778689682	7.410947648393339	0.5405319551219756	0.42863985546025496
11.766265762217541	7.54049029122921	0.6963603778505518	0.3083756980076567
11.969733498297295	7.66755672881072	0.8268216618522959	0.18533649012040618
12.16862823708241	7.790339503006299	0.9215365227852399	0.06359706869641753
12.356548853964393	7.906646904910838	0.9776358492897197	-0.05263062541649221
12.531120809564099	8.01465015150545	0.9988929589959473	-0.15990139074759638
12.680734805221146	8.113730027463133	0.9931779047288563	-0.2567751721106054
12.811615587331556	8.204646784975383	0.9699097859101999	-0.34335903044003946
12.942472044296666	8.288752834469395	0.9300778075469983	-0.4211437679557767
13.073282126814776	8.368407180454042	0.8741402060301213	-0.4918835626419281
13.204006394857487	8.446298613941254	0.8033073255749492	-0.5580139667665298
13.334581422184714	8.525156012029358	0.7189091633122533	-0.6216424449490395
13.464908002021497	8.607418158868525	0.622499275361626	-0.6841378286721932
13.594833194232494	8.69506756056619	0.5159013724341075	-0.7450172408016931
13.724093913361926	8.789594722007323	0.401233445082912	-0.8048102584534604
13.85232887382969	8.891938714582068	0.28086466445177294	-0.8609440866687317
13.978955361574434	9.00249263652791	0.1574751009341392	-0.9117909464359054
14.103204608183026	9.120981730356796	0.03393999106221853	-0.953947235317794
14.224059097258905	9.246485275886345	-0.08674010208374078	-0.9838830693848668
14.340305598512064	9.377511768664595	-0.20166940894183866	-0.998515577233133
14.450704783955128	9.512227216862957	-0.3084203443727329	-0.9957104072150541
14.554251606594544	9.64879943327275	-0.4049145385059092	-0.9745387875683538
14.650477918470246	9.785706168413366	-0.4909243639210371	-0.9352167078975508
14.739520889915442	9.921969840439619	-0.5663139832259374	-0.8787863971868455
14.822235828992024	10.057102694686089	-0.6326194556448256	-0.8065619680582133
14.900081362995236	10.191027493788509	-0.6908620756080898	-0.720295765914386
14.975051583930286	10.323875848082496	-0.7429005420533242	-0.6220564666006272
15.049507715038578	10.455865123895892	-0.7905488391367168	-0.5136426549116412
15.126011256164487	10.587232712033465	-0.8350745571654504	-0.39689184713035036
15.207080465270712	10.718193400359013	-0.8771110288247218	-0.27370475936323635
15.294875827620098	10.848925356685715	-0.9154432657784634	-0.14605668609594025
15.390704798729079	10.979556001518596	-0.9500068711044898	-0.016007748516156998
15.495103398470967	11.110184733211192	-0.9769732153380581	0.11433083785892906
15.60738628095139	11.240857868396805	-0.9944751818118126	0.24279258092162967
15.726237434304888	11.37159667818726	-0.9994260889786907	0.3672132452413041
15.84995213053182	11.502397954273404	-0.9895613042655511	0.48534138150887446
15.976895971574436	11.633249643784463	-0.9636722493316567	0.5951773787668908
16.105779831549587	11.764141070635777	-0.9215070646894263	0.6948582411451946
16.235730744033106	11.895067929728429	-0.86352540304399	0.782676036659333
16.366230656905707	12.026032766847296	-0.7906641471815534	0.8571276158909014
16.497017266888708	12.157042495518809	-0.7041732257775379	0.9169360268002182
16.62800520321985	12.28810383219379	-0.6055101442017313	0.961068552776187
16.759252203652913	12.419217294872201	-0.49625700038913767	0.9887535381000416
16.890975556782944	12.550370896780246	-0.3780281752398893	0.9994975193900759
17.023615772852096	12.681688630527646	-0.2523541583922249	0.9930881566027361
17.157924338050837	12.813134771574383	-0.12052700362749122	0.969578440645579
17.29505999223923	12.94461571387362	0.016289674380587593	0.9292785518622718
17.436612900058233	13.076080756720247	0.15712129582490955	0.8727158218296706
17.584500552093132	13.207462754653893	0.30093427605611855	0.801189246725897
17.740533586231702	13.338668203823593	0.4453345764986699	0.716019847630284
17.90566303927177	13.469554592573019	0.5866150545057428	0.6188283524590346
18.07921052953921	13.599845220579768	0.7174000326384309	0.5115880203162484
18.25820455169416	13.729007816552798	0.8297922032498286	0.3967244294880749
18.438035319780244	13.856108644122774	0.916065430057937	0.27723557193655046
18.61391094554918	13.979794688901322	0.9720036159085337	0.1566462434767163
18.782487162523093	14.098520424121816	0.9976280659411072	0.03862109366217238
18.94252161808183	14.21101073426022	0.9951913497002014	-0.07375178492048606
19.07341490723859	14.316792148108027	0.9745742271361154	-0.1786216121593633
19.204298199376268	14.415992052430077	0.9373117722310249	-0.27509141049783903
19.33515919700729	14.509638829406775	0.88404664802344	-0.3638731953204426
19.465976164558004	14.599672769819064	0.8157037240656866	-0.4459865409419562
19.59670801205721	14.688338701324227	0.7334847412834994	-0.523507370591754
19.72728949438648	14.778073830565127	0.6388582438204964	-0.5977303709165791
19.857610745910744	14.871078417477118	0.5334642959531202	-0.6694942826481781
19.98749466013868	14.969186094932315	0.4193878302891757	-0.7390222626079035
20.116667836838523	15.073777892067572	0.29895971289811013	-0.805421755052855
20.244718764685203	15.185693830967189	0.1746796820878122	-0.8663236723026575
20.37101738057551	15.305168607155638	0.04930241312323397	-0.9195303490840954
20.494733702215008	15.4317176480782	-0.07428697149333478	-0.9616323463292448
20.6148271520894	15.564155408719563	-0.19321569732005536	-0.9892767973031467
20.730157898041703	15.700755068206997	-0.3048369324273046	-0.9997736222164588
20.83971122605409	15.839577002450348	-0.4070014557974241	-0.9911840649125337
20.942820735857087	15.978891288200634	-0.4988053213043242	-0.9631156653041613
21.039388430430403	16.117480233198435	-0.5801092648589505	-0.9168610391835772
21.130073643529943	16.25467219126328	-0.6513520196460437	-0.8538850078936363
21.216175156897574	16.390274270968717	-0.7141280621862238	-0.7759300704645998
21.29951315537252	16.524413660412055	-0.7701925354964884	-0.6848042365750417
21.38229517668203	16.657369964173583	-0.8199562220343738	-0.5820554362047461
21.46682535099653	16.789454914693412	-0.8652783815472842	-0.4698605647954018
21.555392059490625	16.920947365404384	-0.9064417711938508	-0.3500824729137014
21.649903405687223	17.0520741386957	-0.9418830026346184	-0.22464534464841016
21.751431041140027	17.182997578247157	-0.9711153610347644	-0.09556914523459546
21.86031650371384	17.313835050278993	-0.9913063238462337	0.03505238136557065
21.975938977319835	17.44465334788136	-0.9995223335695818	0.16506144614019366
22.09702251160092	17.575483684985098	-0.9939767768247819	0.2922768597595792
22.22210467284593	17.70633693481039	-0.9730262947700435	0.41454265523566386
22.349818699858492	17.837212526262753	-0.9359814803930766	0.5297735499135439
22.479103794591996	17.968106843796328	-0.8829790634246805	0.6359994681494262
22.609248110075807	18.099017116900782	-0.8147599772443976	0.7312454354452611
22.739831923289458	18.229942064078507	-0.7324722689998706	0.8139089417369849
22.87064436316086	18.36087963991287	-0.6375366041295168	0.8826517618983512
23.001617966366098	18.491823009515624	-0.5313863186278527	0.9362988976571467
23.132800564650722	18.622754989342898	-0.41598053762067794	0.9739325669524804
23.264368360759303	18.75364476259745	-0.2930953283500104	0.9949142027960483
23.396673777705473	18.884445892783983	-0.16444658396828654	0.9989042597817709
23.530316488562388	19.015653067176657	-0.03160760680668828	0.9857905582370845
23.66621438740765	19.146878742289157	0.10403746463046565	0.9557529619749577
23.805613280451986	19.278091830078353	0.24121653719789704	0.9093089483860012
23.94998035246384	19.409249545880858	0.3782588723451312	0.8472763445060963
24.100681908117117	19.540290809250628	0.5128060157537602	0.7707678613647884
24.2584742606638	19.671107290615915	0.6414581547324375	0.6809942048990837
24.422963490039137	19.801481580330005	0.758196778178325	0.5799723938847478
24.59206607042134	19.93099712201836	0.8569559389742636	0.4699055053532213
24.76242810753784	20.05892866950601	0.9320382047075352	0.3534797633008675
24.930363220301764	20.184205356038415	0.9792593863824945	0.23387740008682023
25.093074154962466	20.305550032384733	0.9987542320471325	0.11452172567414516
25.240824633551934	20.42179675053659	0.9937688816852945	-0.001443551946173023
25.371719968287362	20.532252873045937	0.9712764975352174	-0.1116334869530567
25.502607944830263	20.63668552959604	0.9321893941595241	-0.21454414552444817
25.63347899799884	20.735804208417886	0.8771768617791161	-0.31023306592327665
25.76431534484017	20.831179645737947	0.8070219513263673	-0.3991728464008146
25.895081729743254	20.92476300523039	0.7230594142910878	-0.48326483024430306
26.025722863253	21.018874508302314	0.6268884594679863	-0.5631453891316767
26.1561364113836	21.11561625131309	0.5202623767395506	-0.6405091534915762
26.286171890473355	21.21689415715998	0.40517238476919115	-0.7146363885214873
26.41556839581339	21.32417025931452	0.28387093812006514	-0.7853260368519355
26.543942662257102	21.438412354580493	0.15884115899038828	-0.8508173686411611
26.670735587209105	21.559955972360317	0.032780389733967664	-0.9082540214255468
26.79516446175848	21.688414427356577	-0.09145306389500236	-0.9542434981895014
26.916230840661278	21.82265759735894	-0.21099239660962193	-0.9854161419842611
27.032829381669618	21.960962379722275	-0.32325258788331657	-0.9990519846488407
27.143966492092133	22.101357653248172	-0.42631912159279756	-0.9935688710618975
27.249027144039268	22.242052043569053	-0.5186172911314595	-0.9686756264018371
27.348009728252087	22.38174496389707	-0.6005470340327034	-0.9243740702361926
27.441495627134255	22.519817222430706	-0.6725291792975179	-0.8630667450262464
27.53081120857623	22.65609689193002	-0.7358845228749378	-0.7865700329129308
27.61777954134769	22.790741966748488	-0.7917139136821738	-0.6967219755664629
27.704520482913647	22.924061290251192	-0.8418963471513552	-0.5953419057894718
27.793322489583435	23.05640539154111	-0.8861309762673188	-0.48423623599925036
27.886197702694016	23.188079686823976	-0.9253509763992523	-0.3651839341227149
27.984845700387943	23.319339084733887	-0.9579383969965642	-0.2401797363431486
28.090143765213423	23.450363941485314	-0.9829606594795418	-0.11131529370699304
28.202209241302285	23.581276930477152	-0.9971523436768606	0.019319311099347234
28.320250073405184	23.712147588720637	-0.9985579748146163	0.1495661120381816
28.443036252700168	23.84301258074035	-0.9853830783318391	0.2772445797241345
28.569209274744818	23.973886508301863	-0.9564356603948331	0.40019524864299927
28.697561887447012	24.10477245071256	-0.9114166242865763	0.5163263385423347
28.82719034136812	24.23566923365449	-0.8507561723263751	0.6236569722129758
28.957505308553184	24.366574527801557	-0.7754027977435644	0.7203543274215591
29.08816865602797	24.497484676409776	-0.6866534541062767	0.804765331454721
29.219017313806322	24.62839214199006	-0.5859613141419794	0.8754443722986528
29.35000894507267	24.75928105028425	-0.47504232660618606	0.9309723524244248
29.481204170512047	24.890122880372143	-0.35583389228398854	0.9704826720732385
29.612783415583458	25.020873254358854	-0.23016943000149778	0.993412780813566
29.745093096673912	25.151471746149177	-0.0998245680703315	0.9994117570028089
29.878709126657252	25.282605700462906	0.03355682787283058	0.9883294902080981
30.01449791320138	25.41374969591445	0.16849206262124686	0.9603037728527963
30.15360461538479	25.544878092747474	0.3035587580464064	0.9158207230544093
30.297333444357932	25.675954110667046	0.4368083729194827	0.8556643450169787
30.44682794296935	25.806921025077393	0.5657713299068576	0.7809129246406085
30.60262081797605	25.937671167497395	0.6870274915148595	0.6929490875687996
30.76414857957867	26.06798965051821	0.7946409119923481	0.5934966390201939
30.929440285340295	26.197471398947723	0.8836458516574305	0.48468946794022205
31.09553140763225	26.32542771400132	0.9489445405093009	0.3691510970880275
31.259265185740126	26.450862544228357	0.9872663990612007	0.2499837651142712
31.418309690236725	26.57260175748754	0.9999251556260419	0.13053956074169623
31.549207928081316	26.68954710916194	0.9909232286859598	0.01398124282346927
31.68010332051941	26.800970118555725	0.9649988901860095	-0.09723200427482184
31.810991458232735	26.906710882373574	0.922599693463003	-0.2017032379250119
31.941863019010807	27.00747151327376	0.8644573009895913	-0.29919931118416687
32.07269965521979	27.10468074686042	0.7915798449372415	-0.3902865833958259
32.203466781176814	27.200277561724207	0.7052434351935125	-0.47648439921132557
32.33410754236608	27.296474284663507	0.6069803245600649	-0.5585264649648374
32.464519216518426	27.395344176754335	0.49857739872080836	-0.6379161597572004
32.594549513501256	27.498753220007192	0.3820558233275392	-0.7136987464142602
32.72392855761663	27.608136285421455	0.259699660660777	-0.7858044662818782
32.85226759864879	27.724430116848843	0.13401512451996883	-0.8522589684286274
32.97899540685526	27.847922395129306	0.007722372378962768	-0.9101525190704512
33.103319016667655	27.97815631671674	-0.11630740837273314	-0.9560724254227813
33.224242765567254	28.113920407681235	-0.2352171237242821	-0.9866795340236589
33.34069078021926	28.253424876461484	-0.3464660288086584	-0.9993433402834202
33.451732564188255	28.394672725881215	-0.44821714100835164	-0.9926157327237878
33.55684144245695	28.535897372815157	-0.539657121106751	-0.9657278560775173
33.65603367655371	28.675919417264662	-0.6201701825656163	-0.9200104718735667
33.75006876030802	28.814146712379202	-0.6911671248694483	-0.8573948275526487
33.840345036352254	28.950483119945087	-0.7533062460904698	-0.7797060387372632
33.928710413628274	29.085131442045338	-0.8087165690933759	-0.688800735455012
34.01734305089426	29.21844344219069	-0.8572099188878102	-0.5864358741364168
34.108348195672185	29.35077615785478	-0.9005838372058894	-0.47435884745264506
34.20377142220881	29.482457755838368	-0.937648595257757	-0.3546546119643858
34.30500397266234	29.613730545284167	-0.9682518287350308	-0.22924526228784772
34.4128190413637	29.744775229245825	-0.9891372355268905	-0.10014097273904624
34.526967810580004	29.87570520609651	-0.9990405158446174	0.030554883422483775
34.64663928281948	30.00659107867853	-0.9955531934043529	0.16068385889794845
34.77059051052775	30.137467934278757	-0.9769270961960885	0.2880653539288105
34.897515443084394	30.268349715412874	-0.942305988204051	0.4105438909936004
35.026309352914	30.399239869097567	-0.891678385646596	0.5260357284956213
35.15617511065519	30.53013758128128	-0.8256871117068321	0.6325708567330874
35.28660833875925	30.66104005666158	-0.7454280138369087	0.7283293366775752
35.4173283880338	30.791941711315623	-0.6523013038509711	0.8114524978878873
35.548208025168016	30.922831551923448	-0.5479173967255402	0.8806460429764442
35.6792286611254	31.053688302395614	-0.4340321146493746	0.9347730254540727
35.81046951423193	31.184476008261267	-0.31248520346514974	0.9729184559656221
35.94213044070514	31.31514175735881	-0.18509965219706703	0.9944556301168109
36.0745808130107	31.445616305097772	-0.0536993542326725	0.9990675752079715
36.20841785799352	31.57672557035941	0.07998153299449763	0.9866192290981013
36.34451929195465	31.707839298850704	0.21441777963680161	0.9572620717164648
36.48400862008773	31.83893299965456	0.34808895640949333	0.9115045945070359
36.62811177445005	31.969970298458026	0.47920709172755427	0.8501518850844658
36.77784705361131	32.10088961220038	0.6045440587628759	0.7743048634094593
36.933520464961056	32.23157539675008	0.7207610751600152	0.6853709117874024
37.094357936041646	32.361794258673804	0.8222600989977356	0.5849819709459707
37.25832653208825	32.49110888910446	0.9043902313440028	0.4754812618266326
37.422515544475445	32.618797570855065	0.9615345261747563	0.3595960938254428
37.584055491783246	32.74386392275789	0.9931127773922778	0.24042672244092736
37.74086344008912	32.86516750334492	0.9986887663592681	0.12124379252067644
37.87176139806704	32.98174184074179	0.9847657041865869	0.004977745216829096
38.00265607680244	33.09293244197389	0.9540175285882928	-0.10596863052174858
38.13354244180071	33.19867655595598	0.9069682696841933	-0.21027073521437778
38.26440993095936	33.29979113288693	0.8444239097120536	-0.30796949093426335
38.39523877330056	33.397838929362585	0.7672227349003022	-0.3994377303778024
38.525989753370624	33.494719703509084	0.6769993645707244	-0.48635101567058364
38.65660064709879	33.59263490211236	0.575371981357797	-0.5692563268389468
38.78695905928077	33.69358495298068	0.46419864239883	-0.6492075761702102
38.91689083671973	33.79934650818953	0.3455717893655623	-0.726006023129066
39.04612303686302	33.91126106476766	0.22181533635115208	-0.7980234992370963
39.17421522168473	34.030141166433474	0.09550039476347377	-0.863723618156858
39.30055333485439	34.15612263820114	-0.030625005251413873	-0.920085513994091
39.42430814698453	34.2885662810097	-0.15371104485169257	-0.9636666132846945
39.54447623980222	34.426084832036366	-0.27100407299091195	-0.9912121210498132
39.660024510624616	34.56677466398421	-0.3801683048373358	-0.9997093263398437
39.77006093212266	34.70866003122948	-0.4795246869429112	-0.9881298547928852
39.87417271545783	34.85010353374079	-0.567893940821839	-0.9570747373255207
39.97264455049851	34.99003174191522	-0.6461133447221297	-0.9077298924283219
40.0664125031202	35.128000862517275	-0.7146098229454582	-0.8415207834341017
40.15698176424623	35.26403868445589	-0.7750649538790384	-0.7603511389855968
40.24630919445988	35.39844022660796	-0.8280815408904598	-0.6664671923578642
40.33651841663515	35.53156366220947	-0.8755273358095037	-0.5616813616575205
40.42979123375371	35.66377607319363	-0.916306593724694	-0.44779820662004416
40.52781585691341	35.795377976824966	-0.9514109512291532	-0.3266822052032091
40.63189676207266	35.92661098154065	-0.9778570157799997	-0.20027005485321786
40.742331114311554	36.057636984425535	-0.9946825252173241	-0.07060108954118455
40.85877272585389	36.1885646248386	-0.9994325565575057	0.06020947405585722
40.980239080869225	36.31945511479253	-0.9899451748396834	0.18996125242083978
41.10545439426813	36.45033818132794	-0.9648390230621344	0.3164142989704698
41.23318485524795	36.58122515084026	-0.9236259786695908	0.437437675778817
41.3624461671267	36.712118501503014	-0.8665922831306025	0.5509733653682007
41.49256103724821	36.84301701262968	-0.7945927550664951	0.6550870341910989
41.623118468371715	36.97391692086749	-0.7088676617702158	0.7480028888002102
41.753900975991776	37.10481023391722	-0.6109182258335771	0.8281341955325336
41.88482204650342	37.235681003933244	-0.5024286982769275	0.8941110677493989
42.01589264886073	37.366500624725774	-0.3852076317244958	0.9448071682088557
42.14722113793195	37.49722387423934	-0.26112582750958047	0.979366267621256
42.2790436314858	37.62778807220785	-0.13204197664229297	0.9972276998175482
42.411775719797866	37.75811759777551	0.00027471549681797167	0.9981468893145504
42.546066823300094	37.889210980397145	0.1341244789822746	0.9819374985417514
42.682842192485694	38.02030223827575	0.2679060021559148	0.94867519775274
42.82325079336688	38.15136637466323	0.40001940231166644	0.8991841706150814
42.968452783003336	38.28236330080171	0.528481812757642	0.8343442803418752
43.11928157289786	38.41322082777481	0.6498965592199742	0.7553329449308681
43.27575210161731	38.54379827424261	0.7603342428189709	0.6636431931860335
43.43673513947035	38.67381782870496	0.854468737839621	0.5611343271775141
43.599956643477924	38.80278081737793	0.9276523370382135	0.4501036715069044
43.76253737141018	38.92990337757046	0.9754682943210709	0.3333305537583064
43.92190402412777	39.05415708738531	0.998103318092773	0.21397606143771877
44.07556076536229	39.17443070820943	0.9951633176984251	0.0952858998626629
44.20645807246156	39.289882796168676	0.9745083725621919	-0.019961486112990073
44.337351063502354	39.40003487943627	0.9372062268646485	-0.12974056494609332
44.46823368401392	39.50511969875458	0.883895376812583	-0.23296471340172173
44.599092840917585	39.60605925370099	0.8154927258990985	-0.3297052699705014
44.729903818513755	39.7045248922467	0.7331841730786978	-0.4210020182655806
44.860623717064485	39.80256817691077	0.6384135056520527	-0.5075761475606158
44.99117337865273	39.90225346165774	0.5327573952827113	-0.5909664943798845
45.12143200180338	40.00556446646846	0.4182902726616047	-0.6708028763696431
45.25118781252389	40.114115367620215	0.2972518743777925	-0.7470810349324883
45.38012123751159	40.229102111255344	0.17205163465708134	-0.8184113163112336
45.5077566713974	40.351128025743904	0.04530698111989439	-0.8822431517307292
45.633411864970746	40.480077601976525	-0.08019658500291793	-0.9353187572322845
45.75618716396438	40.615043860055984	-0.2016255287490005	-0.974181273812091
45.87504150375975	40.754418381849455	-0.3163440847451308	-0.9958198504738958
45.988980148769265	40.89620267424381	-0.4221673284415664	-0.9982570468521863
46.09731925965501	41.038457174163206	-0.5175296591884275	-0.9802682050989278
46.199861828277186	41.17973382078723	-0.6023610725412565	-0.942633470009229
46.29708948718716	41.31922798877718	-0.6770575588403673	-0.8872602737273728
46.390191683255466	41.45668051511883	-0.7423805477619211	-0.8159533742407004
46.48085220985555	41.59222405395187	-0.7999970605620237	-0.7305969587655541
46.57110597789793	41.72619918248118	-0.8507931395064767	-0.6328033364568062
46.66309730944127	41.85900848489545	-0.8953086541780245	-0.5246438609509656
46.758806655162495	41.99100674977154	-0.9338095033133098	-0.40804302402386505
46.8598176894644	42.12248164190833	-0.9650280874484419	-0.2848791016209653
46.966979029358406	42.25364470121918	-0.9872273869174409	-0.15712407761486427
47.0803337313512	42.384640700790584	-0.9986320957375923	-0.02684245290752856
47.199244761174825	42.51556035135246	-0.9968483940597704	0.10382847321742152
47.3225775537619	42.64645260876608	-0.9800642589221473	0.23271126698493105
47.4490613084103	42.77734007061382	-0.9473268668631942	0.35763369733551703
47.577573763442565	42.90823090604501	-0.8985353306206934	0.47647555864827307
47.70727645344934	43.03912639705703	-0.8342683037333829	0.5872122151888025
47.83762175540406	43.170024309868815	-0.7555822404078715	0.6877577260903921
47.96829369647979	43.300919102176046	-0.6638550936063985	0.776501791072164
48.099137794627495	43.4317990553627	-0.5606861189799678	0.8519564798946577
48.230110193274086	43.56264197035459	-0.44783071791196855	0.912835330898045
48.361258147557855	43.69341046703157	-0.3271435782778678	0.9581061821799335
48.49273265637984	43.82404900924759	-0.20051295914271833	0.9870182111131647
48.62482801697515	43.954485224325474	-0.06978444674353687	0.9991265499883762
48.75803620395221	44.0851304253052	0.06330635502685855	0.9942628812750773
48.8930974076558	44.21621330980551	0.1970566380818522	0.9723806834985158
49.0310005339345	44.34728530316689	0.3298589088380079	0.9338416766915179
49.17287868742884	44.47831794136157	0.4599612190347502	0.8793179728193059
49.319769162096506	44.60926376254731	0.5851096738694531	0.8097767602605307
49.472228885598966	44.74003262927308	0.7012041677499973	0.7263151209771613
49.62988079895553	44.8704448853723	0.8045538482388825	0.6307073610671188
49.79119393937819	45.000153319984705	0.8891825954676703	0.5250292537529718
49.95365178945505	45.12856722264972	0.9517060673938001	0.41174296783709424
50.1144537068702	45.2548122114241	0.9881473868316859	0.2937719594885159
50.27141217501863	45.37783067609064	0.9998137737061574	0.1743136233408974
50.402310739568456	45.4965868183678	0.9903684641199504	0.056469486131376555
50.53320706967548	45.6103281748245	0.9640092406445918	-0.05719704628370589
50.66409758359897	45.718749014447056	0.9211899694186105	-0.16482620192941433
50.79497414418066	45.82227599354181	0.8626478527765167	-0.2658332106993075
50.9258207564279	45.922188660245304	0.7893950805910717	-0.3606966410500251
51.05660786093345	46.02029676456627	0.7027087624909889	-0.4501713189760983
51.18728064509904	46.118641727088765	0.6041226608297702	-0.5358777119307062
51.31775358952867	46.21933999875486	0.49541172173796344	-0.6177493150201784
51.44786936745854	46.32422094292482	0.37860202513213437	-0.6966686194888776
51.57739481640115	46.43480651502898	0.255945206148936	-0.7717799714720851
51.70597161100475	46.55210152853569	0.12991877748376252	-0.8407864848113072
51.833042640577816	46.67648620566211	0.003234014776863416	-0.9013860860516888
51.957854627855106	46.80758049010545	-0.1212641825319364	-0.9503283331727659
52.07946938965781	46.94421456541225	-0.2407503471129696	-0.9836668259343491
52.19681275415863	47.08461363461385	-0.3526428850712002	-0.9987665086352713
52.30894157295381	47.2267579707047	-0.45503497004054094	-0.9942595982058224
52.415321459493676	47.368832439008834	-0.5470368530790464	-0.9699757280118775
52.51601608002009	47.50956927743703	-0.628407364404031	-0.9263264915303044
52.61173139302011	47.64837445407493	-0.6997264543225805	-0.8651962224950105
52.70381558871929	47.78516286760533	-0.7625066429798989	-0.7888222509092933
52.79412135614664	47.92015538072586	-0.8176518589361202	-0.6990747088826536
52.88473150826361	48.053712770059505	-0.8662859250583366	-0.5977828848065239
52.977761193699976	48.18621874397612	-0.9090000146607952	-0.4867559676392127
53.07510541942257	48.318012467972025	-0.9450244419009919	-0.36782591379394036
53.178080490775095	48.44935786346531	-0.9734541074419328	-0.24283618390049877
53.28731973515103	48.580449582765205	-0.9926706328529372	-0.11395866068788452
53.40266049832156	48.71141263117081	-0.9998613564724746	0.016715497105011377
53.52320768605244	48.84231962797223	-0.9930115124514693	0.14702897094813216
53.64773247093748	48.97320873733908	-0.9709103780839156	0.27480096504286555
53.77500469297333	49.104096929932155	-0.9328454670257472	0.3978729707746115
53.90399368150869	49.234989531352426	-0.8789104565524078	0.5141540555761803
54.03396139632312	49.36588651474834	-0.8098219033018187	0.6216629903811413
54.16444429256627	49.49678476657617	-0.7265740898029351	0.7185649416452884
54.295186017213	49.62767690690466	-0.6307364568431029	0.8032032894390144
54.42607352364083	49.75854799246853	-0.5240462390133666	0.8741285241724428
54.55709377527961	49.889370884694294	-0.4083032461939979	0.9300743723594903
54.68832473269086	50.02010192425778	-0.28538559585610507	0.9698802192314274
54.819960596457314	50.150679695314174	-0.15717811416304234	0.9931366383160909
54.95235552550751	50.28102693536235	-0.02549912683017441	0.9995118164611028
