1.0797570715475746	4.233657686551464	0.4714058283975633	-0.46044115830178206
1.0865517631731643	4.330807878919047	0.46535270964210196	-0.37233633795604926
1.0871941033463628	4.424632136990817	0.46478047449678195	-0.2836670856483172
1.0848378043340796	4.513599151854511	0.46687960695645236	-0.1974260120851571
1.081947481662199	4.596787137238103	0.4694544797157407	-0.11531767315481208
1.0805873157189052	4.673648048462591	0.47066619710272034	-0.038715446441770884
1.082137082384464	4.74412578204776	0.46928557202261323	0.03171592380612872
1.087281267815642	4.808612549600489	0.4647028231605804	0.09602857398468018
1.096313340635612	4.867775768331524	0.45665651106874827	0.1546855460900305
1.1092610262533809	4.922458056763802	0.4451219362901714	0.20843180853356333
1.1260050364751373	4.973581047490964	0.43020536790121894	0.25816129473549976
1.1463776620322197	5.022071140440345	0.4116442431890959	0.30471836559957327
1.1704111675186304	5.068870807275657	0.3895910103866794	0.34883092872940114
1.198118057001448	5.114945954401456	0.36406734380337175	0.39158387555997054
1.2295184144254023	5.161178877013082	0.33452821091703183	0.4337675661842635
1.2649590707332279	5.208440208012056	0.30102673589079015	0.47587079394526255
1.3047259877395077	5.257684192076637	0.26284509794178035	0.5184500103410481
1.3493865226890152	5.309912640709145	0.21949759435627825	0.5623196026165586
1.399597362591096	5.366113040254527	0.1703004793691139	0.6078562565658205
1.4561045887107866	5.42736627010273	0.11441175620534277	0.6552938758236
1.5197786822829438	5.4947809392177325	0.05098408287285264	0.7046325086895602
1.5915176868877179	5.56941879965587	-0.020707728675382047	0.7555593918960319
1.6721099512757747	5.652182640980712	-0.10109520588080428	0.8073721394046895
1.762069557654046	5.743677611653241	-0.19009164501920642	0.857550128124424
1.8612689857521387	5.844144399428281	-0.2862746372108501	0.9051375963468733
1.9692473429977482	5.952939049905093	-0.387816233607016	0.9456081384361312
2.0846505700429514	6.069074558038655	-0.49139189882517875	0.9767003892770454
2.205874393723473	6.191126303001173	-0.5931254551813046	0.9952766629542543
2.331210643400534	6.31771185449512	-0.6890945250262662	0.9989156733256007
2.462113065760383	6.450762531166427	-0.7776651793597393	0.985559061056495
2.593021706826168	6.585830064692764	-0.8529373167477344	0.9542684331745598
2.723948903389954	6.724309019431628	-0.9136340345650061	0.9042366256556378
2.8549281177538948	6.8681848654783755	-0.9587260395637565	0.8333618636857536
2.986045837202274	7.020162371226198	-0.9874407218770687	0.7402125002198803
3.117509519848557	7.183365337609648	-0.9992436549163143	0.6212015464375897
3.2497908978089245	7.361106718809855	-0.993758076122067	0.4730411443304084
3.3838828119268305	7.555878760960336	-0.9705542527297295	0.2936006783658175
3.5216793835219047	7.767675511241695	-0.9285472725310486	0.08615676551461177
3.66629956430722	7.991463477852645	-0.8650831013106565	-0.1370039504352359
3.821923558248156	8.21604257395589	-0.7771434870952008	-0.35407934551464143
3.992381604743814	8.427404778652448	-0.6590663783322612	-0.5423898129918592
4.179788203059011	8.616151055600557	-0.5075251744433777	-0.690335367553992
4.383381709845461	8.781283622077092	-0.3229848990135704	-0.7997171645594492
4.599142543354077	8.927171641758758	-0.11297310612478484	-0.8785982766117508
4.81951995693652	9.057992878136037	0.10688578771512763	-0.9332330885743942
5.034884070949105	9.174295487164352	0.31685872194308123	-0.9687674484739941
5.237597626969879	9.273197293328048	0.5011635034193757	-0.9880610622120893
5.424925271014511	9.351135759698664	0.653463156562496	-0.9970095521497665
5.598221986374258	9.406280597757855	0.7743047135765708	-0.9994190793554842
5.7604765043094	9.439119638357827	0.866100053656818	-0.9995495911183162
5.914427650315708	9.45173463282338	0.9325650127887302	-0.9991534097431156
6.062140560614081	9.447453913268433	0.9751880334042311	-0.9992878482769381
6.204964637589361	9.4306776180971	0.9965787510719107	-0.999814717766251
6.3437452791381315	9.406510368319234	0.9980980782006551	-0.9994262954360966
6.471624744247941	9.380918776045855	0.9822960287226484	-0.9986225763184923
6.598526421002518	9.359363400009235	0.9506562452539589	-0.9977837141427774
6.724272031983721	9.346641360619873	0.9042534148435685	-0.9965866614038313
6.848570454489062	9.346803357058645	0.8443796001472268	-0.9966019041078347
6.971009598938769	9.36235863561878	0.772551492725138	-0.9980396841120475
7.090977743949838	9.394517688082772	0.6909253287614034	-0.9990496582079633
7.207507504753016	9.443524610857695	0.6021286297899717	-0.9994112503471424
7.3193836896996185	9.508428673729329	0.5092439372137838	-0.996067822903133
7.424974199587514	9.587686355467957	0.4158549150304711	-0.9862893067341368
7.52230225729023	9.679259365743901	0.32549861876008673	-0.9677033699568636
7.6092649742573855	9.780735598660781	0.24223940410680062	-0.9369001514107282
7.683606617891724	9.889778393228323	0.16948680927548487	-0.8933986045050866
7.743587020749566	10.00411125732046	0.11013440581534113	-0.8365462513576031
7.787934280761034	10.121859436559882	0.06599122261233555	-0.7665915864222684
7.816088647693327	10.241471078887004	0.03786805861657712	-0.6846326318498481
7.828549550130893	10.361600472951402	0.02541535350592616	-0.5922530681975574
7.826636219200963	10.481084758189622	0.02732742576304252	-0.4919386263500858
7.8127467881915456	10.59876441342119	0.0412077196969381	-0.38631031563236584
7.790205150324775	10.713426084636525	0.06373080311502193	-0.27828202953170067
7.762894200216393	10.823835237343594	0.09091607394732831	-0.17083382828842206
7.735243764506088	10.928771876172723	0.11843926813987328	-0.06674280617074135
7.710779506841377	11.027396581360819	0.1426528781926693	0.03180135969913426
7.692768853909507	11.119255662185447	0.16043886408565944	0.12336002431663706
7.68281696970626	11.204600147383013	0.17026660729503523	0.2074138834672053
7.681968637197947	11.284235930385083	0.17110435760217252	0.28453581590795035
7.690462051017811	11.359403387065516	0.16271689164217287	0.35574269916107887
7.708283414632615	11.431605002681254	0.1451178338486682	0.42229950319357473
7.735335156957801	11.502505029169585	0.11834829625709485	0.4854335302124553
7.7716215834917355	11.5738462286523	0.08222885226313251	0.5463994986684205
7.8174119563238165	11.64730189680176	0.03654562051641311	0.6062790105681509
7.873008707710757	11.72452442616403	-0.019014556894542397	0.6657733404427026
7.938829859579335	11.807025112743458	-0.08470557732411252	0.7251768503385994
8.01530135053325	11.896032511427356	-0.16054446664083533	0.7832671383429034
8.102472548396646	11.992477116738018	-0.24592215667902206	0.8396033689813694
8.200048049800904	12.096701863060915	-0.33903288065792275	0.8912795807078655
8.307079657615587	12.208292711698316	-0.4376055040714428	0.9361820554680043
8.422073006431722	12.326380701048077	-0.5379807331097294	0.9710559530997884
8.543173023210365	12.449705672733913	-0.6358763349910503	0.9929614205694746
8.668505015147558	12.577040284728797	-0.7273491181525744	0.9996649126805788
8.79940799354734	12.710032867356698	-0.8106740602967377	0.9892995713895187
8.930318379223522	12.84496581811367	-0.8800266305440672	0.9609769411450373
9.061250792205687	12.983155926101727	-0.9343364860881681	0.9139749055100769
9.192244535804287	13.126447947012513	-0.9726822680881217	0.847081053211936
9.323398837989567	13.277200876995073	-0.9943997065829009	0.757500846086651
9.454952588110501	13.43828550548507	-0.9990523479507805	0.6432221834687286
9.587438127490815	13.612458304139176	-0.9863281317577532	0.500733194959374
9.721969179145642	13.801757886208486	-0.9557896718276513	0.32900722410165106
9.860644318926118	14.005795984699382	-0.9063981546446642	0.13096929095238946
10.006916655736003	14.21994735269206	-0.8349696429115333	-0.08264727890478252
10.165534034538394	14.434362118701648	-0.7377138073171216	-0.29272916751505174
10.341293475009254	14.636895310115797	-0.6082961051301528	-0.4791466119520249
10.53744851765367	14.819060588787647	-0.4420845219457799	-0.6301109363642398
10.753937882093533	14.979472653632978	-0.23923382681133212	-0.7458237669985341
10.986154575181345	15.121581477169805	-0.009413515683917375	-0.8325850615777488
11.22403342024381	15.248161885323514	0.22637602068564416	-0.8957585354993716
11.454470817335741	15.357614991113227	0.44277116104977593	-0.938799942169587
11.667955603586025	15.445004863638935	0.6225959561688208	-0.9653387515452865
11.862223150595566	15.506170599968742	0.7619195333458484	-0.9793870534397945
12.040082898952893	15.54057806638438	0.864278538614317	-0.985589095040435
12.20549697926165	15.550997967125754	0.9352351906478014	-0.9872188585224648
12.36171195846117	15.542302605306169	0.9787619603811345	-0.9858588279897049
12.510974239771967	15.520746741771852	0.9982602440353806	-0.9824873026667855
12.653301581417987	15.493214637511535	0.9957591744991066	-0.9765612626714454
12.782370276365194	15.467126930025596	0.9762884034786904	-0.9708713416621306
12.910887399464238	15.447687754625061	0.9407749646347776	-0.9660871311512012
13.038727639818692	15.439290944763455	0.8900593305241822	-0.9637448812097511
13.16568858344337	15.445031852283904	0.82531504678677	-0.9653462798986896
13.291469095578265	15.466588436106655	0.7480666558813494	-0.9707538921750715
13.415598663828105	15.504614998105856	0.6602370353773107	-0.9790477652242033
13.537383941796802	15.5589046239924	0.5641879506749693	-0.9884555287121368
13.655850029154745	15.6285554595456	0.46274458201518875	-0.9964670498167671
13.769705472922416	15.712104906935627	0.35915976289609286	-0.9998699293738256
13.877314416366852	15.807678542362297	0.25687515229112734	-0.9945562627908588
13.976667122468044	15.913113082780148	0.15973479627222548	-0.9786548350028574
14.065798634620249	16.026063206656584	0.07128769001922977	-0.9497218803647621
14.142781865953722	16.144418302413982	-0.0056112310564094894	-0.9061644015458366
14.206063442186544	16.266309782617533	-0.0688272592494385	-0.8479619663282252
14.254688047792747	16.390261295802656	-0.11722810459802363	-0.7759380217273203
14.288380234896653	16.515166643320615	-0.15056411255166519	-0.6913417895579466
14.307589786512532	16.640180376651664	-0.16953404192308152	-0.5958914522816454
14.313403396808335	16.764615355135298	-0.17527513254870364	-0.49164146982283724
14.307741944173378	16.887793374646836	-0.16968430155106703	-0.380948157241972
14.29340321607443	17.008974766257474	-0.15552443646144518	-0.26641151196873364
14.273895861789379	17.127363481204036	-0.13626041924696997	-0.1507446518328918
14.253137428789916	17.242186016929235	-0.11568462121929093	-0.03654951811467605
14.23522257596407	17.352790604277	-0.0978522087964776	0.07393813981666078
14.223821776642497	17.45885715752296	-0.0865038735671367	0.17908807576144303
14.221790233578695	17.560613892209012	-0.08448167923930136	0.2779998403953763
14.231167622943426	17.658859737185626	-0.09381591582091225	0.37097740452276634
14.253138153474923	17.75487145575276	-0.11568534256944932	0.45810761046306814
14.288414533049838	17.850371553543074	-0.15059798286558518	0.5408920627335544
14.337442109497829	17.947059163063845	-0.1988753416737897	0.6193712732631769
14.400255567818531	18.04674121910231	-0.25998224933421815	0.6944445395101506
14.476695256531462	18.150773349743442	-0.33288231952320324	0.7654668164887738
14.566102174812166	18.260026988739153	-0.41578866337678544	0.8308163963275916
14.667135036789114	18.374808269869398	-0.5052594874020226	0.8889741874559205
14.77796845121207	18.49466901747381	-0.5976471185885962	0.9372627899017267
14.896361875920615	18.618811176491327	-0.6882324336836605	0.9730723923429233
15.020060677297765	18.74629205999501	-0.7725035106755667	0.9942223661714686
15.147134586277476	18.876410196033046	-0.846698648354336	0.999156625599146
15.2780436859023	19.01004784537022	-0.9087595157597922	0.9866672638829009
15.408972405871076	19.145940756821002	-0.955287669826386	0.956014608534077
15.53995610968561	19.285389951218647	-0.9854918155806571	0.9064109917191955
15.671084391206408	19.430060897557357	-0.9988417970262599	0.8358877781317182
15.802573250318266	19.58197495137349	-0.995036634187094	0.7432262865216842
15.934905175066826	19.743091737058734	-0.9739018192844111	0.6264506426109532
16.06908839377844	19.914848054100858	-0.9351500152127106	0.4842058429051461
16.207066394694127	20.097330557628606	-0.8779188518940901	0.3173541083911447
16.35221907322753	20.28817738029202	-0.7992505330842394	0.13176317445004962
16.509745053586204	20.48168003644176	-0.6951748018461033	-0.06128744400537129
16.68619968943547	20.669591357668317	-0.5582148525493937	-0.24665221253212255
16.888137082241794	20.844148506261952	-0.38063276989193073	-0.41107312039453814
17.11942712641308	21.001569122308236	-0.1585820075849388	-0.5488347948151429
17.37752147535696	21.14254501278829	0.09855520460421005	-0.6607053930347481
17.649125221934675	21.26787123982576	0.3618917807600737	-0.7492708031871804
17.912583033257256	21.373653679519688	0.5921342673130232	-0.815099779064506
18.150693215324168	21.452303639544976	0.7654138313631942	-0.8578874448912197
18.36018633247759	21.49998855025998	0.8823370586819004	-0.8815243515353088
18.546508711088553	21.520152657718683	0.9541561708530674	-0.8906771590074265
18.716048955538913	21.520943290323103	0.990887946970932	-0.8910360396583188
18.873613393777436	21.51164313450817	0.9992444608310058	-0.8868145517591332
19.003893042637	21.50085178841517	0.9876299287856358	-0.8819161889946756
19.133934026357196	21.49432052263639	0.9593638285580347	-0.8789515441005322
19.26366699533477	21.49599548516496	0.9150367987750464	-0.8797118360985007
19.392984408666454	21.508775485839724	0.8555546111040044	-0.8855128806480407
19.521719584715076	21.534514836276728	0.7821484236345664	-0.8971963791361228
19.64963088672953	21.5741399923055	0.6963815076400641	-0.9138862484565973
19.77634025194198	21.6279868620786	0.6001834831940128	-0.9344602593666019
19.90130604299894	21.695808580670327	0.4958601037208953	-0.9563060618835294
20.023728514437384	21.77693341310376	0.3861395126590248	-0.9766776160585917
20.142522802930316	21.870207857286527	0.274135436116864	-0.9925591006681795
20.25633049963893	21.974033184779476	0.1632127933047467	-0.9994624810257262
20.36341428405923	22.086550243944377	0.056900507989913605	-0.9949621421657919
20.461973558484114	22.205689807189156	-0.041593929831286146	-0.9766064977838922
20.550374101838223	22.329381409529994	-0.12963701687383156	-0.9429032269016218
20.627242764417634	22.455935823464465	-0.20533030849776576	-0.8934953721521649
20.691849805577096	22.583994655605565	-0.2680559640467318	-0.8289521894412959
20.74401062083066	22.71266184321031	-0.31795305151159853	-0.7504372098833754
20.784158836622854	22.84136249927717	-0.3557215222784418	-0.6594976415062324
20.81337777394349	22.969718696455697	-0.3828377835351863	-0.5579389012909501
20.83329413979233	23.097469123764117	-0.40111311390224	-0.44774149008292696
20.846157784206884	23.224382063353115	-0.4129168412079419	-0.3310333443728624
20.854774340192296	23.350244440309805	-0.42082342459041155	-0.21002364285271946
20.862506314595816	23.47486142409099	-0.4278559705650263	-0.08693054338881993
20.87309392155081	23.598110841975192	-0.43728804574462293	0.036142148513748924
20.89037061392157	23.720013725439202	-0.45267915933510755	0.15733412562647092
20.91782584115763	23.840851878947664	-0.47713792215697887	0.27517001272787756
20.95826089066874	23.961209214045585	-0.5120931254462848	0.3885625169261668
21.013612796431815	24.0817697872571	-0.5587942452730552	0.49653023607651836
21.084608803252266	24.20334300179447	-0.6161771914248881	0.5981184394815781
21.170762136236636	24.326547811977804	-0.6818678881946857	0.6920558206877812
21.27042599493531	24.45171167870038	-0.7509600151578922	0.7767153528596676
21.381067223346587	24.578740835784732	-0.819266123405489	0.8501739583891983
21.49982041028926	24.707380947640363	-0.8814480301417865	0.9105699346860029
21.62399639075656	24.8372959266724	-0.9331087577488815	0.956276686835715
21.75145919864935	24.968266326546637	-0.9711215023947881	0.9860442912836631
21.88074488255715	25.100291263726948	-0.9935505592366141	0.9989808896238037
22.011288572490958	25.233681011039536	-0.9993674914504826	0.9944410453716933
22.14233709238622	25.368810922498707	-0.988122397925804	0.9719109818324233
22.27362436067282	25.50623547383784	-0.9598944714190712	0.9309608146443703
22.40547107570669	25.646573202101347	-0.914952844885953	0.8706179842509733
22.538553998767025	25.790328180838788	-0.8535305187004054	0.7910811231203946
22.674182137939145	25.937599221350876	-0.7754872813163907	0.6929999528089237
22.814683393553867	26.087847458342733	-0.6795066423093943	0.577342238226639
22.963908119413524	26.239802143623137	-0.5627439262019203	0.447081927412961
23.127570428122198	26.391416111999895	-0.4207797300862628	0.307060408806541
23.313016708839854	26.540129779733352	-0.24634883406065441	0.16260647916148785
23.527885921319672	26.68372745020398	-0.034036575115909413	0.019797073355098393
23.775943178165022	26.82094386567752	0.21226574980965923	-0.1171138363929716
24.0502873190534	26.950860141822556	0.46900332328206584	-0.24478215323489289
24.328954622706547	27.07076539096693	0.6937574129421689	-0.35893997846556014
24.585738594143272	27.17497927970504	0.8537355212900288	-0.45394717253359707
24.8089499829162	27.25879556548452	0.947794335940946	-0.5270239989996126
25.00222120591551	27.32295743672548	0.9913551309745241	-0.5804265627443197
25.173719668473662	27.372664861404065	0.9987130478209745	-0.6200252066735871
25.30450355705296	27.414486726529837	0.9849044741843378	-0.6522728363941546
25.435202430094588	27.453250022845783	0.954319635280845	-0.6813448313539208
25.565772988203708	27.492758169098813	0.9075237243576796	-0.7094603025397465
25.696145249202385	27.53627902860722	0.8453879098718267	-0.7394998623708895
25.826223253140746	27.586367039750954	0.7689715547864628	-0.7724641367066821
25.955860219696245	27.644894924742022	0.6798185077750366	-0.808330389811539
26.08482399967164	27.713132044662558	0.5798424708414791	-0.8465087277532735
26.212760661672448	27.79180139330726	0.47117210112367514	-0.8854405265962437
26.339137852203834	27.881119894067425	0.3562794810036349	-0.9233346671219306
26.463225127685472	27.980751756452776	0.23794194736724494	-0.9567964109208413
26.583995477875817	28.089868971448436	0.11923977551123506	-0.9829176793346843
26.700198814211916	28.20711037340278	0.0033365449311946616	-0.9976135050854427
26.810329550796077	28.330748244437885	-0.10654836636698112	-0.9982282735334794
26.912919484278717	28.458851919769614	-0.20776131996313785	-0.9829093698701664
27.006741220923775	28.58964054150121	-0.298498131404511	-0.9506679144238976
27.091042092104537	28.72166918600639	-0.3777717037577577	-0.9014170859998875
27.165696579454103	28.853951630827662	-0.4456775864969555	-0.8363863919331934
27.231292381292914	28.98592048688185	-0.5033547463738232	-0.7570007504608417
27.289020672653006	29.117335868601156	-0.5523627412714379	-0.6649065061001842
27.340642303563595	29.248146958284345	-0.5947265840226956	-0.5618727139308954
27.388432565299492	29.37839787471797	-0.6324820876294638	-0.4497517656870922
27.43512277603754	29.50816502717505	-0.6677496194413868	-0.3304711132256059
27.483761033058652	29.637537619140428	-0.7030994130793593	-0.20601536146436736
27.53755169122584	29.76663563587366	-0.740341350825895	-0.07838116312701762
27.599523192915612	29.8956037202523	-0.7805263094532611	0.05044030746490112
27.672085763223322	30.02460480352422	-0.823668329082206	0.1784728783853384
27.756606433667628	30.15379926997969	-0.8686353521783299	0.30374565287826866
27.85316883033874	30.28331596958109	-0.9122357870239243	0.42427698072278686
27.960526406248803	30.41320516728363	-0.9511546462373667	0.5379671594134153
28.076578711630795	30.54345419573969	-0.9802676613177035	0.6428041035581208
28.198827941984714	30.673992307798756	-0.9968341876418556	0.7369348080344047
28.325082365836504	30.804758068649697	-0.9984062138078208	0.8186551743807523
28.4536803422623	30.93571619245736	-0.9837182497602064	0.8864945852139757
28.583537266991893	31.066872833349795	-0.9524389355011019	0.9392383914410525
28.714040542758312	31.198275022885177	-0.9048732375571193	0.9759281226164286
28.844916072179885	31.329999370765496	-0.8414642938811383	0.9958536250670192
28.976142132941877	31.462132157656463	-0.7634662282937313	0.9985488850732133
29.10796560729619	31.594758887185655	-0.6719340867065735	0.9837986608457963
29.240892573104745	31.727896502960718	-0.5678716880859161	0.9516672105815069
29.37595502565056	31.861498256247717	-0.4519280021259931	0.9022176043904292
29.514877942510704	31.995432853771035	-0.324156099180467	0.8364490149450707
29.660250296650464	32.12946576268943	-0.18381076983308667	0.7557096706183035
29.815526351217326	32.26328379212017	-0.02958438317252332	0.6616401072779914
29.98457565701593	32.396561262052145	0.13894306023837838	0.5562315876191113
30.170577482640034	32.52894402656954	0.31963591724549534	0.441775452523556
30.373834030727675	32.66002322443015	0.5041714526227759	0.32081404931433205
30.589477506694237	32.78904825886723	0.6773210201071376	0.1963378246229031
30.807549951555742	32.91449554409382	0.8202241872331595	0.07214274909069221
31.01692511079344	33.03394023557456	0.9210365768435304	-0.04718631122761124
31.210762896794932	33.14474454536066	0.978651819827427	-0.15728757281912378
31.387922958772528	33.24529302711334	0.9991205310690882	-0.25564391228240396
31.5343435040311	33.335827097345465	0.9927965674303034	-0.341890635835058
31.665212478620678	33.41784773332356	0.9690284206659374	-0.417797882295667
31.79604691873533	33.49357509076239	0.9285339095490767	-0.48536596142844857
31.92681773932288	33.56580692677905	0.8721147117236651	-0.5470710793408337
32.057476706278244	33.63750725387276	0.8009085630315863	-0.6055338446812041
32.18794868725999	33.71145145112246	0.7162145797444242	-0.6626072297933925
32.31811586261886	33.78997496567396	0.6196141520479939	-0.7193804318577166
32.44779694576901	33.874892654694484	0.5129685924126884	-0.7757367106250577
32.576707104455444	33.96748900724997	0.3984280833237236	-0.8305346986929882
32.704404953273425	34.06851042213379	0.2784449707982034	-0.8825008413648112
32.83027531729557	34.17810189150868	0.15573307152514168	-0.9288130922884997
32.95346735897158	34.29579147897856	0.033233626795635754	-0.9656820476935288
33.07283801033482	34.42051024110155	-0.08596666925120999	-0.990340206339845
33.187126827989964	34.55065044727994	-0.1990010161044796	-0.9997842830814385
33.29508789673873	34.68434904005064	-0.3034537458547289	-0.9919323061423396
33.39574749968755	34.81981554761791	-0.3975186268354801	-0.9655234261599966
33.48861705752864	34.95564613929095	-0.48107605951813975	-0.921383815739755
33.57389366563951	35.09094873628785	-0.5537583638206737	-0.8606436486348346
33.652516087256146	35.22527443431166	-0.6173911989277925	-0.7848499299070522
33.72600093232232	35.358544593398165	-0.673519161551262	-0.6957095565205411
33.796386493055344	35.490873710620946	-0.7239133206306733	-0.594992867976744
33.86610333152788	35.62245719437187	-0.7703377104344098	-0.484510605343303
33.937813325742276	35.75350404293885	-0.8138572350398078	-0.3660741038633238
34.01413612315529	35.88420080299328	-0.8555777283668516	-0.2416520511249864
34.097396473750095	36.01470864972048	-0.8956126773146635	-0.11333187703504699
34.189233272794674	36.14515726823128	-0.932724782788954	0.016830672707228416
34.290277533050634	36.275639956857276	-0.9641439588550653	0.14672376940328818
34.39999722861184	36.406204962566775	-0.9871317920284286	0.2741930451064536
34.51702497167729	36.53686913479334	-0.9987282550980408	0.3970864185466051
34.63955846768187	36.66762463136895	-0.9962194473668684	0.5132983729228624
34.76580330969001	36.79845261748533	-0.9779712199328005	0.6208229702587866
34.894308210080446	36.92933699463511	-0.9433922209428507	0.7178034014974872
35.024070003153696	37.06027109272832	-0.892694861940464	0.8025689125319683
35.15448273989703	37.19125877222922	-0.8266382087119564	0.8736609926494107
35.28523242079908	37.32231185157877	-0.7463377750427262	0.9298412171786118
35.41620726514342	37.45344503145786	-0.653142132214813	0.9698177797964793
35.54745739015254	37.58467096658879	-0.5485381302468828	0.9931706891609162
35.67920796365409	37.71598848750709	-0.434050553197974	0.9994699789827781
35.811929533987254	37.847524015505115	-0.3111117249092592	0.9885566425054675
35.946433290177104	37.97916205015649	-0.180850476984071	0.9605710749282563
36.08399103994616	38.11085596108885	-0.044295317756278686	0.9159766756508039
36.226368514763955	38.24253750184128	0.09784958459964328	0.8555560506215686
36.37570464830346	38.374118417895644	0.24484708562802585	0.7804062696422351
36.53410754424579	38.505485880803356	0.3945523729291438	0.6919281233720403
36.702766455514926	38.63648525919101	0.5432397420782671	0.5918178402951328
36.8810562093753	38.76682211079639	0.6836159633886751	0.4821247947068645
37.065705836606455	38.895926553760226	0.8058993574903492	0.3652934355827229
37.25134254382318	39.02277161465369	0.9012200885490075	0.2446006322377904
37.432373218609136	39.14585723101986	0.9642842772162853	0.1237278878907806
37.60500741453856	39.263497681162924	0.9950842031796727	0.006406271609494145
37.76797080923577	39.37432278621642	0.9974596202778193	-0.10418192762842776
37.89886337649575	39.4778108315108	0.9798322399106024	-0.20631791583623077
38.02974498828834	39.57431921223488	0.9454771063776025	-0.29965737715744356
38.16060307854949	39.66507548373261	0.8949914845504469	-0.38480309629096965
38.29141376231975	39.752058177046074	0.8292580031161123	-0.46348675315447246
38.422136574600536	39.837721804785495	0.7494378255867251	-0.5377510595663432
38.55270612814343	39.9245668550768	0.6569624124393167	-0.6085946339864003
38.68300689401216	40.01480366839852	0.5535354798704137	-0.6777321640585336
38.81287007547243	40.110308469564224	0.4411155553765825	-0.7445639021774069
38.9420115791481	40.212469557520706	0.32194005362522093	-0.8090639720793207
39.07003509260418	40.32212075013512	0.19848299879860923	-0.8681995327849172
39.196298517434215	40.43951283557021	0.07351872171888284	-0.9201668723162086
39.319970995583596	40.56418355190138	-0.0500298921936698	-0.9615555457668631
39.440004455474174	40.6949867699497	-0.16921155571184193	-0.988978077347453
39.55523615743516	40.83023739940621	-0.2813350543782083	-0.9996712746090703
39.664596472896484	40.968021416451535	-0.3843635541904681	-0.9918561242621269
39.76735386816923	41.10658769942317	-0.4771130720394432	-0.9645228930107463
39.86329737765623	41.24467648055002	-0.5589006396965577	-0.919062854611167
39.95300063702892	41.38154417058179	-0.6310580338099901	-0.8568722074862969
40.03768218085759	41.51695176750795	-0.6942977588332777	-0.7796459633783692
40.1191051277391	41.6509714071586	-0.7503802797377098	-0.6891758994161221
40.199428108573876	41.783843441338384	-0.8010763385252373	-0.587238519077922
40.281057704558165	41.91585959882062	-0.8473001801310063	-0.4755055386989996
40.366395135286396	42.04729393638192	-0.8891731343537816	-0.3560980937621559
40.4574386841729	42.178360770070896	-0.9272849142707996	-0.23094345826968904
40.5556849450582	42.30923186705924	-0.95918490004439	-0.1020461415653468
40.66157861586012	42.44001923530615	-0.9837527502653024	0.028499651184662304
40.77477585231273	42.57079692863542	-0.9977353425605228	0.15854609802573943
40.89409925716517	42.701598180201195	-0.9983231059117531	0.2859142961409942
41.01799649994082	42.832431754660796	-0.9840395847284217	0.4084438860757662
41.144986919098	42.963295730674844	-0.9538116143802342	0.5240436512154321
41.27386847359515	43.09418467957104	-0.9074712231163974	0.6307352208492787
41.40380550835154	43.2250948517906	-0.845542128529394	0.7266920745457719
41.534289309336316	43.356025337892106	-0.7689035908802699	0.8101672315120771
41.66505149666368	43.486976545328886	-0.6788975161311765	0.8796357984051351
41.79599010417367	43.6179467574031	-0.5771939026680388	0.9340576746720922
41.92712930563919	43.74892672359718	-0.46546580805763443	0.9724997118581106
42.05862302824482	43.87989493790941	-0.3454405224007423	0.9943034411861407
42.190799732502185	44.01081447512468	-0.21880606308326367	0.9991043965168648
42.32423626720595	44.14206951615965	-0.08711078852761547	0.9867798090275102
42.4598373598416	44.27335349667488	0.04830473849054615	0.9575009650118969
42.59886991676238	44.40463244295979	0.1862689003410701	0.9117711048311259
42.742885704131474	44.535860208142516	0.3252215786995621	0.8503965434233062
42.89341237666657	44.66697670791711	0.46327432405931757	0.7744786054025544
43.0514825790337	44.797877646245375	0.5969994920147347	0.68541924509482
43.216937817072534	44.928365789435084	0.7209251287160592	0.584815824225922
43.387919391287106	45.058052349059814	0.8280914000306624	0.4749709366178817
43.5609768779441	45.18623875450657	0.9121741517316446	0.3585889814488792
43.732077625213456	45.311856009989434	0.9688247994905432	0.23884456017098257
43.897907935612054	45.433567417177755	0.9959983351867526	0.11922383145844964
44.056833511134066	45.55011701922865	0.9969254181196502	0.0029744997791447693
44.18772933803122	45.66069116437575	0.9785932473857275	-0.10735035078175666
44.318618508468965	45.76501179300187	0.9435506098681861	-0.21023621558025968
44.449492299852096	45.8637050975942	0.8924023876656777	-0.305610773823712
44.58033416548364	45.95826096774096	0.8260349312280757	-0.39397929523518316
44.71111168264537	46.05062992025244	0.745609591368483	-0.477193913041265
44.84177318750437	46.14315683598891	0.6525511707229942	-0.5561503471793914
44.97222474009231	46.23802197932938	0.548546904814405	-0.6325085475362255
45.10232544331542	46.33719918307047	0.43552980934263563	-0.7058441116219671
45.23183178226468	46.44223596977314	0.31569843445752716	-0.7763327876950805
45.36039467460431	46.55418634820118	0.19148265538942733	-0.8419581345402495
45.487480572408636	46.67350060378435	0.06555877328363983	-0.9000308741122808
45.61232566539359	46.799933872210566	-0.059193222816087736	-0.9477385597798471
45.73397498173607	46.93248816680106	-0.1798622386813245	-0.9816534137650109
45.85134656320393	47.0695361233197	-0.2937449033667435	-0.9982929904601006
45.963359138513084	47.2091480736545	-0.39865739543857026	-0.9959165633237057
46.06925845977159	47.34948743284629	-0.4933805222486724	-0.9741950162359931
46.16886987088546	47.489155212004874	-0.5774136007801656	-0.9337477752733123
46.262709485456114	47.627340749829244	-0.651272980849498	-0.8759014879343429
46.35193241506882	47.76377714725012	-0.7162603662742755	-0.8019275537782895
46.438238860115995	47.89859515953918	-0.7738833339573827	-0.7143175798471258
