2.3614515998630674	3.299084175197558	-0.7104745931252592	-0.9871365529958159
2.4744241584082953	3.449010788141314	-0.785209493748936	-0.9529369224850417
2.584925199926997	3.594376638821154	-0.8488165373322504	-0.8989438432267287
2.6942399469555145	3.7356481297369952	-0.9014091865318238	-0.8282725200518439
2.8038431133840374	3.873583821060801	-0.9430669100444362	-0.7435091904383508
2.915103213951753	4.008995836014204	-0.9740005057719396	-0.6466059094439514
3.0291147115625625	4.142633478839938	-0.9933553872271301	-0.5393568755586693
3.1465008808726926	4.275100695820859	-0.9998458542142014	-0.4234534535314622
3.267361159602482	4.406845805188504	-0.9920983096996424	-0.300744378343892
3.3913457487026384	4.538173502994574	-0.9689265312913952	-0.17327936420914605
3.517822390244778	4.669273401215976	-0.9300343523452792	-0.04308721585399253
3.646100728525141	4.800256900492631	-0.8753634540286978	0.08771137582513597
3.775557053109288	4.931182836217314	-0.8055571707461999	0.2169450665103939
3.9057171338149663	5.062076789252572	-0.7217981579933211	0.3424396192768848
4.0362649425471995	5.192941885451244	-0.6255528001341097	0.4620639588244857
4.167011865758967	5.323761289673185	-0.5185204960425157	0.5737716671486229
4.297858824821825	5.454493508405351	-0.4025705108708707	0.6756389705435702
4.428765800294521	5.585062435013252	-0.2796982078084735	0.7659030119214344
4.559735284677987	5.715345722379239	-0.15198654676940143	0.8430056130377487
4.690810446514298	5.845167340499466	-0.02156433856653155	0.9055437884119273
4.822086767535865	5.974302215754772	0.109440786389341	0.9525282797734341
4.953731383458058	6.1024985139743535	0.23894695213810965	0.9835086099334396
5.08599807057055	6.229518622936435	0.3649429907552053	0.9983145659854258
5.219229119208718	6.355900413903536	0.4853555574183308	0.9970967850841324
5.35383744492348	6.48681859787602	0.5981582288304244	0.9789856000783279
5.490328922571668	6.61771606118875	0.7014849753372788	0.9441570556439707
5.629068120340168	6.748565633009819	0.7932074169340639	0.8932261648920528
5.7701682621141215	6.879310467180952	0.871032748281662	0.8271093765114861
5.913358519498239	7.009838467942871	0.9322029172083452	0.7470386969639349
6.057948610063988	7.139947637458702	0.9742737381363225	0.6545864175363035
6.2029500486635	7.26931192823902	0.9963891926907624	0.5516900951586402
6.347276303230715	7.397464786242019	0.997908252097079	0.4406511975877017
6.478175780864221	7.523831221476846	0.9808706620801005	0.32406028238457596
6.609074758507832	7.647806629359497	0.9470837110713548	0.20463214371854543
6.739972263031952	7.76889404437793	0.8971268315149216	0.0849438398128241
6.870865790018356	7.88690733128982	0.8318552084279509	-0.03290403735080931
7.001749480507672	8.002135852163908	0.7523871604449937	-0.147543196272845
7.132610839593756	8.115408767138563	0.6600889255999121	-0.2583869900568595
7.263425364015823	8.228030528667412	0.5565579572534369	-0.3653567262934005
7.394147354857612	8.34161141684102	0.44360656440041846	-0.46836846594587656
7.52469216735852	8.457879726555584	0.3232503682022837	-0.5675909045138001
7.65491868975069	8.578530359552598	0.197692506426894	-0.6624723348693381
7.784596165132961	8.704955968685157	0.06931397693097276	-0.751555486797719
7.913362746211884	8.837991821133786	-0.05934204874324359	-0.8323578211905442
8.040686386053691	8.977644980642863	-0.18561284619195553	-0.9015089238708645
8.165859106056603	9.122914982559175	-0.30682616311795624	-0.954486506771175
8.288007848578834	9.271886872850297	-0.42046016616958065	-0.9878561010043245
8.40630793582906	9.422162532532209	-0.5245009696821412	-0.9999178609266479
8.520282412996222	9.571460956857795	-0.617792179660886	-0.9888271007873203
8.629868178711764	9.718263557957087	-0.7000332429040397	-0.9568233371309012
8.735746169315174	9.861828576815064	-0.7718115293778832	-0.9059279064837314
8.839175394933482	10.00212598055344	-0.8330229789231538	-0.837661958881115
8.941711334051528	10.139611113371664	-0.8851980730337905	-0.7548541228749492
9.045116498768161	10.274876806665825	-0.9287161390121353	-0.6595839487784492
9.151035628254924	10.408514947833392	-0.9623306263618271	-0.5536661899238862
9.260619037270152	10.54103173487833	-0.9860937131077565	-0.4388923771682617
9.37457373263449	10.67282934963855	-0.9984233064709083	-0.31709375985387434
9.49296826156576	10.80419480857289	-0.9975225368966386	-0.19019531729701186
9.615317114002949	10.935318078522418	-0.9818415278323849	-0.060216569870729486
9.740803026336543	11.066315993489331	-0.9504246029705858	0.0706639728953146
9.868526245577831	11.197253509477521	-0.9030452906384732	0.20024535570268467
9.997695583765879	11.328162682147033	-0.8401518016628077	0.32635375553886353
10.127719247578911	11.459055998758693	-0.762717061274065	0.4468559156196427
10.258207866287297	11.589932663279862	-0.6720854488242509	0.5597020878180217
10.388933550210721	11.720779346681885	-0.569858919610741	0.6629645769427827
10.519780591461302	11.851566295987512	-0.457824170085566	0.7548731881573139
10.650708204963191	11.982240285184705	-0.3379036959746927	0.8338503625639817
10.781732938887579	12.112717005039235	-0.21211262675931974	0.8985491070911391
10.912931272699929	12.242876977319	-0.08251051450187397	0.9478951307320357
11.044459134512415	12.372569980152477	0.04885268835660769	0.981130174827508
11.176580998187093	12.501631877161593	0.17998588278622002	0.9978473042969856
11.309694829890258	12.629913873338701	0.30897981500733507	0.99795979023037
11.444336491771507	12.760869300989796	0.43374289611486905	0.9809779244561538
11.581199221115682	12.891809207761662	0.552480015577549	0.9472364086268179
11.720936009231728	13.0227108721292	0.6630820719262407	0.8973295948434832
11.863989921500634	13.153527831191294	0.7630877277262763	0.8321492791742136
12.010359426672938	13.284164847722346	0.849150548945033	0.7528962471283307
12.15942052676374	13.41443809253785	0.9178803015481489	0.6611074495553448
12.309954859931043	13.544024787624936	0.9671637924305019	0.5586963395316185
12.46038177059949	13.672420214817965	0.9939659648724842	0.44798286696667
12.609221103400415	13.798949944631739	0.9986542550040163	0.3316487277715857
12.740120348248327	13.92284754828727	0.9845936265978621	0.21257908135984543
12.871018614294428	14.043381112157874	0.9537096382842198	0.09360205173533585
13.001914137219718	14.160059308083115	0.9065263469123589	-0.02287730732830574
13.132802662498516	14.272881808302579	0.8437966358655927	-0.1352590151846523
13.263674949085416	14.38247620783258	0.7664442314054893	-0.24281764404607384
13.39451219552698	14.490033478401026	0.6760516269737791	-0.3454299317351571
13.525277627674637	14.597148983397876	0.5741992009371781	-0.44373820065476255
13.655907624059282	14.705688495131122	0.46269327302045027	-0.5383364693651723
13.786295668945023	14.817486173793695	0.3435529340213247	-0.6288671090901562
13.91625555203738	14.934148469039197	0.21901126282146693	-0.7149471950076004
14.045495601036343	15.056914413959339	0.09149729329211212	-0.7950877104491522
14.173575435142446	15.18641581839502	-0.036384542887789334	-0.8666911333531937
14.299866665088842	15.322474306748344	-0.16190725963977426	-0.9264021406787185
14.423557566850018	15.464000436827664	-0.28235533121954304	-0.9701894304845393
14.543702351568907	15.609137080941148	-0.3952345033939284	-0.9946399195444151
14.659410710249734	15.755685470379479	-0.4986119285248044	-0.9985012559586806
14.770197128183773	15.901616286388128	-0.5915075787751147	-0.9811623709128654
14.876120286459367	16.04553663775685	-0.6732756223063183	-0.9431265758228629
14.977859110639573	16.186838114704255	-0.7447568873866566	-0.8871007882936355
15.076744426360435	16.32546672667833	-0.8072396657770902	-0.8150949666685103
15.17453230607145	16.461756142553323	-0.8606429284203194	-0.7290938343308553
15.273060426275554	16.596187540565705	-0.9067807502419087	-0.6306468945241333
15.374219328495258	16.729288361618536	-0.9444235357308388	-0.5220438962558127
15.479411867713967	16.86147458991567	-0.9735507769896258	-0.40509837066303506
15.589561109273562	16.993076835220762	-0.9927979608941525	-0.2816756836138776
15.704907292781984	17.124331937387677	-0.9999040252893062	-0.15373837980909036
15.824992404416616	17.25539538490187	-0.9929271524446679	-0.023348839842337245
15.948917819710356	17.386361829018128	-0.9708455583539992	0.10735487680816029
16.07565859508024	17.51728411440108	-0.9329248049627112	0.23619738481687721
16.20426218101263	17.648188058378594	-0.879191728860749	0.3610101666292041
16.333986767289996	17.779083702236402	-0.8103067811777109	0.4796773315597591
16.464329836825584	17.90997140807175	-0.7272829274034273	0.5900710180122394
16.594989596789212	18.04084321340695	-0.6315933001082672	0.690274705676647
16.725809552678115	18.17168022758643	-0.5250377607870631	0.7786480555350453
16.85673012393947	18.302447546343473	-0.4094519100480995	0.8536817037886565
16.987763068926352	18.43308800207067	-0.2867776205019393	0.9141009364487378
17.118992274006143	18.563517936656297	-0.1590114355909395	0.9589008129548642
17.250596330977228	18.693628673066396	-0.028144736739300992	0.9873812189763539
17.382885061695394	18.823296923198814	0.10389410884093986	0.9991753205994567
17.516335205485863	18.953459870812548	0.23527148102357293	0.9941621385030139
17.65161448510788	19.084451848415195	0.3642334953676382	0.9721669890331434
17.789547599019265	19.215425035278695	0.48875309219285756	0.9335433109369469
17.930951009641866	19.346353300149325	0.6066454286552776	0.8789654674608031
18.076403963688662	19.47718504356393	0.715415817321585	0.8094044358028101
18.225957273986936	19.607814719194483	0.8116695258738473	0.7259451396847659
18.378908940188705	19.738033144548982	0.8908355466068829	0.6304470573785173
18.53373982493628	19.867468570878824	0.95049537703987	0.5249806473732037
18.688452525335173	19.99553250762397	0.9865716242633789	0.4120122719494378
18.841181025256056	20.121437937326668	0.9997369814203642	0.2943797689766346
18.97489605478606	20.24429127357138	0.9921451472052583	0.17510184062634906
19.105794168454075	20.363278998660075	0.9672133073020238	0.05703570439241135
19.236689292501467	20.477865751117065	0.9257491742314117	-0.057475667884477756
19.367576832231507	20.588033477303693	0.8684859924113171	-0.1668266247854032
19.498446562176003	20.69442868942906	0.7964102770575764	-0.2705320425803702
19.629278486946838	20.798403696962218	0.7107704603794054	-0.3690975155640404
19.76003681960045	20.90174915406411	0.6130636030388259	-0.4628158452278404
19.890652953843873	21.00634714944514	0.5050281570160952	-0.5527859582282575
20.02101635202516	21.11412857330009	0.38862820283818067	-0.6393934132990197
20.15094990236458	21.226761130151843	0.2660442768371898	-0.7216122444193751
20.280154875760772	21.34550065235649	0.1396856053002229	-0.7983974347981628
20.40818721758526	21.471042023449762	0.012157028058824406	-0.8674244894013882
20.53441522845896	21.603325616756916	-0.11378589165906179	-0.9254753510938344
20.658011101027096	21.74143750620313	-0.23535270487695323	-0.9689356975121871
20.77801577362472	21.883698231324157	-0.3499425831478757	-0.9938284481915537
20.893437304175208	22.028037038338617	-0.4554111509124126	-0.9988414959575678
21.0036538665086	22.172438554236702	-0.5505587626315995	-0.9834142663900749
21.108589397300253	22.315394222365292	-0.6351224612807999	-0.9476404382621043
21.208780794030996	22.45613795894993	-0.708900318089176	-0.8934036196565216
21.30541648690666	22.594491069772907	-0.7738336081070061	-0.8230532999509497
21.400220581999704	22.730671434742078	-0.8300301371212621	-0.738529212326438
21.495115926285774	22.865078969392233	-0.879312590404235	-0.6417105809314869
21.5921302400773	22.9981705305914	-0.9210298621984849	-0.5343531833986398
21.692949200445778	23.130350292475786	-0.955508451448862	-0.41822891635734244
21.798863161576097	23.261948370964657	-0.9814606556042857	-0.29541884702169624
21.910438018635485	23.393197191181432	-0.9963444705571685	-0.16787980313620093
22.027415216751784	23.524251628633614	-0.998861024632913	-0.0376684770052017
22.149040620521554	23.655209633731154	-0.9870739075776815	0.09308335252703782
22.27422989328814	23.78612554530186	-0.959725560992831	0.2222012580609103
22.40187582136332	23.917026063198822	-0.9163804577047792	0.3475132861564276
22.531056970708143	24.047922057331412	-0.8573461887525745	0.4668962063031265
22.661114959116457	24.17881564953432	-0.7834949300310583	0.5783185706521302
22.791635703101832	24.309702913899343	-0.6960901124797012	0.6798790139008748
22.922389613166043	24.440572937704225	-0.5966625725513841	0.7698401993744682
23.05327236858541	24.571404129822575	-0.4869325169572728	0.8464398855003813
23.18426786646234	24.70215942896478	-0.36875395266803435	0.9084965606537181
23.315438625856565	24.83278112184184	-0.24398563342370966	0.9550173036265762
23.44694281167336	24.963186169695103	-0.11472068019561299	0.9852497103826439
23.579071937440204	25.093274488153632	0.017115768603310138	0.9987605236296925
23.712295380024013	25.22341670785998	0.14971205977516303	0.9954068427457163
23.84729413494575	25.354442696598312	0.2813554529030581	0.9750447976520503
23.984958805765633	25.4854546335059	0.41035522941501695	0.9379989154248674
24.12625365588444	25.61642683728411	0.5348130733282963	0.8849171073776478
24.271988495402347	25.74731266618966	0.651593664390901	0.8167427360027639
24.422446347098575	25.878020943335812	0.757854841668441	0.7347227620134673
24.57710723352947	26.008367230558786	0.8493425239656377	0.6404388961262647
24.73449638211159	26.1380099651163	0.9213370009745263	0.5358606275545306
24.89244790031549	26.266385863223473	0.9709897760351274	0.4233281159596881
25.048688885884577	26.392679727448616	0.9960300324101323	0.30584716646335847
25.201475978350725	26.51593618798545	0.997471308162754	0.1864982771521932
25.332374430105386	26.635256153597584	0.9798580489975334	0.06821499069001472
25.46327042531755	26.749954846420838	0.9455123119223682	-0.04638675558240837
25.59416002362744	26.859849043474	0.8950243664683091	-0.1555987112853795
25.72503455883116	26.965492240246363	0.8292628301288831	-0.2588935111684999
25.855876976396054	27.068155655308853	0.7493644213622868	-0.35648493225824124
25.986654627007454	27.1695504691133	0.6567230814510325	-0.44911086251049953
26.117308766877308	27.27165559201642	0.5529793702376317	-0.5380027827967103
26.247745084861364	27.376470598260692	0.4400058790457968	-0.6230318340992926
26.377794718259565	27.48573379938281	0.3199139617207688	-0.7044941400750534
26.50719852468795	27.600855640489954	0.19503463093656795	-0.7813428416405694
26.6355612212637	27.722710547658043	0.06791132688144656	-0.8513837804724882
26.762300471179504	27.851484439894737	-0.05872425884886154	-0.9115669449448653
26.886620023826147	27.986552769537724	-0.18203574722660498	-0.9584145757694582
27.00755281266202	28.126496129429793	-0.29927736963178353	-0.988646486739877
27.124111267100858	28.269346937133438	-0.40811610005026144	-0.9998433820321714
27.23552595374319	28.41303500897323	-0.5069981607194873	-0.9900755348777536
27.34140813448234	28.55590847208061	-0.5953316096275905	-0.9601458556683891
27.44206888411049	28.696936985651494	-0.6729591149714069	-0.9116647618948196
27.538513433568326	28.835708424348518	-0.7409772578338096	-0.8464208285241481
27.632279524641202	28.972297432521255	-0.8005995939164866	-0.7660083560890876
27.72528009845568	29.10706610286154	-0.8526915731003227	-0.6726087039573168
27.81956899009051	29.240440854571265	-0.8980446781978463	-0.5682452342570389
27.9170941900433	29.372821406468468	-0.9364659424113712	-0.4547196180062708
28.019389050943833	29.504541605088804	-0.9675740993824159	-0.3338797606197681
28.127413636050843	29.635856897265853	-0.9887899927887945	-0.20765533631780597
28.241236681260098	29.76694139224292	-0.9989605627919766	-0.07807681378457114
28.36034200370483	29.89790938979303	-0.9958460076626947	0.052744460235309175
28.48371428052365	30.028826153036267	-0.9777321136294624	0.1826415702786674
28.610171758774726	30.15972471739639	-0.9437143565307082	0.30942643872307257
28.73864350857059	30.290619265339927	-0.8937121723696692	0.43082697962293537
28.868312550112584	30.42151404755053	-0.828315685643315	0.5448381425145714
28.998634995327045	30.55240753569885	-0.748593878198582	0.6495189982885434
29.129291349460072	30.683293190179445	-0.6559400426591221	0.743084580197268
29.260119971501684	30.81415695917047	-0.5519716961230018	0.8239372655435052
29.391066043633977	30.94497276920578	-0.43846620114814433	0.8906962918852329
29.52215843575375	31.075697466327462	-0.3173071498363323	0.9422271375771871
29.65351606164813	31.20626751269962	-0.19042429651414955	0.9776713434700216
29.78537964255484	31.3366003222999	-0.05971126001082568	0.9964747273032313
29.91815816152059	31.46659957013978	0.07293969855997931	0.9984085833373653
30.05247013440451	31.59764434692921	0.2057688223451456	0.9833473497406682
30.18917362781241	31.72868259071054	0.3371297946559918	0.951447935164254
30.32927432357675	31.859691966054136	0.4652632235174421	0.9030375080938033
30.47376678711939	31.990634722873565	0.5880365176232241	0.839145520958758
30.623275432210157	32.1214378089795	0.7016301069920109	0.7610177784116638
30.777621621966734	32.25195633343776	0.8028972764322474	0.670135561819263
30.935647424753412	32.38190717808138	0.8864633704649065	0.5683497022256186
31.095259882109094	32.51079813245116	0.9488525796469907	0.45794090315400604
31.2539608771596	32.63787809902622	0.9864367588720543	0.3416465447302074
31.40961576790684	32.762190887814135	0.9998018065922969	0.22254407196391254
31.54286577727415	32.88273273849183	0.9919151964637335	0.1037593889094169
31.67376299114213	32.99868934280855	0.9667674947343408	-0.011958608041442173
31.804655757276347	33.1096488522648	0.9251154898539506	-0.122608115391325
31.935537803653443	33.215869547191744	0.8676765679608575	-0.22704690366234487
32.066395453924635	33.31827632753782	0.7954430988257193	-0.3253801702181925
32.19720342553788	33.418534404948254	0.7096715679562631	-0.4184279746975725
32.32791654498192	33.51861338274005	0.6118713675377925	-0.5069139267116234
32.45845310809783	33.620530460841024	0.5037978943427799	-0.5921217530278189
32.58868624941006	33.72620893937605	0.3874359759672913	-0.6736751642804498
32.71839710497783	33.8372191121027	0.26501060598634396	-0.751239375319904
32.84724955457854	33.95469667235572	0.13897057290828874	-0.8233455225932662
32.97474715875765	34.079162087813394	0.011967825793070624	-0.8873358009791878
33.10018712034058	34.21038251310691	-0.11318992437703192	-0.9398876540863028
33.22266324945038	34.34731333302284	-0.2336759010202375	-0.9775520751098661
33.341160503781936	34.488225831627354	-0.34690790998059295	-0.9974187471315508
33.45475508901603	34.631061415521245	-0.4509097873758428	-0.9970189590843338
33.56279688934213	34.77394487849911	-0.5445819453422036	-0.9761954838532443
33.66523519083034	34.91552699534163	-0.6274396092822714	-0.9362057960089951
33.76274498400501	35.055085886319745	-0.700129094250792	-0.8786162617456392
33.85660353552509	35.192469000439644	-0.764056415970118	-0.8049533044719769
33.94857407156097	35.32791827157457	-0.8199046765189821	-0.7173620742582464
34.040681232951066	35.46181605437424	-0.8690880660211553	-0.6179491441170496
34.13502536815544	35.594565108182	-0.9117081558761535	-0.5085145472028685
34.23343494374196	35.72652316122412	-0.9476951020746094	-0.3908822583988232
34.337266260246196	35.85797689768303	-0.9753607345903992	-0.2669432256441655
34.44708814651855	35.98913296869592	-0.99354798576018	-0.13868343936229932
34.562781115854534	36.12013219833821	-0.9998347460849151	-0.008177934599763325
34.68353981639047	36.25105891733021	-0.992058875790446	0.1224263671011196
34.80818902482866	36.38195819566869	-0.9687265835004026	0.25091285783443956
34.935521941578614	36.51285091976917	-0.9293747837989973	0.3750472163284338
35.0645363207095	36.64374474198102	-0.8740864505473006	0.49274732942690774
35.194510707656164	36.774640472088834	-0.8037021335505451	0.6020107790560955
35.32499253398475	36.905534847944175	-0.7194305428593512	0.7009755105614034
35.45573081651335	37.03641956247111	-0.6227566344228034	0.7879525459697077
35.58661167187921	37.16727785465225	-0.515359278045029	0.8614557203330592
35.7176175790738	37.29807966400673	-0.39905405325051835	0.9202301998483904
35.8488172190825	37.428777054842406	-0.2757377603575204	0.9632811445372208
35.98038467908609	37.559302418969985	-0.14732260176117223	0.9899021874780276
36.11264144491136	37.689572154193826	-0.015663760281213024	0.9997004004186251
36.24610739324568	37.82044303872969	0.11749762889404464	0.9925223595044534
36.38154609697236	37.95150231991258	0.25051718715119176	0.9682866243585887
36.51994495181222	38.08254496498918	0.38155672615593833	0.9272184786181406
36.662394379420356	38.213542648154174	0.5087972157548267	0.870313204257912
36.80979524517184	38.344442572134305	0.6297839301902232	0.7985918130860024
36.96248247980401	38.47514084306379	0.7404424010451903	0.7133817759422627
37.11981333178839	38.60543221344358	0.8365658003590899	0.6163505241125499
37.28007187919037	38.73493388952232	0.9130796224518565	0.5095678122085792
37.44077974489746	38.86301575939031	0.9666292375084864	0.39556208796532777
37.59937591562823	38.988785167217074	0.9945543194881772	0.27729769811822524
37.75399939653594	39.11120838481207	0.9982762238643913	0.1579572164812861
37.884897637960016	39.22933352300956	0.9827110815370876	0.04054795508459828
38.01579308274596	39.34250145909684	0.950202368480519	-0.07250703559588366
38.14668146376494	39.450620857765564	0.9013107258104407	-0.17969552773124842
38.2775534439571	39.554317127501896	0.8370473762314233	-0.2804526609009703
38.408389925061726	39.6549045843255	0.7585271527286241	-0.3754702416825677
38.53915730674992	39.75428438524952	0.6671238616631475	-0.4654699929205113
38.669793686772394	39.85446871163949	0.5644620693433833	-0.5515998226119248
38.800196566943725	39.95748079544358	0.4524058767627213	-0.6345974711564165
38.93020318107697	40.065090223055805	0.3330485208024725	-0.7136749835379252
39.059535028434475	40.17867097846413	0.20872850191146947	-0.7883562396807275
39.18778536813914	40.29907983452855	0.08199269528274955	-0.8564726816961856
39.314359604270805	40.426488219801804	-0.04442219229964055	-0.9149950244702961
39.43844841592301	40.56027495828796	-0.16767492638415568	-0.9604652622766965
39.5590688050318	40.69904483317759	-0.28501491628195835	-0.9896127938788992
39.675210691730086	40.840865675265825	-0.3941032003309606	-0.99999493809062
39.786072211805624	40.983698202701454	-0.4933797126074943	-0.9894041379735954
39.8912014268507	41.125917137433476	-0.5819757405898456	-0.9591310387477474
39.990909958758365	41.266457024430586	-0.6598121760222484	-0.9104141803658401
40.08616452759539	41.40487793895987	-0.728574316062462	-0.8449963067286616
40.17851222835467	41.54123150628017	-0.7882589566231335	-0.7643133888148115
40.269828005947666	41.67584429864666	-0.8412988994758678	-0.6708030475314593
40.36227570071925	41.80911832620864	-0.887303257813782	-0.5663375912454475
40.457817226769784	41.94142948860126	-0.9274352269363779	-0.4527263475399238
40.558184566054564	42.073104173790554	-0.9598821573634039	-0.33181773216155747
40.6643439137623	42.20438489733924	-0.9841852670089613	-0.20555025374941804
40.776630685645515	42.335446745855755	-0.9979098690851897	-0.07595189815414283
40.894567290005845	42.466399920751485	-0.9983084070630962	0.054862982260685395
41.017089983487395	42.597306549668	-0.9841813718191362	0.18472503487481157
41.142990579939976	42.728198971153255	-0.9543684836380915	0.31140538701574183
41.27113184769401	42.85909063607706	-0.9085578895504448	0.4326984593798988
41.40062175536397	42.989985233214206	-0.8471625240825056	0.5465751984682476
41.530854988520964	43.12088160432637	-0.7711259827930171	0.6510965630907999
41.66146992120951	43.251774836523666	-0.6815836536232768	0.7444804010672872
41.79227883012668	43.38265385181334	-0.5802629204467846	0.8251322146395736
41.923213358960254	43.51349742353624	-0.4689543681857188	0.8916740447158427
42.054294540332975	43.64426921994215	-0.3495124435543298	0.9429726242690044
42.18563612203939	43.77491401865256	-0.22384448820287392	0.9781677321772808
42.31747575890169	43.905357906880816	-0.09384018638766228	0.9966993240957949
42.45022401475343	44.03551473629854	0.03869771748145723	0.9983286701805278
42.584512223894585	44.16658072931447	0.17209030705139275	0.9829460412122992
42.72122745717175	44.297641601869074	0.30476106634377903	0.950655114804215
42.86144024020503	44.42867369080229	0.43479162763514767	0.9018522837674724
43.00622382370111	44.55963978056736	0.5600036120736982	0.8376649877164765
43.15628064216908	44.690468497831155	0.6776454056184271	0.7592589289395998
43.3115557649005	44.821015944995864	0.783020004356727	0.6681188470286283
43.4708879557053	44.951003839465066	0.8718510761584091	0.5660954125455736
43.6321079752428	45.0799375994616	0.9388538271249472	0.45547424317323537
43.792569307054684	45.207056441065184	0.9820184805214545	0.3390052422787003
43.949873234798524	45.331362354703735	0.9989817077248153	0.219811122635665
44.092896086482384	45.45182413116262	0.9935321882079229	0.10105113105012187
44.223793364503415	45.56760159847876	0.9707274177793794	-0.014498577349605312
44.354686296523475	45.67824319985764	0.9313350919583029	-0.12482161547009216
44.485568801769254	45.783996043549955	0.8759927412329935	-0.22876021647607647
44.61642745030853	45.88575807898011	0.8054555058651052	-0.32642544577062954
44.74723743091521	45.985220758412446	0.7212213948597562	-0.41871769805864223
44.877954671563394	46.08437913675355	0.6247744419048263	-0.5063933836273982
45.00849924363736	46.185270846135026	0.5178467481218405	-0.5908338312396924
45.13874787171672	46.28984457407825	0.4024011669050117	-0.6716239632124482
45.268484848505686	46.39969365625733	0.2806443720827637	-0.7486632816647221
45.3973838067743	46.515987554579965	0.15500440074808422	-0.8204907592401061
45.524959525232916	46.63929152079515	0.02811544407443347	-0.8845028299854018
45.65052008966915	46.76943422990433	-0.09722608123209997	-0.9374088737377249
45.773162794146394	46.905441029920205	-0.2181896057928757	-0.9757542341432245
45.89185941663684	47.04564230249691	-0.3321651327873478	-0.9965762263955965
46.00565046136387	47.188006762834426	-0.43712351379260533	-0.9979058091708173
46.11389301146608	47.33061003759681	-0.5317930374154898	-0.9783123150783322
46.216414993986874	47.47208226966706	-0.6154384880011115	-0.93953007699325
46.313824373063966	47.61163805170181	-0.6893183436503357	-0.8830730111131148
46.407360410956386	47.74908084321624	-0.7537325635562624	-0.8107746161258975
46.49873315387699	47.88458130608658	-0.8107939426562412	-0.7242252407214442
46.59001309086311	48.01852770417983	-0.860416059968772	-0.6255799680086551
46.68325479754312	48.15131265016058	-0.9044584570193169	-0.5167961676009237
46.78046482932453	48.28329825512136	-0.9411447414480094	-0.3996871431763306
46.882968838078156	48.4147649009208	-0.9708528837061904	-0.2761438329828183
46.99158602128217	48.54592761153996	-0.9910761353686341	-0.14813995906339597
47.10623634228377	48.67692784968484	-0.9994455825804578	-0.017746598782639424
47.22614345481689	48.807852070029085	-0.9943174197471742	0.11289297891476767
47.350176055775805	48.938748251735426	-0.9740448225067718	0.2416007339619485
47.477110716973186	49.0696385080171	-0.9378270313827448	0.3662066559504058
47.6058907331173	49.20053083624833	-0.8856818099698306	0.4844988871458006
47.73574033259599	49.3314264314546	-0.8182718620080681	0.5944386615780006
47.866160756151494	49.46232263336803	-0.7367121649495567	0.6942005418043177
47.99686977213058	49.593212567921526	-0.6424233887142652	0.7820833274713244
48.12773423912943	49.72408221861246	-0.537038445573404	0.8565869036670168
48.25872424427446	49.85490586397448	-0.42223634568040036	0.9164402792942272
48.38989826409373	49.98564011713609	-0.30001917952252594	0.9606290583716707
48.5214193242205	50.11622214274521	-0.1723425270754555	0.9884239856478295
48.653595493974485	50.246572522770705	-0.041063605448377255	0.9994061222982396
48.78693226693409	50.377305832089064	0.09206944437499016	0.9934169773263994
48.92217953300502	50.508376266356684	0.225433703305293	0.9704225920946932
49.06032352611461	50.639432711372734	0.357443810211534	0.9308063725738671
49.20246824166072	50.77044613632226	0.4861662191108861	0.8751315708964933
49.349592159824255	50.90136738461759	0.6087900419234402	0.8043802594122368
49.502133394477234	51.03210074737123	0.7223463706124112	0.7200350582885137
49.65959459925109	51.16245197425295	0.8216228287440045	0.623737932594989
49.82032472590297	51.292057314613515	0.9024055204654058	0.5175259474316629
49.981821886699116	51.42030407992031	0.9595639812572841	0.4038960341018154
50.141449466180944	51.54631463650595	0.992268139899534	0.2857863974075251
50.29710881457411	51.66902955148696	0.999006755516421	0.16640001733258325
50.428007220173	51.78748163043826	0.986349310123628	0.04876505289019431
50.558903114483094	51.90095365709486	0.9568414518726513	-0.06462505812946166
50.689792634216616	52.00926753069054	0.9109869127948752	-0.1720679356663459
50.82066693070407	52.11290124616873	0.8495713116025749	-0.2729765681636484
50.95150854670532	52.21317957902054	0.7736534424311604	-0.3680395828856858
51.08228660967405	52.31198340443202	0.6845541317850716	-0.4577448159299913
51.212941193385575	52.41130380869612	0.583666291302707	-0.5437144787217788
51.34337894960996	52.51323061783283	0.4730633440770391	-0.6262067795183779
51.47343941140599	52.61955667400661	0.354811637536581	-0.7052588534248526
51.60286650795435	52.73172538551846	0.23120908144875055	-0.7801959847583897
51.73127695931173	52.85066656522451	0.10476643399332614	-0.8489483104779608
51.85810349082752	52.97665325609718	-0.02181034934887707	-0.9085600719548979
51.98255902262173	53.10918495088141	-0.1456925927217182	-0.955594705364903
52.103663045042836	53.2469791953139	-0.2641066411679649	-0.986729203011377
52.220374238631194	53.3881735078107	-0.3746435174322799	-0.999406383952369
52.331824146150055	53.53073078692806	-0.47542013843666625	-0.9923036425704767
52.43758588539692	53.672891911887284	-0.5654482983308828	-0.9645414155017142
52.53776248484725	53.813545276427995	-0.6451738501380614	-0.9180708702842241
52.63321815355896	53.952177282057846	-0.7149173893089295	-0.8547027768174229
52.725414722798156	54.08875390476268	-0.7763287712682678	-0.7763174922582049
52.816243965205544	54.223547076176715	-0.8300845644292623	-0.6847889848907662
52.90777391581399	54.35694016654029	-0.8778289454823379	-0.5816763984970027
53.00214974932772	54.489341082064236	-0.9186842849019343	-0.469170750281235
