1.5095184278422327	0.7813815434353305	0.06123758766920226	0.7095975787200131
1.6404181456352576	0.9160793596224823	-0.06954923929658613	0.6086406782007303
1.7713180407233957	1.0545965956802084	-0.1991159100660479	0.49341042673305
1.9022186469310602	1.1997523415866065	-0.32525679897979576	0.362529929789789
2.0331215921856396	1.355650886128588	-0.44582568434946557	0.213385102653093
2.164031135623178	1.5276613673942525	-0.5587729603245806	0.04310658333675768
2.294957219794171	1.721686854260873	-0.6621814652104375	-0.15024537250019743
2.4259178188497295	1.9419499538519946	-0.754297600045283	-0.36263307272851786
2.556932462649168	2.186715309250696	-0.8335525850607417	-0.5775315136616928
2.6879799119827132	2.443663943142373	-0.8985676575927362	-0.7660313922497947
2.818939092313826	2.6929769190761297	-0.9481796494424096	-0.9008358781899791
2.9496167623528033	2.919065271449137	-0.9815281646993863	-0.9748646596730302
3.079934004927173	3.1181826869389164	-0.9980635736078307	-0.9992647961276185
3.2100293131616207	3.294416658027477	-0.9974993563013044	-0.9878665934467139
3.3401387448930766	3.453865608291214	-0.9800951557079769	-0.9515826936291703
3.4704561056368846	3.601863387070663	-0.9460764699566471	-0.8955454897186295
3.601071177181092	3.7425535938412877	-0.8959050863242118	-0.8243917119033323
3.73196600817604	3.8787310968516766	-0.8303418389479746	-0.740105795784202
3.863058180485901	4.0122622385453	-0.7504687765028106	-0.6441561477635569
3.994247656542701	4.14431597749407	-0.6576668624590564	-0.5379655424970643
4.1254498203045475	4.275572578238333	-0.5535668080188856	-0.42302045249406417
4.256612398967581	4.406395455913855	-0.43999172396263875	-0.3011767747741341
4.387712723957552	4.536949216271407	-0.31891060139770666	-0.1744883790332941
4.518749195503187	4.667267484317383	-0.19240082486905333	-0.04509181317266959
4.649732072165762	4.797265822892343	-0.06261568976282558	0.08473406253791677
4.780674438139414	4.926706158915202	0.06821902786495805	0.2125769207074006
4.911586411100998	5.055116084186657	0.19782373246089066	0.3358915029879971
5.042473104560591	5.181714887491429	0.32399792323629817	0.4520622757956132
5.173334395244468	5.305349836079258	0.44459643075136845	0.5585464162787177
5.3041662002425785	5.424509217052094	0.557567615096067	0.6531511212133917
5.434961785652355	5.537438975143893	0.6609904189652291	0.7344142331350373
5.5657115770027685	5.642348487055589	0.7531081648252633	0.8013457085195754
5.696401533105607	5.7376905496294075	0.8323591506147003	0.8545029668912797
5.827007629786513	5.822337531705896	0.897403392649414	0.8952835612264098
5.957489867143056	5.895699422821297	0.9471494192430086	0.9256091973078682
6.087790220015143	5.957753347601414	0.9807824129021819	0.9472386553850507
6.217832731400535	6.009073829195165	0.9977895464853068	0.9622276549989328
6.347525668706164	6.050776437572482	0.9978847885928208	0.9727094345284317
6.476589953555497	6.084497560063097	0.9812165426878893	0.9800642595325241
6.605138394622615	6.112475326666968	0.9484168874631816	0.9850690705747691
6.733075476312323	6.137464267790412	0.9002573921484783	0.9889775592166881
6.860341400749485	6.162685238008505	0.8377698196714374	0.9926005625503764
6.986954814331716	6.191660310118371	0.7621694394249594	0.9953269091972264
7.113004596309209	6.227989443677217	0.6747933666593745	0.9982665412047967
7.239279378699558	6.2843023742033095	0.5765253477729142	0.9999649178482909
7.370179072643584	6.415239284063652	0.46495894749599914	0.9911152071588613
7.501078766957275	6.546251820764094	0.34546410809489403	0.9653085949803542
7.631978463375948	6.677459111679444	0.22007657541289746	0.9229138325626336
7.762878169817137	6.809126099633158	0.0909320305780422	0.8644551077175223
7.893777918227722	6.941794270459383	-0.03977010451596554	0.790454828305146
8.024677824929196	7.076482990195075	-0.16980397777367018	0.7011729815675878
8.155578276899243	7.2149631575098025	-0.29695517169460955	0.5962384773964722
8.286480460964922	7.360077855971218	-0.41905862969175917	0.4739577170445982
8.417387737883912	7.516060925621592	-0.5340362522898935	0.33137000178475773
8.54830892978467	7.688650665461409	-0.6398066346479474	0.16450568175848992
8.679265627698593	7.884586391830241	-0.734568953973515	-0.030584624706770945
8.810304129309813	8.109617027910641	-0.816797589695436	-0.2528261342766472
8.941503856989078	8.363857063091181	-0.885103895911824	-0.48796772960280616
9.07294580378557	8.635249046331209	-0.9382973783722872	-0.7038374650448949
9.204614247785015	8.900411967861887	-0.9753801933127222	-0.8652566140502911
9.336355601680618	9.139217751580068	-0.995618845196575	-0.9590340861988406
9.46803121295569	9.346329578086541	-0.9986416059888201	-0.996557324901714
9.59965839889911	9.526889324276778	-0.9844167745792098	-0.9943308079777562
9.731340608342162	9.68846472854598	-0.9531755564852022	-0.9651355780406996
9.863151287513386	9.837416754120209	-0.9054026811260305	-0.9156214156715738
9.995089492539002	9.978428826037495	-0.841616401277878	-0.8503518531809977
10.127079513035685	10.114626506016128	-0.7631400557303459	-0.7713110175577116
10.259021435533834	10.248045128726163	-0.6714752819065055	-0.6797073768653178
10.390836267792707	10.379927614949093	-0.568285477710973	-0.5773063285280707
10.522472629162214	10.51096385850703	-0.45542594146891596	-0.4656786445118092
10.653917640046474	10.641510381558207	-0.3348844969211539	-0.3465563276679114
10.785189466915552	10.771720442462847	-0.20873989797424558	-0.22188238260358145
10.916322665846852	10.901604227159178	-0.07913472783637637	-0.09378543534985583
11.047354342223901	11.031024534188584	0.0517459914737662	0.035426925900769304
11.178314641225022	11.159636401357952	0.1816979001535367	0.1632526548846255
11.309222080086313	11.286788550716214	0.30852591102851123	0.28698667789680155
11.440082563070318	11.411420788335437	0.4299532413336885	0.4037783940630799
11.570889726669485	11.531984643263614	0.5439546355208098	0.5108036992969256
11.701627658830906	11.646525526430922	0.6486010468617344	0.6056656585321576
11.832272078499729	11.752857374707938	0.7421157919497292	0.6868807756293663
11.9627896491213	11.848821610084924	0.8229192816418933	0.7530583933595016
12.093135171931616	11.932663961967078	0.889660603161458	0.8057151197940737
12.223244393688034	12.00305333972774	0.9412459240604514	0.8454320598402328
12.353026556625943	12.059352683210323	0.9768676103159464	0.8740860434182673
12.482354383413163	12.101545631905365	0.9960334302799885	0.8934782440389104
12.611052025120117	12.130239338440262	0.9985967538226422	0.9062929604199749
12.738823286586948	12.14648376645876	0.9847964983700723	0.9127433395750608
12.86544662016135	12.152201751188597	0.9552639193918147	0.9150138516219268
12.990548850994928	12.149842059498706	0.9110393039258339	0.9140768591915642
13.11369445259062	12.142559998287956	0.8535720422203701	0.9111852796427862
13.234448278864209	12.134055445335726	0.7846523491147475	0.9078082699368165
13.352484571756928	12.128286263478003	0.706251807136544	0.9055174284030562
13.467722184014132	12.12909911968795	0.6202760011104782	0.9058401994324058
13.580445126718917	12.139868706527926	0.5282837497764269	0.9101166146058033
13.69136649200294	12.163237527161229	0.4311043871041509	0.9193959658590676
13.801627424183199	12.201006278431008	0.32912995312188376	0.9337142701981823
13.912629641433291	12.254106047188168	0.2225492677117929	0.9515850332906546
14.025677855853036	12.322728395513819	0.11122384136004186	0.9702593583816435
14.141714358163393	12.406307954968307	-0.004544425519418569	0.9867344045905508
14.261214590551717	12.503438362168428	-0.12372461357325534	0.9980172815906501
14.384169011489673	12.612019044294737	-0.24446940777417078	0.9985663840125332
14.515068846059133	12.74378566555145	-0.36896029369474986	0.9840203389592417
14.645969060786122	12.876592048809842	-0.487044038979904	0.9521549553888627
14.776870575324773	13.011420327415486	-0.5967797691429774	0.9024545517616915
14.907776243914716	13.149932361323646	-0.6963022831053611	0.8341699006052079
15.038694390799	13.294733930487595	-0.7839223665734119	0.7459079369534083
15.169647792652167	13.449584447654452	-0.858156917773568	0.6346052670670219
15.300695309710653	13.619535025648947	-0.9177540806577295	0.4946429652605071
15.431981406200393	13.810926198235174	-0.9617059203956397	0.32038235452952457
15.563832822858512	14.030087254306064	-0.9892263420570548	0.10683473403578503
15.696906511447844	14.280218409723703	-0.999652756011282	-0.1425040989621379
15.832264015710763	14.555102111251488	-0.9922429459310887	-0.4056949646992384
15.971013451903655	14.834122885374127	-0.9653131500524728	-0.6417780885898388
16.11353327176181	15.090684505278967	-0.9184283087573503	-0.8152212438143975
16.25907363274673	15.311076233366169	-0.8516448604214809	-0.9218761644566686
16.406489996694148	15.498362703833333	-0.7656359807038864	-0.9776840938262157
16.554746128307077	15.661848228782924	-0.6620708971037765	-0.9985517298731982
16.70286244367061	15.810008875462673	-0.5444356790518003	-0.9943369951455476
16.849846457840574	15.948748403384066	-0.41576838731351196	-0.9708825093016744
16.99483863559531	16.08166075735372	-0.279984116122517	-0.9308919794221238
17.13728540949314	16.21070225282986	-0.14094649086400385	-0.8762638460090062
17.277035970043322	16.33684933718273	-0.0017224908247873915	-0.8086692032313283
17.414295501742522	16.460593963096795	0.13508228740511657	-0.729862270977775
17.54947390370265	16.582218690884023	0.2673039393820075	-0.6414668134299045
17.683061280647394	16.701993832701252	0.3931848295878259	-0.5451539721430751
17.81549308108323	16.820094790518425	0.5110817856703673	-0.4425647260375539
17.947083954726633	16.936405360864125	0.6193908592976498	-0.33554073455458994
18.077997432955343	17.05024797188715	0.7165423849113861	-0.226427238303461
18.20823661615354	17.160128875324364	0.8010500385410505	-0.1183326111730752
18.33764627873874	17.263643754514256	0.8715963691760727	-0.01510589636843308
18.46592747416978	17.357618059002995	0.9271409182844135	0.07874337960641731
18.59264249385503	17.438823396585292	0.9670249688566684	0.15930421835389846
18.71722744639282	17.50470424054899	0.9910722732332712	0.22392249443260234
18.83898109459851	17.554128241513574	0.9996678912946703	0.2717727354207092
18.95705427298208	17.58768567453056	0.9938239310167589	0.30399242591747166
19.070471282141035	17.607519644684682	0.9752162534350974	0.32275233216695526
19.17819900351499	17.616932070537608	0.9461511053776861	0.33160684596431367
19.27926785584388	17.619559690514308	0.9088419690577562	0.3340787164152953
19.372879393289477	17.618927099669936	0.8657872132057725	0.3334836217556296
19.45858007893904	17.618004954550265	0.8198602570522711	0.3326161358584899
19.53639503649448	17.61880918092983	0.7731552152172703	0.3333726925299924
19.606761704165024	17.622535783615234	0.7266896112780171	0.3368784045972941
19.670409006866194	17.629879235261235	0.6815179091136814	0.34378658054850664
19.728290671442828	17.64103617734439	0.6381073733553334	0.35428220613485994
19.781448357841423	17.655923205494048	0.5961479516086048	0.3682828322697649
19.83094755177696	17.67442070095801	0.5556056699258477	0.38525620196645927
19.877866748796855	17.696462570099424	0.5160319708026959	0.40548190195229233
19.923169501593957	17.721877275264738	0.476878819024021	0.4287144159314787
19.96774114233077	17.750604867525166	0.43717172864046433	0.45430667781661577
20.012548688624626	17.782910411087425	0.39639816183854654	0.48304112528789395
20.058493458906106	17.81889699013771	0.353889177231114	0.5140111913262512
20.106432411781153	17.85907416460764	0.308787110222701	0.5480886393647962
20.157287786598413	17.903885434322167	0.2599590477222262	0.5851450738131697
20.21216715543936	17.953940932524304	0.20659349989598802	0.624808043480532
20.272056898429575	18.01010913162011	0.14768256749361175	0.6675728596072263
20.3380446931813	18.07323569189445	0.08217659850526478	0.7131758793487134
20.411199064983844	18.144214177055726	0.00914716198525983	0.7611298712447313
20.492461478624367	18.223862456469767	-0.07202520420007005	0.810492257443009
20.58252917496155	18.31270166216064	-0.16139098376903208	0.8589006148461775
20.681501656987955	18.410860585872868	-0.2581203368315075	0.905274816997166
20.78902268849792	18.51785696474754	-0.3602970742359305	0.9451161349637413
20.903928424188695	18.632621290386343	-0.46475726973850784	0.9760844798264492
21.02472471108815	18.753662452017466	-0.5679831823346838	0.9949158672437075
21.149744981336845	18.879543737876528	-0.6661052807957888	0.9990582148610209
21.280646961066854	19.012468868617674	-0.75771814953919	0.9862885947020922
21.41155418337338	19.14732930845728	-0.8363995182227582	0.9556272786978206
21.542477140131997	19.285497877232245	-0.900810594859335	0.9063681361808156
21.673444455442247	19.428948325300176	-0.9498559372228265	0.8365130336418862
21.80453052667966	19.580393113526473	-0.982580909810507	0.7442722025928241
21.935916912408175	19.743077720221304	-0.9982654169091453	0.6264617162635531
22.068022573182073	19.920441724404153	-0.9967054632131118	0.47930888652055603
22.201741895542654	20.115310055766102	-0.9774675663707912	0.30026336702128564
22.3388102881096	20.328155562249858	-0.9397098335339662	0.09202022172600557
22.482122243140683	20.55441152780323	-0.8816089418615412	-0.1336240795044436
22.635534924697627	20.78300367144148	-0.7991705347284894	-0.3546348283488935
22.80275371127917	20.999189810068575	-0.688229786624891	-0.5468672355693794
22.98566179611227	21.1924589473038	-0.5447548422118066	-0.6973609279590666
23.183625708148007	21.361258297144854	-0.36934319949305394	-0.8080538178436495
23.393136077958896	21.510014183136473	-0.16794015402508933	-0.886075144953396
23.607526664218803	21.64353672945728	0.04555177661744987	-0.9397267227042901
23.818300807386162	21.763379603167273	0.25351792313824456	-0.9737214303548292
24.018199947048764	21.867642657824096	0.4404179681258088	-0.9923177337812781
24.203917681748564	21.953046451887424	0.5985724510373105	-0.998803380245235
24.376329001984978	22.01764466198984	0.7272506477337088	-0.9991678746939756
24.537924737336375	22.061235538753362	0.8278448363973311	-0.9973440745161868
24.69128681644856	22.085141598727983	0.9040865156842621	-0.9950946855861413
24.838502534566178	22.091872714498443	0.9566132643354006	-0.9944613358280885
24.980908842280513	22.084837276370866	0.9880216911625552	-0.9951233201391374
25.11935064003117	22.068229500475088	0.9995794606287527	-0.9966859928377039
25.248853242721566	22.046954820323258	0.9930134470963659	-0.9982473718061157
25.375445623250446	22.026285859292	0.9704639047667905	-0.9988964927730484
25.500639558823934	22.011282894011142	0.9328560514681877	-0.9993676697865056
25.62414838556436	22.00629817225831	0.8814121744198884	-0.999524217926453
25.745552886643015	22.014759910091577	0.8177317161351727	-0.9992584720364706
25.864222335939328	22.03884901185241	0.7438464438513718	-0.9985019395235937
25.97927107391929	22.07937904128057	0.6622606553563762	-0.9956369009467956
26.089442993368596	22.13609749047383	0.5760228192618861	-0.9890983261607862
26.193133636379006	22.207801162109668	0.48842254834845333	-0.976145995736067
26.288362327363313	22.292631998996647	0.4031624318432414	-0.9545923816391589
26.373002694336556	22.388243520756433	0.32442194325566404	-0.9217936066054606
26.444853896302927	22.492243874332722	0.2557528826854326	-0.8770145732888555
26.502107545425236	22.60230641279611	0.20000218570962755	-0.8186611481086125
26.543535195879592	22.716308165865115	0.1592435425835692	-0.7480262500796152
26.56882371018445	22.832463164818027	0.1342704802308448	-0.6661720327765923
26.578518779416182	22.949257191513016	0.12469127135085994	-0.5748594309133843
26.574301470410372	23.0652740772725	0.12886105024116176	-0.4764227681290749
26.55897652423521	23.179112312452418	0.14399483120475776	-0.3734847079409388
26.53629023704199	23.289334875290738	0.16639812693808098	-0.26912408565756274
26.51035358176491	23.39456073250641	0.1919560643125174	-0.16653327078880112
26.484959391792255	23.493655262596764	0.2167346035869796	-0.06822319019420048
26.463532260574368	23.58581801751751	0.23764226053501375	0.023857410813931983
26.448367232422445	23.670830179287634	0.25237960314034175	0.10863201560232802
26.440633353837793	23.74908186991907	0.25980517631248773	0.1860396705953309
26.440853116416307	23.82141572656847	0.259594174408412	0.2565086683458896
26.44906502576417	23.889057952381204	0.2517096268197539	0.3212029569182246
26.464996182491532	23.953421981302164	0.23621382959241394	0.3814169235929605
26.488523155577543	24.015959106633698	0.21325723884277104	0.43842169310821305
26.519538727512728	24.078175305698103	0.1829406761338683	0.4934368236379453
26.55805181046224	24.141597186158133	0.14490800998752193	0.5475409658854022
26.604487346199427	24.2076485240146	0.09884220647659617	0.6015199098608275
26.65927654706785	24.277804509233572	0.04423189161716752	0.6559556031540336
26.722994632412387	24.353467662359932	-0.01944427718251564	0.71108789842969
26.796265509196534	24.43585932464796	-0.09254904454320284	0.7667235438601369
26.879576842738544	24.52591151116636	-0.17508042362230566	0.8210935123289705
26.972908744397934	24.624231011764746	-0.26601436180718296	0.8733265330883417
27.075883709788204	24.730668589286783	-0.3637549140975014	0.9198170511788786
27.18732025037886	24.844578698556727	-0.46494124925739966	0.9583081812128422
27.30566418579622	24.964684635032917	-0.5661260034532788	0.9854840834488823
27.42908676384588	25.0896536638022	-0.6632226846166807	0.9986468094957047
27.556986590253537	25.219463962491748	-0.7531917661022715	0.9957787677590404
27.687891757759346	25.353318220114463	-0.8325511545468407	0.9752900542493723
27.818808713902396	25.489748802675912	-0.8976995768047054	0.9365445567509979
27.949759544474617	25.630376580813632	-0.9475291166067328	0.8785850980351742
28.080801908551955	25.7773918181396	-0.9811887716491168	0.7990086068983608
28.21207936916172	25.933620709596575	-0.998044860130685	0.6958127227140352
28.343925239536727	26.102122380987115	-0.9973907075264989	0.5655376690056134
28.47707515015295	26.28568130866704	-0.9791801568275931	0.4056225444343884
28.613001023732792	26.48554944763739	-0.942756134842291	0.21615885291532932
28.75433037189055	26.69951792300706	-0.8865916568644285	0.0040169882160190126
28.905007821411477	26.920009921230026	-0.8075735854199132	-0.2146798580484357
29.06957975324914	27.134553747459762	-0.6997956312655657	-0.41769815833633983
29.251908361272342	27.331393185466542	-0.5587622422985002	-0.5874024590364244
29.453268547191822	27.50529786475683	-0.3817698179356418	-0.7183257478983021
29.67142205899758	27.65816011341554	-0.17277836538571273	-0.8158422402877159
29.89986653022804	27.79432486108639	0.05470031317769651	-0.8865859685550204
30.1280335287917	27.915494033984483	0.2790070441153028	-0.9359239980324825
30.345103673023594	28.019061089585662	0.47936495723889294	-0.9674826161304866
30.54533899547176	28.100577206597457	0.6442176801503752	-0.9845925408363461
30.728811940880355	28.157149025366703	0.7729863993165177	-0.9929125002639951
30.89864080970679	28.188875934571442	0.8688601702139827	-0.9958977750614928
31.058251081870054	28.198396334547414	0.9363183576575513	-0.9967935764749541
31.21024038112103	28.189840818567177	0.9785378553132111	-0.9959885637310221
31.35638988268927	28.168673607623404	0.9981302161322816	-0.9939968808678732
31.4972859700723	28.141087322425875	0.9962834158172895	-0.9909286767620757
31.625878035925048	28.113828451026542	0.977607552121018	-0.9866651511997273
31.75376105665735	28.092527075262176	0.9430381286433237	-0.9833334299866916
31.880803327769343	28.08162928708679	0.8934547269243776	-0.9813692289971055
32.00677746282676	28.084607934794892	0.8300734476261742	-0.9820188939852157
32.13133322510148	28.103508700295365	0.754474898702397	-0.9850510520539896
32.25391086145306	28.139246660797056	0.6686696898731237	-0.9906407812072254
32.373757922217195	28.191560260087936	0.5750886847998219	-0.9961503508564105
32.489758840166125	28.25957553226962	0.476683966378911	-0.9995365052731557
32.60048439010824	28.34173706820365	0.37660995878058484	-0.9975965987682549
32.70416487629476	28.436007995739242	0.27867547728372666	-0.9864823591044243
32.79869382767813	28.54012573653521	0.18692060986371653	-0.9645483742458507
32.881973419153105	28.65179877823545	0.10451521401947607	-0.9295883571043813
32.95219236235639	28.768760404830232	0.03450778466225548	-0.8800416365581127
33.007800816911946	28.889198996866742	-0.021064088218456446	-0.8165776921452956
33.047977420362756	29.011634598039223	-0.06121426174138178	-0.7399985007262666
33.072560982823056	29.13492609494611	-0.08569091656207178	-0.6517140529229944
33.082404635325545	29.258088874539176	-0.09548927063607208	-0.5536513006494735
33.07898238798254	29.380283288743737	-0.09208277175904708	-0.44807212581083866
33.06472640460907	29.500625576165802	-0.07789239143720715	-0.33756367087535755
33.04289978282219	29.618158240963783	-0.0561399644929881	-0.22492491060855055
33.017427083386195	29.731870825379197	-0.030684022113372386	-0.11298599324003836
32.99258876176309	29.840794061836878	-0.00586204022515744	-0.004333294758735936
32.97205428591465	29.944306443244603	0.0146589271464733	0.09896765136446811
32.959190503329495	30.04217520535276	0.027514247372524562	0.1957234811032606
32.955920083901354	30.134840749581105	0.03078251537565142	0.28554290002736615
32.96350811112388	30.223327552128698	0.023199479889486854	0.36923138879803996
32.982476346561135	30.30908088168911	0.004243722587554061	0.44727369454940796
33.0131228398536	30.393930003268004	-0.026382610100528125	0.5214660555859901
33.055771838133424	30.47962057535815	-0.06897903200224673	0.5926611569311887
33.11050281386244	30.56806984382598	-0.12345814723643296	0.6612655365400627
33.177471252547214	30.66094183062635	-0.18957952813485573	0.7282598918065132
33.25673443732104	30.759457932099423	-0.2666292190414772	0.7917664539499635
33.347784394888535	30.86441084956522	-0.35313917661812555	0.8514385689109985
33.44968495364745	30.97593705709025	-0.44639300675010857	0.9047514721652544
33.56088802123871	31.09349382447148	-0.5430034173023685	0.9482544473559403
33.67934012361758	31.21612868265407	-0.6385241295388555	0.9798221372157159
33.80298062489535	31.342710091061846	-0.7285753090161161	0.9970496127604269
33.92997965853199	31.472369343851053	-0.8094547851706521	0.998227380175543
34.060886914324406	31.606151172844314	-0.8790404105282669	0.9819101261494736
34.191810188485185	31.742357058873285	-0.9335975382715505	0.946900459734018
34.32277918055325	31.882475101547463	-0.9722009958838473	0.8926958823507006
34.453870317518984	32.0284424272118	-0.9941861394495056	0.8178979342858892
34.58526823707677	32.18255078291646	-0.9991285247199786	0.7200308466868917
34.71739448617072	32.34724712739284	-0.9867637097544639	0.596599723327727
34.85114663099711	32.52452637025862	-0.9567837703359383	0.4457109656776932
34.988284133162615	32.71491773507355	-0.9084238373955559	0.2683512733545249
35.131885993595255	32.915965243893496	-0.8393373750320388	0.07067981254187664
35.28664213452265	33.12107036956337	-0.7454056679737449	-0.1339087115223377
35.45834316200098	33.32024626277223	-0.6206928160653045	-0.327233339527094
35.65227494471693	33.50404000983358	-0.4580441015520683	-0.4943720754652382
35.87126893850599	33.66817138952059	-0.2541810623055892	-0.6297592797802601
36.11311186753345	33.813816470960774	-0.015193647123712975	-0.7357654767002506
36.367844437377194	33.943386046593155	0.23717743578482137	-0.8169890535766715
36.61886052411498	34.05530496553931	0.47096552316191465	-0.8765066756404778
36.851178303382746	34.143490385982346	0.6612079017691409	-0.9150694668731267
37.05956993030135	34.202657735380384	0.8021392358218464	-0.9372714093494314
37.247024653024695	34.23267485518435	0.8992601295850373	-0.9474376736075635
37.41867004664247	34.238210857852565	0.9604618429506999	-0.9493126191861649
37.57881202590693	34.22666821286257	0.9926194048285938	-0.9454033307543487
37.73039357791932	34.206301271308305	0.9990175785837934	-0.938505410123628
37.86029542525185	34.185249181934324	0.9865590824772208	-0.9313754421200544
37.989863862793776	34.1692300881995	0.9575858554894183	-0.9252902538685555
38.119010596580026	34.162665153068346	0.912738612068036	-0.9226834325833582
38.24760656136549	34.16862029367117	0.8529761138163066	-0.9250481150927276
38.375456409411726	34.18893737590532	0.7795863400928377	-0.9326245677786535
38.50225361225723	34.2245213431326	0.6942133064387886	-0.9446762241849912
38.627528087377804	34.27553508653511	0.5988942303464971	-0.9600316239258546
38.750610179749756	34.341481153754096	0.49607678982209824	-0.9762800338862667
38.87056110508493	34.4213627309631	0.38863845107547285	-0.9904735431997276
38.98613743539152	34.513726694927584	0.27983988005134885	-0.9986246707625851
39.09571138787257	34.616783027796345	0.17326090202741037	-0.9981387840458518
39.19749694730288	34.72843180065368	0.07232580677363527	-0.9850373773708371
39.289509334318524	34.84652412560918	-0.019588269942385335	-0.9580731961003268
39.37008534134144	34.96901462447273	-0.09996398258784925	-0.9160754233449331
39.43793809193462	35.094235879739486	-0.1671709682382318	-0.8589706317103836
39.492342252461285	35.22093021885792	-0.2204970404754896	-0.7875120922426544
39.53322206525468	35.34820663917834	-0.26019853787936464	-0.7030183916593333
39.56107832231121	35.47546156670797	-0.2869443256249721	-0.6071688476420168
39.577131477431315	35.6022224056848	-0.30235753345897	-0.5019246735445371
39.58312711322987	35.728098324767245	-0.3081141576221763	-0.38943688255308934
39.5815724768835	35.85267112378536	-0.30662149571655023	-0.27203748874653433
39.57566656896108	35.97549389261291	-0.30095102249333405	-0.15215237997891431
39.56912017263313	36.096142179604385	-0.2946655934663553	-0.03215217164945958
39.56585933299652	36.21431830279103	-0.29153474481658026	0.08585482518004436
39.569658043333426	36.3299850450849	-0.29518202234463503	0.20023589758918944
39.583789032797206	36.44348467290835	-0.3087496902501486	0.3099670253547354
39.61077649147796	36.555599864894035	-0.3341428982327819	0.4142738052015966
39.652513706329785	36.667362373891564	-0.3732763632626469	0.5130726740204352
39.70974396266793	36.78014702632057	-0.4257907135416767	0.6063610948025568
39.78251121137513	36.89511365842241	-0.49031511404309824	0.6936078288571597
39.86997998113169	37.013052045068434	-0.5644267820980222	0.7736327855046847
39.970418763448926	37.13430238945959	-0.6444440318401821	0.8446726038762794
40.08141854469445	37.25873107791238	-0.7252189513687386	0.9045738610955062
40.200275040106625	37.38581150814503	-0.8015953434529002	0.9512961108285921
40.32443822327795	37.51496275382497	-0.8693790285528876	0.9829670765923887
40.45185718331555	37.64581607797625	-0.9250685975901924	0.9983262149208352
40.581313318238514	37.77842748505812	-0.9663338121396273	0.9964757220166742
40.712258247078736	37.913268587158434	-0.991679487217304	0.97669035744211
40.84328530660635	38.05075768406108	-0.9999189481348112	0.9383604802856753
40.974522512565905	38.191997652666316	-0.9908392960500982	0.8807409905402882
41.10626448009145	38.33813948074961	-0.9646130534970845	0.8024543868144225
41.239147662193076	38.49021644565039	-0.9212582519893495	0.7027234685459947
41.37444777774543	38.64872855884335	-0.8604839711627106	0.5818817616935891
41.51450685122691	38.813103147875054	-0.7811442233303424	0.4409079205037385
41.66328266778269	38.981356095684916	-0.6802241160130266	0.28443061514806095
41.82671183759174	39.149756464991164	-0.551788733214024	0.1198465973780834
42.012610836762896	39.31355770882149	-0.38821903454495393	-0.04362082437224432
42.229080346866674	39.46844430589216	-0.18138201327309755	-0.19717847003557293
42.48089062331136	39.61225657743199	0.06931828800821124	-0.33553525358368363
42.76220703055616	39.74462597122863	0.3433976529745578	-0.4568656985272703
43.050996718660365	39.863308838189525	0.5966156501521533	-0.5589101169218953
43.31859001204574	39.96155066212611	0.787330634897227	-0.6377930650375054
43.55067042172995	40.03314995373257	0.9080816376553794	-0.6910935174365793
43.75045804002037	40.0793405513657	0.9728337032405621	-0.7237498298833481
43.92690470466022	40.10761703499996	0.9982603674276493	-0.7427843173290021
44.08439093384741	40.12677533332574	0.994332462121975	-0.7554518433667805
44.21498006948087	40.14432211925885	0.9726496622900203	-0.7670538324321649
44.345409485835916	40.16454046143506	0.9344769826372992	-0.7796969706785317
44.475608465725266	40.19081440089577	0.880547846688023	-0.7957978047152179
44.60547782961023	40.2256298661154	0.8119044202077884	-0.8164599460587467
44.73486888307803	40.27071452599479	0.7299012570504737	-0.8417971156957685
44.86355604397269	40.3271448257214	0.636149718293507	-0.870756574669225
44.99118168031294	40.395489556933846	0.5327502508702195	-0.9023795527582229
45.117240256073856	40.47575591124445	0.4221366339206369	-0.9338550774951497
45.24097236020954	40.567531720134696	0.30706009515815186	-0.9624895012782662
45.361351938816775	40.669892512240715	0.1905485988627106	-0.9850531162717336
45.4770786927081	40.78142122035181	0.07591278571096323	-0.9981381735837296
45.58665114105556	40.90032100718966	-0.03353558830368923	-0.9981277081660318
45.68842554632685	41.02466272674542	-0.13488099237745016	-0.9829969286342113
45.78092550817697	41.15258251773912	-0.22576412243192517	-0.9516928584758302
45.86316495401976	41.282463208357015	-0.305092162677756	-0.9039483893620291
45.93465508913918	41.41317427236085	-0.3723184544308694	-0.840403487782144
45.995626581623114	41.54397850183255	-0.4281936406203259	-0.7624970668694226
46.046928687999205	41.67448495791669	-0.4738966333993166	-0.6718225363419097
46.09001021621943	41.804510039670184	-0.5112394931362245	-0.5701483885988703
46.126846940524004	41.933984351922035	-0.5426629683123014	-0.4593589217542199
46.15991376800934	42.06289954876482	-0.5700074004815333	-0.34141748832422225
46.19220811931835	42.19124857061356	-0.596314450788119	-0.21836810649624336
46.22705669696784	42.31908246015981	-0.6238456998615632	-0.09224087883244238
46.26794594770465	42.44649101392277	-0.6552002630614067	0.034967172382096394
46.31813996125354	42.57365788634825	-0.6923694233836996	0.16137136780987127
46.38028742264858	42.700853696798056	-0.7358318200519092	0.28519949102413766
46.45595087936683	42.828366092282685	-0.7847373698677109	0.40471321936253163
46.545315276486996	42.95643810575445	-0.836972672756004	0.5181419761394519
46.64721654257805	43.085217114669526	-0.8881001227859788	0.6236506199978701
46.75939380152104	43.2146922989671	-0.9340083593354126	0.7193375688096404
46.879164427155395	43.34476920090339	-0.9700231136833106	0.803373405173169
