2.2228591474048423	3.7593806078011696	-0.6065438359472612	-0.8149350827898689
2.2992204380780037	3.893187599882639	-0.6653788264319851	-0.7305471113203768
2.3719673095476543	4.025951948314004	-0.7179090996840798	-0.6337003238518025
2.443425905924358	4.157875087340409	-0.7658740013058867	-0.5263836116391714
2.5162016378688694	4.289177943159743	-0.8106622312314131	-0.41053611973023457
2.592926432711348	4.420063446057944	-0.852888826254727	-0.2880536490591122
2.6759236260439656	4.550701369042607	-0.8930951186146452	-0.16090777226062164
2.766969937362024	4.68123329568414	-0.9305786215635776	-0.031135189127776117
2.8669563734109182	4.811766055328734	-0.9620812639373879	0.09916756793960908
2.975528338895921	4.942354294578185	-0.9857956932834714	0.22784568669343352
3.0915565887280483	5.073026936934053	-0.9984285877381333	0.35274070799129376
3.213334370160013	5.20378247679931	-0.997188374122173	0.4717214076720738
3.3390729594303648	5.334605577097026	-0.9803276113616206	0.5827392913338091
3.4672726778845755	5.465480818279751	-0.9471546402803824	0.6838793176669533
3.596866038077732	5.596400003080931	-0.8978138655094727	0.7731881908462301
3.7271895364715277	5.727364626373807	-0.8330261726918116	0.8492475088860623
3.857886034937496	5.858383622227584	-0.753888615117467	0.9107917434688689
3.9888097105094955	5.98946907421488	-0.661745255028674	0.9567590023842442
4.11997346766179	6.120629996008321	-0.558095447890403	0.9863445320815947
4.251549854933773	6.251864933747698	-0.4445017417721272	0.9990163651159796
4.383925395443667	6.3832270733541225	-0.3224734398312125	0.9945255422558068
4.517788079700143	6.514765090238018	-0.19333863960930187	0.9728902644068091
4.654240309227769	6.646362287456094	-0.058110418416438395	0.9344550886286811
4.7948563360470695	6.777961687097788	0.08233566364678713	0.8798828307495326
4.941600291856312	6.90949124707771	0.22710996383410614	0.8101480521482229
5.0965196806526185	7.040856133324919	0.37467585917035395	0.7263608299407274
5.261111009595013	7.171920908012225	0.5213991310312152	0.6302429324281242
5.435253067339193	7.302449281945641	0.661208876643921	0.5238176961067398
5.616482106587054	7.431970869211343	0.7854946291762408	0.4094347453160227
5.800122556205058	7.559623396409304	0.8851998322950188	0.29000532006985197
5.980742615546707	7.684075033087835	0.9543247984852072	0.16902423714655612
6.154137724728587	7.803699406528671	0.9915854335056568	0.05024914959623983
6.318414222453173	7.917040095346404	0.9988936150437459	-0.06301608502547097
6.449308859629502	8.023395529152316	0.9857864279810513	-0.16853767750768303
6.58019514820166	8.12264909036117	0.9558402661729122	-0.26533868309043673
6.711062889211696	8.215733232920153	0.9095703583646274	-0.35378834035700935
6.841892786371759	8.304414896132327	0.8477782506595893	-0.43523157474514307
6.972650710086875	8.391021508818477	0.771545809573933	-0.5113454637545907
7.103277709986505	8.478012766935331	0.6820884116380839	-0.5842398121620634
7.233682795357639	8.567748376759722	0.5811534117636437	-0.6543859805289864
7.363706399389394	8.662183692918322	0.4707251929758312	-0.7228800035627575
7.493116685299037	8.762852741448041	0.352954245387891	-0.7884226059112456
7.621531137205469	8.87078024587722	0.23027061909403446	-0.85017532139898
7.748418122438245	8.986384807736982	0.10532553584545883	-0.9053948084525686
7.873022779679279	9.109420396086573	-0.019028619605907703	-0.9506506736404977
7.9943417526983875	9.238946922678116	-0.13984632133628952	-0.982704005104088
8.11122106022823	9.373411067847801	-0.2543662230192325	-0.998386792294438
8.222507248520023	9.51093139207021	-0.3601608330097856	-0.9958323350420226
8.32736026072847	9.649664144690286	-0.4556726814856953	-0.9743501876438765
8.425478401555278	9.788161005906085	-0.5407968059853872	-0.9343852981279015
8.517213576531228	9.925542473738593	-0.6153677219991354	-0.8771647223955876
8.603610920776982	10.061437210380001	-0.6812824469805583	-0.8039057497959515
8.686288062335787	10.19589302201804	-0.7392122094496849	-0.7168558838123156
8.767314194664849	10.329116603316177	-0.7911566122795588	-0.617916138719167
8.849035558489312	10.461391909620506	-0.8385643013448194	-0.5088863006432354
8.93386814976818	10.593000730103459	-0.8816379275693386	-0.39159909258906916
9.023927340750584	10.72417881892005	-0.920302293782573	-0.2679579451348485
9.120772529576332	10.855109888800307	-0.9538888797608779	-0.1399493005746621
9.225198622020406	10.985928429250867	-0.9798697968353269	-0.009639512845706107
9.336980043706973	11.116716042411348	-0.9956776007164319	0.1208320913411827
9.455102256192172	11.247516068389498	-0.9990476475360017	0.24927976435052976
9.578129759678204	11.378345245164589	-0.9877840417817383	0.37342815431026716
9.704553142093742	11.509204236879418	-0.9606477920468104	0.49119887136611934
9.833097459235615	11.640088096377925	-0.9173365323661432	0.6005799275745114
9.962849622364173	11.770992656474023	-0.8582810086311379	0.6997022470545081
10.093237622909195	11.901916352866138	-0.7844182585806962	0.7868727930885759
10.223948309703266	12.032859080821957	-0.6970210627149703	0.8606019208548477
10.354846291444689	12.16381897482153	-0.5975890407362034	0.9196268485878102
10.485925312084353	12.294787830927522	-0.4877728435016365	0.9629330222474225
10.617301755241993	12.42574622331412	-0.3693003827724553	0.9897747195311827
10.749248975657066	12.556659987463789	-0.24380905651605542	0.9996950320090922
10.882263788570608	12.687818810794926	-0.11303687328809454	0.9925113505691596
11.017143046574875	12.819079558194035	0.02155457013706876	0.9681977895125059
11.155041639955643	12.950345074058916	0.15871520908561645	0.9270035228203672
11.297444956818502	13.08157561528569	0.2972182741648994	0.8699191713297132
11.445922136886644	13.212714157812176	0.43515548386937325	0.7979711541045872
11.601666847324486	13.343672570052826	0.5694056071475309	0.7124818083852005
11.764850119903972	13.474286376418405	0.695359532222358	0.6150901247207516
11.934078841689436	13.604229026694416	0.8065821669160184	0.50781531481178
12.106296238044921	13.732899449304863	0.8956346193439059	0.3931534529981354
12.277577092389096	13.8593385836748	0.9581321690664706	0.27413439156209024
12.444425976427453	13.982277640907997	0.9924646389819457	0.1541942641103522
12.60470440777706	14.10039011258879	0.9987961045060759	0.03675263515808872
12.735601205824993	14.212740075399937	0.9853004599424828	-0.0754731679942377
12.866492927678271	14.318911680890809	0.9549720569153934	-0.18071470563670083
12.99737262388505	14.419226296501355	0.9083297026792178	-0.27819672379503935
13.128225749271053	14.514840928195866	0.8461762270883963	-0.36875115542728837
13.259027151558737	14.607742094905609	0.7695173694883387	-0.4531751796200275
13.389728124013285	14.70008615816205	0.6796396217046632	-0.533617237204575
13.520254700450089	14.794199321694066	0.5783528831385794	-0.6104699127471742
13.650472063901638	14.892082067137196	0.46753559596160554	-0.6852066496495629
13.780187205387286	14.995422210520259	0.3492993245584501	-0.7563696632845736
13.909063160455496	15.105423162009545	0.2260292837735413	-0.8235042351201651
14.036625024442117	15.222722386452723	0.10032704934950955	-0.8842111443823388
14.162193333098301	15.347276424207598	-0.025009928488451693	-0.9352984535557755
14.284859780973154	15.47830179368899	-0.1470875731914798	-0.9733086616745865
14.403541747317327	15.614334083829782	-0.26313742769110854	-0.9951289202739173
14.517149016985938	15.753480361929181	-0.3708690661683941	-0.9985705086960235
14.624836909786222	15.893821109099878	-0.46840426583569483	-0.9826998128714646
14.726279186239344	16.03378966782756	-0.5553638287807703	-0.9471050654752153
14.821713269714088	16.17245614193803	-0.632206620728543	-0.893628993326667
14.912138222684014	16.309425857539992	-0.6993861605366023	-0.8241097895277836
14.999135100959851	16.44470041495932	-0.7588246379132791	-0.7403711341054169
15.084720365247634	16.578526997569824	-0.8118694512508718	-0.6442355379611885
15.17115056292809	16.711237697275497	-0.85892176425568	-0.5375098088817492
15.260603139950046	16.84315195962605	-0.90140581785697	-0.42191128343425316
15.355113363047957	16.974553406533722	-0.937952685265754	-0.29946068936605014
15.455985731161457	17.10564792310194	-0.9684018120093919	-0.17218932746587837
15.563860694911861	17.23658547726882	-0.9892307014896297	-0.04214637349502043
15.678309981855321	17.367454922505278	-0.9990687209815369	0.08853497592176915
15.798360798797388	17.49830926986379	-0.9954329956882981	0.2176825618947701
15.922657597158215	17.62917147287424	-0.9765731061689711	0.3431207700636413
16.049842869668925	17.76004795749259	-0.9416681317129395	0.4627191486307502
16.178807416612102	17.890938231761545	-0.8907460492433066	0.5744384554550215
16.30877355828987	18.021840067010423	-0.824476375785695	0.6763709167115773
16.43926233195702	18.15275092422091	-0.743966811386136	0.7667743948424979
16.570016211428705	18.28366658090368	-0.6506185227770722	0.8441016325570532
16.700928362121054	18.414577775318175	-0.5460350572130428	0.9067508481191123
16.832003768422904	18.545466566418817	-0.4319554943778725	0.9538654695829538
16.963356530132327	18.676300902445558	-0.3101870686804455	0.9846710043127248
17.095242977785222	18.807032816819444	-0.18246448025020717	0.9986645367026121
17.228120391186252	18.937771382859268	-0.05060589087353147	0.9956383127939143
17.362711829074392	19.068931098156234	0.08381370921409848	0.9755521788980018
17.50004955478218	19.200090781395296	0.21938065575976595	0.9387367498210908
17.641413953372457	19.331218840996705	0.354637589869627	0.8858352379727026
17.788134747679873	19.462268650444457	0.4875371916977809	0.8177873133458959
17.94118537258431	19.593161919345274	0.6147308316840748	0.7358294287393985
18.100625657331882	19.72374841488384	0.7323090073474879	0.6415140098475594
18.265221384212506	19.85372886342612	0.8337355994361924	0.5367667888329184
18.432349587152604	19.982562607004816	0.9138077247585592	0.4239135003382863
18.598723393367152	20.10938628195395	0.9686910989966064	0.305950993923611
18.76132294511248	20.233056802624407	0.9956366647479765	0.18619617143900383
18.918366252239192	20.35239859169723	0.9974641965258727	0.06788875362595823
19.04926335521056	20.46647174348113	0.9798418583898745	-0.04608915572536874
19.1801557518393	20.57480874088736	0.9454883895448043	-0.1537668553129042
19.31103678574477	20.67768731080555	0.8949961922321932	-0.25445804676949935
19.441893266887956	20.776253999703517	0.8292380939655459	-0.34828523660014504
19.572698994741632	20.87219605141298	0.7493595777024177	-0.4364881691835143
19.703409214871563	20.967676979774087	0.656768159428212	-0.5201966159450113
19.833945798451488	21.064850270666064	0.5531262862336971	-0.6005674558589821
19.964181114710588	21.165718660601744	0.4403432147277102	-0.6780853435668448
20.09391262300715	21.2719317695536	0.32056944838288004	-0.7519556379872208
20.22280901198517	21.384685996586434	0.19620964198764393	-0.8212998411201439
20.35039298977028	21.504595732588957	0.06988512619262291	-0.8836156245030025
20.475980633611194	21.631573149949055	-0.055591790491394774	-0.9356748712425874
20.598666152970544	21.764763841758924	-0.17732666718423917	-0.9740233429797229
20.71739005271665	21.902623851480318	-0.2925780679165553	-0.9956092134250847
20.83111858562174	22.043203303099844	-0.39911681741418203	-0.9983651904271795
20.93909749860073	22.184573544963566	-0.4956011016549741	-0.9812121099918776
21.041057475870712	22.32524226150182	-0.581489472858951	-0.944305082673686
21.137380604563585	22.46435204929775	-0.6568321504535432	-0.8896751140598239
21.229176106590685	22.60157097698833	-0.7233196097530042	-0.8190744563573318
21.318111597081053	22.736985483436246	-0.7816132508324927	-0.7343543438241786
21.406191885135083	22.870886048948268	-0.8333859552842449	-0.6373516781129249
21.495614846699706	23.0036386141128	-0.8795390582755248	-0.5296473482725952
21.588539007635585	23.135598554148025	-0.9196038464066871	-0.41341309219339195
21.686645560152932	23.267039465924636	-0.9537500811451173	-0.2905307048382005
21.791086825316288	23.398174226431333	-0.9797645794318574	-0.1629648520192977
21.902095188368143	23.52914616707686	-0.9955594700146897	-0.03277715840352974
22.019123819207664	23.660045692707317	-0.9991214208851933	0.09789715697200523
22.141093479896632	23.79092311912045	-0.9883169097807281	0.2268825206416049
22.266683150222452	23.921800970417962	-0.9618306888681891	0.3520051655628233
22.39466138311871	24.052686642835447	-0.9192451853526654	0.47114078478669635
22.52407140202681	24.183580813245023	-0.8609015476235014	0.5822590967252872
22.6542684907093	24.314481567902256	-0.7876904885892224	0.6834629455653752
22.78486957850354	24.445385009349152	-0.7008736981065978	0.7728383304062418
22.915678391013046	24.576283540158204	-0.6019646061247426	0.8489232988934855
23.04662597365173	24.70716175756008	-0.49265240741214256	0.9104828981265592
23.177742476319526	24.837991723475817	-0.3747416746017905	0.9564707760254102
23.309163942798115	24.96872936932373	-0.25008548942156106	0.9861167152181568
23.44116992628487	25.09931408085585	-0.12046699997383808	0.9989502006167851
23.574240224646946	25.230002062811717	0.012287234322163634	0.9947872080361662
23.709111556536516	25.361118210564296	0.1465679516826583	0.9735888189240038
23.846800951901646	25.492227497459414	0.28088193024024866	0.9357050669415524
23.98851654086889	25.62330016650491	0.41361982019749033	0.8817971944740227
24.13543339585477	25.754289427731013	0.5424438531995699	0.8128218593417625
24.288281944081795	25.8851113395571	0.6638135502856741	0.7300345701279455
24.446853637130538	26.015600016073147	0.7737383146741174	0.6348857622515921
24.609739973826766	26.145427614492803	0.8659512079527654	0.5294783721370538
24.77434647968662	26.274018949220967	0.9360747452411562	0.4163239682460399
24.937643344387023	26.400500653493356	0.980847235027511	0.2983380159144463
25.09705363560224	26.523767681370813	0.9988792099943486	0.17876447475202317
25.24202125349923	26.642728878158103	0.9936562883233695	0.06076867474617816
25.372917919642155	26.756585522162798	0.9710152155277643	-0.0530130693757055
25.50380922435174	26.86492320334521	0.9317825421649628	-0.16060957547944876
25.63468766598141	26.968124339190183	0.8766282282546797	-0.2614206834132845
25.765538423754094	27.067423019708897	0.8062724409365642	-0.355795722895043
25.89633328665088	27.164600666717348	0.7221745754815762	-0.44470128171275947
26.027021582320582	27.261747055512757	0.6258624388801268	-0.5295640526390084
26.15752074750009	27.360991345908463	0.5190710164580661	-0.610802837086379
26.287685632621198	27.464227284102854	0.40378336942109366	-0.6892892386749547
26.417300096904523	27.57302762825859	0.28220827002620613	-0.7637981499859902
26.546009740466836	27.688473860395675	0.15679986576148042	-0.8328782909449479
26.67328871746548	27.81104847972356	0.03022893903840221	-0.8941770837053751
26.798412450974986	27.940494024068457	-0.09468610654495674	-0.9443910497451115
26.92045165592488	28.07577001809877	-0.21511088343247398	-0.9800912793063502
27.03836423658918	28.215179522658016	-0.3284593698561508	-0.998142222287985
27.1511664803103	28.356717953270717	-0.43273330285723643	-0.9961870048381837
27.25815369381365	28.498551023311734	-0.5264716039523596	-0.9744961108283262
27.359283025296552	28.639305986007027	-0.6094532210206425	-0.9338471122736188
27.45517549875426	28.778243349617227	-0.6827889145776537	-0.8756681199809363
27.547090188220544	28.91518965129834	-0.7466482345055958	-0.8013340965361342
27.63674979731491	29.050342001147264	-0.8033390049030167	-0.7133965387143509
27.726275739693136	29.18403945716776	-0.8531983123605503	-0.613676127785268
27.817803262637423	29.316650214220417	-0.8972431865642871	-0.5039788272284078
27.9133267294539	29.44851286804709	-0.9351899705598383	-0.38613364656528926
28.01435892745763	29.579898933308932	-0.9661709704995148	-0.2620394833236377
28.121718968410924	29.71100815555832	-0.9878992970334133	-0.1336860705282638
28.23534202117386	29.84197305530127	-0.9987754374995572	-0.003155076887836882
28.354523357015633	29.972876059080296	-0.9963935006190587	0.12738940448675126
28.478085000600085	30.1037603994314	-0.9789599010125305	0.2557015453013495
28.604737684327503	30.23464480701778	-0.9455547808348925	0.37961614340216293
28.73336025295079	30.36553505377058	-0.8961103257029157	0.49702934933885584
28.86312755664926	30.496431365625316	-0.8312296049076174	0.6059421022432713
28.99350791451578	30.62733126248453	-0.7519839198698242	0.704497540354164
29.124199121881773	30.758229155913835	-0.6597591506442546	0.7910134522365366
29.255057353612635	30.8891135089612	-0.5561582003023711	0.8640111772733873
29.386048379561974	31.019962443856553	-0.442936237196353	0.9222426488489615
29.517231273721713	31.150739165566034	-0.3219422593050485	0.9647169921366225
29.648774701122736	31.281389301638985	-0.19505070862335094	0.9907268040169777
29.780999921422907	31.411842609844925	-0.06408297901334735	0.9998717418827003
29.914437486020272	31.54286626410526	0.06923614482955685	0.9919151203190962
30.049882172681436	31.673961382099225	0.20324360255018392	0.9667121545259403
30.188394376010226	31.805042873983098	0.33639673221896926	0.9249617725588284
30.331157823201437	31.936078904998634	0.46694115793041135	0.8674011702723572
30.479216989721234	32.06701599242211	0.5923423141708274	0.795062828962644
30.633046693263697	32.197752702594954	0.7085382954613987	0.7092832343101354
30.792082258880992	32.32808809947919	0.8115314843439313	0.6117358351886233
30.954579527640217	32.457639682320355	0.8950569515653914	0.5044979289309643
31.117849864770715	32.585766773058126	0.9555426790186841	0.3901148981780673
31.279055901978932	32.71154357261015	0.9903618399305315	0.2715909272994964
31.436021028420694	32.8338677635626	0.999368920556932	0.1521854378625319
31.566919361050772	32.95172333200827	0.9881530058801491	0.03497650646168883
31.697815039828928	33.064387632102836	0.9600582908156006	-0.07755517789114151
31.82870397268617	33.17169066917073	0.915566362779737	-0.18389756745783004
31.95957738773851	33.274242232519114	0.8554414368743042	-0.2834390787907911
32.090416889612655	33.37331616438051	0.780722613155341	-0.37693555126729367
32.221190359204186	33.47086254354058	0.6927130343891431	-0.46525927377756604
32.35183909597287	33.568957304293384	0.5929719531505392	-0.5496762667990648
32.48226582121544	33.66968610264441	0.48330466277513123	-0.6309559410817998
32.612313396014315	33.77487455694251	0.36569592573796317	-0.7087045867533743
32.741719266416084	33.885956865980916	0.24251938424478373	-0.7825169283360737
32.870098094275846	34.00386026957952	0.11633589113721698	-0.8503477537100158
32.99688076041074	34.12886418771289	-0.010151215408280408	-0.9092616585386006
33.121277331493424	34.26048736066065	-0.13411309178452221	-0.9558341327798934
33.242300027144566	34.39747740956313	-0.2527702260680281	-0.9867376703214339
33.358891445358736	34.538002207939805	-0.36358786786659747	-0.999387057631255
33.470163326834665	34.68003909886107	-0.46463636960620014	-0.9924105100617499
33.57565394770792	34.82182451049412	-0.555214019451372	-0.9649630355763423
33.6754247414326	34.96222391476638	-0.6354896094400672	-0.918771895777706
33.77030442613741	35.10069732194304	-0.7054735478159853	-0.8556820310387208
33.861721294216224	35.237175766767066	-0.7674402938267328	-0.7775567191205035
33.951578116269765	35.371912897111535	-0.8215929223788281	-0.6862582931613945
34.04194360322248	35.505272074169916	-0.8697305590732748	-0.5834230466161954
34.1349830300593	35.63764562254853	-0.911691344156315	-0.47107677901217615
34.23252891810309	35.7693565537791	-0.9473882473154072	-0.3511612346252502
34.335895881963744	35.90065538607568	-0.9750618450009542	-0.22559638903884835
34.445570765882245	36.03171952648451	-0.993405211116027	-0.09639928076542485
34.561321927470814	36.16266752273938	-0.9998805727606315	0.03432940820366456
34.68223256156879	36.29356773856118	-0.992204120939559	0.16442791781392102
34.80704171006175	36.4244544902385	-0.9689768212953497	0.29171506870693303
34.934503803714456	36.55534218944037	-0.9297786887464055	0.4140373612600162
35.06360814245049	36.68623512167135	-0.8745588540061325	0.5293145692072099
35.19363711467204	36.81713266121061	-0.8042374767819619	0.6355806726154251
35.32415000808557	36.94803136150169	-0.7200262006429259	0.7308872769805793
35.45490767492343	37.078923748842655	-0.6234069368931856	0.8135862258817682
35.58580788422028	37.20979481617389	-0.5160510180640827	0.8823609174770037
35.716847334028174	37.340617112652545	-0.39976083293006925	0.9360408833226479
35.848116625881836	37.47134656637301	-0.27641042492271645	0.9737222363175277
35.97982614039455	37.60192099108845	-0.14787417317427132	0.9947937928506811
36.11235474561326	37.73226378329624	-0.015950270975969943	0.99895884367589
36.24630468725562	37.863350460317456	0.11769401499824904	0.9860812483106748
36.38254847510227	37.994437325761666	0.25147960621018567	0.9563101098734856
36.522176622912184	38.12550103548181	0.3836045157442587	0.9101613719367266
36.666328411730206	38.25650706059947	0.5121828457215662	0.8484461363225957
36.815892003234055	38.38739232279481	0.6346005217435309	0.7722719378980433
36.971069466419856	38.51803300010044	0.7461201431229367	0.6829668315549962
37.130949467547104	38.64818533863632	0.8428242075772918	0.5823309746732988
37.29349496441042	38.777396252543184	0.9184096955699587	0.47271776409084637
37.45592874780473	38.90494298011067	0.9703594966119882	0.3568114488164697
37.615566733197284	39.02983551661432	0.9960777593961705	0.23770798583517463
37.77061773866379	39.15098673496909	0.9972105631868425	0.11862198884509585
37.901515508008444	39.26748213285732	0.9792537905078831	0.0024244410617859755
38.03240971048021	39.37876343657658	0.9445746123957034	-0.10860214304508066
38.163294899842704	39.48483474888816	0.8937696242674378	-0.2131715470322999
38.2941597167634	39.58657310579112	0.8277148016426952	-0.3113741438377297
38.42498300674075	39.685566489644046	0.747555755862273	-0.403605718487559
38.55572332765025	39.78370096523624	0.6546995499587891	-0.4913390167485083
38.686313268448465	39.88312898753569	0.5508012916106009	-0.5753002810409255
38.81663632155968	39.98582467664628	0.4377603575126309	-0.65599827705126
38.9465026224881	40.09349784108706	0.3177152123526417	-0.7334486626960691
39.075624975811614	40.207428458363495	0.19302863538933213	-0.8059790027941689
39.203552420255576	40.328333130077034	0.0662981998400262	-0.8713613713042453
39.32963242763681	40.456233602308835	-0.05968496853409338	-0.9268063972723998
39.453016942254365	40.590353931487215	-0.18206172317554647	-0.968796218672323
39.572703106595895	40.729182692769754	-0.29810569638758566	-0.9934453529733368
39.687623491303135	40.87077519952078	-0.4054932307561504	-0.9990556117608873
39.797012688850806	41.01315426613211	-0.5027950920495625	-0.9847969523875539
39.900615514304505	41.15474497639797	-0.5896724749508921	-0.9510896509779158
39.99883236336209	41.294602338632174	-0.6657538819295963	-0.8984382460286311
40.092668893676624	41.432430637360774	-0.7329005601074648	-0.8295815854344113
40.183771881366056	41.56831814119652	-0.7914821048058995	-0.7464036221307315
40.27410549260376	41.70256832069188	-0.8437028081515784	-0.6507603600398957
40.36586284801198	41.83557528509921	-0.8889315207364877	-0.5444591537658255
40.4609786305668	41.967699040956425	-0.9286905652671495	-0.429323855002989
40.56118721235866	42.09925012818303	-0.9607197311855913	-0.30718450804527453
40.667382635760454	42.23045416772615	-0.9846605496692811	-0.1800253296193405
40.7798372792324	42.36147266021419	-0.9980884289744365	-0.04999525253299409
40.89800109163499	42.492403299564934	-0.9982005664885074	0.0807779853353287
41.02074913097825	42.62329943886075	-0.9836090491930404	0.21011941702061188
41.14682643085662	42.75418761110188	-0.9532984913751962	0.3358535765255831
41.275087717274	42.885078104914925	-0.9069870827082496	0.45584965500399394
41.404650467983444	43.015973163937836	-0.8451120798304388	0.5680657756700117
41.53492432571299	43.14687117547178	-0.7684837160902868	0.6705884214505085
41.66556022461969	43.277767048391226	-0.6785159764279358	0.7616665318505604
41.79638278371891	43.408649947683905	-0.576869178465395	0.8397417845627995
41.9273329201839	43.53949913615921	-0.4652844160111105	0.903476633552009
42.05844205999822	43.67027910366531	-0.34561076393692086	0.9516537990268963
42.18984057484789	43.80093655756379	-0.2197419671476538	0.9834032218086246
42.3217952397061	43.931400871684936	-0.0895405829298296	0.9984015722169062
42.45475962250738	44.06174482185744	0.043230341514148646	0.9964632989755966
42.58942499287386	44.19282566308595	0.17694179356281556	0.9774817013821226
42.72674855624965	44.32389886254388	0.3100409439936657	0.9417622479183171
42.867855981002116	44.45493761760797	0.4405071542681408	0.889930671764239
43.01380693099992	44.585900337249356	0.5662744211876414	0.8229067932176308
43.16525668166857	44.71670618428976	0.6843773247246104	0.7419104895983939
43.322016891479905	44.84719399475566	0.789430647996357	0.6484856320287897
43.48271073554445	44.97705550707329	0.8776994798376222	0.54455212847563
43.64498406889201	45.10574849413558	0.9432147308860394	0.43248035040289884
43.80608299142436	45.232456621559365	0.9842081690127127	0.3151106318822516
43.963643467058745	45.35613703903955	0.9994141700274017	0.19563706985081566
44.10174195693953	45.47573361352801	0.9926998551884274	0.07725167511819911
44.23263880885884	45.59041602538835	0.9687981612626168	-0.03729799593081183
44.36353059585882	45.699790002818	0.9280919317308929	-0.14610368727905687
44.494410262124305	45.80422714459603	0.8714928120304828	-0.24850083952314012
44.625263881530216	45.90488847829026	0.8000404856779056	-0.3444219099433644
44.75606291161649	46.003392996702146	0.7149818640885187	-0.4351124288991847
44.886759889488076	46.10185164694315	0.6178180992308548	-0.5214302337173121
45.0172704998261	46.20232105378936	0.5102982011197772	-0.6043039222834892
45.14745616955269	46.30671247606408	0.3944104008639078	-0.6842746820139873
45.27710483520433	46.41659291730681	0.2723680148484124	-0.7598371252766822
45.405855085670666	46.53305449210515	0.1466387935978999	-0.8300822232195814
45.533194988552715	46.65658382215699	0.019885398402791025	-0.8923520792238785
45.65840564695058	46.78691900514537	-0.10507535082940499	-0.9433306559325316
45.780565755587524	46.923003146577116	-0.2254130915986407	-0.979584661044019
45.89864649623323	47.06311556251024	-0.3385499150814203	-0.9980913489438877
46.01169649826321	47.20522631427032	-0.442509686023555	-0.9962855727779795
46.11902583544646	47.34750048582522	-0.5361953482366757	-0.974628384005302
46.220613767327144	47.48858254825673	-0.6187556240919045	-0.9339417262930206
46.317123944863006	47.62774396821111	-0.6916511094756628	-0.8756962668397874
46.40982845998663	47.76483647567095	-0.7553644451994788	-0.8012783907123688
46.500473234546156	47.900086571708826	-0.8117718521983047	-0.713263165652579
46.59116673992439	48.03384885864233	-0.8610032185253714	-0.6134758722879534
46.68398159571172	48.1665016059684	-0.9047883622096116	-0.5037245454340973
46.7809221933599	48.29839700401096	-0.9412996425070084	-0.3858324758047383
46.88329145662497	48.42980494060454	-0.970923249185736	-0.26170335347940066
46.991880394202234	48.560931455439686	-0.9911221778643479	-0.13332327490704562
47.10657264073263	48.69191073088712	-0.999456144232491	-0.002773573975261502
47.226551743153756	48.8228235859513	-0.9942790027405164	0.12777612488724052
47.350659448295005	48.953714334151805	-0.9739393910405447	0.25608369197865066
47.47765574195905	49.084602496374366	-0.9376424411199304	0.37998480702570514
47.60647802507177	49.21549446130685	-0.8854152288578108	0.49737658956891295
47.736352999647565	49.346390688551615	-0.8179275486860126	0.6062607994420101
47.866787575753364	49.47728836535435	-0.7362977098923982	0.7047811717329748
47.99750490760185	49.60818079416096	-0.641947044930985	0.7912559499044802
48.128376525991726	49.739054339065056	-0.536507309964855	0.8642070794459726
48.25937742265799	49.8698838923365	-0.4216369867994565	0.9223877932245834
48.390572855068505	50.00062683102617	-0.29937148062350244	0.9648095305164623
48.52213655047581	50.13122197560286	-0.1716342475862456	0.9907700905133863
48.65439319378393	50.26159213209774	-0.04026643040077306	0.9998778220278278
48.78787231053989	50.39259805587527	0.09300516209687382	0.9918876126789008
48.923362703646916	50.523677221120444	0.22658818943972553	0.9666675463092366
49.06190418157105	50.65474092225828	0.35893077390895306	0.9249053365096834
49.20464037532534	50.78575766386487	0.4880355583149125	0.8673386512704193
49.352540132121696	50.916674397505325	0.6111190138659626	0.7950000264071577
49.505978223727354	51.04738829333873	0.7250646282607237	0.7092269089412372
49.664362929861184	51.1776920065674	0.8243025872666698	0.6116979254028319
49.82591353527444	51.3071999987154	0.9049279310298743	0.5044941467156803
49.98802208850041	51.43526745353186	0.9612934978886487	0.3901655875819915
50.14801405677701	51.5609838923319	0.9928858208320148	0.27170192073463173
50.30382764673212	51.68326805608134	0.9987957466117902	0.15233912554754372
50.434725905430696	51.80114675970599	0.9852984490691876	0.035108913142479214
50.565621387944965	51.91392684421511	0.9549674216299678	-0.07753854535794168
50.696509843781925	52.02148396079426	0.9083196259866799	-0.18413197655976918
50.82738219245882	52.124463770070044	0.846153527519492	-0.2840781605075289
50.95821940133791	52.22415632471736	0.7694642043288107	-0.3781139734997153
51.08898815272417	52.322506382901224	0.67952848430419	-0.46711931617888636
51.21962808140774	52.42157493086914	0.5781366058187739	-0.5522081270370484
51.35003786647417	52.52340253397736	0.46713118162098755	-0.6342428480129353
51.48005786671412	52.629782452681404	0.34858548449604376	-0.7124883815220607
51.60941455627217	52.74211198065263	0.22481978245599513	-0.786560955063343
51.737709164829944	52.86127929879017	0.0983638281386111	-0.8543497427948883
51.86435659941896	52.98750221287063	-0.028059344371852916	-0.9128680035451151
51.988553985720536	53.12022103328929	-0.15161277393378858	-0.9586731677571383
52.10931361575262	53.25810451945545	-0.26953195600974994	-0.9884693008742724
52.22560135277514	53.399266133700195	-0.37943993654669056	-0.9997547544404805
52.33657109171275	53.54167614033772	-0.47964900220268036	-0.9907168259136221
52.44176523050458	53.68364648799742	-0.5689043849136934	-0.9615414779445393
52.54138162665436	53.82407976830417	-0.64788816193233	-0.913887807222222
52.636326613838726	53.96249179969844	-0.7171150411109424	-0.8494531237876255
52.72809051715722	54.098875845557	-0.7779685147470109	-0.7700832288569045
