1.3725325744399381	5.546035351861301	0.19691268997552944	0.740098183976945
1.4509814311878586	5.602766033185453	0.11951133802965364	0.7770893338148642
1.5348006477615086	5.669922188136176	0.03597199950054324	0.8174779990841696
1.625243381536356	5.747812113590704	-0.05441123708623846	0.8596544146629707
1.7230676779935878	5.836557638197755	-0.15160897167251358	0.9017382925959767
1.828590013825503	5.935642477883892	-0.2548983885956598	0.9397500973224028
1.9412496298339157	6.044166893283222	-0.3619742597107479	0.9712678442724183
2.060054511352717	6.160570619335471	-0.46981914382238366	0.9924015920868436
2.1835710151768692	6.283152180646668	-0.5749313568713261	0.9999989596416072
2.314469040184699	6.41554577006245	-0.6768150902619776	0.9910672700718397
2.445372354181878	6.54949231105716	-0.7671609989068241	0.964404675715264
2.5762836673736413	6.686205046907102	-0.8444183629210424	0.9194409741634347
2.7072184150862086	6.827526630953294	-0.9069906493447938	0.8550900158770214
2.838218369795443	6.976023884877976	-0.9540649353084026	0.7693970037481467
2.969388694729899	7.134994588279693	-0.9848353993130394	0.6583011434356174
3.100982827663339	7.308476179284465	-0.9987246243566628	0.5186309455592936
3.2335644614297676	7.5002916336905665	-0.9952848675048425	0.3462045848305769
3.36829069311429	7.712781953099481	-0.9739550086013993	0.14067541068869696
3.507241307929277	7.94395704900489	-0.9336179766123289	-0.08980917249707848
3.6534378291315543	8.18440262480804	-0.8716291802826532	-0.32431482246235294
3.81006033029827	8.418008954019811	-0.7844133472030136	-0.5345708711745062
3.9789472137849855	8.629840965851628	-0.6691420061390206	-0.7000140036711935
4.1596138741819235	8.814359331432934	-0.524887210905079	-0.8190765764812029
4.3497386218619285	8.97515145434799	-0.3546338268660365	-0.9003770728256164
4.545225688608394	9.118567224054571	-0.16631514840216663	-0.9532737203355297
4.740507347387607	9.24917887125036	0.02809986951063791	-0.9843043712253156
4.929910863413204	9.368357872657743	0.21570393111223274	-0.998228093705626
5.109563108268938	9.475063958226214	0.3866445562015388	-0.9984207384569065
5.278441125311109	9.567639852318324	0.5362944050542527	-0.9894247549103313
5.437612725966414	9.645131972220724	0.6629785915607896	-0.975338687816469
5.588937625904196	9.707548594230405	0.7684653001099602	-0.9598122250032127
5.734267984017747	9.75591738025505	0.8527610258176401	-0.9453056402909559
5.874967747189791	9.791852804143934	0.9173770103579062	-0.9331349517682643
6.01191418048116	9.817514789548788	0.9630199574022228	-0.92352413882505
6.145530378287913	9.835538174730623	0.9902391693468736	-0.9163673667953665
6.275845623863475	9.849044678694401	0.999769492896913	-0.9110041695484802
6.400237525453314	9.861551719249885	0.9929249806121228	-0.9060378417960321
6.521069226070962	9.876732530545805	0.9715152859829373	-0.8993203280272075
6.63771395689076	9.898042398799737	0.9373841242754406	-0.8896474415984924
6.7489979412398515	9.928388699084522	0.8930299333451717	-0.8758201603984141
6.853566173261026	9.969770610834795	0.841577436023956	-0.8547585183548114
6.949842316483651	10.023024578411416	0.7855229354860221	-0.8259171365730409
7.036125457786419	10.087911682899215	0.7296576580722962	-0.7876820278497956
7.11085648934702	10.1631214222681	0.6764044204322219	-0.739309034003403
7.172822329857116	10.246666916369538	0.6295307865959023	-0.6807410191634014
7.221519172956043	10.336173771277084	0.5910590610083709	-0.6123407992938663
7.25741477271634	10.429075121611293	0.5615283828607491	-0.5366640666477193
7.2818762827404075	10.523105829969742	0.541300070909542	-0.4548618482185934
7.29720288565726	10.615962460605132	0.5283327471008208	-0.37052932444450604
7.305943526391213	10.705941415798344	0.520810547772848	-0.28546832752162377
7.311033245062685	10.791457277503868	0.5164303336060088	-0.20262404269417117
7.3147497383060145	10.87158988202026	0.5132319178572876	-0.1236616607546019
7.318928881555991	10.945836104004673	0.5096353453057625	-0.049705463605906545
7.325027939325973	11.014058642848111	0.504386493458963	0.018472195466050795
7.333759880394252	11.076601689198663	0.4968717810671632	0.08090233598584112
7.3454736380964984	11.13405833452715	0.486790915945503	0.1379936519187987
7.360266060803256	11.187174943666035	0.4737900528941918	0.19041113224215728
7.37816807935216	11.23679228470517	0.4578418612454524	0.23882556227345644
7.399220260798679	11.283795907021801	0.43908731558257375	0.2841133337541718
7.423329991729009	11.32905043348529	0.4173636461932922	0.3271888863113184
7.450507830584852	11.37337837079257	0.39242516155594404	0.3688705321652828
7.4809113312507005	11.417579148102307	0.36443613937689345	0.40942932757740247
7.514716945780924	11.462552168439172	0.3326343185749795	0.44997051322485043
7.552356562161703	11.509113884272425	0.29698246728580435	0.49112111387209945
7.594214770853722	11.558111130604468	0.2567929054643434	0.5332881659967449
7.640908467754786	11.610481807618816	0.21136306793498977	0.5766950903599645
7.693194946068478	11.667261992966909	0.1600180870512431	0.6220479864092816
7.7518768048598545	11.72949951198393	0.10188276955643377	0.6695045935513567
7.8178584378602185	11.798266224630376	0.03609943269510382	0.7189843998927556
7.892043166896508	11.87457558360708	-0.03803649438009018	0.7700870002128152
7.975190595962066	11.95926290378482	-0.12089898920850017	0.8209372827736308
8.067570656140356	12.05293796030114	-0.21186641759237337	0.8708212208905548
8.169181875097108	12.155422193658298	-0.30999626734941127	0.9162926331803207
8.279165638705633	12.266176204038434	-0.41234652195185384	0.9549519458016901
8.396239794601613	12.383895979493605	-0.5158363228352745	0.9832289758829831
8.518700552317833	12.507160881130808	-0.6165424701096313	0.9981404832479531
8.645074755002824	12.634928107564164	-0.710784147461513	0.9974879867223313
8.775978124633614	12.768373028863827	-0.7964659226226528	0.9793413061790729
8.906889666299701	12.904142882154382	-0.868553488457326	0.9430592126143751
9.037825204285898	13.043791950512313	-0.9258208930922158	0.887760559757728
9.168826970510935	13.189488180603284	-0.9672934361722529	0.8119398892022018
9.30000094023994	13.34399514844981	-0.9921981320766786	0.7122537485318909
9.431601718128595	13.510667149274774	-0.99978569585726	0.5862812561552744
9.564199402772994	13.69263234859067	-0.9899628712676669	0.42997668614653
9.698976139377796	13.892049008295714	-0.9622034702746358	0.24263094887751951
9.838116487750277	14.107861036145774	-0.9153435636464757	0.029286626301549896
9.98503677800771	14.333453184197607	-0.8469886852375283	-0.1949831229292313
10.143895189127557	14.556384870425862	-0.7520214787505719	-0.4068720292235092
10.318281493205525	14.762955611813616	-0.6264761470556592	-0.5856931983512363
10.509557347691251	14.945800060988427	-0.4669316486903481	-0.7231847595054313
10.716188564699785	15.105780801458069	-0.27562967371543107	-0.8237052252440871
10.933289680430452	15.24776426004959	-0.06224363359366732	-0.8955780470951258
11.152692686964505	15.375252182750325	0.15639555721504217	-0.9447733450851581
11.364865543867165	15.487830966626335	0.36088109212366465	-0.9753870444273376
11.56340869468084	15.582281619512308	0.5377682370264252	-0.9921118949831365
11.746688344131416	15.655263199754552	0.6823960060226543	-0.9983449231351279
11.916739255232557	15.705580185798487	0.7959563601456066	-0.9999251578931586
12.076490791224868	15.734029751174521	0.8821054553616605	-0.9991813666506834
12.228608270565822	15.74310930615576	0.9430625736971852	-0.9988962178471306
12.374900123130663	15.736250106650164	0.9816383961610015	-0.9991116350714759
12.51656427478277	15.717816772597454	0.9984358023968247	-0.999690544848605
12.6526801435399	15.693261478755742	0.9958176473501396	-0.9995382816000129
12.780290626119323	15.66848461875373	0.976741990503629	-0.9987601496320955
12.906855521942653	15.648739284421012	0.9421404897953709	-0.9981400357088517
13.032181852926643	15.638588780611371	0.8930305667814351	-0.9974111134291272
13.155954001428913	15.64180210833805	0.8307857935220362	-0.997713464541133
13.277712233759829	15.66067824899615	0.7571627354140855	-0.9985149859648162
13.396738486454888	15.696326412777488	0.6743819361892912	-0.9996345376688482
13.51205830192231	15.748602456876586	0.5851308500806518	-0.9987237021942141
13.622297165114519	15.816564004894104	0.4922658668000952	-0.9937202044408588
13.725758059843988	15.898458160110618	0.3997064181659695	-0.9818511814979335
13.820449215138558	15.99211196099773	0.3114238048547586	-0.9594278218737031
13.90404817719278	16.095236203332174	0.2309226849755392	-0.9256937556332461
13.974600815545777	16.205344630127676	0.1617753278347978	-0.8787003880776934
14.030363926906968	16.320316381312544	0.10655933462428112	-0.8179894140164824
14.070226991244557	16.43832051481257	0.06687971176522915	-0.7445895437915555
14.09389488911352	16.557851365174532	0.04324358579112598	-0.6597420076867432
14.102159596827208	16.677587552164685	0.034984314963835944	-0.5653366123716057
14.096631933905751	16.7963643197695	0.04050834154673191	-0.463705252419248
14.079945555607875	16.912997801798475	0.057183742814765536	-0.35756083414930334
14.05555564074277	17.026252560019707	0.08148354778279512	-0.24982248481626268
14.027717595462297	17.13483217084061	0.10919348820553479	-0.1433691275241546
14.000690253043384	17.237582062513926	0.13601133310102734	-0.041150443847300794
13.977911346252053	17.33376652813398	0.15850609308451585	0.05497074742222197
13.961991217919532	17.42314509528126	0.17422763183205095	0.14382149005557482
13.954449987955796	17.506127827191527	0.1816747915912327	0.2253115679793748
13.955930186767413	17.5836519205447	0.18021305695663475	0.300119474583597
13.966594132818033	17.6570144327653	0.16968213424453749	0.3692841464170871
13.986413839299274	17.72775008937626	0.1501096611525276	0.4339462709154367
14.015301774377072	17.797566499806283	0.12155217428082155	0.4956541617994453
14.053213307673326	17.868192133954455	0.0838151019257165	0.5556286942562331
14.100501119704731	17.941222659546053	0.03664170106748702	0.6147602893176471
14.157486587900426	18.01829004135427	-0.020306279593535287	0.6737084411795293
14.224626118055685	18.100860638327653	-0.087304513569494	0.7324643775078067
14.30232202510877	18.190144536676204	-0.16433199120513428	0.7899630993525546
14.390614877566794	18.287010879486925	-0.25072587814727726	0.8458250935469409
14.489215701061138	18.391711545788503	-0.3446606273228461	0.8966468518896192
14.597104447925984	18.503780120739645	-0.44369852578575525	0.940348558426106
14.712751174034656	18.622282165865624	-0.5441769130635099	0.9738294406720862
14.834307581263344	18.74593939313539	-0.6419166082326642	0.9941891827472294
14.959931198280474	18.873550790223856	-0.732902896351016	0.9992464269326966
15.090834526676005	19.006684474943302	-0.8153055544778496	0.9871933243929176
15.221745992353664	19.141859726371415	-0.8837679436493583	0.9571529924547739
15.35268142624701	19.280438823272107	-0.9371290315528404	0.9083769983070644
15.483683114457055	19.4243145771405	-0.9744823673408499	0.8391171580489691
15.61485807214278	19.57595933484634	-0.9951782238192102	0.7472038307531801
15.746461103497511	19.738254730529572	-0.9987909526657723	0.6302719989045626
15.87905753743006	19.913957459281654	-0.9850089644237687	0.4849722892051853
16.013819709478614	20.104973173150274	-0.9533725492825198	0.3101645012014656
16.152940877621003	20.310683142724432	-0.9024872806288493	0.10941223683384294
16.299996191585773	20.525925900808762	-0.8294091762047959	-0.10533563011784847
16.459768168835364	20.74040916323992	-0.7304082886945179	-0.31456506668960943
16.636880198175604	20.94193257615691	-0.5984986759257517	-0.49804097066880837
16.834271365013436	21.12247559263342	-0.42993538335469195	-0.6456535750254586
17.051570268238784	21.281361690349975	-0.22513699938988496	-0.7581907307491673
17.283702099069643	21.42228144183813	0.004939252930149451	-0.8424281401129681
17.520410254212024	21.547761304499325	0.23924773523822845	-0.9032091606874649
17.74879772717831	21.65595262995934	0.4526967688273536	-0.9439317672365752
17.95997725729251	21.741894526187696	0.6295768912181134	-0.9690353769345074
18.152296922069322	21.801685897945255	0.7664742072173414	-0.9820763151818583
18.32868163184411	21.83496108232237	0.8670337432374389	-0.9873405144896037
18.493051538990443	21.844640349062736	0.9367149787259328	-0.9888544363452735
18.64850933995402	21.835465310567308	0.9795497803738773	-0.9874193801909771
18.79721430482593	21.81361216445866	0.9983561805162787	-0.9840013572770046
18.938568156000063	21.785991191578223	0.9955633421511332	-0.9786531842095052
19.06757124554814	21.75972057385646	0.9758487727603998	-0.97292336913153
19.19600008460616	21.740182802758167	0.9401221960207884	-0.96866203745617
19.323738932851917	21.731606611627328	0.8892304866490245	-0.9662917513650134
19.45057226497353	21.737234245851745	0.8243605758172032	-0.9678615530099114
19.576194936984113	21.75872793458799	0.7470480498918497	-0.9727068672012102
19.700103330375786	21.796819032016316	0.6592475320959919	-0.9810148159024175
19.821626720836083	21.85115703709457	0.5633134801031829	-0.9898737032693713
19.939745953749203	21.920893590560908	0.46211152140862477	-0.9973282649495238
20.053158020659676	22.00452383818014	0.35890836275312094	-0.9995799419394182
20.160149643416396	22.10018476570372	0.2572112767328665	-0.9936792313747838
20.25877530126495	22.205643208386803	0.1607984884266267	-0.9766166613256546
20.346996710352048	22.318576826844282	0.07326577664383199	-0.9465625467663901
20.422907745099167	22.436863564565307	-0.002553815647909363	-0.9021525722846233
20.484983826213305	22.558652767520066	-0.06458196238029267	-0.8431941005272927
20.532293135779778	22.682471439736265	-0.11167356440622303	-0.7703991979261194
20.564615256619447	22.807204715921035	-0.14370052578696674	-0.6850829687499368
20.58236343408271	22.932020591199116	-0.16122731036173676	-0.5890538587118606
20.586740577284342	23.0562003898016	-0.16554985255553417	-0.4844126605880313
20.579728991176893	23.179044795449297	-0.15862572981182732	-0.37354666179069185
20.56418600766395	23.29978861294014	-0.14327663133428054	-0.2590870786127268
20.543666802716736	23.417611840312713	-0.12299489210850438	-0.14376970525835805
20.522150467543792	23.531716420939574	-0.1015775706065464	-0.030208595366280993
20.503877163484024	23.641403405371527	-0.08338835646736424	0.0793406575406069
20.49226303809073	23.74642822626792	-0.07182767684823395	0.18341912881248032
20.490026486166077	23.847043308984045	-0.06960141706741589	0.2811146259348404
20.499197985781905	23.944068140626385	-0.0787307113616542	0.37283380507384567
20.520889182567462	24.03879325843537	-0.10032208979968396	0.4587637248223827
20.555772265257126	24.132936564991336	-0.13496784295658643	0.5403791125705076
20.60413139773695	24.22832303556865	-0.18272373783374446	0.6178532917506512
20.666100896310656	24.326715797275604	-0.2432463730889301	0.6921745846928498
20.741571906550266	24.429503137867947	-0.3156588895621733	0.7625208135253412
20.829930915841068	24.53763957123507	-0.3980270072664117	0.8276845756367339
20.929990001130797	24.651396210206215	-0.48776318525581047	0.8859795382427843
21.039980732168548	24.770478566364943	-0.580599065542418	0.9347647518369746
21.157732857633295	24.894024427496404	-0.6720960896665534	0.971333628216592
21.28098947749739	25.021066776588288	-0.757944622461179	0.9934309898685532
21.407787492822496	25.15086176422889	-0.8342826723218866	0.9994309138464117
21.5386953664884	25.28435251825871	-0.8990939879560117	0.9880562726483513
21.66962040266781	25.420019683163584	-0.948560798605402	0.9585547899046023
21.80059379982888	25.559154192918754	-0.9818381205447889	0.9101519325709347
21.93169516622677	25.70343367328145	-0.998132830469059	0.8414023317453327
22.063117451230294	25.854844210082728	-0.9971670000381081	0.7500472896391315
22.195301748093854	26.015500230985545	-0.9788722099291325	0.634964594969766
22.329171927993226	26.186921253513887	-0.9429741745699487	0.49376892782285264
22.46654483959195	26.369513213513894	-0.8886797718444228	0.3277045886196403
22.610609062029777	26.5611471700424	-0.8139951345990761	0.14185126229299166
22.766260738253468	26.756336578265472	-0.7140299708680998	-0.05276428924456932
22.939915133720135	26.946773288824122	-0.5825847945199109	-0.24079438092793257
23.138013856814514	27.124182545690854	-0.4111968016059667	-0.40818150554593047
23.364751830417514	27.284281383959687	-0.19586796645820093	-0.5484436124024124
23.618501132216814	27.427446481428113	0.056519025130167315	-0.6619924929995061
23.887575030548312	27.55495357783702	0.3198079337823276	-0.7518475320119857
24.151287754279572	27.663747921307216	0.5555545282023654	-0.8189825376045685
24.391665136144816	27.74648329953319	0.7375022098949577	-0.8634831052549499
24.60388994787021	27.798433780816985	0.8629737922793115	-0.8884510722443131
24.792541826023996	27.82189265093238	0.942237185220143	-0.8990994246258597
24.963944267574213	27.824235563614337	0.9853682835120665	-0.9001629097687482
25.123001570284373	27.814639441734307	0.9996941202564225	-0.8958070781889582
25.256794695207706	27.801852923932746	0.9922662133267791	-0.8900030754124306
25.386850399328782	27.79238303856282	0.9678072029519954	-0.885704544582268
25.516604206571884	27.79051703381829	0.9270477903178815	-0.8848575354992361
25.645957740025715	27.79941901370416	0.8709312284047622	-0.8888982850430931
25.77475906465947	27.821146835767518	0.8006219746579404	-0.8987608873200181
25.90278466563729	27.85679043690484	0.7176135120035478	-0.9136738638509638
26.029677865180215	27.906816697474053	0.6237639088983978	-0.9329851385883421
26.154938483625518	27.971039150200998	0.5212933139043507	-0.9540871258709829
26.277813651770604	28.04887009961009	0.41284193526544155	-0.9742242090994307
26.397256569469583	28.13925064702949	0.3014527769016337	-0.990641404688793
26.511952863895363	28.240645488703354	0.19039555479742576	-0.9989419960394681
26.620206188698393	28.351214930865858	0.08319569880077515	-0.9967047998111915
26.720287591502277	28.46881603924453	-0.01673901708237688	-0.9809815297041253
26.810443348575177	28.591439394133587	-0.10666164047252052	-0.9500586750517792
26.88923064011816	28.717271773856623	-0.1846137983787429	-0.9034131409636298
26.955675298684973	28.844914621055324	-0.2494679148014399	-0.8414651093999703
27.009487977097344	28.97335191989576	-0.30113539015245044	-0.7653111257794908
27.05102245597052	29.101924672132647	-0.34036728604198996	-0.676464713699577
27.08121231960708	29.230217115217545	-0.36875186845309094	-0.5766996996089893
27.10147702109999	29.357957654899053	-0.38734683288502925	-0.4679611392347687
27.114038530424725	29.484867300674722	-0.39887331992391684	-0.35238789046960584
27.121580399692615	29.610711645359803	-0.4057937668318471	-0.23219097272090586
27.127372834096946	29.735263374350062	-0.41110892589108883	-0.1096090560694592
27.135100385603007	29.85835861025153	-0.41819975550194993	0.013219698927340134
27.148576129000208	29.979985767221603	-0.43042566257532733	0.1344104252783297
27.171411504058614	30.10035956572909	-0.45076878403995113	0.25243628334689744
27.206677760587326	30.2199439297762	-0.4821713927770286	0.3660762179845315
27.25648326312041	30.339552299452883	-0.5250340305500668	0.47441946076442626
27.321947807717706	30.459963610824794	-0.5795916555573073	0.5766337986099723
27.402911077286653	30.58195001063134	-0.6435912419881742	0.6716754907430563
27.498065017719767	30.705952612423555	-0.7132121939538827	0.7580670601856958
27.605137976071294	30.83201897237766	-0.7839670836042716	0.8339755548396862
27.72132993373294	30.95992928791415	-0.8506811064040105	0.8974852924135834
27.84384777917971	31.089323369878958	-0.9085345601151518	0.9468419886076991
27.970338554915127	31.219902824749134	-0.9538916981675625	0.980645305384495
28.099101887456907	31.351573604092273	-0.9843617880375156	0.9978836058196396
28.22906926804449	31.484496768609596	-0.9985784379711093	0.9974867880260461
28.36007153085406	31.61918361550807	-0.9958714572197125	0.9790676544851784
28.491245967660635	31.756091134546153	-0.9760893972313498	0.9422489727311538
28.622835674247007	31.895925252857374	-0.9394253137419711	0.8865906458227459
28.7553618025303	32.039278708681046	-0.8861234741746764	0.8118080424567111
28.88986104305868	32.18642049636179	-0.8162056281945518	0.7172949961496471
29.02827137822378	32.33713606396736	-0.7289982102730621	0.6045877166502738
29.17386479190331	32.49034449212449	-0.6217143681534113	0.47616223249476897
29.33173302371139	32.64410334959289	-0.49099855462937303	0.33579028961639124
29.50883014748908	32.79577248131663	-0.3298454172478108	0.1897766226222847
29.713121580496196	32.94271557209492	-0.1315990087058455	0.043978340676389026
29.95063113220099	33.083089488595945	0.1052632354260673	-0.09617097235506485
30.219134158192016	33.21607729456789	0.3653144447948247	-0.22724961446054354
30.501669006932698	33.33992147142408	0.6100799700449716	-0.3457423200169151
30.7704463415538	33.44968746697331	0.7985002198253345	-0.4463952457715008
31.0070828380556	33.53946353719965	0.9171283819329705	-0.5248575789721377
31.21093714338006	33.60796270010605	0.9786898242901056	-0.5819315655726315
31.389790451715104	33.659477943358205	0.9991791807913839	-0.6228912395976609
31.534655072572935	33.70072040302418	0.9927672510632526	-0.6545590758468499
31.66537852697866	33.73759644624349	0.9689922042969384	-0.682215654221142
31.795988081024056	33.77417661963345	0.9285572729784254	-0.7082111517254536
31.926421618308375	33.81399261063464	0.8723163205585535	-0.7358819407967521
32.05659697277623	33.85982409169058	0.8014476692106838	-0.7661858576558418
32.186384000821505	33.913737964117175	0.7173207981489188	-0.7995413586129919
32.315578144032905	33.97718759015405	0.6216190132842535	-0.835985214254976
32.44387919400964	34.05103388378297	0.5163402113303952	-0.874357127231759
32.570843581420725	34.135622060928505	0.4038084735710019	-0.9119450921733867
32.69578391695538	34.23084681674505	0.28672233580965134	-0.9468185495220646
32.81780232607636	34.33601495606633	0.1680504731600228	-0.9750878159391185
32.93567258645264	34.44996176880021	0.05101669313451048	-0.993818373024177
33.047984335367154	34.57105077857462	-0.06122117219678771	-0.9995750324276608
33.153212282417115	34.69740205654077	-0.1656496823107334	-0.9898907003599091
33.25001176345256	34.827107747927435	-0.2601745396491804	-0.9634893017687642
33.337385257538244	34.9585978144164	-0.3433564376528933	-0.9202117570079782
33.41498742121234	35.0906891729966	-0.4151732494092134	-0.8607757553669013
33.48309569298471	35.222674195905924	-0.47615729688427155	-0.7864433722261663
33.542658585715905	35.35419485942484	-0.5276072391553376	-0.6987847769976934
33.59521500279513	35.48512873650263	-0.5713899269897657	-0.5995315414044706
33.64282423720104	35.61548135523435	-0.6097343946664144	-0.49051401562745345
33.68802337742609	35.745314921404216	-0.6450364629817581	-0.3736388703190816
33.73377093873452	35.874716688890715	-0.6793465706913858	-0.2508707539679512
33.78327806808405	36.003784059073794	-0.714645789066187	-0.12420619500215237
33.8397218023261	36.13263805192304	-0.7528941618270533	0.004319692087317212
33.905908328364276	36.26144401542115	-0.7947433089709257	0.13270490983857472
33.98377042208762	36.390381831838994	-0.8396847060519435	0.25900069191063985
34.074030040490186	36.519614853227466	-0.8850062834846333	0.38125382648358475
34.175982445674634	36.64922901647129	-0.927971497298962	0.4974670985080103
34.28787040193413	36.77924812858368	-0.9634725011455751	0.6056509430788696
34.40723935043958	36.90961394487629	-0.9882645231340527	0.7038593932289074
34.531699440942226	37.0402575938524	-0.9991891154994936	0.7903045155474024
34.659281023162926	37.17112331962363	-0.9943636962301952	0.8634128992862036
34.78860605527898	37.30219532117029	-0.9729977732906717	0.9218644555542286
34.918838298321205	37.4335041571407	-0.9350843166216003	0.9645997471093762
35.04954841743158	37.5651195394732	-0.8811298065043156	0.9908120359307163
35.180597083123196	37.69713336528417	-0.8119621848481656	0.9999378647327104
35.312124838445094	37.82964558743335	-0.7285278810092131	0.9913529848037939
35.44445559269968	37.962712679733045	-0.631664343606667	0.9651595481158383
35.57840358912807	38.09633169166941	-0.5224231577346176	0.9217440098160528
35.71537357982815	38.23040170117263	-0.40111315519054713	0.8617326596467383
35.85757792506336	38.36471460754421	-0.2673262935121984	0.7861689833002832
36.00815834221728	38.49896464887629	-0.11985204139413451	0.6965385722135895
36.17101821518885	38.63278695618346	0.04267460720221215	0.5947395922895504
36.34999077901553	38.76582724596515	0.21975661726752466	0.482980975825935
36.54715167659323	38.89770260266248	0.40652171662418857	0.3636226601890582
36.760289075127005	39.02785055375659	0.5906728160470445	0.23964482572577486
36.981248533697865	39.15512064355305	0.7528505738528412	0.11450710364319124
37.19809723825848	39.27740326538048	0.8770512017472519	-0.007490164906250657
37.40123644093805	39.39193612507725	0.955598822039967	-0.12171421359038656
37.58701909915402	39.49648587843325	0.9933916316083173	-0.2245402093655204
37.75668165042482	39.59035682688847	0.9981919860918552	-0.3149335886806786
37.88755920874273	39.6748774107528	0.9822947886208527	-0.3937973804835444
38.01840963730897	39.75197600598742	0.9493161880172657	-0.4634135502478973
38.14920936121746	39.82435979401408	0.9001632731528149	-0.5263300229937072
38.27991998955204	39.895026007440784	0.8357173990872437	-0.5851384565948115
38.410480648687354	39.96687468712736	0.7571447598085909	-0.6417860182358216
38.540792680621664	40.04243171911327	0.6658973513950546	-0.697655637128927
38.67070026832661	40.12374373543584	0.563712376684594	-0.753447341476614
38.79996726591258	40.21232198535597	0.45261015187169884	-0.8089777866681181
38.92824853624269	40.309118031931476	0.33488730603430206	-0.8615816994172456
39.054971301805956	40.41457235823983	0.21318158663771675	-0.9102634435893489
39.17940034042244	40.528460523448466	0.09033913685692575	-0.95159077787509
39.30054326569824	40.649950412868805	-0.03061494271919122	-0.9817946498942737
39.41715834195408	40.77765390946378	-0.14665042734436115	-0.9980061471139492
39.52795278597966	40.90978415878097	-0.2551393145682078	-0.9974388543699477
39.63174366538824	41.044495578217344	-0.35386726404253066	-0.9789511847318108
39.727821659736165	41.180169459757444	-0.4418954101503018	-0.9424859268431531
39.816084726419284	41.31567145165752	-0.5192084961176859	-0.8888746422081167
39.89713389971698	41.45036638384828	-0.5868815665859944	-0.8195018587039412
39.972216220499426	41.58403577715187	-0.6457921024966768	-0.7360110726813478
40.04314597531506	41.71670735038818	-0.6981606094585373	-0.6401562618559752
40.11217783838876	41.84854886901843	-0.7457999346191381	-0.5336454110564772
40.18189972458239	41.97976840586048	-0.7903348354476218	-0.41835536962506603
40.25503488344269	42.110564436348575	-0.8329852988992525	-0.2963212364984219
40.334132121496445	42.241108505198426	-0.874312812557772	-0.1695038956270331
40.4212430943286	42.37154561095496	-0.912912276590246	-0.03992892822001469
40.51742052559321	42.501977696015416	-0.9479661408632851	0.09030832241731623
40.6227706169941	42.63248063863395	-0.9758665363695531	0.2190780299715251
40.736250223895006	42.763083199968506	-0.9941103570054848	0.34422188832808337
40.856215902533954	42.89378840223557	-0.9995128551087102	0.4636093101852072
40.98079132784183	43.02457929953864	-0.9898587985899139	0.5751825724440495
41.10831215513576	43.15543617125286	-0.9640418643393318	0.6770120628288994
41.237542072105036	43.286346791406096	-0.9218958038208892	0.7673394844369643
41.36768468430408	43.4173100339743	-0.8639260995503197	0.8445821810974887
41.498292190119436	43.548334959164514	-0.7910806688277144	0.9071542661879199
41.62916131874575	43.67943807561392	-0.7045954241288899	0.9542086504364151
41.76026578722138	43.81063494559715	-0.6058898655650429	0.9849201344015219
41.89174281105383	43.94193266420445	-0.496472685207095	0.9987323294007562
42.023938144594624	44.07335932653365	-0.37782505532377986	0.9953704573164373
42.15749194181444	44.20498314050224	-0.25126446171085265	0.9748300660780801
42.29345887361187	44.33669072971193	-0.11774655099824173	0.9374298701673982
42.43339235295729	44.46842184740165	0.021877128289003504	0.883809966473209
42.57931195878241	44.60009568849056	0.16695491066821994	0.8149291346655267
42.73344842330509	44.731610028465056	0.31634368318224665	0.7320560217879883
42.89761726958018	44.86283087673756	0.4670202948204098	0.6367226185699865
43.07218588454528	44.99354454624649	0.6133556218521052	0.530716767390183
43.255159243056745	45.123325241425306	0.7467181811222376	0.4165530290390813
43.441912166515415	45.25136666541774	0.8571036255444522	0.2970801513237232
43.6265430712828	45.376360925796256	0.9369690931931791	0.17576503979431543
43.80411043780804	45.49662683481391	0.9838996443990896	0.05642949600983897
43.97210690526049	45.61056657298791	0.9996799693184635	-0.05743528761837274
44.10807153872512	45.71723276184518	0.9920973896322529	-0.1633288632438511
44.23895956744758	45.81648952116458	0.9670949870329538	-0.2602774118106358
44.36983119944587	45.90916386937161	0.9255900718934095	-0.3484438815275711
44.50066870208005	45.99690550797667	0.8683075309131021	-0.42933298490909566
44.63144187536	46.08207848159243	0.7962545725116779	-0.504413438765964
44.76209609178621	46.16715021031319	0.71071646318951	-0.5759915368735692
44.89254747001725	46.25456589311713	0.6132457656715367	-0.6451653868641052
45.022657348788016	46.34639867239419	0.5056622764919826	-0.7123480629259139
45.15220267424539	46.444282807615096	0.39005499074510497	-0.7775871026957939
45.2808518516195	46.54935006012108	0.2687703705017148	-0.8392401845362617
45.40809980753736	46.662157778456866	0.1444220726602551	-0.8948821861961438
45.533212899142015	46.782624318457934	0.019867499595860764	-0.9418761219847208
45.65524794422782	46.90995777164025	-0.10193217919365179	-0.9767393687557767
45.773075529432234	47.04273405623973	-0.21810445670367734	-0.996302581263622
45.885533698634845	47.17911964702914	-0.3262143653441746	-0.9982654740528182
45.991670064461864	47.31723153928853	-0.42463560494918223	-0.9812302640256831
46.09096317326651	47.45551712667917	-0.5120596083974842	-0.9451403961107565
46.183556416758314	47.5929496938741	-0.5894793890967784	-0.8915559524740174
46.27030406178096	47.72904497930168	-0.6569688195841087	-0.8220345897884573
46.35269172698594	47.86370747097329	-0.7167971925653488	-0.7383342846881977
46.43269506558495	47.99710633119841	-0.7704839154617534	-0.6422459723260516
46.51263910543372	48.12951074330095	-0.8186089612124334	-0.5355588984029084
