5.977348924174879	0.49125271308686724	0.9533781445120941	0.8814822788862351
6.114550318677302	0.6218856003661072	0.9853936174478999	0.8126322428435848
6.252344548391725	0.752245185716464	0.9990314276980328	0.7301171710047281
6.386959019185554	0.882132314806845	0.9941743928966207	0.6354596937578928
6.517858665912275	1.0112669369578782	0.9722155327834057	0.5306999504239507
6.648758191886235	1.13930480561436	0.9336436384384859	0.4181343221852424
6.779657332541998	1.2659013626509257	0.8791131504488491	0.3001220077511123
6.910555340718652	1.3908141974918753	0.8095500411803607	0.17897408221635494
7.041450284166227	1.5140333884843886	0.7259407709566812	0.05672559716573212
7.172337578609735	1.6359046312600338	0.629913752221201	-0.06505649516981528
7.303207205387052	1.7571925057564222	0.5231654268538134	-0.18530812225225055
7.4340385111668965	1.8790707243500333	0.40753746947236125	-0.30336672252137076
7.564791363213586	2.0030571593305995	0.28504337048189565	-0.418840245106999
7.695392698156801	2.1308701216762524	0.1578477499853374	-0.5311684656487843
7.825715047056108	2.2641807303769053	0.028247991920549758	-0.639099477086275
7.9555437331934655	2.4042655313631416	-0.10134253719017097	-0.7399810406698207
8.084523610615202	2.551560983534959	-0.2284083686735252	-0.8305338625532965
8.212146970125767	2.7053024796771057	-0.3504146496751358	-0.9062298647969294
8.337765794818226	2.8634076403126345	-0.4649425552386234	-0.9610913618163833
8.460612016678471	3.0229178541170647	-0.569850356889904	-0.9927723073488995
8.580167399762075	3.180834136401809	-0.663700094870215	-0.9987675979828743
8.696258200497148	3.335027252657007	-0.7458044956022265	-0.9812100097854631
8.809374703737308	3.484446256010693	-0.8162752609597079	-0.9413382550099769
8.920482854137058	3.6291656984378364	-0.8754718458833812	-0.8831525385305165
9.030961655560041	3.7697604326507155	-0.9230954975546953	-0.8091017154378901
9.142191350032363	3.907073301091703	-0.9598635572617297	-0.7208393606495207
9.255428838604807	4.0420229477386584	-0.9852819207059659	-0.6210038318322554
9.37156572437011	4.175342280481498	-0.9983288381892097	-0.5113513374035912
9.490997274793665	4.30760501497858	-0.9977079926275756	-0.3936273710286588
9.613628320082295	4.439225099398203	-0.9822098662160742	-0.26965586101266487
9.738997717097797	4.570479370817052	-0.9510360290803723	-0.14137648364590738
9.866465326693206	4.701539006916279	-0.9039807743342063	-0.010842835881067275
9.995386953786998	4.832500932494576	-0.8414492307564395	0.11980702754065108
10.12522682388277	4.963413741472701	-0.7643650595216738	0.24839457336932802
10.255598503554005	5.094295218074707	-0.6740424387461645	0.3726346841483134
10.38625479611767	5.225140674437058	-0.5720741006597231	0.4904430444938671
10.517054385711402	5.355922473397433	-0.4602528376492	0.5998054535412574
10.647927994122275	5.486582645186704	-0.34051911262021173	0.6988363929186814
10.778854277799121	5.617020831838757	-0.21492149827343474	0.7858247633718384
10.909849608338353	5.74708254877981	-0.08557799768906568	0.8592830970450852
11.04097116375088	5.876554919471466	0.045367012134873846	0.9180072487996407
11.172330268171102	6.005178010851654	0.17578817688486695	0.9611409351091909
11.304109868100989	6.132677230489508	0.3036174936344395	0.9882288247734557
11.436575685910157	6.258815238280841	0.426829104863488	0.9992346435476922
11.570070457624707	6.387154938194645	0.5432771454642508	0.9941559583218433
11.705015916635604	6.518064638096204	0.6511421984969745	0.9721706087341266
11.84184354002592	6.64894798405992	0.7484444718794847	0.9335793592070203
11.98082115227272	6.779771831746386	0.8330528227483404	0.8790611774480297
12.121938056383398	6.910468089628127	0.902734688219215	0.809599075501293
12.264806386454886	7.040906555824261	0.954569841739821	0.7263251817140918
12.408695102510446	7.170857794701681	0.9871077753151822	0.6310828185675315
12.552634285129988	7.299965940079677	0.9995686024421899	0.525954861228139
12.686520114595941	7.42774608377244	0.9926335485748783	0.41331142393359144
12.817419497836045	7.553629465938	0.9686439103121437	0.2957603068874299
12.948318189660391	7.677047804361947	0.9278083632776075	0.17596380738080836
13.079214904715505	7.797613809688127	0.8711206731186552	0.05633074306487519
13.210106459609863	7.91529693999109	0.7995691678335902	-0.06127497012514133
13.340985636723184	8.030548122735626	0.7143814446495617	-0.1756010487831314
13.471836786465182	8.144295926365876	0.6170253621301028	-0.2861225838123047
13.602629595131685	8.25794728357361	0.5091917863305758	-0.3928764814421401
13.733308648458088	8.373177884357961	0.3927779703539692	-0.49598923255701965
13.863777351012164	8.491732809674186	0.2698725724377072	-0.5952372780544934
13.993872852923559	8.615218523151432	0.14274369215634589	-0.6896760759971419
14.123329096334475	8.744864893385039	0.013828741679726324	-0.7773995403837998
14.251731418799356	8.881243164225804	-0.1142850813924217	-0.8555005041097051
14.378482365516502	9.023997425599369	-0.23892062749262186	-0.9203301232541417
14.50281875161534	9.171736029383988	-0.3574573707660799	-0.968104904228263
14.623921772424344	9.322238463481582	-0.4675890065959464	-0.9942905236570765
14.740993770325236	9.473069519492038	-0.5675319736266458	-0.998483374986999
14.853733460448481	9.62213452222355	-0.6564857784383213	-0.9803546009230586
14.962386938717763	9.768174142322728	-0.7345266395145483	-0.941154493114184
15.067821064610914	9.91081215577604	-0.8017713740200356	-0.8838510468257899
15.17144114284291	10.050220988515639	-0.8590696571367031	-0.810633000945267
15.274899141006522	10.18692476359031	-0.9075108718047777	-0.7231963570758446
15.37991741762202	10.32159099862829	-0.9463533771082717	-0.6238615548900768
15.487904564444362	10.454803382788098	-0.9754030966531323	-0.5145563897842464
15.599840677662991	10.587041722710126	-0.9937651946150324	-0.39706709963410036
15.716144816095277	10.718669172441695	-0.9997430536331404	-0.273247953586607
15.836625751313246	10.849937896207509	-0.991645666366226	-0.14505677711324866
15.960635522246434	10.981010333183908	-0.9682080238834431	-0.014554373573855394
16.08731312305576	11.111983037855564	-0.9288398726772474	0.11612086708172291
16.215812575871404	11.242908222569891	-0.8736629078194498	0.24479322679610246
16.345444695165455	11.373810310897406	-0.8034019142291327	0.3692668819900733
16.47572251417222	11.504696341703426	-0.7192284130628284	0.4873193747599154
16.60634099820351	11.635560158877679	-0.6226254087121527	0.5970027435539154
16.73713072390237	11.766381042521196	-0.5152947557640835	0.6964418799269055
16.868013663938513	11.897118115329057	-0.39909809235076266	0.7839324031874471
16.998974693687675	12.027702302763098	-0.2760129389605115	0.8579773390271779
17.130053007159443	12.15802934798374	-0.1480886753459395	0.9173278887089105
17.261352138769197	12.287958698962383	-0.017396004588372604	0.9610280685555876
17.39306385355842	12.417323315299575	0.11402606003428646	0.9884573031531078
17.525496303073567	12.545953098994177	0.24421047914158892	0.9993587758331903
17.659091443042243	12.675801292504355	0.3711900186668224	0.9936421129213886
17.79443426553058	12.806748064019747	0.4929585595797789	0.9709714285696832
17.93218145594153	12.937672460349178	0.6076175120466948	0.931703341211051
18.072897742914424	13.068545450004937	0.7129369526396367	0.8765245546143722
18.21685637790637	13.199307041665952	0.8063322823258351	0.8061871185321428
18.363852151482988	13.329834369020817	0.8840010319399659	0.7222652846716882
18.51303812787723	13.459899248941694	0.9434840806773759	0.6264563157313771
18.66306472101348	13.589118488519269	0.982600749933634	0.5208194507288261
18.812376239948186	13.716926073014664	0.9988323500717899	0.4078106816811319
18.953602262530232	13.842616879416164	0.9941487404627751	0.29018949731224997
19.08450124724488	13.965444542808799	0.9721562147848117	0.170817384130497
19.215398764076877	14.084759976707742	0.93355220852545	0.05237248885177735
19.34629233492435	14.200260003331834	0.8789931405411928	-0.06305052660564889
19.477176274362193	14.312189913217416	0.8094093640145924	-0.1740767860972401
19.60803787788169	14.421329680612168	0.7257873686190508	-0.28021625803688316
19.73885243937997	14.52908545128295	0.6297997939440282	-0.3818219820687241
19.869575242488548	14.637202251019469	0.5231676448429239	-0.4794200533152555
20.00012856562742	14.747521372645656	0.40779491226460907	-0.5729299386705433
20.13037281428118	14.861778804601983	0.28580107435612184	-0.662519687494295
20.260088224574364	14.981473269183624	0.1595019426796104	-0.7471465801810229
20.38893049046268	15.107614603331273	0.031401087263626885	-0.8247358052521506
20.51638517523378	15.24051194104688	-0.09583880896503873	-0.8922861047319859
20.64174182641969	15.379594359372813	-0.2194778586912418	-0.9462439630287848
20.764131000243513	15.523392557928542	-0.3368808157142571	-0.9829011314219114
20.88263821903542	15.66980536975419	-0.4457906782841501	-0.9988016285997706
20.99646924043316	15.816650223960405	-0.5446174753863	-0.9937120918445757
21.105376188710952	15.96212009212587	-0.6325839460252634	-0.9677939102175988
21.20972517324884	16.105136759540148	-0.7095679851986412	-0.9217624173728314
21.310458813283084	16.24540191813351	-0.7769235771718677	-0.858603184653663
21.40912822260797	16.383070932155114	-0.8350361502920605	-0.780344321434512
21.5075446920271	16.51856866639079	-0.8849542038592022	-0.6889365916600285
21.607578378717058	16.652411985645195	-0.9271640487240623	-0.5861554094370177
21.710924720358065	16.785090291807975	-0.9605226367354199	-0.4737488325938772
21.818740292983225	16.917001503343744	-0.9848034413666642	-0.3537944479777649
21.931642199043168	17.048437889909092	-0.9981311670032764	-0.22819343708481932
22.049530954393703	17.179600446494682	-0.9981664667893503	-0.09895064409778304
22.171701151647923	17.31061657030139	-0.9835296025953397	0.031836018644939956
22.29717744192322	17.441561414474844	-0.9533244520797066	0.16200808188080879
22.42495973682732	17.57247480681452	-0.9072142373271087	0.28938792831629945
22.5541992352138	17.703374880755828	-0.8455677553626929	0.41182466356875663
22.68427931996621	17.834267025098082	-0.7692038219330867	0.5272386502928142
22.814805341855713	17.965147667317883	-0.6794151825845112	0.6336616446233192
22.945555426468122	18.096003578929576	-0.5779205852748496	0.7292528748291269
23.076425443755234	18.22680800639624	-0.46648846215535644	0.812147629766123
23.20739097704987	18.357514822641086	-0.3470173011609459	0.8811244180905197
23.338494875584047	18.48805227035118	-0.2214883539275176	0.9350218154105958
23.469858662567415	18.618321115110074	-0.09191028325096642	0.9729655063487994
23.60171233528907	18.748200246000412	0.03974127260772172	0.9944019128002972
23.734431792797263	18.87756224552933	0.17157234028779952	0.99912044480216
23.868565663258863	19.008552982436782	0.30177900729992524	0.9869010735016321
24.004860278834116	19.139534362580445	0.42853419174402024	0.9578016415599719
24.144140329214075	19.270487463240293	0.5496440041288106	0.9123285098801943
24.28712879742965	19.40137763612848	0.6629487044948044	0.8512828134774831
24.43419100583699	19.532133676074775	0.7656204463084688	0.7757666034710481
24.585045502798422	19.662612397052772	0.8533827671230189	0.6872037035225727
24.738604904313057	19.79254566102427	0.9229684235113106	0.5873619034902205
24.893138265395923	19.921478637141497	0.9711403497402862	0.47838514247387137
25.04669233581579	20.048732179971438	0.9958421713561663	0.36307186619540693
25.197621330526612	20.173467098507157	0.9978340029001548	0.24435532185806388
25.328520175322545	20.294825839429283	0.9806986903331494	0.12519656813824367
25.459417292782835	20.41211680871685	0.9468172993370616	0.00823002198424277
25.59030974227998	20.524986064267342	0.8967720701025483	-0.1044001185074795
25.721190776899988	20.63373990497275	0.831423000685751	-0.21166993392350247
25.85204644316094	20.739383961047853	0.7518971817708189	-0.3136006323241663
25.982850630809246	20.843484529676225	0.6595760317625822	-0.41046385304364436
26.11355332015533	20.94784640751312	0.5560849163684132	-0.5031304165810085
26.24406946015053	21.054421884896957	0.44328034595337384	-0.5923287699381112
26.374261739365412	21.16502135092986	0.3232375268518909	-0.6775623698986301
26.50389750421916	21.281122103578678	0.19825562225071458	-0.7580323152358424
26.632615096717334	21.40373552713127	0.07084389397928906	-0.8320055043814694
26.759886204273137	21.533202857122777	-0.05631158015291411	-0.8966008510360999
26.88498245377427	21.669038842454995	-0.1804186044194212	-0.9483638345114415
27.007004945990317	21.80990895692329	-0.2987513432641883	-0.9834221432751321
27.12496707874908	21.953860218584865	-0.4089013959582567	-0.9988289370705006
27.23802335645669	22.09877973507488	-0.5091474266125705	-0.993811434688347
27.3458149524144	22.2428574901814	-0.5988131061560626	-0.9684767427572176
27.448598544622126	22.384932671034967	-0.6778562799579964	-0.9231082873073385
27.547226431597295	22.524606575954376	-0.7467383190471935	-0.8606291667397592
27.643183255817654	22.66191767464846	-0.8072814684147982	-0.7830030209445358
27.738358399843005	22.79721657158391	-0.8593478751102548	-0.6921444916344687
27.834677513665675	22.93094829332943	-0.9048932075571553	-0.5899010008830046
27.934090079820443	23.06356341262198	-0.9422221478003269	-0.47794673078270755
28.037977340764236	23.195432944796703	-0.9718484182239834	-0.3582665331049085
28.147278645124832	23.326842023886936	-0.9918970537064122	-0.2328586966613188
28.262144887856174	23.45798548939626	-0.9996171974076185	-0.10372881856430272
28.38197142535567	23.58898737611058	-0.993810834084266	0.02702468446422747
28.50580363204781	23.719922538367353	-0.9729142634834803	0.15724407603306284
28.63253257061781	23.85083030313196	-0.9361411475183927	0.28475065433120583
28.76115312687199	23.98172861114455	-0.883494700408387	0.40739119098058557
28.89089807180393	24.112623477148748	-0.8156228274524103	0.5230829354074578
29.021256712136548	24.24351374829508	-0.7336363291599984	0.6298543352331412
29.15192851128722	24.3743917784161	-0.638962450011214	0.7258810491273657
29.282760898404202	24.505240852379288	-0.5331439875887841	0.8094767897098338
29.413700882008392	24.636029743970298	-0.4180772526638649	0.8790044560442682
29.544774096701037	24.76670756777014	-0.29576409401369985	0.9334875817259787
29.67608883206861	24.89720020678895	-0.16816980620015187	0.9720262890541658
29.807864911961044	25.027412115933053	-0.03724078239879643	0.9940280408294664
29.940476330648035	25.15723609788444	0.09515516414440775	0.9992307241213556
30.07448979626035	25.288257006449747	0.22725464475936408	0.9874455765939731
30.2106973422729	25.419272066910548	0.35737771263577583	0.9587633338818702
30.350028284427587	25.550261450667307	0.48368421670140893	0.9136830854797952
30.49338001737322	25.681191314178633	0.6035314607076756	0.8529988300369991
30.641304634095153	25.811997150019213	0.7143765809518964	0.7778022436039888
30.79370180701415	25.94254646632267	0.8124416556947829	0.6895022977486271
30.949558057798065	26.07258406820662	0.8927776269393749	0.5898669339860525
31.107014134757634	26.201664815184934	0.9525201039685145	0.48105694655629794
31.26380962249556	26.32910078632033	0.9879771886602794	0.3657216099233406
31.41795797607942	26.45399828959778	0.9999362014175323	0.24694509218821237
31.548856977788265	26.575402889594482	0.9909781203769479	0.12777337029169242
31.679754522842735	26.692500892206343	0.9650961856293072	0.011029402906809711
31.81064807904301	26.8047990140001	0.9227360433526497	-0.10104327994376945
31.94153175760233	26.912467688775834	0.8646258990294858	-0.2073204776829049
32.072393305700345	27.016430809659138	0.7917675778342147	-0.3078014517727959
32.203209711532836	27.11823501864064	0.7054251809825804	-0.40272403290586123
32.33393563698968	27.219699598140323	0.6071161341125314	-0.49337799200374544
32.464497264217485	27.322880417742404	0.49859629088082374	-0.5803628723174278
32.5947691214754	27.429660546824294	0.38185431024482097	-0.6636530147857274
32.724540253754824	27.541640098676993	0.2591123493416817	-0.7430446184627104
32.853491717332304	27.659985400375003	0.13280627563932385	-0.8168680349915434
32.98114204543831	27.78525119814453	0.005577145948710638	-0.8824672893551675
33.10680374563559	27.91723490729592	-0.11977610134732787	-0.9365136008404662
33.22958431137949	28.054906485317982	-0.24042917037106826	-0.975540789250376
33.348479927617774	28.196531747897815	-0.3537934823458722	-0.9966181322330685
33.46257651824344	28.3400310319588	-0.45787758555709035	-0.9977571245532438
33.57128526923048	28.483474124201674	-0.5516013646737542	-0.9777844934908462
33.67450790636103	28.625523060842532	-0.6347652867727671	-0.9385151437299148
33.772926344123206	28.765457526940335	-0.7073272188516818	-0.8815408651003164
33.86781815144967	28.903122868222038	-0.7714014108955626	-0.8087286964954893
33.96095840130553	29.038760882358805	-0.8268645574278815	-0.7215842793589486
34.05430768364947	29.172788639743036	-0.8760233528359961	-0.6225645553106435
34.14998426420696	29.305629771581543	-0.9176480726995674	-0.5134630250961999
34.249666993382995	29.43764766139081	-0.9528158430912781	-0.39610360005263223
34.35470757796628	29.56914240287815	-0.9791648143539864	-0.2723672125371141
34.465587721931506	29.700325928975875	-0.9952886632364608	-0.1442350457386467
34.58209905402944	29.831342257472375	-0.9992280547912268	-0.013778881312714918
34.70343954643766	29.962279256880525	-0.9889463842093718	0.11685775787384003
34.82846973346452	30.093184380165418	-0.9631093824187873	0.24549600162131682
34.956034349458534	30.224079975103336	-0.9212296642503991	0.3699218148798688
35.0851775383228	30.354974520288295	-0.863580944196144	0.4879409494970811
35.21521930314989	30.485869145405168	-0.7910117770215623	0.5975976837543946
35.345734048835226	30.61676000973445	-0.7047664894743697	0.6970237653772233
35.476487499939495	30.747637358328376	-0.606358334696154	0.7845227325890823
35.607375174847505	30.878481894808722	-0.4974901980967201	0.8586001355366872
35.73838434349345	31.009259768900144	-0.3799983940351625	0.917992803217963
35.86958558086619	31.139918036138607	-0.25579731412444	0.9616984898499736
36.00115243377198	31.27038326517122	-0.12681390653121755	0.9890053637881058
36.13340247109993	31.400566089320254	0.00508360839582051	0.9995175960746192
36.26684443969456	31.53128306414619	0.13803796857366812	0.9930845328920103
36.40221836564107	31.662327138656096	0.27036537095102625	0.969657734548437
36.540470879784934	31.79335493247926	0.4003913929640667	0.9296028503583278
36.682625481688184	31.924338072189972	0.5262081114220118	0.8733767573694954
36.829556801655784	32.05522487644337	0.6449920416909503	0.8022884984045978
36.98154013168311	32.18591313411984	0.7530433793415049	0.7176536964208219
37.137927312174206	32.31619908218802	0.8465175361527693	0.6211284565912474
37.29705857963757	32.44570458047626	0.9198247450473416	0.514769282920174
37.4565604597981	32.57381319131443	0.9704972776471694	0.40108354863838075
37.61400300561712	32.69965510676978	0.9959306238367283	0.28300546814545346
37.76762008309464	32.82222668049631	0.9974926210943558	0.16368130866629693
37.8985183208823	32.940608607997966	0.9799074990795186	0.046083918720157845
38.02941375840029	33.054172768667236	0.9455892880457354	-0.06738732111904858
38.1603021430574	33.162841466994635	0.8951280839326058	-0.17515875128811098
38.291173944821416	33.26719670036854	0.8293927783734489	-0.2766744116256452
38.42201014521254	33.36857606431817	0.7495214210886407	-0.3725860180608002
38.552777074157866	33.468849086310065	0.6569092038020176	-0.46346556533618977
38.68341149637546	33.56999034929312	0.553200896158572	-0.5505305377125836
38.813810438767824	33.67401130907478	0.4402778233625427	-0.6343729624800949
38.943808360729946	33.78266119757148	0.32024977446064806	-0.7142096674910176
39.07312364536904	33.89729602915163	0.19546932417194507	-0.7894656382773313
39.2013437830359	34.01874676496346	0.06849667337349435	-0.8579243499521708
39.32786743689171	34.14714694928965	-0.05792113887714017	-0.9165214244126485
39.45188137308708	34.281825400935936	-0.18094031923387985	-0.961786277035771
39.57240808511321	34.421335213748335	-0.29782243572050165	-0.9904692392670071
39.688458858822905	34.563707867364364	-0.40625976705687744	-0.999805640904676
39.799230016107394	34.70691745283623	-0.5047033248790633	-0.9884024092730457
39.90435770833997	34.849346424494925	-0.5926289019565469	-0.9572859293277254
40.004200549704436	34.9899771128488	-0.6697799555899919	-0.9077515846781746
40.09977495590325	35.12841372091631	-0.7375991104041132	-0.8412887607611909
40.19263121914629	35.2647593982174	-0.7969111622751022	-0.7598746008200215
40.28470055228222	35.39935672128623	-0.8491542354788196	-0.6657798326335983
40.37809323404602	35.53261122852313	-0.8944830865029629	-0.5608150824228608
40.474744850190035	35.66490781009762	-0.9335126491100348	-0.4467899875194209
40.576277899986096	35.79657336355783	-0.9649292063070203	-0.3255576738140921
40.68361048130091	35.927851854720465	-0.9871987264437336	-0.19905926510745936
40.79690028311003	36.05891378646513	-0.9986243027205368	-0.06933016307733138
40.91562738236106	36.189868539938374	-0.9968890489042717	0.06151253138322062
41.038752445161705	36.32077793334371	-0.980203804320948	0.1912520008738801
41.1650621595243	36.45167298275957	-0.947602500565087	0.31766998139259306
41.29345154524759	36.58256627711396	-0.8989606093571761	0.43863243148637665
41.423077274419235	36.713461224859984	-0.8348380905108692	0.5520837231058153
41.5533785128257	36.84435632331942	-0.7562817505617646	0.6560915007179967
41.68402537616688	36.97524561470242	-0.664667340121678	0.748881425268537
41.81485063335368	37.10611627151635	-0.5615972911979084	0.8288681768088697
41.94579718399102	37.236944213138756	-0.44883534257034874	0.8946844583980419
42.07689413129135	37.367689141276436	-0.32825242057169346	0.9452096976123465
42.20826317673895	37.49829119658302	-0.20176599843248766	0.9795990584799502
42.34015124615925	37.628672010496736	-0.07126904697636663	0.9973108720761293
42.472979060182965	37.75874239688261	0.06143779364634318	0.998127267128417
42.607385962827664	37.88979801228228	0.19459174351326236	0.9818094625670246
42.744264412147956	38.02084719454963	0.32651856518797856	0.948490630761449
42.884675080916416	38.15186672011639	0.4554906170580944	0.8989570558959373
43.02963071001396	38.28281686525329	0.5793598087139251	0.8340893812369108
43.179766249654826	38.4136221929368	0.6946451847029942	0.7550675610458422
43.334909189373455	38.54413286642325	0.7973311285864869	0.6633922531702583
43.49383422963713	38.67405849280134	0.8827486098353695	0.5609353113190383
43.65436573032481	38.80289136982232	0.9463921326464049	0.450005184759974
43.813919257231234	38.929860136071134	0.9854338294258499	0.3333712321613443
43.97027090110994	39.053979301853595	0.9996223085203375	0.2141495367793172
44.10570053693075	39.1742273085598	0.9923273811788916	0.09548836350967593
44.23659764491399	39.28978140131673	0.967753834024512	-0.019860157963015025
44.36749012423506	39.40023284991825	0.9265196720444944	-0.12993606592059984
44.498371532785555	39.50588916802711	0.8694766928814073	-0.23371552784433638
44.62922801922783	39.60771672146357	0.7976112373627331	-0.33126449300202765
44.760033397095555	39.70738170506508	0.7121747686835286	-0.42362344018808246
44.890742761070115	39.80691138453084	0.6146715309360004	-0.5113139139824823
45.0212719551802	39.9083097133023	0.5068545468509774	-0.5957510848488224
45.15149169510953	40.013511994092255	0.39070738780843184	-0.6767634242327107
45.281185452990194	40.12408925752515	0.2684500679056393	-0.7536758017494709
45.410010103664234	40.2411664658981	0.1425356057957545	-0.8251913741172002
45.53746533039834	40.36525723205314	0.015617865774902345	-0.8886566220689095
45.66284425309275	40.49612463093191	-0.10949353143513518	-0.9407536003479382
45.78523633986535	40.63272574587544	-0.22997044334277583	-0.9780378232487428
45.90362134830826	40.77333892142228	-0.34322988781389907	-0.9976001376609431
46.01706861060404	40.915914601628735	-0.44729548584473494	-0.9968620236294296
46.124908118324825	41.05859020174892	-0.5410596698967772	-0.975877043602548
46.22709296956716	41.200011115244145	-0.6238743561234166	-0.9357659112549161
46.324290087765	41.33944802195325	-0.6967175042321107	-0.8780820806871165
46.41777287248701	41.47674529682098	-0.7606173152870062	-0.8042847394819626
46.509293833457136	41.612136737691415	-0.8167289487252715	-0.7166316407330008
46.60090716314314	41.74599676061285	-0.8659606817867247	-0.6171627539321468
46.694701263760244	41.878719094262514	-0.9090497997768705	-0.50768090170715
46.79257241483538	42.010660135387965	-0.945245365179902	-0.3900090052828332
46.89585692941181	42.142100875546056	-0.973663871282959	-0.2660419743808924
47.00521106846964	42.27324844029472	-0.9927719370084885	-0.13776487792530373
47.120536840882764	42.404242176520604	-0.9998946982115802	-0.007253871886007037
47.241011885225895	42.53516496234834	-0.992918406994564	0.1233428678968421
47.36545008193614	42.666061368956164	-0.9707134449837236	0.25179413388135
47.492650220912594	42.79695249402601	-0.9325640779574987	0.37588798635988907
47.62158940906654	42.927845661929396	-0.8785559325252259	0.4935353061855608
47.751526695493624	43.05874163653566	-0.8094000693460189	0.6027343292334837
47.881992246744964	43.189637415891546	-0.7260556810087637	0.7016240051850462
48.01272300048809	43.32052520201077	-0.6301658292952287	0.7885165313823366
48.14360006880138	43.45138929595251	-0.5234336185708163	0.8619270834119745
48.27460328286376	43.58220126115116	-0.40766568161783456	0.9206019842698234
48.4057997441509	43.71291527797838	-0.28475160033603103	0.9635469558846068
48.53736261925249	43.84346613903275	-0.15659811061263318	0.9900552197982895
48.66961336355762	43.973772516866376	-0.025056273120795933	0.9997322788377718
48.8030737072845	44.10467526115821	0.10813660519539414	0.992423852281844
48.938512340580075	44.23574133779105	0.2413705421805046	0.9679926967999751
49.07693360845924	44.36679117447351	0.3729478073410989	0.9267972128090701
49.21945142359157	44.497795277691594	0.5007819530822937	0.8697699823405324
49.366982915821154	44.628701875868465	0.6225291746863847	0.7979336612962025
49.51988701101408	44.759407485586856	0.7345139991685288	0.7126172821568213
49.67755095381604	44.88970685731032	0.8317141370269456	0.6154899208488918
49.838236893214805	45.01921815330301	0.9098213216182469	0.5086220496657728
49.999428492244085	45.14730783165242	0.9644752596459258	0.39454651626538095
50.158525950430516	45.27307915418964	0.9938749146953749	0.2762332150342042
50.31358876302457	45.39548194874932	0.9984891929714538	0.15688253476858346
50.444487021889486	45.51355670157487	0.9837717252026914	0.03951076645608705
50.5753825115498	45.6266295941062	0.9522446028965768	-0.07344552472932428
50.70627100406657	45.73458884070499	0.9043887626355263	-0.18046844030004275
50.83714328627329	45.83805346231336	0.8408581085732608	-0.2809817222193764
50.967980388548185	45.938342738318866	0.7630102094312445	-0.3757022548464726
51.098749005879924	46.03736648032972	0.6722079646189132	-0.46537804539308947
51.22938785967034	46.1371467816455	0.5700658105540417	-0.5511803656049648
51.35979552138032	46.23971676596043	0.45843847749600414	-0.6338474714181427
51.48981034820462	46.3468551142156	0.3394110715162818	-0.7126707629449139
51.61915707763425	46.459948446410465	0.2153134564632192	-0.7871871038947045
51.74743316736569	46.57986902259958	0.08868457342724873	-0.8552531584594937
51.87404892690863	46.70681045777725	-0.03774529582435914	-0.9138581496050857
51.998198535268116	46.840179629194566	-0.1611370162167526	-0.9595501444825627
52.11889749904107	46.97860923744501	-0.27873378480144045	-0.9890464530389347
52.235125744535154	47.1201858848455	-0.388179553366371	-0.9998836762292987
52.34606332053825	47.26287247482195	-0.4878895072098044	-0.9900314988887045
52.451256263683234	47.405014816385275	-0.5767529429008411	-0.9602712630871099
52.55096768065105	47.54553306325083	-0.6550775844005383	-0.9120458991889087
52.64613796513593	47.683968728219924	-0.72405157300064	-0.8470802430939689
52.738290654742805	47.82034935113296	-0.7842192227027961	-0.7670028074706966
52.82931010349987	47.95498192256536	-0.8374276155546292	-0.6738387601395952
52.92133655099583	48.08827211730148	-0.8839852402198171	-0.5696714314277914
53.01639581571372	48.22059679782368	-0.9243411494928939	-0.4563058210663328
53.116202845241624	48.352278470268296	-0.9575523134238257	-0.33559099424678274
53.22182838345879	48.48356321616377	-0.9827953963732678	-0.20946009763240353
53.333652887573464	48.61462687050964	-0.9970302504672067	-0.07993864966816731
53.45116439161729	48.74557886260021	-0.998615350021455	0.050859252492259935
53.5733747921982	48.876484118212915	-0.9857588799106759	0.18076728925122632
53.69906554000876	49.007375377733304	-0.9572404071490805	0.3076055773104027
53.82707689620009	49.1382661732389	-0.9126976999877332	0.4291263157953195
53.956492941655064	49.26916036301092	-0.8525062886955797	0.5432590042103858
54.086687237678255	49.400056927780895	-0.7775839587424265	0.6480891246703526
54.21728274935823	49.53095124292087	-0.6892178042682027	0.7418297034854798
54.3480824019753	49.66183325686757	-0.5889469881702871	0.8228809340050742
54.479010745182315	49.79268354423526	-0.4783736338520939	0.8898587506852628
54.610083787701434	49.923467425493854	-0.35946661068171964	0.9416222639067235
54.7414109734056	50.05413155072325	-0.23418337003949696	0.9773023312230376
54.873224846640426	50.18460403368982	-0.10441283496573554	0.9963286754515415
55.00593001292286	50.3148000631671	0.02804011694292917	0.9984511513728183
55.14015234257687	50.445870143344656	0.16149366486102495	0.983555392927097
55.276775971358234	50.576936298577465	0.2943703812781936	0.9518111814383607
55.41686986839488	50.707974929869586	0.4250226897836901	0.9036153237489453
55.56152888491954	50.838948290156814	0.5508530134138676	0.8398437127740086
55.71149522446001	50.969788235080145	0.6692785189270718	0.7618148557194223
55.866759669614595	51.10035478367905	0.7761769750120001	0.6710036510408766
56.02622155179797	51.230375212134255	0.8662337008819676	0.5692493248331587
56.18771654088734	51.3593643155752	0.9352089127591974	0.4588226214852049
56.34856408770724	51.48656604789095	0.9797554348234656	0.3424630691988151
56.50633568477222	51.610987478945006	0.9986705359519961	0.22328499334610374
56.652990134120046	51.731578510366774	0.9941227681578202	0.10446627061311978
56.78388750362383	51.84749848416645	0.972096363224076	-0.011212319125269194
56.914780677399186	51.958277343181614	0.9334607405400228	-0.12168495261098805
