1.6733540522184387	5.7571018364680615	-0.10233358173132692	0.8643824905215223
1.7724161739411581	5.850413124680916	-0.20018742040342108	0.9076267978535386
1.8794479051210033	5.953489718485882	-0.30372886725681086	0.9457946400841076
1.9936474013637526	6.065256668557746	-0.4102058166764648	0.9758676794814307
2.1137468892310647	6.184131999364783	-0.5164322041420542	0.9946185491040516
2.238216128620137	6.308524353311714	-0.6186762356998998	0.9992042122435875
2.3691174227348086	6.441240466228273	-0.715894256859629	0.9870483951773183
2.5000224769089123	6.575753333332259	-0.8008963030457691	0.9570792891815617
2.6309390107680435	6.713395819048596	-0.872235620018535	0.908643992599512
2.761888457597273	6.856130642179436	-0.928699170089229	0.8401362277684549
2.892927171984701	7.006675525097204	-0.9691637478023181	0.7491300445446113
3.02419628185037	7.168482594716711	-0.9928925982372439	0.6329592860389786
3.1560257195153087	7.345295310707468	-0.9995467210134457	0.4869443845763225
3.289138512110338	7.540620303236516	-0.9886921415668051	0.3082508688339186
3.424970432903185	7.755798437038344	-0.9596428645722161	0.09797918390841212
3.565989398274581	7.987184984899458	-0.9109525381891092	-0.13277882791488665
3.715574079022688	8.223837299993484	-0.8395539543492568	-0.3614120470227278
3.876958435892663	8.449672275575047	-0.7412778846864948	-0.5608037978063567
4.0517272434712135	8.65203453065955	-0.613337195174009	-0.715704642541716
4.23915464660064	8.82817606089632	-0.455544136655299	-0.8268414530307686
4.436321708530514	8.982587070465875	-0.27244351032722114	-0.9037522166500065
4.6382172455472	9.121097538248394	-0.07407821753261705	-0.9539795393751427
4.8382964966507505	9.247020633530882	0.12557400237014382	-0.9839668039962174
5.0304598626481996	9.360362477682175	0.31269675413001413	-0.997877720192296
5.211174615953757	9.459100474825382	0.4783067685132117	-0.9989220811109998
5.380282373762227	9.541373359003142	0.6190503848866038	-0.9929679641042587
5.539368272328481	9.606340166070437	0.7356898903935688	-0.9833716878359156
5.6906835784515	9.654560071569989	0.829145711998651	-0.9732823499571841
5.836118053345602	9.687442683031472	0.9015387580751623	-0.9654206727476148
5.976963555025418	9.706935553619466	0.953270647631417	-0.9599832297489128
6.114041367466215	9.715744532338979	0.9853140130333713	-0.9575260072763216
6.247718393072134	9.717125627513054	0.9988861405493612	-0.9571407573845259
6.376360351361504	9.714874766887881	0.995171651587595	-0.9577686241880401
6.500206366344094	9.713147517463238	0.9760656292408982	-0.958250432152067
6.621306481735845	9.716002970374268	0.942941044103957	-0.9574539172227181
6.738958913587549	9.72718909753103	0.8975868068639716	-0.9543336005655815
6.852292709087754	9.749711611368921	0.842293111330616	-0.9474074237676287
6.960180336123476	9.78554500274427	0.7791877325470893	-0.9352712918413826
7.0611673321002355	9.835499459217202	0.7120010059210584	-0.916382740050766
7.1535434633863755	9.899134371253425	0.6443897154905956	-0.8891517780213203
7.235416946526007	9.975093445765976	0.5797193649378437	-0.8520494206056723
7.304952181147542	10.06134311498081	0.5216636999332797	-0.8039634120436803
7.360687195043506	10.15550510316121	0.4734148812589368	-0.7443449677255933
7.401850932639667	10.255118954029722	0.4367437553538537	-0.6744020949848721
7.4287009703836295	10.35785005109864	0.4124352164761154	-0.5952159953849273
7.442566719100934	10.46151670283049	0.39971195458594233	-0.5087789035508651
7.445872957768662	10.56407132456374	0.396678137855337	-0.4181448212412491
7.441552091165643	10.66377058123866	0.40064298090157735	-0.32561557888727055
7.433046292923654	10.758979362750862	0.4084479325723613	-0.2343145706112488
7.423426429414457	10.848497831534495	0.4172751546193388	-0.14647887824728917
7.415263765893304	10.931525886559777	0.4247652446114778	-0.06400146916305971
7.410200605424595	11.007830236640585	0.42930536613453096	0.012247886576683773
7.409523688015044	11.077557051071306	0.42990840475547687	0.08185330148310861
7.413607534784565	11.141323429822815	0.4262702691582825	0.14516812154678602
7.422463602166497	11.199983583749168	0.41815864843424577	0.2029092427034132
7.436006521141735	11.254530376606423	0.4057316162997089	0.25601445230129866
7.454032385505709	11.305999045385361	0.3891910170305647	0.3054313602482886
7.476363252157041	11.35542677628167	0.36870013186942974	0.35200179797338477
7.502891355010752	11.403866199361522	0.34375895937136364	0.3968462755062371
7.533805023443502	11.452309704449684	0.3146776674768125	0.4408459120960199
7.569158592548572	11.50175041831311	0.2808502375497553	0.48478411177160696
7.609421677561965	11.553149515252834	0.24208649987984387	0.529018197604297
7.65499033587323	11.60763708932062	0.19762259727589748	0.5743426661190819
7.706573285031024	11.666290679284556	0.1468066310890646	0.6212806242751289
7.7649631943778115	11.730211134380177	0.08885660086398951	0.670038301586616
7.8309931764169765	11.800535481032483	0.022973334744146773	0.7205887425487569
7.905501932672681	11.878319684210657	-0.05148640639117795	0.7724126073060542
7.989159316604517	11.964435690291108	-0.13472853157011164	0.8238443418388763
8.08221901834353	12.059391971972685	-0.22615964838842284	0.8741060397358422
8.184571357840044	12.163027243341212	-0.32447355401395195	0.9193124658203005
8.295244347909312	12.274714597174926	-0.42706190046036263	0.9573336897203504
8.412866557688586	12.393228245789976	-0.5301453225901046	0.9846886238385544
8.53572977309526	12.51707932343662	-0.6299959809950856	0.99845197780495
8.662956781177785	12.645897700100816	-0.7234265695966169	0.99645582667399
8.793860670120718	12.779520806073403	-0.8074244580745572	0.9769098939215519
8.924773757592845	12.915589180347876	-0.8775098390423726	0.9391825551278341
9.05571375561236	13.055700862927676	-0.9324611903375317	0.8823549159540847
9.186727912979524	13.202055276074725	-0.9714790520474633	0.8045029833389508
9.317934823727269	13.357479797656069	-0.9938855819965713	0.7027202300177517
9.449616244304217	13.525281200255959	-0.9992199389896422	0.5741962466105897
9.582394180753958	13.708548861715348	-0.9871170490805826	0.41549764150159146
9.717541115907991	13.909129278316565	-0.9570248588844104	0.22596476885816102
9.857375385985312	14.125527979193762	-0.907696190923734	0.011631305341806812
10.005449898442421	14.350607122985096	-0.8357939471973641	-0.21172118570718257
10.166059229872468	14.571548322206551	-0.7373665465397722	-0.4207860682053308
10.342677496489737	14.77525684539522	-0.6072026934998296	-0.5955048820851846
10.536501889301121	14.955166687908243	-0.44292783524843055	-0.7297525873741326
10.745755406627751	15.112770139715836	-0.24721792828925007	-0.8276331699055598
10.965070368400344	15.25286390352393	-0.03048385235104986	-0.8978928559698887
11.185677275457635	15.378515387073207	0.18894977314537575	-0.9458785343135504
11.398099087028676	15.488792898130482	0.39155435207268524	-0.9755968487682487
11.59604707312435	15.580027769519862	0.5647583656034131	-0.9917593731594807
11.778524011385542	15.649053720855903	0.7050268432221412	-0.9981499107713838
11.947865647461757	15.694989622747133	0.814532128168349	-0.9995925549859366
12.107143560398857	15.719061595633178	0.8960192323692172	-0.9996514504436472
12.258884245215459	15.72392171137189	0.9529178887719764	-0.9994988156293987
12.404891313617838	15.713379139272146	0.9865128295105732	-0.9998299113523523
12.546326657441151	15.692317627210612	0.9993705076575399	-0.999508639383034
12.67805072701867	15.666445917168062	0.993430457253297	-0.9986961230009272
12.805672596900537	15.641544349922267	0.9712059958638661	-0.997689211321334
12.932299137731492	15.622716483350763	0.9335231899517812	-0.9959176439996058
13.057706371702851	15.614682681647478	0.8814445837838948	-0.9951617208304706
13.18158541425797	15.620721494053056	0.8163811721580589	-0.9957299298030136
13.303455743869272	15.642837633808385	0.7401410470015815	-0.9978109000671973
13.42262770781973	15.68171948040514	0.6549653389294403	-0.9991757983035208
13.538028339070388	15.737201461617953	0.5636550698733435	-0.999081757205063
13.64831155749426	15.808069762906472	0.469460304627786	-0.9945194517411832
13.751733262868555	15.89256848992762	0.3758714765793289	-0.9828957334502214
13.846285713993685	15.988476794534256	0.2866669181414383	-0.9604418341684398
13.929717992660967	16.093394679031302	0.205875202404464	-0.9264249928273414
14.000028232954115	16.204984652001603	0.13666509507252034	-0.8788637878457652
14.05550736655643	16.321156584304696	0.08153159982143442	-0.8175172275610757
14.09514914830321	16.44011858439772	0.04199015170801619	-0.7434006546271683
14.118729493930035	16.56043552845924	0.018425318264425245	-0.6578039170409957
14.126911781362182	16.680893383771295	0.010248413499009224	-0.5626028730018418
14.121302777545727	16.80037853903756	0.01585372746730231	-0.4601291451756868
14.104595104724991	16.91774382000108	0.032550409249726645	-0.3530961313921071
14.080309067714007	17.031788240453878	0.05682046984280446	-0.24443943640105276
14.052369196483701	17.141313168822958	0.08465532869232403	-0.1369689742858148
14.025272640461562	17.245145707720408	0.11162719203509817	-0.03359177433762261
14.002528680992082	17.34255909769285	0.13419583792245104	0.06375371648430221
13.986639191789646	17.433351538793428	0.14988711973607485	0.1539006171706049
13.97954591229352	17.51787245410598	0.15689191681535625	0.23677146095399032
13.981791278464126	17.5971003631563	0.1546745596109257	0.3129506430494849
13.993588352298652	17.672385396988926	0.14302464388642988	0.3833885995778161
14.014941354094566	17.745356990886435	0.12191093598462555	0.4496315546088736
14.045764072560491	17.8177385485734	0.0912300572177259	0.5130142359974841
14.086282497106495	17.891192160831643	0.050850970033568386	0.5746484407109754
14.136639089820417	17.96748249682576	0.0005275040899468592	0.6355062184068443
14.197223494671867	18.04821981623601	-0.060017045688809015	0.6954898935963771
14.268427486911422	18.134838380483345	-0.1308602575312993	0.7549305655868923
14.350498451581089	18.228409651654495	-0.21161514890683183	0.813047739863777
14.44335532990257	18.329484513892485	-0.30136387092991185	0.8674423762268517
14.546212826520687	18.438149836317166	-0.39753812441948155	0.916110902578227
14.657814367710046	18.553663762404856	-0.49723811542062163	0.9561520381887458
14.776402399101967	18.67492476976794	-0.5964098982021889	0.9844557651429788
14.900052063624777	18.800665204387993	-0.6908413612323245	0.998464558061581
15.027749195516458	18.930545924796885	-0.7772150826121746	0.9963181766191237
15.158655331199665	19.064456263994973	-0.8525622200300741	0.9765281731635419
15.289575260259776	19.200950125019244	-0.913338502891631	0.9384457054295354
15.42053460972625	19.341614590150115	-0.9585128912794338	0.8811164429194389
15.55159981153002	19.48856440159318	-0.9873129922437239	0.8024661267220645
15.682934151248658	19.64443951871339	-0.9992139457610179	0.7000517553668344
15.814914562389124	19.812112290205324	-0.9938754051604834	0.5711813864854033
15.948351582581452	19.994023509494074	-0.9709690588393424	0.4133969341692639
16.08485022512658	20.19107051619251	-0.9298117634509232	0.22717867724167695
16.227237281214993	20.400796979652235	-0.8678482162253928	0.019542404369941122
16.379823892165298	20.61570700801376	-0.7823341278000435	-0.19407422222678022
16.54763289106177	20.82426948107581	-0.6674057374552693	-0.3928320539565613
16.734872736593772	21.015607156018195	-0.5172379806525448	-0.5604434700272296
16.943274511977187	21.18514108613477	-0.3290787454502785	-0.6921872698333179
17.170564493709833	21.33472420179807	-0.10794501531918792	-0.791793558656745
17.408883836530105	21.467934010629385	0.12973812795183454	-0.8658426423885016
17.645652568793885	21.585210138927785	0.35862496563408724	-0.9182820106794849
17.86856252996088	21.682498064025047	0.5559349912083043	-0.9525931569414238
18.071981429528964	21.754627922180763	0.7122891278062713	-0.9718126243189288
18.257141093046233	21.799502756554713	0.8291945491422771	-0.9816001559765679
18.427919718080854	21.818661888097584	0.9120487009820595	-0.9847911781577716
18.588087903746878	21.816531288457593	0.9657544877346735	-0.9844579337656928
18.740325599467756	21.79898405152978	0.993660964992194	-0.9814870225929389
18.88645233764447	21.77301153742563	0.9988412461921682	-0.9758222261080212
19.015782579170676	21.746046033083484	0.9857703014300789	-0.9699408511437452
19.14462067693956	21.723823639304836	0.9563828385018835	-0.9641207284685658
19.272856602577807	21.7112246339587	0.9113877659536742	-0.9606062961995623
19.40032911256281	21.711737085603687	0.8518164676051042	-0.9607492421344173
19.526786319129783	21.727516332596938	0.7790434971715524	-0.965150787596946
19.651845808690418	21.759537735782395	0.694815578916334	-0.9728834908018806
19.774912003725557	21.807932915983702	0.6013118350533218	-0.9831130732136919
19.895178480816952	21.87198964803509	0.5011334864774257	-0.9927267544091023
20.011479178863667	21.95052504072252	0.39737954791875196	-0.9987241938337399
20.122289894017523	22.041851922979998	0.2935617749160606	-0.998407631320496
20.225833743699567	22.14388567088096	0.19325824114908147	-0.9878801867241409
20.32004562052008	22.25439182506208	0.1000928432013957	-0.9652592952212831
20.403026481942835	22.37107395088891	0.01731436874351122	-0.9286113434595471
20.47304295911296	22.491982648863235	-0.05265604852399849	-0.8771331476633435
20.528849431951407	22.6154996578421	-0.10824570778208563	-0.8112466641425077
20.56989558858737	22.740374131738886	-0.148914990262356	-0.7321137590980914
20.596279967133906	22.86569295045875	-0.17497024691513297	-0.6412501026913052
20.608767450634353	22.99074313529539	-0.1873019600527992	-0.5405528565606811
20.60886249835987	23.114882719319006	-0.18739564923602856	-0.4322284149263828
20.598979588606035	23.2374281365093	-0.17763619298612343	-0.3187605640537598
20.582339035584557	23.35763109776178	-0.16120321621336936	-0.20281606576607758
20.562730365671868	23.474719988223228	-0.1418391471945146	-0.08707132839832048
20.544149516870938	23.588017433808247	-0.12347538491320363	0.026055380232385288
20.530416800894503	23.69709576350982	-0.10980586402136408	0.13470204509535683
20.524953870897992	23.801876402745503	-0.10436807328527711	0.2375702554651987
20.530225749258257	23.90290987284364	-0.10961569156475956	0.3342338187567194
20.54783359133532	24.001305162683913	-0.12712819700280506	0.4253547064906378
20.578682132694663	24.098575042924832	-0.1575919299675169	0.5109928466262412
20.62347563934139	24.19640204189081	-0.20165451270534057	0.5926349073317597
20.682331322282536	24.296564505858626	-0.2589169281260142	0.6700253696383778
20.755108876548913	24.40058454068933	-0.32839346930817903	0.7433997477340615
20.841250856049594	24.509455027804275	-0.40841422592950777	0.8118451180483133
20.939599945356356	24.62360492313098	-0.49603350755776177	0.8730078804661159
21.04832092828078	24.74281866664528	-0.5874959451106252	0.9246416350692253
21.165175367628336	24.86638984783406	-0.6776778805261413	0.964392296961537
21.287855349737608	24.99335777128544	-0.7624843583968082	0.9899688123862775
21.414316461168642	25.122992109064935	-0.8379518932716192	0.9996938231212205
21.54481137869685	25.256010788087917	-0.9018701426832021	0.992339973369183
21.675734357695166	25.3911968071935	-0.9506314863621342	0.9665947932708857
21.806702210347396	25.529550054739182	-0.9829205801033483	0.9219072197131077
21.9377904928437	25.672646227632086	-0.9983242578127638	0.8573479175117653
22.06918160924739	25.822326267166805	-0.9965964062251508	0.7714724961678432
22.201287096780053	25.98044833313272	-0.9775667613282526	0.6613777254414315
22.334990456990482	26.14866123766114	-0.941003542351867	0.5266955145910044
22.472010286429576	26.32730122028378	-0.8861989190342332	0.36741450849687146
22.615413430688495	26.514653240194665	-0.8112951230201851	0.18776064577846788
22.77000701471122	26.70595304996989	-0.7113813891050331	-0.002413905438690196
22.942313791231292	26.893660649460156	-0.5806012378076693	-0.18896939175255204
23.139224627629897	27.06984273384086	-0.4100857938639991	-0.35807201091068547
23.36578301897617	27.22985206582	-0.19486177778955077	-0.502115210233146
23.621306060460405	27.373473662371865	0.059322108169216146	-0.6206641796933557
23.894636968427307	27.501768089898775	0.3264512824113324	-0.7158302307035058
24.163948043151844	27.611685384331736	0.5660238848548673	-0.7879793762385546
24.409315459186566	27.695709757427757	0.7491726580164242	-0.8369447993996714
24.624877269423294	27.748888349506036	0.8736554508907483	-0.8647071739236658
24.815371076831422	27.77378066823018	0.9499690461727985	-0.8772606343061293
24.987610403611853	27.778198667251736	0.9890698738853554	-0.879266033976763
25.14693856906261	27.77179842638433	0.9995541241149855	-0.8763608633633581
25.277288575304915	27.763088530340376	0.9891611350218982	-0.8719344651008388
25.407415721897582	27.75817589505084	0.9620706046037438	-0.8694341416120795
25.537253373525314	27.76099031227061	0.9188483661254985	-0.8708665608874836
25.666704003357403	27.77440959712316	0.8603722582278599	-0.8775461150834403
25.79561968172153	27.800313598283196	0.7878384583633489	-0.8893043511403014
25.923753606642332	27.839848106220767	0.7027886704940878	-0.9069463597148573
26.050778499941657	27.893298601389645	0.6070938790031167	-0.9281706194717267
26.17616910324753	27.96057556506283	0.5030222331547678	-0.9511683588533686
26.29918459933638	28.041067484916134	0.3932318753787212	-0.9725224014071041
26.41875070814975	28.133756673251884	0.2808154863371577	-0.9897820992063122
26.5335524640628	28.237105190534795	0.16910174860966853	-0.9988308108779629
26.6419369471429	28.349278457564704	0.06156008479450536	-0.9968870080718404
26.742149349018693	28.46822945380945	-0.038586392978023805	-0.9811094683048098
26.832544090781713	28.59187280301114	-0.1286343638388521	-0.9499118871783995
26.911685110989666	28.718506215195394	-0.20655687252634058	-0.9028528085049515
26.97878885146632	28.846725244921377	-0.27166006270853926	-0.840447555221548
27.03361681417963	28.975601480812536	-0.3239933461249581	-0.7638237091518616
27.07656762309317	29.104539924052865	-0.3643982891306362	-0.6745033069599794
27.10863422349023	29.233173809067175	-0.3939143080548616	-0.5742546777981659
27.131474044686264	29.361235851782883	-0.41487221177333866	-0.4650407248679306
27.14720619921879	29.488537425204363	-0.4292052469758409	-0.34893530887230884
27.158586626172244	29.61488814637696	-0.4393436137528816	-0.22811572580045408
27.16896078694361	29.7401003916827	-0.4485855382724333	-0.1047942976781744
27.18199091880025	29.864077623894218	-0.4601935611046256	0.018934950352590678
27.201441233125642	29.986869557425674	-0.4775210674772844	0.14120834626004275
27.230807006747312	30.108757167597997	-0.502937032822624	0.26049912096008004
27.273027320446943	30.230187829047072	-0.5391371261212913	0.37552640406560023
27.330018275211827	30.35188689808913	-0.5862654845197282	0.4852837404504532
27.402564241668284	30.47453384121716	-0.6433311195448472	0.5886425095701797
27.490137386911123	30.59866239334642	-0.7076074345024911	0.6842095720063842
27.59100614131963	30.72452266037471	-0.7753070070934514	0.7703456332585211
27.702607744978195	30.852087888714127	-0.8408214057927785	0.8451667032724719
27.822045311165063	30.981076371205656	-0.8991687195213196	0.9068016673527287
27.94665481161844	31.11118737188408	-0.9464775988437719	0.9536842085006138
28.074368009053984	31.242246390702697	-0.9797854908148366	0.9846045108773698
28.203787699566554	31.37427654462017	-0.9973008652881153	0.9986919573475379
28.334283361011654	31.50755730863113	-0.9981172511030285	0.9953169564644933
28.465348457656546	31.64248549501051	-0.9817378347700119	0.9739853430628763
28.596675665349384	31.779550693507428	-0.9482852431817433	0.9343036376244845
28.728613225321716	31.91929215879641	-0.8982650766653726	0.8759449137736647
28.86187754934508	32.06207186113558	-0.8319320976667561	0.7980926234637322
28.99786082188867	32.20796291837066	-0.7491057640676518	0.7020647090343065
29.138998531487143	32.35640045244234	-0.6486597756595257	0.5893683673073312
29.289208299917558	32.50612006622656	-0.5275953509605174	0.4621084050751775
29.45427814326224	32.655260471269756	-0.3808434088776741	0.3252944950815619
29.6414987205935	32.80159630730666	-0.20215029201223028	0.18405433611322974
29.858089062036424	32.94322033371774	0.012950328032846785	0.04347391110785188
30.106902204034427	33.07900755671169	0.2587181041620805	-0.09210782466696878
30.37959749350361	33.20797865350034	0.5091314912674857	-0.21934731491966047
30.653652606050528	33.32718786577589	0.7231064794793273	-0.333763486009214
30.904790292487334	33.43111838774848	0.8719899967396083	-0.4298527964712023
31.123337559266112	33.51562212391024	0.9570734451456284	-0.5043396480237949
31.313278714388574	33.581598609067015	0.9942803311240912	-0.560129924655006
31.48257961500038	33.63404310626522	0.9976671784421309	-0.6027970813168637
31.61336658713125	33.67899447087505	0.9803363911877383	-0.6382648942378429
31.744070120422297	33.72105873031403	0.9463202762749975	-0.6698125708964272
31.87464108263621	33.7639375290824	0.8962518675077175	-0.7009722122585589
32.00501178618197	33.81080555521353	0.8310657418742168	-0.7337746499066995
32.13508244158567	33.86413880007602	0.7519959051807801	-0.7690387561695102
32.26469620874795	33.92576743189065	0.6605808121976862	-0.8069130915219456
32.39360968719211	33.99693882056014	0.5586723763094814	-0.846825029033859
32.52145675166438	34.07835266689211	0.44844556599640717	-0.8869683920139457
32.64768105759044	34.170206340251525	0.3324246466543931	-0.9256779065380946
32.77153623869214	34.272119262106784	0.2134252875485133	-0.9590787960425144
32.89194708247575	34.383232117552296	0.09458744740790057	-0.9845095822343829
33.007640008180346	34.50213336553046	-0.02090338527387704	-0.9982605753841649
33.117147439762256	34.62706363890588	-0.13003471681677478	-0.9973951212153139
33.21900268383878	34.75613502739446	-0.23010408129015886	-0.980079943460427
33.31207311017522	34.88756609688714	-0.319544642312481	-0.9456756546909585
33.39570489326067	35.019998320429075	-0.3974795310218705	-0.8945430631634705
33.469949424262666	35.15250568273852	-0.4644458123680265	-0.8277492968900894
33.53548848404884	35.284601028470355	-0.5214366464513065	-0.74675525360101
33.59363707879838	35.41608999090987	-0.5700850713692369	-0.6532300864460261
33.64626222468796	35.54695344958499	-0.6124504908803192	-0.5489548611435116
33.695721144010115	35.67725614317498	-0.6508096931402088	-0.43578935192504553
33.744801117826746	35.80709549594247	-0.6874429518225319	-0.3156592302212072
33.796600476343414	35.93658385708959	-0.7240646047766179	-0.1905389593256654
33.854251147344506	36.0658383298373	-0.7625010096380012	-0.06243608621806832
33.92060498659934	36.19500250707248	-0.8037495128365691	0.06662791671049753
33.997832857684855	36.32423811109822	-0.8472800560999864	0.1946282909023845
34.086935450921416	36.45368888663974	-0.8908642535072409	0.31956639460211356
34.18754211746965	36.5834416857941	-0.9321520185781287	0.43941229803403226
34.298192888294125	36.713536386695885	-0.9663519093340197	0.552145877775006
34.416607751259626	36.84393417126724	-0.9897298228447209	0.6557748918766582
34.54040973275662	36.974574492970454	-0.9994626673745142	0.7484376775060961
34.667588257349536	37.10540591654665	-0.9935820450238277	0.8284689637635039
34.79668884719969	37.23640631017504	-0.9712348568830748	0.894440295730508
34.926801034884	37.36759146565786	-0.9323874794618747	0.9451766166186832
35.057435736111394	37.49901117045495	-0.8775496277388818	0.9797560900804565
35.18840232136463	37.630736704392554	-0.8074453907830237	0.9975051449758926
35.3197441939807	37.76284125177143	-0.7231410692387716	0.997942274876217
35.4517715212151	37.895397053760576	-0.625884576863033	0.9805882704114255
35.58510616847574	38.02840654497868	-0.5166549149479238	0.9459304133060962
35.720919713516565	38.16180547734874	-0.3960240025717985	0.8944456967075292
35.86109074873903	38.29544382860182	-0.2639535059827557	0.8269931424448684
36.00834296800531	38.4290896577573	-0.11966826521533766	0.7448404255236587
36.16615640830337	38.5624566220207	0.037815998626055565	0.649649662085353
36.33815136777652	38.69525267620563	0.20820423789695996	0.5434088972492971
36.52677844270509	38.82715191952582	0.3878271624682267	0.4283924322584496
36.731121418235126	38.95770780229629	0.5666877234459229	0.3071361866192881
36.94512453527577	39.08603357306733	0.7289650423150023	0.1828179946132276
37.15861365655078	39.21042610288915	0.8570460101169322	0.05944293707665782
37.361715588457905	39.328435152387016	0.9431865615849826	-0.05848848090435169
37.549355008703586	39.43766177445876	0.9883463256329552	-0.16689809757961682
37.721413999849254	39.536848807874875	0.9992995875532173	-0.2636807030579428
37.85229851937453	39.626552683125524	0.9878098684003858	-0.34898397202139947
37.983163105306275	39.70828357720996	0.9594549997348458	-0.424451001376786
38.113989266071975	39.7843174905087	0.9147324948691444	-0.491869598673942
38.24474393328463	39.85740311237579	0.8544330703800047	-0.5540264092545868
38.37537507014598	39.930490852589074	0.7796361853024009	-0.6132747403787291
38.505800465993595	40.00626738005246	0.6917057146397447	-0.6713300529029451
38.635891789287484	40.08696644385283	0.5922866963814832	-0.7291300826676791
38.76545302104534	40.17429700342835	0.48330303395942725	-0.7856758404875624
38.89415213214444	40.26945657648494	0.3669626801456872	-0.8410901594891315
39.021543109042774	40.37303681676166	0.24579935425104632	-0.8921878986798866
39.14691891721057	40.48508324651041	0.12267108735770427	-0.9370140799496578
39.269374789358324	40.60497737455009	0.0005330296330490602	-0.9719856992334958
39.38776290517033	40.73150030383075	-0.1175601979679973	-0.9936634235659099
39.500803817471656	40.86295554982233	-0.22875346531749782	-0.9993011924925777
39.607291110057744	40.99747581174357	-0.3308641092833068	-0.9872491995875352
39.70635695887533	41.13335089312195	-0.4226831293250372	-0.9570574281607438
39.79770139840971	41.269287702689184	-0.5033877958042206	-0.9092901673803893
39.881743486935186	41.404489237839634	-0.5741545488956883	-0.8451941391513339
39.95953307838074	41.53863768350482	-0.6362188260731179	-0.766028432446842
40.03273012852443	41.67173573040395	-0.6907967050142988	-0.6738844231263076
40.10349037412471	41.80392335045475	-0.7400557564099991	-0.570633548037371
40.17431103389978	41.93540611730571	-0.7856844384479951	-0.458092327891832
40.247852544691774	42.06639248256503	-0.8289488897124179	-0.33813159465446163
40.32668243681103	42.197068187130036	-0.8705212382794083	-0.2126895793775959
40.41295378622671	42.327589390456495	-0.9096207368616906	-0.08377309564844032
40.507970190254774	42.45807317308075	-0.944765480473283	0.04654171228894677
40.61199976823926	42.588598870048074	-0.9735173349822186	0.17612597589196977
40.72428057927397	42.71920910315705	-0.9929840992224911	0.3028231725354635
40.843301085153556	42.84991346813848	-0.9999184526001877	0.4244851704954085
40.967217289842026	42.98069915444073	-0.991981896686993	0.5388961264057064
41.094325241548745	43.11154800471439	-0.9679434469725242	0.6440964783027507
41.223319115906094	43.2424471065077	-0.9275434917594793	0.7383128771650382
41.353335795601836	43.373393281265315	-0.8712290767398203	0.8199278580460331
41.48387564422551	43.50439289249904	-0.7999152181029552	0.8875413539990278
41.61469665914186	43.63545850419734	-0.7148218006571267	0.9399885916519496
41.74573787956614	43.76660324025708	-0.6173672764423309	0.9763550902415468
41.87709396964136	43.89783346604095	-0.5090794846835273	0.9959913281337693
42.00904453147433	44.029141046556006	-0.39149148936090616	0.9985288396831141
42.142133672693895	44.16067545501403	-0.26601048466736166	0.9838696776887975
42.277270823826534	44.29229558903092	-0.13379267008677498	0.9522171589661335
42.41583539805472	44.423949464775845	0.004331723119659818	0.9039966847216627
42.55968913631282	44.555567256189	0.14757686563314854	0.8399537094524596
42.71098483509582	44.687064764770234	0.29492675890451037	0.7615094877544631
42.8716392200256	44.818322946254966	0.4438774904587044	0.6701385629264693
43.04241978636271	44.9491593180218	0.589839658840602	0.5676207294666629
43.22201488609445	45.07922359282849	0.7245145681428948	0.4561103230986476
43.406503658490415	45.2078429649927	0.8385355895170558	0.33826533876424336
43.5903810160908	45.333873781506995	0.923850022347636	0.21736058226613503
43.76852369502057	45.455748415671515	0.9767739555600913	0.09714490527716096
43.93788778491772	45.57183353899061	0.9986052975702853	-0.01872773390579671
44.090209399625266	45.680987205689235	0.9937849861880714	-0.1275354384906319
44.22110009689066	45.78300599702198	0.9713148392682852	-0.2277941724005076
44.35197728360404	45.87826308487322	0.9322525864213794	-0.31937470988515426
44.482826210788026	45.96826743288257	0.877271597983359	-0.40316126435832733
44.61361929391446	46.0551285256073	0.8071763616247658	-0.4812015404579936
44.74431206482425	46.141381366445295	0.7232896008147089	-0.5546821323491209
44.87482322044095	46.2293921763301	0.6272483667140512	-0.6256907870463245
45.00503126127774	46.32133171294933	0.5208312952928039	-0.6946259614232804
45.134736320456604	46.41893059301458	0.406082181057863	-0.7613828036763255
45.2636307255682	46.52343118681945	0.2853049889601009	-0.8246740129958621
45.39124156202071	46.6355302206171	0.16107002640596005	-0.8827955163120824
45.516912454792745	46.75527286548407	0.03615722079952733	-0.9326126716406473
45.63974845242595	46.8820123704158	-0.08650401280893155	-0.9706442710693881
45.758642953189536	47.01443834124433	-0.20402178040463262	-0.9936401572528921
45.87241526040427	47.15076852732401	-0.3138735093175278	-0.9991558577643549
45.98005178956443	47.28909796387926	-0.41397463328108675	-0.9859296033500775
46.080998408285744	47.4277678902907	-0.5034839271947842	-0.9539244019694757
46.17531097927415	47.56564108746056	-0.5827400401401974	-0.9039517610832924
46.26372023318194	47.70215231690971	-0.6520310291989312	-0.8371480219589418
46.34758731220611	47.837191777307545	-0.7131884199482039	-0.7558665432535956
46.428829123501515	47.97089909868957	-0.7679277426133235	-0.6619010740283535
46.50972812760015	48.103539875332345	-0.8169730180917324	-0.5570458424130479
46.59264562519914	48.23539478267382	-0.8617559085525579	-0.4431228887751787
46.67987510742408	48.36672229485929	-0.9029243621907534	-0.3220033128003676
46.773360273236555	48.49773468347239	-0.9387385547419309	-0.19563220000458476
46.87416063342769	48.62858104666477	-0.968931749443165	-0.06604868771102067
46.98261222898966	48.7593699908538	-0.9896725558781329	0.06463400412029585
