1.6126366546855098	4.744216852451414	-0.04181280349198707	0.0318069342996858
1.5957422711287976	4.848455235504055	-0.02492953380007951	0.13560601989993123
1.5871555557173886	4.947576893651334	-0.016348467105824216	0.2329416703175675
1.5889351228164976	5.042187618192215	-0.018126863527821255	0.3237293587846638
1.6022777784502298	5.133435782334808	-0.03146074177880077	0.40855020950244897
1.6278549574308137	5.222889036124345	-0.0570210949717897	0.4885052835541072
1.6659331365191117	5.312398634779318	-0.0949468155328122	0.5643753818186941
1.7168567935573684	5.403764034850808	-0.14547556255161964	0.6375924899896811
1.7807160792472465	5.498716286218783	-0.20828610478054382	0.7074147615253746
1.8573505705461635	5.598721255338338	-0.2825124267607713	0.7746106687129272
1.9463706528662335	5.704619720561772	-0.36679173926434827	0.8369776973719064
2.046679535435583	5.81675084669159	-0.45790391322193363	0.8927476764892329
2.1566914099882624	5.934597631655477	-0.5527034143467049	0.9393962265001337
2.274347919737788	6.057318600509182	-0.6467247439223407	0.9741363284155222
2.3974896811407302	6.183864768407323	-0.7355008275704665	0.9945934045859625
2.5241971106218597	6.313392522742785	-0.815155614346926	0.9990513244983587
2.655104056863308	6.4469294203607275	-0.8836447866942623	0.9861585930644056
2.786026406257628	6.582702719023314	-0.9370327084275011	0.9551407912881638
2.9169924912084437	6.72205885972323	-0.9744125710467846	0.9052040501821065
3.048075144963035	6.866765005864618	-0.9951394281374752	0.8341598119011946
3.1794531815665845	7.019051862456556	-0.9988109676876491	0.7409467720490069
3.3115316511485937	7.181154797917781	-0.9851896590424127	0.622947928153815
3.4451753619699215	7.354952605363908	-0.9540067962672809	0.47852359763006974
3.5820824807655445	7.540991019612464	-0.904524356122985	0.3078949307951224
3.72527064945033	7.737264288711132	-0.8341045697807644	0.116428041964315
3.8794719873050894	7.93794586455525	-0.7396159167276096	-0.0838256502601033
4.050639866924021	8.133929284721447	-0.6141962498780055	-0.27616920075391393
4.244730467490477	8.316160204242479	-0.4505768610429288	-0.4456949995372965
4.465431350624342	8.479876481637202	-0.2444260446056458	-0.5857810008434002
4.711357994082629	8.625598116038438	-0.0010303080741552203	-0.6970143492769222
4.972405279315765	8.75533186163746	0.25703239769853997	-0.7838137638371012
5.230438176100985	8.8672154564474	0.4950020767970176	-0.8483609944199662
5.4685561395825	8.954680340556958	0.6860918252036268	-0.8910849103208843
5.680819819352038	9.012275972149451	0.8236023689140997	-0.9156757384451127
5.870473783880566	9.040450768856832	0.9155925358771467	-0.9268634590083196
6.043241493233383	9.044914706393682	0.9710660077105648	-0.9286360107783487
6.20378856712251	9.033912185860586	0.9964680912688358	-0.924267101696461
6.355368085395332	9.016334007307309	0.9971468733820272	-0.9172871134570888
6.485348187297759	8.999939500168454	0.9793063074477308	-0.9107771404998408
6.615012896624893	8.989983197900793	0.945072569373098	-0.9068236664510207
6.7442758748260605	8.990193305206295	0.8951733540170017	-0.9069070963989512
6.872997498002264	9.003183423986775	0.8306572078896444	-0.9120652460923895
7.000958253780165	9.030483185443153	0.7529103220015188	-0.9229055054130948
7.12784227680199	9.072669258099442	0.6636652889803023	-0.9382037172701232
7.253162995577166	9.129738189274368	0.56504436671594	-0.9563898076428832
7.376229133113189	9.201120660716079	0.45956919082737835	-0.9746182162600386
7.496054837057815	9.285811007459158	0.35019024961322587	-0.9900339572687592
7.611361072576904	9.382333199632036	0.2401941230960948	-0.9986669971292202
7.720501106260069	9.488881539838312	0.13305254716790238	-0.9979070681252751
7.821720478950447	9.603324277370625	0.0322399322245077	-0.9838433991689519
7.913121210900828	9.723548613814089	-0.059100672324684966	-0.9553490960827354
7.993069777123257	9.84766931799913	-0.13859021253662054	-0.9115503013020511
8.06049504986535	9.974076453814797	-0.2049623506319918	-0.8525670264757496
8.114848216096949	10.101634056095905	-0.25784878497248054	-0.7792728719346806
8.156183944583335	10.229572552714508	-0.2975366948795157	-0.693044776490868
8.185224520987475	10.357363237196815	-0.3250880015741481	-0.595600590558894
8.203271064296251	10.484626783758753	-0.3420648542175624	-0.48889035755987276
8.212261924123009	10.611030746800687	-0.35052278989005436	-0.37505468312369794
8.21475384607228	10.736247450802919	-0.35286700567741247	-0.2563704204338813
8.213957382709754	10.859935875481623	-0.3521177518779376	-0.1351835138284323
8.21356929533275	10.981795302787845	-0.3517526679890486	-0.013769920357275114
8.217485631882226	11.101662727898816	-0.3554368676368642	0.10584804903130127
8.229434009097469	11.2196313785097	-0.3666770168355454	0.22208070100370403
8.252608069418626	11.336151024502405	-0.38797719894635896	0.3338685969526396
8.289544914247962	11.451930964775814	-0.42187058326637267	0.4405085080827596
8.341711424502073	11.568059854351997	-0.4684575587674733	0.5416144880824911
8.40970039776366	11.685532767728334	-0.5274205239415315	0.6364823560349516
8.492990425219727	11.805234086487195	-0.5962308258305651	0.7239106118393824
8.59004087602702	11.927604623721422	-0.6711050805007008	0.8026147257496027
8.698513640066029	12.052618254382395	-0.7472957992127872	0.8706585041059736
8.815643137017542	12.17992500863622	-0.8197980635671691	0.9260222738173776
8.938733581359871	12.309059521296437	-0.8838464239641686	0.9669140420015832
9.06554606006769	12.439661688880788	-0.9357912168694613	0.9919512198817042
9.194477417008638	12.57163955450682	-0.9731692759128909	0.9998345258129724
9.325415397998201	12.705496920809125	-0.9945894504288133	0.9900090330459357
9.456424208100703	12.841391102013725	-0.9990061308530971	0.9619740911000552
9.58761545897043	12.980199885131485	-0.9863003955655512	0.915148697842704
9.719246622491365	13.122854920342322	-0.9565491159819404	0.8489097517514664
9.851870934297366	13.27014918697361	-0.9098819127224749	0.762163445313276
9.9866068044677	13.422537323253074	-0.8461896082036101	0.6550331262415627
10.12553028273683	13.579699051621024	-0.7641644115899082	0.5289258223396192
10.272189499089023	13.740181022929159	-0.6615993963732909	0.38647185432767417
10.432067092801574	13.90132927824959	-0.5341232511234688	0.23357566757981657
10.61252443366766	14.05944780039478	-0.3736840705748996	0.07760929903485514
10.821898789565417	14.211022359827266	-0.1727461205854013	-0.07376335698910574
11.066088536998853	14.35387935578367	0.07043756311199789	-0.2149140872725392
11.341927044574103	14.487255273587124	0.3393022492562881	-0.3428164022114226
11.630139317051063	14.609324886568878	0.5927201427540374	-0.4545852253484958
11.901707979403342	14.714334383149009	0.7867451005304371	-0.5454861391831407
12.138728413992547	14.79588513196505	0.9096638243202647	-0.6118017450798413
12.342184219923588	14.853633337697124	0.9745028168811056	-0.6564106876075754
12.520787557364644	14.893556956203632	0.9985684370884782	-0.6862493821675617
12.674951839681782	14.92354971677475	0.9937220403447165	-0.7074539781360044
12.805616400109816	14.950523079904377	0.9712182527975333	-0.7265238888805536
12.936145839547379	14.978682166656286	0.9322203805071064	-0.7453010945675334
13.06647317917779	15.011488737849652	0.8774651911364604	-0.7669929007882887
13.196512281752234	15.051550829424283	0.8078997648450583	-0.7918008723802048
13.326114190305846	15.100843663236516	0.7248954155792555	-0.8209305983759779
13.45507007397303	15.160597222875692	0.6302714848960641	-0.8535505607238236
13.583056564050374	15.231504637724564	0.5260363456400897	-0.888197547213585
13.709586302654825	15.313772628430295	0.4145456818896246	-0.922946855926735
13.833968767038039	15.407100285934654	0.29849285901644734	-0.9547654509261436
13.955235461584806	15.510705460892297	0.18089911605421924	-0.9803761399839901
14.072138261717257	15.623308140799093	0.06497723655920572	-0.9959733147256085
14.18315072551887	15.743225255668161	-0.04595353421918671	-0.9988925763839971
14.286742487813862	15.868493494222514	-0.14894679492187185	-0.9866612730464299
14.381503122501726	15.997250570744699	-0.2418681499643991	-0.9579944312673486
14.466412571644678	16.1279115147228	-0.32320913041907695	-0.9127189591528749
14.541089952430582	16.259292596284343	-0.39283735636088774	-0.8515334172460755
14.605779379872565	16.390670641592337	-0.4514266753710052	-0.7756871720733077
14.661346839498709	16.521674515323525	-0.5002781622230883	-0.6867407860554903
14.709244225937196	16.652156885818897	-0.5412768615114056	-0.5863663628434088
14.751476606501129	16.782092986209744	-0.5762006976788697	-0.47641901215937454
14.79060216765732	16.911495451011888	-0.6076280709728192	-0.3589741346072483
14.82958022488604	17.040409639270482	-0.6383711491557628	-0.23602705272557142
14.871706854176235	17.16892257596938	-0.6699656024348222	-0.10957937729786185
14.920312268644249	17.297128377954333	-0.7051651331524534	0.018356699421053342
14.97845353111621	17.425209131701006	-0.745149920042123	0.14585977943814693
15.048454448779873	17.553385576699824	-0.7899033910015711	0.27105967639650624
15.131476510589733	17.68187606143193	-0.8381459805465381	0.39209726808768086
15.227316020657803	17.810850198002804	-0.8862962676421975	0.5070861184131873
15.334420950630415	17.94036009745069	-0.9309445334460981	0.6140788436607363
15.450455512095525	18.07037893566972	-0.9668591838569298	0.7111561799155084
15.572787359066377	18.20080683780425	-0.9906269097277376	0.7964970240108108
15.699132058740862	18.331557260786926	-0.99972265064259	0.8684973166897565
15.827799279010062	18.46258900098625	-0.9926630456598097	0.9258152687873458
15.957703749461487	18.593922463328205	-0.9689292824104625	0.9673820102179725
16.08824537847525	18.72563716578365	-0.9284696903034366	0.9922788886415193
16.21917167530963	18.857856042553404	-0.8719532683425748	0.9997393297819596
16.350564278329056	18.990729761591002	-0.8002646017230491	0.9896887809076411
16.48261684308365	19.1243593836252	-0.7143541882080061	0.9620346293440525
16.61603798522205	19.258781636964954	-0.6149645461210141	0.9169766894106477
16.752097800004435	19.393912032923932	-0.5024140833713467	0.8550824896085095
16.892883113954035	19.529516252978844	-0.3762777937817301	0.7773705766755381
17.04151155356914	19.66520837282409	-0.2349518529749277	0.6853683733853508
17.20212241952204	19.800509452850644	-0.07653231247633026	0.5807762893879082
17.379397184042023	19.9349089087374	0.10042228167049962	0.46642065116687514
17.57684823875256	20.06792686889039	0.29358701658926223	0.34501492311563475
17.794085872267242	20.199025837633076	0.4926587321814092	0.21941622272084785
18.023886774460863	20.32721400372472	0.6779059220991047	0.09295744739588416
18.25298335351788	20.45044427050811	0.8268579372654608	-0.030072226325436893
18.46852374668015	20.565660213511908	0.9281718528339553	-0.1447324477621662
18.664449347623957	20.670068646213146	0.9828173176286641	-0.24711792980705946
18.8415005765015	20.762724642254433	0.9997470171165519	-0.33555781817749997
18.97694269734175	20.84475705334811	0.991845198170678	-0.41163152543328246
19.107796425395435	20.918604212096906	0.9666547873068158	-0.47783134166604
19.238603403712915	20.98701265913768	0.9249891140406322	-0.5367974071955492
19.369328324431667	21.05309753886765	0.8675945569942065	-0.5912825034086994
19.499914955832967	21.1199242552939	0.7955104362626071	-0.6437401034344283
19.630275937117943	21.1901990565929	0.7100652726116173	-0.6957632067575176
19.760274301663955	21.26610953682789	0.6128759862612757	-0.7481059597226489
19.8896983174871	21.349290197086717	0.5058497174920321	-0.800719691453555
20.018231804193125	21.44081720480939	0.3911833141441061	-0.8520413356486596
20.145385319454626	21.541234038989618	0.2713870317198875	-0.9002463315787577
20.27047169764174	21.650487485210302	0.14924799429721897	-0.9420808199741291
20.39252155507337	21.767937740555936	0.02781238501238489	-0.9747155936673808
20.510362957910843	21.892333531556034	-0.08984430462574139	-0.9946409680618219
20.622671133757912	22.021986436659734	-0.20086951136376618	-0.999031518688095
20.728171542105095	22.155030403805053	-0.3029297611171052	-0.9861370531581419
20.825920639075854	22.28973331218905	-0.3943471625947552	-0.955400956457129
20.91555280048202	22.424755879143472	-0.4751129612163455	-0.9072951856592378
20.997329947227303	22.559284515331136	-0.545329232163102	-0.8428390639915903
21.07221289612014	22.692939651571248	-0.6063841143536101	-0.7634775839219047
21.141773527904828	22.82566357892873	-0.6601267888711412	-0.6712716384729435
21.20810985575165	22.957558276953243	-0.7084259711180279	-0.5679948937015231
21.2737168675377	23.088794394644907	-0.7531359502889222	-0.455469458977392
21.341334255780833	23.219554556337908	-0.7958442409805411	-0.33557470577542914
21.413721541723273	23.350009209903654	-0.8376175539431645	-0.2102531703888857
21.493344097878715	23.480309849855267	-0.8785083294511208	-0.08150719013952508
21.581969933008395	23.610582678965027	-0.9169953813997824	0.04860578098344274
21.680270561125813	23.74091492437568	-0.9519718056638191	0.17797460050747632
21.78792682285191	23.87136979275837	-0.979075359636625	0.3044713522281316
21.90348189281171	24.001955952019607	-0.995689948965546	0.4259468432546962
22.02505233210602	24.13266204421335	-0.9989352324251524	0.5401520991143183
22.150725284398547	24.26346393913952	-0.9868104114336812	0.6452003521532828
22.278919447147565	24.394340259306336	-0.9584174323780712	0.7392710095934791
22.408525976213603	24.52528202950458	-0.9137397971548649	0.8207397493486008
22.538867481517787	24.65629475782327	-0.8533709692449998	0.888203066525588
22.669588602003905	24.787395724446267	-0.7783022287986836	0.9404942922017571
22.80055817018127	24.91860794190697	-0.6897820132631397	0.9766954736452431
22.931821054263317	25.049951475356952	-0.589211497888245	0.9961488330316218
23.06361077195809	25.18143315003962	-0.47790454024611845	0.9984708013623865
23.196424124720846	25.313145693986034	-0.3573341043717511	0.9835527684886876
23.331122515818514	25.44499416791224	-0.2286819799574259	0.9515882768592432
23.469070055649432	25.576919549051524	-0.09269526116497193	0.9028500907084954
23.612211267686554	25.708836740326145	0.05023329834804123	0.8383658571076645
23.762941152687766	25.840634031781725	0.1995789423437519	0.7594431034305487
23.923626306307977	25.97217998110006	0.3537223065077291	0.6675788876609675
24.095720364640638	26.10329473510786	0.5085361092171026	0.5645681971762637
24.278541986762566	26.233662683037615	0.6565087022205082	0.45255132706587287
24.468440831240045	26.362662337707196	0.7869670819168328	0.3341493856679532
24.659308278941566	26.48917258893086	0.8895709514500958	0.2126235501971148
24.84481433276348	26.61154453486244	0.958373910247567	0.09181749351870533
25.020782343484186	26.72794015343428	0.9934042267517376	-0.024386544824262245
25.185966889785885	26.836965148348206	0.9983284165795488	-0.13300027260446892
25.31685860754564	26.93826780485869	0.9829720363798534	-0.2324951018915575
25.44773828800929	27.032242122560024	0.9507727704007495	-0.3227001379655405
25.57859237276402	27.120287919384225	0.9020907695529901	-0.4046077821593416
25.70939602642034	27.204577869792306	0.8380515433991405	-0.48031537151376863
25.840108841427607	27.287705483693063	0.7597903609151356	-0.5512751529528783
25.9706582221994	27.37215334612779	0.6687201880996434	-0.6196210967951962
26.100933347522528	27.460213138122167	0.566520933727147	-0.6864512757112927
26.230762461672988	27.553740380972563	0.4551350181742515	-0.7510453624973393
26.359853071497405	27.65410447474467	0.3367921354546426	-0.8135630081660764
26.487800128673697	27.762123597570437	0.21396273685443087	-0.8714433551511767
26.61398064526307	27.87802196931381	0.08939259358824822	-0.9221045352125777
26.737537524667747	28.00135063175421	-0.033977602486950614	-0.9625423686433489
26.857411441223903	28.130976333730104	-0.15319151597730524	-0.9893472298219763
26.972417611916658	28.265233482218235	-0.26554280796301355	-0.9997141965434595
27.081448696692412	28.402221347310896	-0.36896876893375324	-0.9917668860068793
27.183717052430634	28.540187577616834	-0.46173130445314836	-0.9645311239719728
27.278989302485098	28.677829469852774	-0.544067354565759	-0.9192520232913546
27.367748800330045	28.814391635869615	-0.6161413953097368	-0.8572701718597391
27.45117121513709	28.949584392840343	-0.6797857511679419	-0.780256784314621
27.530993785520778	29.08346078192499	-0.7360052433146974	-0.6899818762429212
27.609360463068032	29.216231902598327	-0.7865546499819067	-0.5882432896836202
27.688666530098324	29.34816672403586	-0.8329865695690519	-0.4766834875777338
27.771401842067274	29.479530814459178	-0.8761655889997403	-0.3574080618434139
27.859811865589677	29.610540792876453	-0.9148736205050638	-0.2323576830973107
27.95538050948661	29.741354444314236	-0.9494328374190834	-0.1035460159343674
28.058936698232426	29.87209525003784	-0.9764198083495538	0.026947302150883666
28.17013657873541	30.00283169748632	-0.9941345359656941	0.15697137267638286
28.287946778316194	30.133601897609157	-0.9995724789356298	0.2843534339830695
28.4108286913923	30.264415294284834	-0.9904206222171065	0.4069336517328952
28.53719354215707	30.39526735273729	-0.9653662958403268	0.5226169791378578
28.66571953494853	30.526150380452346	-0.9240606673129751	0.6294208682247662
28.795469077459536	30.657059306353595	-0.8669009533999277	0.7255149841363369
28.9258599755789	30.787993227745527	-0.7947952552399594	0.8092334859602798
29.056577042258656	30.918954052939707	-0.7089884240528079	0.8788859848263774
29.187488802866064	31.049943917933813	-0.61095105829992	0.9335048690762687
29.31859982167098	31.180959016865746	-0.5023009941838046	0.9721513742570532
29.45004818744016	31.311984676731356	-0.38472483185781353	0.9941585714537693
29.582146800109694	31.442991145288254	-0.2598812260885917	0.9991500199071188
29.715458931707968	31.5742906058826	-0.12929081389265432	0.9870000788089426
29.850883811110656	31.705627896316614	0.005749817036440638	0.9578789318742349
29.989704590493993	31.836967386294717	0.14400801478677633	0.9122851053030365
30.133523982840202	31.96826151536028	0.28427862522938496	0.8510215833756443
30.284018067585617	32.099444179441406	0.4249212284274222	0.7751906336228789
30.442435775730083	32.23041190423371	0.5621392512260914	0.686193489911327
30.608780406570993	32.3609807873575	0.6913822619661459	0.585654666602674
30.7813707269229	32.49077721172893	0.8051947513417728	0.4757767399223575
30.956679150969244	32.619117269838	0.8960100038209355	0.3592953446774941
31.13037700388642	32.74492872607111	0.9590370645465092	0.2393877339658231
31.298811022836485	32.86683940039572	0.992919025026176	0.11957958919016945
31.459954250409425	32.98349350392601	0.9986172835406519	0.003227234353302028
31.590850404406122	33.09400851226323	0.9844099816887035	-0.10703974896084056
31.72174040059057	33.19802864897134	0.9533844258875211	-0.20963853593248027
31.85261608913506	33.29610203060344	0.906071278230113	-0.30442745201475746
31.98346188862931	33.389679131274896	0.843176588699118	-0.39195026971792185
32.114247413266696	33.48073660561427	0.7657720902699006	-0.47405568038794316
32.24492355063101	33.571657884934574	0.6754100623324446	-0.5519094971926757
32.37540320252134	33.66468691786061	0.5737281292492162	-0.6270064599055102
32.50555088868585	33.761843269846935	0.4626154625601485	-0.6994915909320933
32.63514296393018	33.86474242001282	0.3442195574501946	-0.7694378715364533
32.76385346470145	33.97450639233092	0.22092180219498309	-0.8344784054145239
32.891150385172395	34.09169377829418	0.09538047847702089	-0.8930241336021771
33.01631994088983	34.21616705274258	-0.029577607943789223	-0.9418467747125292
33.13842487993407	34.34705595247693	-0.1510467396549461	-0.9774959385184713
33.256369001529634	34.48283844369639	-0.2662783510805796	-0.9969118325338864
33.369070167344056	34.621607642549314	-0.3730394088099945	-0.9979084913741715
33.47570210660143	34.761476889781754	-0.4695706467649039	-0.9789148439574241
33.5758925420757	34.900982700836444	-0.5554113237590985	-0.9411316897107711
33.670010884773376	35.039206377775464	-0.631212527097362	-0.8858242219668057
33.7591072253934	35.17578297797963	-0.6975572335710449	-0.8146676682431675
33.84479286563729	35.310735072263206	-0.7562471645541913	-0.7294753431105805
33.9291055587001	35.44431100824877	-0.8089587164588832	-0.6317785689437906
34.01437471550853	35.57685028780514	-0.8556991617788372	-0.5237599295483977
34.10279805988135	35.708650315424684	-0.8980645427396375	-0.40728244727179325
34.19641085766498	35.839972702751744	-0.935155703043903	-0.2842296965144427
34.296584613250296	35.971014703732074	-0.9659032887043604	-0.15657569492190662
34.4038904533632	36.10191601879666	-0.9877407263824688	-0.026382130741271794
34.517953256386534	36.232763006241875	-0.9987574084293158	0.10421464996618195
34.6377644913629	36.36360426018326	-0.9963882476826438	0.2330400564376659
34.76192525970666	36.494459427674066	-0.9788170511767811	0.35792030290960997
34.88903945545703	36.6253326858157	-0.9451766543649347	0.4767313129192404
35.017969707350346	36.75622225086959	-0.8954638827426684	0.5874447197337813
35.14792064239622	36.88712542413293	-0.8303260479459074	0.6879602233222176
35.2784034504989	37.0180402215039	-0.7508531113016047	0.7766895711478612
35.409156612553154	37.1489636330923	-0.6584300348456058	0.8521345565083768
35.54007340665515	37.27988833485695	-0.5546442750221166	0.9130067401970299
35.671161831968654	37.410798155696135	-0.44121852980350834	0.9582660166295087
35.802543438170815	37.54166368307905	-0.319941469356505	0.9871433351302247
35.93448849810636	37.67243994129691	-0.19258351892437167	0.9991623531222695
36.06747825431311	37.8033629014199	-0.06079724055634136	0.9941294780270826
36.20227368681768	37.93454776264943	0.07386563600840859	0.972049212651891
36.339952298119655	38.065732103616284	0.20996150691345716	0.9332889108844626
36.48184835682772	38.19688191299252	0.3460567405768732	0.8785239474849
36.62933956038591	38.327947543684985	0.4803008770655171	0.808700069439797
36.783441260371404	38.45884506781	0.6089636222018656	0.7249027337890663
36.9442013203805	38.58941505756242	0.7283123381799579	0.6290044783843046
37.11026952955028	38.719337466839036	0.8312022701264978	0.5229901005508083
37.27882175378005	38.848036459994105	0.9125832194465424	0.40930714804357277
37.44638309614064	38.9746047549835	0.9681922655319356	0.29091281859096474
37.609847674301584	39.09785528621739	0.9955396369375167	0.17114374692697065
37.76744122623647	39.21658307689139	0.9975094502430008	0.05329001340134886
37.89833808345311	39.3298910915075	0.9799468101893802	-0.0599434622443688
38.029229955395955	39.4373837201714	0.9456515388521316	-0.16662351177469106
38.16010965939497	39.539316832122886	0.8952154553130336	-0.26605034132464633
38.29096303046913	39.6369126115458	0.8295113103250502	-0.3587298261264271
38.42176377034777	39.73200054273858	0.7496843249103373	-0.445618209722772
38.55246368256889	39.82671262892584	0.6571442436350815	-0.5283548737719038
38.68298511588256	39.92326392095885	0.5535534891755969	-0.6075652834031937
38.81319231529468	40.02362679875184	0.4408284848192596	-0.6843494031877968
38.94288544493198	40.129445771049284	0.3211179853549031	-0.7572175450392382
39.07171741133689	40.24188700965848	0.19684146580088202	-0.82559631317045
39.199199589584936	40.361536448481246	0.0706309996949905	-0.8869676995242985
39.32463603967605	40.48827507848938	-0.05469186741597786	-0.9380950966353909
39.44711073262458	40.62122302429356	-0.17622918831111006	-0.9755289950112175
39.565558237531135	40.75882321856844	-0.29124565230167704	-0.9962343140435872
39.67894419059372	40.89912750018599	-0.3975290725847515	-0.9981651909605995
39.786517754028274	41.04022072148546	-0.49376314644373254	-0.9798835624481609
39.88797664274612	41.18065196826984	-0.5793090230086909	-0.9423225097972847
39.983753083271864	41.31955229428072	-0.6544446075271602	-0.8871130663271878
40.07496074231299	41.45659984139895	-0.720653346611609	-0.8159987121390335
40.16326901033917	41.59187951738873	-0.7789178175138043	-0.7308247674054578
40.25070431272137	41.725680789093026	-0.8305515574607061	-0.6332128802158336
40.33947716092879	41.85837045846545	-0.876954639816436	-0.5251929467822027
40.43179280862404	41.990287475298054	-0.9171013842095421	-0.40870303291943233
40.52931545043213	42.121697692107254	-0.9518292556673033	-0.28563179983667386
40.63327060313914	42.2528123544512	-0.9781566606281278	-0.15794604158970432
40.74384947254794	42.38376969529969	-0.9948253918466392	-0.02771288541289445
40.86056465215335	42.514660073357255	-0.999376280050408	0.10293233811311565
40.98232379771041	42.64553206679674	-0.9896191069180724	0.23181304241601516
41.10778297776689	42.77640693248076	-0.9641894758348514	0.3567558700247792
41.2356862855032	42.90729121879055	-0.9226327043260438	0.4756384288920305
41.36505632212977	43.038185141326004	-0.865263824680333	0.5864338489091097
41.49523353908561	43.16908669306713	-0.7929550292655698	0.6870948399447228
41.625825411092755	43.29999247529892	-0.7069538790567746	0.7759339483402121
41.756630571080805	43.43089559131519	-0.6087617773546301	0.8514966549237194
41.887577659177275	43.561781733859746	-0.5000572167763916	0.9124937459836072
42.01869640146024	43.69262460485887	-0.3826348980534807	0.9578869696863406
42.15012423172296	43.82338215925476	-0.25833846342895683	0.9869139099501045
42.28214437168102	43.95399597759928	-0.1289799154511375	0.9991111849050758
42.415244578701156	44.08477077491775	0.0037412924329231862	0.9942967217992406
42.55017564198048	44.21589744949264	0.13818204376699625	0.9724495749574988
42.68797174832478	44.34701746817496	0.2728310720037027	0.9339323876365827
42.82986490006062	44.47810025000487	0.4060885308780141	0.8794167863710716
42.97705593117298	44.60909808907834	0.5358833828467251	0.8098698672463411
43.13031397318795	44.73992484068098	0.658170723599945	0.7263913264848252
43.28944122321677	44.87041195013131	0.7693855323096552	0.6307333807323129
43.45298722422002	45.000225237594094	0.8627403612852805	0.5249673614261406
43.6182773325877	45.12878105317099	0.9341696346038189	0.41154675616633085
43.78220317423609	45.2551895325906	0.9797575506585422	0.2934096799543145
43.94214957880959	45.37832995304134	0.998739141732446	0.17382057443059928
44.08897080972472	45.49709075024649	0.9939015286218356	0.055965885761128584
44.21986739493974	45.61067717497172	0.9715837006365191	-0.057545816843354025
44.35075855992878	45.71871778765895	0.9326653464403719	-0.16479536466800124
44.481636641862025	45.82156944034631	0.8778115621437764	-0.26515482373010874
44.61248654852071	45.92048727017002	0.8078705150697766	-0.35909609915660884
44.7432801776585	46.01729185259064	0.7240191352096141	-0.4474943631934851
44.87396589799746	46.11407246802542	0.6279256729147659	-0.5319474778107804
45.00446160315883	46.21297936585137	0.5213215433249206	-0.6127242557339094
45.13462016655198	46.31590065293253	0.40618876430685935	-0.6907862537356997
45.2642239748526	46.42441029803231	0.2847353891244667	-0.7650060015622304
45.392920861204786	46.53958583058304	0.15941167500076298	-0.8337527761618425
45.520180473289614	46.66190749086499	0.032891352148235284	-0.8947685766973955
45.645276323989265	46.79111758802237	-0.09200644626432572	-0.9447526412301206
45.767276711173174	46.92617871245428	-0.2124462236144435	-0.9802772753341278
45.88513595371778	47.06539939311413	-0.3258401963561769	-0.9981630739971046
45.997860363226806	47.20678227947139	-0.4301836272254562	-0.9961391676027838
46.10474342497663	47.34849313170389	-0.5239188991872915	-0.9744118806332489
46.20573715344222	47.48915538335063	-0.6070027265603393	-0.933747717241555
46.30145173976758	47.628027600380136	-0.680329194564986	-0.8755519100673841
46.393138235567264	47.76492875799625	-0.7443288172531186	-0.8012218395276303
46.482523379138755	47.90005173241588	-0.8010211635259643	-0.7132877967007598
46.57172084065897	48.03372859959939	-0.8511060786344976	-0.6135708799435811
46.66289620966332	48.16632633121216	-0.8952173718064145	-0.503875386967769
46.75803470103957	48.298178991306884	-0.9335480561904658	-0.3860325250617873
46.858705288325254	48.429558398309524	-0.964717788472286	-0.2619400675461702
46.96571047947654	48.560661661821065	-0.9870289746365652	-0.13358970308779852
47.079045166204864	48.69162239870988	-0.9985916275857347	-0.003061716474979406
47.19801189867582	48.822522588979076	-0.9969643975860925	0.1274788825872521
47.32142711831788	48.953405140620745	-0.9803151773597426	0.2557868242215344
47.44798782256179	49.08428851041873	-0.947690437415085	0.37969669236094117
47.576557006845434	49.21517828874848	-0.8989968525302849	0.4971044913236654
47.70629556523079	49.34607463183335	-0.8348195540090826	0.6060111067194168
47.836661467499596	49.476975148322566	-0.7562171857368714	0.7045597302756735
47.9673457293299	49.60787455184539	-0.6645660572968708	0.7910682827027145
48.098200438876255	49.73876187764384	-0.5614612601927014	0.8640582289578072
48.2291889389029	49.86961612867441	-0.44865142655042556	0.9222814689426513
48.36036869961785	50.00040168283048	-0.32798030508771037	0.9647467265043599
48.491907115838124	50.13106552087381	-0.20131848547601217	0.9907456196273072
48.624124466155294	50.261538704807485	-0.07048475996977767	0.9998761441121233
48.757551137599364	50.392570591940604	0.06282352084784305	0.9918919082781488
48.892987167012066	50.523670168967605	0.19694907008604756	0.9666695134735341
49.03149705265139	50.65475658436719	0.3303259969083963	0.9248991173592921
49.17427570381206	50.78579788486325	0.46120576500341215	0.8673181804841588
49.32238420952212	50.91674068029591	0.5872721730381666	0.7949594078995189
49.476330144574085	51.04748339430186	0.7041037187707557	0.709159673466377
49.63555389607176	51.177826773249166	0.808030357548764	0.611591456349206
49.79831718303001	51.307389099372934	0.8924159484864247	0.5043314066051626
49.96191013814053	51.43553007444708	0.9540096942525534	0.38992460566674564
50.12344959913139	51.5613194594646	0.9895544229503072	0.2713797307402107
50.28073985044625	51.68365125012821	0.999520832532982	0.15196071150904863
50.411638201208916	51.8014930923969	0.9889095676545266	0.03476280828436898
50.54253392782299	51.91411706865842	0.9614075581830409	-0.07772789442817683
50.673422976001014	52.021341580372926	0.9174870186779243	-0.18399137220884432
50.8042966537443	52.12376901360353	0.8579030898819828	-0.2834110999993422
50.935136716033206	52.22266853043325	0.7836862024183955	-0.3767487680065705
51.06591132876103	52.3199931382261	0.696131299375462	-0.4648803671112426
51.19656223708755	52.41782296525169	0.5967899707152995	-0.5491054595866176
