4.249078325056548	1.137113301567515	-0.4467035287963056	0.4201452543382667
4.422999822630397	1.283847617304748	-0.2852343289907844	0.2828911674115212
4.622189647559114	1.4270973678870476	-0.09003205986942091	0.14314351242842974
4.852372266848496	1.565422847679174	0.13947418972687575	0.005369944206016015
5.112086819997947	1.6979686220484895	0.38896032334243624	-0.12682300435330862
5.386313442514834	1.8231327758115978	0.6238150802402325	-0.2496586993832525
5.649997825516541	1.9367221581373542	0.8060332708561796	-0.3577151493357224
5.884725067381576	2.033328502012699	0.9212514720935194	-0.4460100120311143
6.088261397253775	2.110920345266456	0.9808851801258119	-0.5139996791409437
6.26720861868225	2.1723135442575803	0.9994982426320274	-0.5656220528539958
6.40688888446158	2.22305793683155	0.9922991353938462	-0.6067008845727432
6.53765318933113	2.2682807350953462	0.9677071420836414	-0.6421744301433632
6.66832024118854	2.3119366734392566	0.9265427187042962	-0.6749158463829297
6.798835024586498	2.357546599194475	0.8696928294589588	-0.7077137948573686
6.9291162917597156	2.4080286024657287	0.7982239727560284	-0.742469194907919
7.059044284478457	2.4656144401014943	0.7135019803623683	-0.7798108434026535
7.188433812570774	2.5319055847061445	0.6171973242859485	-0.8194877068155969
7.3169982170144	2.6079444554321825	0.5112968760744263	-0.8605323643459033
7.444307852008816	2.694242527719252	0.39811428464223886	-0.9014103579813247
7.56975694829229	2.790768251644885	0.28027573482006796	-0.9386386870687858
7.692436277234773	2.897012075211662	0.16076729215917412	-0.9700546952611789
7.811241939648667	3.011856622605781	0.04271157828459254	-0.9914777541422721
7.924776820791502	3.1337620540870037	-0.07071720767940744	-0.9997540753832169
8.031534604983257	3.260890769038147	-0.17657522553321517	-0.992713657782347
8.130200465814701	3.391343552223551	-0.27258902848528405	-0.9689270103596503
8.219846245141456	3.5234979780445865	-0.3576575579244354	-0.9278251403521067
8.300067721180316	3.6561877467516495	-0.43135885061205814	-0.870229588574243
8.371182456169374	3.788686940288884	-0.49427196616476243	-0.7975110939591529
8.434188300820692	3.920639557627508	-0.5479994095544648	-0.7112481465309042
8.490648226933194	4.051948712544014	-0.5943804305273621	-0.6131622290601356
8.542659038517488	4.182648369015994	-0.6354702742117024	-0.5050637143405805
8.59278894912011	4.312826531724824	-0.6731661014845767	-0.38883608810691617
8.643950903264763	4.4425824138876875	-0.7099895949901753	-0.26643238340945463
8.699262080030522	4.5720371535637705	-0.7477906700294282	-0.13983813286749425
8.76175630603968	4.701327118680591	-0.7877507034518387	-0.011054584727401432
8.833975769203205	4.830601920170298	-0.8301008364576345	0.11791675407361595
8.917541767102467	4.960010676699953	-0.8739749570321496	0.24507401168904336
9.012861612406832	5.0896788117497715	-0.9159082859810608	0.36839865276904066
9.118932254658366	5.219652869567214	-0.9533755438761908	0.48572023716652407
9.233890509513085	5.349939108574663	-0.98176556147014	0.5950784454868737
9.355363016778668	5.4804862219237	-0.9974073067479859	0.6945262797552698
9.481114604699327	5.611234757805148	-0.9982307143195899	0.7822790211020719
9.609420333734255	5.742148164272361	-0.9828899227115043	0.8567717041247063
9.739119949206287	5.8732229902262745	-0.9509946312406112	0.9166841977863991
9.869536221365069	6.00449075284691	-0.9025868466457985	0.9609492277765367
10.000342845013359	6.136009765629949	-0.838664064869842	0.9887500623753561
10.131469551296288	6.2678506250520005	-0.7602373488705096	0.9995184052224391
10.263093116755508	6.400087588965123	-0.6684215711232563	0.9929390885611995
10.395620164970179	6.532750417616939	-0.5643294600999105	0.9689675321326953
10.529904235028303	6.665809811308091	-0.44880542131435897	0.9275395666421066
10.667410621393351	6.799174007881132	-0.3221912984439211	0.8695203013057542
10.810378146228626	6.932665144216273	-0.1841230540392543	0.7960492138277312
10.961864659121474	7.066036505481942	-0.033687452774073624	0.7085585467311293
11.125429868404066	7.199020910515015	0.12947281831416205	0.6088332517720131
11.304302955620072	7.331313415049001	0.3038028838608163	0.4989772102383303
11.49951617504608	7.462577091586939	0.48286132101594875	0.38135036338375694
11.707884595622476	7.592213662613323	0.6532936724162142	0.2587142409885335
11.921178322413295	7.719014936591847	0.7986766482113403	0.13452017817792558
12.129110425545967	7.840921525159327	0.905844688791514	0.013051517304064696
12.323977818531382	7.955409471132193	0.9705318667375804	-0.10120889297480289
12.503252598287187	8.060535215080396	0.9979998025406306	-0.20500154209112254
12.668303285420146	8.15584289499182	0.9943476216564342	-0.2972092409804909
12.799180098494345	8.242581796502705	0.97262205755132	-0.37877705413683926
12.93002906465588	8.322509187859469	0.9342920233016384	-0.4513510548710486
13.06082486160854	8.398134924700122	0.88002905186566	-0.5174672726463163
13.191526719930339	8.472369020418473	0.8107942486033928	-0.5795727468417204
13.322069557250584	8.54801258729341	0.7277549326141771	-0.6395843814282516
13.452349503398985	8.627501903195302	0.6324208037821681	-0.6983603086585369
13.582194817264128	8.71278614300633	0.5267779653100528	-0.756732822248245
13.711352487381136	8.805292229304694	0.4129250243054272	-0.8139809473835455
13.839438125955274	8.905903586857963	0.29324153209165493	-0.8680516157465203
13.965865419077105	9.014943026063174	0.17040175792310175	-0.9167347790558978
14.089823991805519	9.132102663307599	0.04731180508473447	-0.9570493663630605
14.210275010275012	9.256426416161379	-0.07301944658306679	-0.9854379505485285
14.32598239362892	9.386409363111824	-0.187693452429135	-0.9987950114583088
14.435678951907166	9.520220052360216	-0.2939935061280849	-0.9949583386723375
14.53836115226934	9.65601109755057	-0.3903333993221962	-0.9729658705112068
14.63348295214282	9.792290496591475	-0.4761066788417744	-0.9329867131259646
14.721146492849618	9.928063470768862	-0.5511193760493109	-0.8759856878493499
14.802158904456924	10.06282339929702	-0.6167581824656412	-0.8030562845785335
14.877934847119354	10.196474074082417	-0.6746365204593384	-0.7164450855387616
14.950460183762742	10.329115905706102	-0.7264794219076589	-0.6179166898485965
15.022120602229398	10.460947094134957	-0.773765845526488	-0.5092691090491995
15.095506420846892	10.59218360212359	-0.8179311165969967	-0.39234889222106994
15.173198534338031	10.723025320029437	-0.8599640950453253	-0.26906546063596226
15.257492833793668	10.85364354583987	-0.8999940006720549	-0.14139735219762561
15.350056982780332	10.984176227441242	-0.9362401792583158	-0.011390561980303866
15.451498736502254	11.114716032852085	-0.9671501863145123	0.1188412854072996
15.561453209424446	11.24532184101005	-0.9888541497327279	0.24714833004520917
15.678562131811736	11.376009970371358	-0.9990766399003095	0.3712852975929296
15.801103204764136	11.506777788567959	-0.9951749549392227	0.48911066886319354
15.927329972259464	11.63761013420209	-0.9755540267705101	0.5986222753987567
16.05581416684048	11.768492747245899	-0.9396457596330623	0.6979348350480521
16.185560136640653	11.899419079636806	-0.8876808827606826	0.7853424484720074
16.3159615729547	12.030391662948178	-0.8204367767867602	0.859346109563597
16.446700491399874	12.161419915130848	-0.7390486773841874	0.9186742238106892
16.577658256781326	12.29251547296154	-0.6448870828560989	0.9622991588635306
16.70887115004043	12.423685689624714	-0.5394668121767662	0.9894524340657223
16.840539373142054	12.55492628894063	-0.4243086023763676	0.9996405841798074
16.97308898677522	12.686345144478306	-0.30086673110209106	0.9926500120090919
17.10725979629751	12.81788753364176	-0.17059756096934406	0.9685302990588441
17.24421820389122	12.949481777248506	-0.03451866801420499	0.9273463229327615
17.38562968253892	13.081070662247182	0.10662609951380707	0.8701761710596934
17.533516343196442	13.212575811324404	0.2519825153525494	0.7980559336955008
17.6898984154625	13.343897064596067	0.3994586095765308	0.7123230928819956
17.85599871899215	13.4748937058199	0.5455454164305662	0.614610319283917
18.031400547390465	13.60529758084599	0.6835411592821812	0.5068957166306475
18.213245282813926	13.734589831131869	0.8041193807219054	0.391602352432427
18.396594734117958	13.861838062567022	0.8988634083487202	0.2717345525675575
18.576135502479513	13.98564785792314	0.962420422580158	0.15086608758535824
18.748037268517905	14.104387498580987	0.9943865777871086	0.032757878821324186
18.91079088459714	14.216676505529513	0.9980768797052526	-0.07939148349627245
19.04168453250149	14.321903480945426	0.9814948554031789	-0.1836691856195958
19.17256876427621	14.42025242401864	0.9480579672055948	-0.27918194548945213
19.30343171365046	14.512675159536924	0.898448254805919	-0.36672955004247004
19.434252860176592	14.601156224232652	0.8335319331884551	-0.4473080910914793
19.564992789485935	14.6879605041331	0.75445494442388	-0.5231818939197881
19.695589878088427	14.775596432603365	0.6626325657391515	-0.5957731644840717
19.825940912470056	14.86632571716952	0.5597458829228192	-0.6659298159356054
19.9558768367397	14.962045051251922	0.44774116352450694	-0.7343005824659578
20.08514472976129	15.06420613305494	0.3288176335938268	-0.7995561214073179
20.21333836861079	15.173730307455912	0.20545068133795352	-0.8602347450608396
20.339869326782313	15.29093225219671	0.08036036148617703	-0.9138773407315137
20.463936902004452	15.41543230897203	-0.043555981778339685	-0.957089628892908
20.5845143430239	15.546155759734363	-0.16335138860753246	-0.986461494995232
20.70044198725242	15.681459365771964	-0.27630562468468356	-0.9991676292493556
20.810630993692087	15.819431387080908	-0.3803173278998016	-0.9934504043250703
20.914325631718757	15.958282532911007	-0.47401972569274387	-0.9688030454802516
21.01134503787239	16.096659231794323	-0.5569189347331512	-0.9251286958405043
21.10212569009575	16.233817745488782	-0.6300159707153925	-0.864499038356288
21.18784592118409	16.369487132361854	-0.694099562442932	-0.7886685587033815
21.2702410024095	16.503724059250406	-0.7508376975283386	-0.6994315874766279
21.35144483701776	16.63676525076003	-0.8020400682470851	-0.5985894872627417
21.433842076377747	16.768906607369097	-0.8484912904230548	-0.487948416229655
21.51977474114485	16.90042398609175	-0.8905056166940414	-0.369358261844107
21.61124596813711	17.03154537808379	-0.9286203845407232	-0.24467641087363715
21.709787433181866	17.162453688114176	-0.9602053959182799	-0.11601849668512645
21.81584580722877	17.293264998594843	-0.9843507185145993	0.014495861561567687
21.9291117653591	17.424057123063765	-0.9980516972342214	0.1447221410944353
22.048464613160128	17.554867090835547	-0.9981999558675663	0.272482131054924
22.172364388947344	17.68570522492055	-0.9834258664890808	0.39561092255231267
22.299346191619072	17.81657101927841	-0.9527194897271167	0.5120094597636276
22.428218119054506	17.947459909850707	-0.905920390552472	0.6196878732609004
22.558147884277815	18.078368395147574	-0.8434778403268167	0.7168046516469603
22.688625942605306	18.209295260462454	-0.766329821616311	0.8016987823789218
22.81938275753362	18.34023992733256	-0.6759821771859961	0.8729164265624878
22.950313468929295	18.471199022749698	-0.5739859480800484	0.92923415831947
23.081435430753057	18.60216156601791	-0.4620252653051963	0.9694409897568328
23.212892696682477	18.733105349706815	-0.3418416904143299	0.992981591230827
23.34499770083035	18.863992567358782	-0.2151431816288923	0.9995466085847379
23.478301835220776	18.995224048838224	-0.08350596431095596	0.9889858351296461
23.613674257201023	19.126483994192043	0.05169532544398661	0.9614419793903428
23.752337929875612	19.257740638416657	0.18923278154201914	0.9173900517850427
23.89579669952763	19.388950970943313	0.3275422716195866	0.8576074602338999
24.045548840354034	19.520057774713344	0.46478200230563405	0.7831667911724227
24.20263696622139	19.65096156319772	0.5975606536972449	0.6954407320550438
24.366968190509645	19.781474774369503	0.7206326432055652	0.5961270818898594
24.536798595340937	19.91123075656716	0.8272119548174293	0.4873188907817576
24.70885369074198	20.039568817944325	0.9111547352953343	0.3716043920501303
24.879236025489686	20.165465614354478	0.9679756767638265	0.25210722308764094
25.044664367292317	20.287617300696944	0.9956513540507622	0.13231626754526649
25.2034301112358	20.404752498137178	0.9972874382618087	0.015589487998151292
25.334326224468033	20.516002624850888	0.9794323482817509	-0.09545801899893966
25.465216151870035	20.621096644482684	0.9448533289674474	-0.1993331936318177
25.59609178615287	20.720592918820813	0.8941475088879115	-0.29565325410634835
25.72693683486128	20.815830599910946	0.8281937682661453	-0.38508850564123565
25.857721171699858	20.90879083295913	0.7481450337302314	-0.4690889950539283
25.988393394205808	21.00173834549128	0.6554190274610221	-0.5489747330009952
26.118865655267893	21.096887545418163	0.5516919098965906	-0.6258777052386233
26.248996545148476	21.196204888440352	0.4388910031760664	-0.7000092726532421
26.378556160531236	21.301272982234487	0.3191976531722872	-0.7712944425906724
26.507208175524003	21.41317524481063	0.19502521407308832	-0.8373105400367755
26.634409031680697	21.532413089840347	0.06905821432914772	-0.8962423631685527
26.7594262117258	21.658776341215493	-0.05585189020880324	-0.9448881079849941
26.881315599445475	21.791305937697793	-0.1767974908701065	-0.9798123694549399
26.998998053337537	21.928399503872352	-0.29106363953003256	-0.9980293282402364
27.111443427120967	22.068107980286353	-0.39649204361212564	-0.9966974270166362
27.2178230450148	22.208600614163117	-0.4917630295439702	-0.9759716293592087
27.317938202147968	22.348450918754427	-0.5762759341571909	-0.9364447235104048
27.412283408797276	22.486819694316285	-0.6506203752233163	-0.8794766944358607
27.501996532473473	22.623418916205942	-0.7159917374273363	-0.8065953003295301
27.588761708156365	22.75835152843846	-0.7739316044469534	-0.7196217068524955
27.674678029569314	22.89191518821763	-0.825125159239702	-0.620738131446884
27.76196725842911	23.024435818775334	-0.8713637851435871	-0.5117492646311362
27.8528656320432	23.156231742216242	-0.9121153922668319	-0.39448000312814013
27.949147052234782	23.28755967723907	-0.9473216763857227	-0.2708285167374441
28.05201073156636	23.41861684012736	-0.9749092040442767	-0.14277724193160435
28.16173556888885	23.549536567505356	-0.9933440611417327	-0.01240017167272232
28.27784942228363	23.680403823423823	-0.9998895923842164	0.11816160383201581
28.39921935917751	23.811262402154497	-0.9921879271123017	0.24672870293827392
28.524443257789752	23.9421300169476	-0.9688488239207282	0.3710553756760926
28.652215491485514	24.073011142573492	-0.9294228875379055	0.48899254254141244
28.781519477004363	24.2039048992075	-0.874000709767182	0.5985623525097512
28.911664743391935	24.334809040752422	-0.803494182094698	0.6978964307227687
29.042242615449183	24.465720831349977	-0.7191227272361832	0.7853002490128714
29.17304341210008	24.596634944418057	-0.6223632787681886	0.8592813025109194
29.303992811473144	24.72753965657704	-0.5148717936981958	0.9185746065507507
29.435121941520265	24.85841221020858	-0.39842120987156976	0.9621669731100788
29.56657441706857	24.989214912590185	-0.27483282747085713	0.9893208331031426
29.698646235241306	25.119894100746162	-0.14589378677266734	0.9995965283344914
29.831847663040556	25.250890105876714	-0.013273808222433948	0.9928217928698614
29.966967539164603	25.382045084640044	0.121524465664129	0.9690245136654039
30.105094465819853	25.513191968450556	0.25698243010908484	0.9284027305857039
30.24754323565405	25.644298752822138	0.3914517888373177	0.8717755826928751
30.395592790640055	25.775314832251617	0.5228970511426455	0.8002813968097839
30.550049448023078	25.90614785208083	0.6477504615659178	0.7152357712306466
30.71068844919537	26.036618100965928	0.7611984100894036	0.6182809488198914
30.875897711651373	26.166376049489376	0.8572848956569143	0.5114501396024317
31.04283947487084	26.29480629672125	0.931098720649746	0.3972494219203812
31.208206810610633	26.420973380266584	0.9780943186177288	0.2786814194183952
31.369303156649433	26.543712842126993	0.9985357651517321	0.15906811231670587
31.51902321887209	26.661870941218837	0.9942380964768465	0.04163920417218531
31.649919532424423	26.774664797567244	0.972363924788072	-0.07104773486769025
31.780810060637116	26.881794006010136	0.9338771123908169	-0.17726992973405828
31.911686891711348	26.98368608936217	0.8794361885192953	-0.27636207579796235
32.042533872970225	27.081593708780897	0.8099786696720004	-0.3691018325581307
32.17332280526054	27.177460156879636	0.7265549389702805	-0.4561572866908017
32.30399920789995	27.273363234235287	0.6307666628063732	-0.5394149081916809
32.43447938049707	27.371498674602076	0.5244296950466895	-0.6191038898946172
32.564613583581895	27.473750475065994	0.4095251424429626	-0.6960220439539117
32.6941754442866	27.58167913497918	0.2882666878920735	-0.7695185529563116
32.82281906544413	27.696340609998018	0.1630963131991675	-0.8372993328181646
32.94999585385899	27.81819581323769	0.036702848200251936	-0.8974213714938541
33.0749703459748	27.946969664308927	-0.0880891923288813	-0.9465842338465562
33.19680232510741	28.081615429121822	-0.20844194277246236	-0.9813662064729506
33.31443851778511	28.22044283145609	-0.3217698427704128	-0.998307519619143
33.426846516356996	28.361477278245093	-0.4260471572655455	-0.9957391864639633
33.53334534768036	28.502883018002287	-0.5195922623333185	-0.9735512709026524
33.63388595006243	28.64328789799861	-0.602672923980919	-0.9324985095487924
33.72906696774287	28.781956995657964	-0.6758186503657849	-0.8737780312856955
33.82012403457092	28.918713452717792	-0.7399360572449185	-0.7991746890396805
33.90880852479078	29.0537327296349	-0.7965205674367424	-0.7109993259786813
33.99722374865101	29.18733400803794	-0.8469700453756438	-0.6110733500907419
34.087597754850606	29.319880701703337	-0.891164883741647	-0.5011986682546326
34.18189868354309	29.451696136689137	-0.9302406879442975	-0.3832126675813706
34.281806258395896	29.58305088149858	-0.9617809373158026	-0.25901318524294603
34.388084401275385	29.71413509471138	-0.9852685217878988	-0.130598137188205
34.50084145771938	29.845083282769135	-0.9982200022539409	-4.689546370480647e-5
34.61938709776304	29.97597550726954	-0.9980570016857135	0.13045018978856435
34.74251801427312	30.106853437653008	-0.982834170533571	0.2586712818167851
34.8688943358616	30.237734055056492	-0.9518331329671205	0.3824508487355423
34.99735858998632	30.368622663715055	-0.9048195950847364	0.49968654783909394
35.12704425739859	30.49951919317291	-0.8420583868280872	0.6083815633358802
35.25738388463162	30.63042126696004	-0.7647513131877437	0.706682144078403
35.388055812152764	30.76132424840303	-0.6742553753400579	0.7929101442256188
35.51890476741528	30.89221840902026	-0.5721495654847778	0.8655914400224776
35.64989010974377	31.023084652024426	-0.4601686555568928	0.9234824232787512
35.781067315297975	31.153889900151352	-0.3401446166920271	0.9655958744764181
35.91260317636867	31.28458412140084	-0.2139382581302918	0.9912265017308787
36.04481908561666	31.415101366808397	-0.08336000306259483	0.999974085075855
36.17824966975099	31.546193140758447	0.0499013045970897	0.991394767754023
36.31371520281961	31.677305884382122	0.18432406019340322	0.9657792216138695
36.45229938938834	31.808404682858793	0.31825925839980185	0.9236268568652455
36.595224432310644	31.93945770931881	0.44990907520365914	0.8656815018443652
36.74358267891102	32.070411599836625	0.5769924948197764	0.7929819795522746
36.89791432688113	32.201164533406946	0.6955878747741692	0.7068711024321971
37.05770318029229	32.33151582009772	0.8009952797687863	0.6090278500578622
37.221167475027656	32.46108335829013	0.887523147302836	0.5015342998499764
37.385542014640926	32.58921975747584	0.9512209369048499	0.3869464270089324
37.54783661188728	32.714980159110624	0.9881088351094012	0.2682913378060248
37.70581654412359	32.837245427344264	0.9997894348913116	0.1488499074628752
37.836714905750746	32.954950959508736	0.9902472816764316	0.03175100223583534
37.96761065630799	33.06736125384638	0.9637932809816561	-0.0805151156498149
38.09849974848715	33.17428108954235	0.9208831122523926	-0.18645567461589893
38.22937360859409	33.27632992809015	0.8622559152664315	-0.2854435499050196
38.360214010572854	33.374760923032774	0.7889269772056187	-0.3782612671067769
38.49098924782038	33.47154525450842	0.7021771047746663	-0.46586747364765413
38.62164187844642	33.568786317524975	0.6035444828135643	-0.5495348702259373
38.752076238776596	33.668588326465986	0.4948150987673888	-0.6300886704086857
38.88213785820901	33.77279820657328	0.3780155799389322	-0.7072366268247097
39.01156946050054	33.88287982689294	0.2554216840199754	-0.7806312995839029
39.13999298101334	33.99979123189639	0.12953168277588342	-0.8482767857068649
39.266848426923836	34.12384626928264	0.003057730115772969	-0.9072691306140972
39.39135385489348	34.254609204593365	-0.12113462289212999	-0.9541944492653981
39.51252317137922	34.390877761498736	-0.2401886979979904	-0.9857054277236813
39.62928850758176	34.53085813337141	-0.35155763324045486	-0.9991626937367823
39.74072697267886	34.67254028845105	-0.4533922368089699	-0.9931160943839976
39.84632008867231	34.814142916711106	-0.5448613634084338	-0.9671057794141862
39.94611953979073	34.95445751319795	-0.625621794665061	-0.9218557984383596
40.04085783107784	35.09291782494325	-0.6965429132830597	-0.8596414658293994
40.13193289582754	35.229427382644026	-0.7588620396259713	-0.7823049772568266
40.22120406726792	35.36420407806369	-0.8139726872776476	-0.6917083547826224
40.31079965768596	35.497604872177256	-0.8624375757698419	-0.5896750817754162
40.4028306838214	35.62999873834967	-0.9056010293862627	-0.47788908201510466
40.49929743766777	35.76172207758126	-0.9418281735224268	-0.3583431849413139
40.60148794412964	35.89302342411648	-0.9712246287764398	-0.23304332352862092
40.710111170422664	36.02408726953545	-0.9913436656760016	-0.10399641566547467
40.824971842073325	36.15503235047193	-0.9995059066613448	0.02669925868664257
40.94515900778777	36.28592789833532	-0.9941103345786315	0.156883377868824
41.06945371843533	36.41681059446014	-0.9735076306572998	0.2843758912423231
41.19658968024361	36.54769556585487	-0.936924690397772	0.40702079140595604
41.32550361299719	36.6785870316412	-0.8844116685822778	0.5227326195039571
41.455432795096264	36.80948449636814	-0.8166545815683348	0.6295384308530635
41.585897324723796	36.94038496327211	-0.7347802116760036	0.7256142100645798
41.716632029835026	37.07128203094871	-0.6402127513434462	0.8092916497861486
41.84751831605137	37.202162766705314	-0.5345323054012062	0.8788966094461809
41.97854225799299	37.333003464602776	-0.4194804874064595	0.9334622762295003
42.1097852088305	37.463763452445534	-0.297069400681486	0.9720683033579062
42.241446988789846	37.594384592819345	-0.1691696343204172	0.9940846717802526
42.37389367095331	37.72479349972872	-0.03758241287828588	0.9991934523572494
42.50771445764504	37.85588892205208	0.09601868467065104	0.9872482980634993
42.64377226847523	37.98698737335393	0.23009590822620318	0.9583882384578448
42.78316500818034	38.11806520473475	0.3631133675987888	0.9131140106875025
42.927081721920665	38.24908685687543	0.4928778590721052	0.8522227060390799
43.07646882836363	38.379993098750134	0.6167392547285068	0.7768062285597744
43.23160937967847	38.51066679947362	0.731146938705103	0.6882652632332483
43.39171586269102	38.64087481791938	0.83022498250063	0.5883499789698075
43.55476253290093	38.770188176793276	0.9097065436580747	0.4791391502135416
43.71796869807464	38.897895141792816	0.9649565832454345	0.3634415336216084
43.878552282150395	39.02301273157262	0.994177106900842	0.24436536090006136
44.0345611004012	39.1444340363373	0.9983586196808848	0.12514453332929237
44.165459056526615	39.26120493968136	0.983121480632866	0.008697504825378061
44.296353696846495	39.37266160306782	0.9510851692045351	-0.10252838889698454
44.42723998587153	39.47878646087175	0.9025030651238979	-0.2072698922711429
44.558107318388885	39.58041231607618	0.8385262175512406	-0.3055075838711623
44.68893557557337	39.67906663974847	0.7602725018720291	-0.39764143237836247
44.81968548368889	39.77663509681024	0.6691166766274105	-0.48525812721838896
44.95029432859304	39.875292463171206	0.5666821386813694	-0.5688199100702832
45.08064793834321	39.97701941790243	0.45484143070080213	-0.649394441409055
45.21057035544371	40.08358033412782	0.3356996116332597	-0.7267473159017293
45.339786191132994	40.19630214493859	0.21159151169202783	-0.7991607285052136
45.46784970056291	40.31597667428811	0.08509930796597617	-0.8650724581596699
45.59414116060925	40.442710554074914	-0.04102068059474791	-0.9214366305842787
45.717827895585906	40.57582659931903	-0.1639165732151108	-0.9648033181449165
45.83791033946825	40.71389874872236	-0.2808443048617938	-0.9919360760022977
45.95337150169096	40.85499665084232	-0.38949270325045643	-0.9995511464304565
46.06331501099153	40.99715742692303	-0.4882655875682514	-0.9872989977541997
46.16739535258074	41.13875117960944	-0.5761942559312067	-0.9555510440794536
46.26593860759074	41.27874144227399	-0.6536947826915598	-0.9055362522110766
46.35991741560291	41.41671282437604	-0.7219056855749642	-0.8384148536676086
46.45086576033907	41.55274869266474	-0.7816211771991077	-0.7566981895978631
46.54073470437205	41.68713307092592	-0.834398432803402	-0.6623366073162207
46.631678703577386	41.82024144209985	-0.8810472517775734	-0.5571393913838926
46.72578593909868	41.95244052712755	-0.9213929824126232	-0.4429170541248135
46.82475109961514	42.08403645959638	-0.9552464299648262	-0.3215334465781238
46.92971894438894	42.2152663786857	-0.9810494259753335	-0.19493258044706402
47.04102905506629	42.346295138132696	-0.9961421528714351	-0.06515342790783586
47.15817203769609	42.47722600584282	-0.9989233461347595	0.06567053434224077
47.28015376339052	42.60811981239487	-0.9873285544240175	0.19530780180620666
47.405714549943035	42.739005508918524	-0.9600760757586237	0.3215713781469772
47.53365680911248	42.86989409885216	-0.916761752652465	0.4423228318682049
47.66303800952647	43.00078811198802	-0.8577330932449536	0.5555085799967316
47.793215933780466	43.13168621562011	-0.7838872817103943	0.6591998885281805
47.923804719031665	43.26258416231026	-0.6964946614694357	0.7516275606700948
48.05460312712053	43.39347290839449	-0.5970794804306577	0.8312124262379885
48.18553489051162	43.52433474006054	-0.487344492236857	0.8965932741865461
48.316618327527635	43.65513854960476	-0.3691125225000223	0.9466538727825341
48.44796879089643	43.785836090445265	-0.24419158012459788	0.9805499164221808
48.57983036737406	43.916359021482336	-0.1145750265794065	0.9977344501445496
48.712627009332635	44.04662673993104	0.017929076395741487	0.997885802146962
48.847017975091504	44.17771276309476	0.15166871032348223	0.9807779361017844
48.98394517443546	44.30879513054109	0.2851094019280207	0.9468776131441321
49.1245364094696	44.4398480181245	0.4166283121813968	0.8967800797624066
49.26991981378432	44.570830438887135	0.5438870278745352	0.8313759393138351
49.42084968167445	44.70166883976836	0.6636834340775315	0.7518532282500632
49.577261691036064	44.83221651224304	0.7723085305910733	0.6597185595014146
49.73796964296632	44.9621853048205	0.863655015029627	0.5568489609136503
49.90066611130437	45.09106555001133	0.9338998645893717	0.4455607975168169
50.06254038634764	45.21806488146634	0.9791363601621041	0.32864931608682113
50.22109980714901	45.34215329571042	0.998606136572312	0.20928179463463753
50.368827144151126	45.46225038061974	0.9942147611021096	0.09067286101072977
50.49972431512005	45.57751529754284	0.9723096463381311	-0.02440575474861456
50.630616947865185	45.687498008085754	0.933792114778324	-0.13396502435931668
50.76149869898841	45.79247151218474	0.879320037933292	-0.23703020786633683
50.89235618646969	45.89342539095732	0.8098289598080153	-0.3336382855583384
51.02316357549661	45.992020589105856	0.7263535536551708	-0.4249572476484256
51.15387727831041	46.0903400488753	0.6305121571299932	-0.5115233472674958
51.28441483167339	46.19041224817877	0.5241030716707311	-0.5948956676129484
51.41465077007002	46.2942058211217	0.4090835319598825	-0.674894844796718
51.544372650807055	46.403319148366194	0.28765096726707784	-0.7510604682471567
51.67324766423135	46.51891469629165	0.1622345218310849	-0.8221357863135946
51.80078805854852	46.64155691863077	0.03546737833063472	-0.8855311299128678
51.92629913952298	46.771079889221255	-0.08985390595238998	-0.937966229260307
52.048873878024445	46.90652292310731	-0.21089658578228918	-0.9759902030101119
52.1674758101603	47.046235165416945	-0.3250448588594121	-0.9966320105478483
52.28113117774853	47.18820112014151	-0.43025980229342503	-0.9978875215410078
52.38917587321741	47.330502864849485	-0.5249921893427771	-0.9783356902433205
52.49142450298556	47.47175513637537	-0.6089794026876003	-0.9396408712171023
52.588453860105325	47.61116384331439	-0.6831917574386895	-0.8832882618045048
52.68149247723281	47.7485132741662	-0.7477465327033654	-0.8110935847804261
52.772233575742234	47.883953995448174	-0.8050196564767053	-0.7246687433661104
52.86275251201179	48.01786061863709	-0.855099545987037	-0.6261069822935799
52.95514666439689	48.15062062216213	-0.8993321857369532	-0.5173917272061408
53.051414256172045	48.282586753549005	-0.9370006665434517	-0.400340019629301
53.15302229377993	48.414040590719736	-0.9678229224532612	-0.27683926908754486
53.260835769103785	48.545193892368424	-0.9888964921736567	-0.14886452573422704
53.37476087953181	48.676185352800815	-0.9989851524146864	-0.018488607219719944
53.49412341746601	48.807103485208316	-0.9957481337042495	0.11214783892466085
53.617781043300894	48.93799567552515	-0.9774430048952298	0.24086640303021206
53.74447821512976	49.06888355778043	-0.9431842417867679	0.36549645462809494
53.87311936943283	49.19977478364688	-0.8929247953890359	0.4838482279385791
54.002893703822714	49.33067040847408	-0.8272816644981864	0.5938413844899244
54.13327606229401	49.4615680277533	-0.7473376992795204	0.6936670428241908
54.26396668143455	49.59246150831166	-0.6544894890308718	0.7816230734561918
54.39482173641289	49.723338240601194	-0.5503504414391447	0.8562082503400241
54.525804858784134	49.85417468314546	-0.43668663136597546	0.916149940134686
54.656970163709325	49.98493170415584	-0.31535937735451514	0.9604314499598017
54.78847701842539	50.115551891873615	-0.18825838301402814	0.988319152557627
54.920630948441314	50.24596138466876	-0.057202834081300356	0.9993869291440667
55.05393678088245	50.37671649217301	0.07596311176749512	0.9934724299892227
55.18914776724783	50.50779687645369	0.20960979322533277	0.9705489612968707
