2.7393487468428988	0.3681305159725088	-0.919749043913895	0.9327774142473108
2.870316113108268	0.5094128019307682	-0.9630184472533265	0.872867155527011
3.0014022755999417	0.6572870179692389	-0.9898426029636307	0.7912649246396788
3.1327886669981053	0.8144677480184247	-0.9997235055849871	0.6862059473078198
3.264886647041806	0.9837095475557953	-0.9923376742971227	0.553688880875159
3.398581954838406	1.1674716025640457	-0.9670038042887145	0.3922883659729436
3.53561644323848	1.3662727014565315	-0.9230131091011871	0.20302080008809908
3.6790232882204887	1.5770798417672431	-0.858607264231401	-0.006279381401229995
3.833217239793472	1.7918549119614735	-0.7701996986747726	-0.21915489028535207
4.0031461797310355	1.9987148913281865	-0.6509930796318151	-0.4148557640581631
4.192976193023458	2.187482812806505	-0.49617558437699705	-0.5781661965302191
4.403963870621146	2.354389366213312	-0.3035114266978347	-0.7054816612201511
4.633178805214622	2.5017714538074167	-0.07909347201735639	-0.8019680870018419
4.8721388184114875	2.633105233022893	0.15899417096144355	-0.8733381354845641
5.107798164100436	2.748178976526431	0.3850250369577376	-0.9232553741719023
5.328507797645612	2.8425986384939357	0.5776967659610295	-0.9552867903071078
5.5296152410011965	2.9114323013215064	0.7292411559504154	-0.9731998527092107
5.7128538875986115	2.9529906031103486	0.841605224508411	-0.9822640242002176
5.882163617047733	2.96915682175023	0.9202343648231744	-0.9847991323538705
6.04125311994307	2.9647574566554145	0.9706323288614358	-0.9841110332295497
6.192667449549775	2.945752275681719	0.9954216738004449	-0.9806852917136372
6.338150616865056	2.919314917134441	0.9982737818840125	-0.9749191092343976
6.467420505506633	2.892632600674958	0.9829536083810718	-0.9690994996316058
6.596189959125352	2.8713746278983074	0.9513785901832219	-0.9633137148901858
6.7243381577501955	2.8603615483490885	0.9042233993117265	-0.9602416690353319
6.851695828478298	2.8628675611557997	0.8426285528154869	-0.9609407093192653
6.977994256320241	2.880876512120505	0.7680941880635507	-0.9659642200379647
7.102831520154087	2.9151950805952827	0.6824230485186382	-0.974020542563036
7.225571670672417	2.965866841905626	0.5878574863237102	-0.9842845507719116
7.345362023067791	3.0320954324571847	0.4868869718891678	-0.9936358517031264
7.460993540450661	3.1125836382699306	0.38280343571574016	-0.9990889546868988
7.570917765496352	3.20555571534582	0.27916119274471707	-0.9979202897974564
7.673357441453867	3.3088804629137534	0.1796081362605783	-0.9856043280374803
7.76615598621335	3.4203858827884526	0.08766929800682105	-0.9609217028947208
7.847437237593095	3.5377812722749202	0.006540091191064891	-0.9221534932332057
7.91552071836572	3.659166355978572	-0.06149860128856365	-0.8687136025148315
7.969285263088041	3.782958453298504	-0.11502083144034514	-0.8010215465295166
8.008296374136389	3.907953694119222	-0.15362687115739668	-0.7202169311669893
8.032754373905009	4.033276642014563	-0.17777977891154367	-0.6279136323923961
8.043480636504022	4.158243538851835	-0.1883604306589743	-0.5260665221035188
8.042114599445071	4.282208870305598	-0.1870232438786664	-0.4169309665475811
8.03114485911841	4.404489119126037	-0.17619034140490233	-0.30300711684037607
8.013868867469235	4.524329241892374	-0.1591298525418966	-0.18695093034247956
7.9940872608707005	4.640963639741243	-0.1395950040701002	-0.07134446166982067
7.975912163994252	4.753723413920715	-0.12161723673563014	0.0413072419368439
7.963163572731289	4.8622208579265385	-0.10892731182131302	0.14919992830184572
7.959116597525446	4.966468427720577	-0.10489895994831452	0.2513322143494338
7.965998280660594	5.067091151185965	-0.11174897501804677	0.3471567599606942
7.9854125934474	5.165269973892922	-0.13102854548579265	0.43741216061449556
8.018206103460125	5.262556553340467	-0.1634129853322709	0.5226431666255814
8.064971977534654	5.360643412769219	-0.20933074073233435	0.6035351138738128
8.125805450021863	5.4612985478130245	-0.26836921678210834	0.6807426663115567
8.200557812300229	5.565949408297608	-0.3395124274988943	0.7532654196121316
8.288509126255764	5.675576834293917	-0.42092014040489334	0.8206558588998873
8.388410843245632	5.79052905246283	-0.5090987237940594	0.880845189129409
8.498424733027933	5.910411527067532	-0.6005240650931347	0.9312048233201593
8.61626130957235	6.034500871617596	-0.690413316061607	0.9691596138048166
8.739608895475937	6.161887093677901	-0.77417863207052	0.9925254628884603
8.866477691636614	6.291865588669819	-0.8479855033491109	0.99972739061699
8.997386229491367	6.425309921473216	-0.9097632812285867	0.9895400715123476
9.128313358885567	6.560876822801909	-0.955992358022164	0.9612290206263594
9.25929284073064	6.699809371724064	-0.985886284386146	0.9140389339611927
9.390410588018888	6.84370922032185	-0.9989206722971221	0.8468537626397141
9.521871366837658	6.994419531798433	-0.9948029618135191	0.7572337451755873
9.654139659974886	7.15391079720514	-0.9733740448203231	0.6441142196493589
9.788183030433485	7.3235589084446815	-0.9343778388124451	0.5056507420929444
9.925883712436264	7.503585998798747	-0.8770098287506193	0.3431054898937649
10.070523011819443	7.691831981738856	-0.7983379139833773	0.16136404960079648
10.227235278275591	7.88305818425492	-0.6946972072508537	-0.029057422453267697
10.402610576881282	8.069474851685033	-0.5585487771957852	-0.21372444827344034
10.603507164801021	8.24348582458313	-0.38195834956721797	-0.3796065936199086
10.834457528364268	8.401066511682336	-0.1603440409964452	-0.5199901977153956
11.093512113399907	8.542494112380353	0.09773494195435031	-0.6353399784330382
11.367808897367183	8.668497714895608	0.3636499813116011	-0.727343956943999
11.634873192493988	8.775234161334872	0.5964600229067568	-0.7960100172712554
11.876064508022484	8.854996024794158	0.7710306212668626	-0.841914029307404
12.087677005313854	8.90376910993966	0.887183054958274	-0.8669652573135185
12.275174464393915	8.925221530209095	0.9574619674811315	-0.8777130901188812
12.44529793750144	8.927599742530138	0.9925466842704348	-0.8787925983265668
12.603064556351848	8.92033873599432	0.998847605011648	-0.8753984958469538
12.73338024061997	8.91202936755905	0.9856478382981742	-0.871169378916634
12.863463553453892	8.908231593678781	0.95581708636308	-0.8692364727108631
12.99324373334256	8.912708498072318	0.909969213129114	-0.8715150276111083
13.122616359806647	8.928168709340078	0.8490311689696564	-0.8790508613654874
13.251418808952469	8.956371004557356	0.7742527023897375	-0.8918523294653902
13.379391069109824	8.998308382974301	0.6872291698590826	-0.9101294522995124
13.506171026454142	9.054212994518682	0.5899004526892936	-0.9319529092643879
13.631208537446646	9.123869488932353	0.48459673578231405	-0.9547527617577161
13.753692605783087	9.206618267883574	0.37407357633300964	-0.9758172848458908
13.872529173113689	9.301303429724634	0.261469635322371	-0.9923206870033993
13.98637825478573	9.406308449430567	0.15014480178059328	-0.999419954053767
14.093493802506398	9.519785160427366	0.04364440854592577	-0.9949992588867331
14.192118877305488	9.639668358634509	-0.05491578636311193	-0.9765303421520499
14.280601443608152	9.76396600188497	-0.14288235483609796	-0.9425797153875055
14.357691040124754	9.890951439762743	-0.2186333620455919	-0.8928661401196744
14.422656123088522	10.019341065373036	-0.2814898228542003	-0.8279872374668549
14.475384685848386	10.148262555496938	-0.33164943159643107	-0.7491337626152502
14.516388284068897	10.277165903960361	-0.37017101485293197	-0.6578671539923
14.546727098751095	10.405719468311904	-0.3980100225047366	-0.5559778964276235
14.568177676711752	10.533662106997248	-0.4176931515339257	-0.44545768361715754
14.58294031955656	10.660813087667643	-0.4310802708579189	-0.328397770007749
14.593889900515927	10.786977318406555	-0.44083481418700476	-0.20699539072930445
14.604439724764973	10.911979288706632	-0.4502332302664356	-0.08345811766408828
14.618298873718286	11.03574106567055	-0.4625797912417846	0.040140354641930436
14.639217963383212	11.15834642941589	-0.48121577076454153	0.16197877420685836
14.670606482904258	11.280124225252889	-0.5082470154825436	0.28058802089317103
14.715272327135608	11.401541048661485	-0.5462617668338877	0.39471270869395514
14.774926197220676	11.523339046671481	-0.5952436617467078	0.5033632949999449
14.850117910302746	11.646198779061907	-0.6537741603458642	0.6054075199277373
14.940102411464702	11.770606391962925	-0.7191565755763825	0.6994291617252879
15.042989584134082	11.896780205942008	-0.7865544878488321	0.7837253302066916
15.156107290277621	12.024602386090038	-0.8512653750187467	0.8563996126106946
15.276583910222076	12.15380151308144	-0.9081798642874166	0.9156490891787645
15.401844228593374	12.284087728823234	-0.9532992988752129	0.9599482799535815
15.529927784101314	12.415310348283581	-0.9839232978731616	0.9881424575308102
15.65954249243962	12.54752794835144	-0.9984793168572563	0.9994082349103066
15.790318121022654	12.681085949683466	-0.9961897540321495	0.9931448645512935
15.921413572515137	12.816326280869667	-0.9768444370997005	0.9688823489786339
16.05281281345471	12.953785247697663	-0.9406622646092573	0.9256374898456152
16.18491508099216	13.094028063964148	-0.8879736837275274	0.8635814018662161
16.31853171599149	13.23738615826678	-0.8189923797282305	0.782851998286074
16.455188476842373	13.383774460175834	-0.733436395188097	0.6841047962776345
16.597529671535774	13.532512825526887	-0.6295865774461217	0.5682160936375874
16.749839213622902	13.682300414611426	-0.5043578238222429	0.43918099250745746
16.918163461291446	13.831134413192725	-0.35270136391626616	0.30121422341902526
17.109949346244765	13.97678385693681	-0.16794156078982045	0.15961951796318424
17.33205595197996	14.117468603552345	0.053261296560049694	0.019685379173248096
17.585997931068203	14.252181404749194	0.3023719631136688	-0.11473299660110374
17.86091858184397	14.37978237167485	0.5496138701125263	-0.24018911661105158
18.132605418393055	14.496808245494755	0.7534541241546147	-0.35180313133775143
18.378314454630008	14.59757407460641	0.890565700204068	-0.4441168973946511
18.591402029924094	14.678662557425493	0.9666789473773809	-0.5151800768214377
18.77720819795976	14.74185834819404	0.9971313532053626	-0.5682469315674703
18.943672137237044	14.792561947168958	0.995083094092448	-0.6091763458667501
19.07444499058719	14.836878252231166	0.9743495583763289	-0.643844579806872
19.205126001570672	14.879050406946613	0.9370314103603079	-0.6754731765943338
19.335664286213614	14.922690399278736	0.8838173800396624	-0.7068464488534505
19.465983898853747	14.97085110772352	0.8156993774616803	-0.7401231742090895
19.59597463965737	15.025890398514802	0.7339696493798438	-0.7760760002116723
19.725466237535336	15.089518358151937	0.6402256640098105	-0.8145658797136517
19.85419293054732	15.162874333729244	0.5363830310647061	-0.8547095137944436
19.981750290509826	15.246562130002301	0.4246588849341118	-0.8950323812429761
20.10755758915782	15.340633849841288	0.30770678721909545	-0.933048731836862
20.230799817286396	15.444621097404491	0.18841256386842753	-0.9652317017900851
20.35036142235028	15.557541395084247	0.06991654834596571	-0.9882423078046351
20.4648785174747	15.677900857362516	-0.04449697781272451	-0.9990558721844462
20.57288782168478	15.803875950872964	-0.15186989788621436	-0.9949140594001984
20.67299207130991	15.933583881613393	-0.24994997956182322	-0.9741900031113806
20.764107506157178	16.065353144313818	-0.3368587142162096	-0.9364150777295472
20.84579294052241	16.197865330694622	-0.4125820593046229	-0.8820953604501265
20.91817819344809	16.33032125555106	-0.47745181870673203	-0.8123667655046283
20.98207803781531	16.462302017770135	-0.5325901729412371	-0.7287165761556306
21.03892214429943	16.59365951697738	-0.5797236720927413	-0.6326440964694687
21.090704407162292	16.724403052068837	-0.6209928711690639	-0.5262481958409607
21.139888984454714	16.854604025380038	-0.6587134044871967	-0.4114028258859315
21.18934052695828	16.984361557578975	-0.6951562344854628	-0.2900435330876318
21.242187732677653	17.113789941174677	-0.7322887889180769	-0.1641488739004281
21.301558659746686	17.243019909991126	-0.7714695075526211	-0.03571617362413227
21.370184740118063	17.372197977594382	-0.8131502666069509	0.09325620446409938
21.44995735126504	17.501474891068455	-0.8566932834377496	0.22077143653232859
21.54158947765725	17.63098370421786	-0.9004076708148063	0.3448255832209326
21.644530212213947	17.76081607973577	-0.9400631976328018	0.4634034379867481
21.757019330374277	17.890977620431837	-0.9723342080467996	0.5744710277005296
21.87676872169712	18.021432228543066	-0.9931764309933095	0.676065042882614
22.0014486867989	18.152117660758226	-0.999676518890482	0.7663556790846614
22.129145789016864	18.28298513164844	-0.9901856329839263	0.8437186642608475
22.258525562110115	18.41401952073655	-0.9641062090470915	0.9065291749575546
22.38877874871952	18.54524564528416	-0.9215810769126707	0.9538038446893048
22.51949084347727	18.67672046000219	-0.8632328581031217	0.9847366267789441
22.650525806954853	18.80851888982015	-0.789984028546268	0.9987112077056535
22.78198968519426	18.940717968912804	-0.7029097552381396	0.9953610601618502
22.914231039667445	19.073374586744798	-0.60310804993451	0.9745830213325719
23.04797694566799	19.206472077300553	-0.4914897602902493	0.9365755184669218
23.18452592980233	19.33992660841631	-0.36851715280054015	0.8818826445406919
23.32591958573256	19.47356800004911	-0.23375877144460902	0.8114371814277013
23.47504225981767	19.607164302806936	-0.08675053983030323	0.7264049778739344
23.635485547939275	19.74042854260295	0.07345003284962036	0.628554632926733
23.810828241452526	19.87305211064755	0.2463050679250365	0.5201754505490322
24.003004192194375	20.004702773508193	0.42688067846190697	0.4035976023325082
24.210066505299285	20.134872659635636	0.6034301756304409	0.2814806120451201
24.424774848251072	20.26252833448282	0.7593944538237948	0.15709227099400813
24.636622682791458	20.38577910166917	0.8792736003584384	0.03455040293568519
24.836573776179684	20.502088791640247	0.9560752464104627	-0.08160821433649726
25.02072571459821	20.609250049785164	0.9933988983793762	-0.18777380495680085
25.189773364602676	20.70643641464297	0.998208871982704	-0.28206108861218293
25.320654463448253	20.794365262587387	0.9823783313641654	-0.3653229726310718
25.45151251437103	20.874855416304765	0.9494945071025376	-0.43885729090251147
25.58232511656048	20.95024953813027	0.9003964180731787	-0.5051985518657752
25.713056053344843	21.023451008201384	0.8359946414881516	-0.5669299006974781
25.843647574441295	21.097349963881154	0.7574505397144541	-0.6262430274049631
25.9740087851033	21.17451161972116	0.6662073071758787	-0.6846723383508916
26.103999023122423	21.25702901975044	0.5639857900538874	-0.7421018937790509
26.233379860286533	21.346489959489165	0.45280328253248997	-0.7990036883818086
26.361813532834027	21.443932084949004	0.3349478784877824	-0.8536266778364531
26.488780107320036	21.549843642067028	0.2130065165771716	-0.9041543666623975
26.613571070532206	21.664083785108037	0.08980028354192612	-0.946685644773973
26.735165039854238	21.785915497144963	-0.03160667839777166	-0.978636674696497
26.852379004999438	21.91397371341905	-0.1482218549642216	-0.9966771540991077
26.963942048410793	22.0464890276031	-0.25740511659650217	-0.9982620003024605
27.068720350983867	22.181593535067602	-0.3570161561662799	-0.9818620720831863
27.165990389550647	22.31764646205673	-0.44593933014978515	-0.9468776447620837
27.25558739564384	22.453502690623566	-0.5242630465987392	-0.8945998096529294
27.338095327725863	22.588511146483476	-0.5927144093256991	-0.8264139625622681
27.414762674858064	22.722438385852502	-0.6524797942426817	-0.7439729296861722
27.487396195603562	22.855317262310145	-0.7056694383646831	-0.6490317410510004
27.558242901827413	22.987324276573656	-0.7540224431959787	-0.5433800630852288
27.629855488306596	23.118675595428666	-0.7991141293259652	-0.428849493441549
27.704894819005293	23.249579258505385	-0.8421067206371631	-0.30729487386068716
27.78586917976112	23.380217524806763	-0.8827478009904861	-0.18069755960004732
27.87467168747308	23.510731485241614	-0.9207741967036127	-0.05117972625523504
27.972362262685035	23.64123049620642	-0.9544562017687757	0.07916854406728535
28.07894542874284	23.771786865509824	-0.9807838597389791	0.20821020180932287
28.193388084596013	23.90243091253414	-0.9963223360442206	0.33378324833681633
28.313995930027176	24.0331625195926	-0.9987543898927971	0.45374752500429194
28.438965276891185	24.163968509623945	-0.9860198145037455	0.5660408094920543
28.56670939677011	24.294832345774267	-0.9571329893967271	0.6687262709025132
28.696056779702083	24.425743727195577	-0.9120142763315111	0.7600350795750107
28.82625703626751	24.55670192703158	-0.851231185130644	0.8383974465730899
28.956891280642555	24.687714760670627	-0.7757790778783997	0.9024651030389441
29.087772146587824	24.81879466138153	-0.6869337825027262	0.9511158473909118
29.2188799710496	24.949952708408176	-0.5860748889836183	0.9831798814580119
29.350354791489018	25.081193315320956	-0.47473422587922726	0.998381107239146
29.482538722515656	25.212524422906547	-0.354578444505287	0.9964317287044714
29.616062746415576	25.344072298950113	-0.2269696024856332	0.9773066577056884
29.751955919244267	25.475694261762612	-0.09299332677302119	0.9413045796274251
29.89172658374084	25.607334094971666	0.04656572150350333	0.8890444470057383
30.03732576563327	25.738916231182106	0.1909916100462236	0.8214614562659699
30.190880694602015	25.87034664438876	0.3387356767822116	0.7397970321850864
30.354030950532987	26.001504117471026	0.4871289129433195	0.6455861464392781
30.5271039960229	26.132172101491918	0.6301742484073736	0.5406882169554476
30.70806303348796	26.261938944494872	0.7594624771130986	0.42736113772502826
30.892499376238987	26.390023838680797	0.8657344404479425	0.30839718016821016
31.074876017132375	26.515164909146467	0.9419489273542738	0.18725993496668744
31.25054810356341	26.635742422679517	0.9859029712748826	0.06773095931661885
31.417127789747273	26.750183904148145	0.9999622739111542	-0.04661566262551827
31.548023290180655	26.857519493455865	0.991108516400099	-0.15329822035280177
31.678911740869577	26.957641030882886	0.9653312756289405	-0.25135528452320083
31.809784459638397	27.05130303908622	0.9230789715615775	-0.3406312378763088
31.940623611072755	27.140028317399228	0.8650881071856599	-0.4227216437965202
32.0713998726097	27.226177245095222	0.7923763598306448	-0.4989526578725423
32.202059104816236	27.312179516933888	0.7062386489688374	-0.5715138209097017
32.33251690566449	27.40045562230606	0.6082369673894277	-0.6417496809857777
32.46263839560992	27.49308382921771	0.5001960340365268	-0.7096905411410871
32.59219689353935	27.591697713339833	0.3842145960352834	-0.7757308067424662
32.72086632219866	27.697433537407147	0.2626398223038118	-0.8379135481020357
32.848135385779024	27.81085722083546	0.1380957916721509	-0.8940902682693976
32.973277696413135	27.931882918210587	0.013436321460953105	-0.941474621444276
33.09535241139301	28.05971368619634	-0.10837746374810929	-0.9765892751431475
33.21323577904308	28.19291651158246	-0.22447698796187432	-0.9962779644029915
33.32577746754465	28.32964983403712	-0.332436687711575	-0.998262769762891
33.4320435722466	28.46802850377249	-0.43067700630241146	-0.9811532969868714
33.53153081032605	28.606508475180938	-0.518030670674011	-0.9449550454878815
33.62440382563409	28.744078626212517	-0.595181808216951	-0.8912450864613664
33.71154469427855	28.880263415533598	-0.6626771610123967	-0.8215994077498703
33.79445728395249	29.01498699549539	-0.7225493881754503	-0.7377818851718537
33.875134779389384	29.148429128980023	-0.7758850861488192	-0.6415869436550965
33.955864793168296	29.280861512732674	-0.8240019958873723	-0.5347785997478712
34.03903379347767	29.41256750877879	-0.8682495890390736	-0.4191172400971836
34.12695457582006	29.543802241184	-0.9085033849488	-0.2966972072214544
34.22141553556	29.674759871793572	-0.9436243424347037	-0.16948218886576655
34.323378877629494	29.805579778195007	-0.9723317942299727	-0.03952441290384432
34.43294148512734	29.93635742256449	-0.9922168862998639	0.09105521041375503
34.54931842866972	30.067145547782573	-0.9997424502478031	0.22008844849384007
34.67106152955346	30.197962567665254	-0.9932552349993051	0.34539777895750784
34.796634994572784	30.328811746225814	-0.9712466025373605	0.4648511318739795
34.92467224411171	30.459688560415085	-0.9331084630100199	0.5764063471777255
35.05414876617873	30.59058806129801	-0.8790416354075553	0.6781539223861464
35.18439768925123	30.72150793802067	-0.8098262787007745	0.7683522895247997
35.315038536686735	30.852448174376047	-0.7264679241125654	0.8453500734292347
35.44589066342523	30.983408431887717	-0.6305306017942901	0.9077276879916109
35.576915565614314	31.114384094851868	-0.5237037514366009	0.9545759190796962
35.70819688025615	31.245360418807824	-0.40769852104588616	0.9850915720705344
35.83996494173795	31.376308512915763	-0.2842371481410958	0.9987557725157419
35.97265781315765	31.50730686192167	-0.1549530818398301	0.9953405217051237
36.10699977942615	31.638577722372965	-0.021301714431990932	0.9748376570364974
36.24407098045011	31.76986253478717	0.11547058724392936	0.9375848445613295
36.3852932736553	31.901121868744283	0.254114985376699	0.8842318196353313
36.532260278051076	32.03230374738826	0.3928573146920865	0.815727907394357
36.68632612397301	32.16333209628018	0.5293928858287502	0.7333171462265256
36.848046742175285	32.294065747728304	0.6588592694212245	0.6385540195779804
37.016437827670636	32.42423283819456	0.7757076142087651	0.5332478739386082
37.1888446173415	32.553308649694294	0.8724322899642919	0.41989859125092616
37.36136462423214	32.68041604024508	0.9430676962478818	0.3014775833563758
37.53019567209632	32.80433714838068	0.9853496380523858	0.18134768461858994
37.69276567557644	32.923720099472575	0.9998006948497127	0.06296064318504035
37.826508720257536	33.03747071928836	0.991843618227087	-0.050714472434725474
37.957402258875696	33.14495090259337	0.9666408646095072	-0.15749135592703417
38.08828595711438	33.24627566611674	0.9249388307356963	-0.25658737910072266
38.21914816640927	33.34250822085566	0.8674602326583843	-0.3481757424831509
38.34996592048682	33.43534906203399	0.7952070707528787	-0.43362173482441013
38.48070004182708	33.52704534517767	0.7094514753817576	-0.5141704773596059
38.61128097038072	33.61985932853419	0.6117298596588656	-0.5915915416979178
38.74160086105072	33.71594866182524	0.503830213527082	-0.6659800824480944
38.87147203218656	33.81708841433138	0.387802581025238	-0.7379288957647469
39.000617391307884	33.92463544780766	0.26593715698561704	-0.8062194046129222
39.12861274660867	34.03939182700804	0.1407699587754347	-0.8684318129561736
39.25481492573272	34.16152840648551	0.015083315143220961	-0.9222320503337524
39.37838250015159	34.29047310596833	-0.10822295960978758	-0.9641985129848569
39.49828215630296	34.42494040972792	-0.2262929387020544	-0.9910331234055337
39.61341755666052	34.56312448393857	-0.3366274169386033	-0.9998239624068004
39.72281350834123	34.703082600965985	-0.43743384856527207	-0.9890022135986574
39.82589058515155	34.843149004277315	-0.5276474225317992	-0.9590146700496289
39.922763070683125	34.982164173582554	-0.6071695991423249	-0.9108539666472751
40.01422404911051	35.119555697934196	-0.6772974567291491	-0.8460839156339433
40.10168607396323	35.25523273640077	-0.738862747569293	-0.7661736590434174
40.18702779561369	35.38940123659916	-0.7934773493719911	-0.6732463235709399
40.2724555940022	35.52237521258954	-0.842775580112965	-0.5692796998254056
40.36030446795718	35.65448131756692	-0.8864084840683562	-0.45607853230834905
40.452585962787204	35.78599839295305	-0.9253579832125877	-0.3355058236948833
40.550961762801755	35.91715644587068	-0.9578673909491553	-0.2094953770104651
40.65622984307771	36.048117894464546	-0.9829161554866366	-0.08007637464256771
40.76841942007914	36.178993625350905	-0.9971372478382643	0.050644770790456026
40.88664858049768	36.30984387631199	-0.9985570988268007	0.18050102507567767
41.00962212501301	36.44069874321408	-0.9853494101078498	0.3073117564201795
41.135944982716694	36.57156844296058	-0.9563338192781385	0.4288349013184797
41.26440078709027	36.70245365019898	-0.9112306763645175	0.5429810694327656
41.394092054702035	36.83335214943341	-0.8504858654211923	0.6478385057935478
41.5244421370581	36.96426162275947	-0.7750558181821819	0.7416187758635603
41.65512579407801	37.09517919363285	-0.6862387874449252	0.8227216383097704
41.785991635572856	37.226098645551815	-0.5854620816027241	0.8897614836394308
41.917010039850666	37.357005757684924	-0.47448065684125423	0.9415914257237836
42.04825869235856	37.487873561241514	-0.3551905227236461	0.977326895537731
42.179944314293074	37.61865966406138	-0.22939830511676895	0.996368782026185
42.31245476027157	37.74930649209206	-0.09883807943301004	0.9984236073088579
42.44642542191926	37.88046989253486	0.034901623527877984	0.9834036195929432
42.5827983453503	38.0116412567571	0.17039780763306012	0.9515111556240844
42.72279995204239	38.142791476975226	0.30627087485666504	0.903076452373259
42.867824134538175	38.27387937152689	0.44047878352833447	0.8391121715891368
43.01903062689413	38.40484067751605	0.5705941279425527	0.7608739261703394
43.17686309871935	38.53555061882935	0.6925926846513181	0.6698288331958504
43.34051267206177	38.6657627455872	0.800764977740586	0.5677954341140293
43.507703884428494	38.79501473684019	0.8890442656321902	0.45702216175632016
43.67518650228986	38.92253872707267	0.9530226943967425	0.34025867202073595
43.83969050855297	39.047254335989166	0.9894646782153786	0.22071146417178764
43.99895378043924	39.16794297326942	0.9994768886605709	0.10174377960439465
44.1298516367612	39.283560131775005	0.9886907920748218	-0.01364298104463748
44.26074606166436	39.393478860936476	0.9610177486954523	-0.12324985010208982
44.391632054232296	39.497701031309994	0.9169333325414728	-0.22572590236511414
44.52249849878128	39.596970945067305	0.8571970880998125	-0.3211556616708928
44.65332489061914	39.69294619050242	0.7828445242227022	-0.4103773590679938
44.784073406464564	39.78766239364489	0.6951787111002757	-0.4947482238101326
44.91467927332939	39.88333971238443	0.5957610867971332	-0.5754745388022833
45.04503488283253	39.982065491493586	0.48640416067703224	-0.6531789344721038
45.174963065329976	40.08563530222998	0.3691699723882827	-0.7282001587712984
45.30419905910217	40.19541592012375	0.24631587776319824	-0.7986176444091153
45.43230196430898	40.3122381080495	0.12048346097799235	-0.8631696861381868
45.558663593186495	40.43627802623603	-0.005566451868350166	-0.9188823859264066
45.68245637408241	40.566963161277656	-0.12898628030155057	-0.9623309045050199
45.80266456604646	40.70298424284371	-0.24697614375605417	-0.9902289519569806
45.91822075276205	40.84249862414568	-0.356963927283556	-0.9999436543635742
46.02823234769576	40.98352119407136	-0.45724081229876223	-0.9894318236693134
46.132151529325725	41.12440090851393	-0.5470495690147321	-0.9595539835513776
46.230147618315094	41.26401070939	-0.6262876051333798	-0.911385569418542
46.323083110518525	41.40182089941777	-0.6958641828183005	-0.846552210499792
46.41240714750557	41.537780402356475	-0.7570694813532133	-0.7665952693904815
46.50002214589652	41.672138336887315	-0.8115183444715597	-0.6735824732209208
46.588136112004655	41.805246651794654	-0.8594607571524412	-0.5695392512305655
46.67889057060667	41.937443729007164	-0.9024774653490537	-0.456277101199282
46.77430463803856	42.069034501469446	-0.939058394293358	-0.33564617875769
46.87569093676678	42.200248767388	-0.9692655198645175	-0.20958610835046976
46.983767197956816	42.33125833575809	-0.9898532031119474	-0.08012103406519094
47.098229762127204	42.46216922434351	-0.9991941311869796	0.050635068989945714
47.21818605302475	42.59304538332287	-0.995066154232161	0.18051702282833693
47.34236098738934	42.72391788445136	-0.9757493464410936	0.30734424170791386
47.46944165732706	42.854798153776954	-0.9404244053974096	0.42887445874086777
47.59833335093366	42.98568838157147	-0.8891122253384133	0.5430219404988181
47.72825484718866	43.116587226051855	-0.822478636864268	0.6478758322599006
47.85871776588334	43.24749188856149	-0.7416334931081177	0.7416485026436002
47.98945451465254	43.378397105813136	-0.6479847405216497	0.8227399620242195
48.12034806690844	43.50929192377586	-0.5431464003016492	0.8897651018226527
48.25138940070205	43.64015522261694	-0.4288739238908128	0.9415792865924217
48.382670128203976	43.77095139565101	-0.30695917106235926	0.9773034549355701
48.51440872015053	43.901627297359255	-0.17926568003174165	0.9963483004737916
48.64700191914092	44.03211357162146	-0.047652842739882	0.9984354857723008
48.781084537503745	44.16323506394025	0.08624862497152566	0.9834693324974401
48.917578860521026	44.29435898848666	0.22094456843009608	0.9516415835590394
49.057650607768664	44.425458998541835	0.35492932640648867	0.903311483456937
49.20257135608292	44.55649602629879	0.4862549594287879	0.839431749080829
49.35334974937948	44.6874030978816	0.6117586317752635	0.7612857808560329
49.51020393227119	44.81805156891013	0.728052163940874	0.6703420925937352
49.67220029979346	44.948182846843906	0.8287071180319762	0.5684282169675711
49.837070956307	45.07732438973121	0.9093583483995115	0.4578022471066904
50.00179436112958	45.204708687733664	0.9651352074534705	0.34121383489781537
50.16346930586741	45.32929063401917	0.9943400490173349	0.22183261701699425
50.320153623791334	45.44991869488278	0.9982830196295883	0.10294779891101404
50.45105128181901	45.56563381079464	0.9827450176183078	-0.012532084162331767
50.58194519726371	45.675879494067956	0.9502763704881327	-0.12246878695971697
50.712829959832725	45.78075148704203	0.9014115488179205	-0.2255943202239672
50.84369363828694	45.881076705543734	0.8371768701964791	-0.32202155602629756
50.97451421580373	45.978518630807876	0.7586900226652519	-0.41256780118160774
51.10525136982079	46.075085283337664	0.6673312717243071	-0.4983950892177371
51.23583496021987	46.172923030692374	0.564734416009373	-0.5807653391185472
51.36615196648407	46.27405846606497	0.45277577502240696	-0.6597845765706154
51.49600875943964	46.38020201139029	0.33358006485978664	-0.7357753458640712
51.62511881547378	46.49264732134547	0.20949625357704624	-0.807225178478162
51.75303925308881	46.61212426174845	0.08310428573724785	-0.871669710335683
51.8791128584781	46.73868578525245	-0.042805896118048095	-0.9265152864198407
52.002489118673296	46.87160004934401	-0.16537407837135004	-0.9683147203713034
52.12215827342535	47.009403905489	-0.2818645708001221	-0.9931664529256596
52.237030740785876	47.150187014111076	-0.3899275849146055	-0.9991741205313365
52.3462859704193	47.291983101689404	-0.4880811197970971	-0.9854783425981463
