2.18429704091408	1.8089743116878834	-0.5755317398845765	-0.23585925135900104
2.3151806152232823	2.0184053259705514	-0.6773487627795721	-0.4327155519188151
2.446024637032914	2.2485145512515903	-0.767592290342994	-0.6268122474872925
2.576733350953119	2.489192931649305	-0.8446472328350522	-0.7942598901401796
2.7071045212307525	2.7246099469301592	-0.9069454240804576	-0.9138965234299565
2.8369021574519504	2.9417977307037018	-0.9536977841718053	-0.9798227763483133
2.9660551337880707	3.1364753993828756	-0.9843140012668431	-0.9998392895998104
3.094758523595515	3.3110305171243954	-0.9985291463996974	-0.9852680407806377
3.223362834950219	3.4702282221006153	-0.996244767450543	-0.9461536500547018
3.352206780313604	3.6185722106405245	-0.9774630283615082	-0.8879610902834574
3.481497636077669	3.759720838600647	-0.9423369001042328	-0.8147438761686998
3.6112930691324694	3.8963024102540795	-0.891265207806238	-0.7284542778523057
3.7415381904386655	4.030148272647299	-0.8249623593992006	-0.6303851225378523
3.872124131512815	4.162453071263027	-0.7444743416768251	-0.5224437966262498
4.002926467557087	4.2939196419206	-0.6511578610570472	-0.40618511955211895
4.133841397297417	4.424940913076547	-0.5466274393124029	-0.2833706186953773
4.264798180404488	4.555712017754607	-0.4326993389841599	-0.155959626979966
4.395757528799508	4.686301325656309	-0.31134264425432984	-0.026070493127500358
4.526702970474054	4.816678467203108	-0.18460681193504322	0.10405737392273016
4.6576309303924806	4.946699605741958	-0.05472202775070344	0.2320856511674823
4.788543367213911	5.076060252945108	0.07605174577486142	0.35559422725309964
4.919443237885207	5.20423096855017	0.20549008020637083	0.4721209510183202
5.05033289916805	5.33039524312172	0.3313918364403553	0.5792575786763545
5.181214707288366	5.453431729116506	0.45161668527655746	0.6748426491502064
5.312092521300097	5.571974648260222	0.5641222429509768	0.7572493268888851
5.442972545087908	5.68456239665625	0.6669983899085697	0.8257056633892081
5.573861481435497	5.789841284444645	0.7584969068132761	0.8805330003420391
5.704760419278508	5.886761541556893	0.8370567687736468	0.922060120483932
5.835661636316075	5.974789180933577	0.9013315831626696	0.9526641163804722
5.966537759305402	6.053896653537164	0.9502137792916147	0.9733899765952503
6.0973484559731315	6.124686468835528	0.9827030958821013	0.9869789998604842
6.22803849581829	6.188278087260827	0.9982680817163491	0.9950086662637283
6.358507607517743	6.246359434730786	0.9968514668484839	0.9988434616575088
6.488770795232515	6.330904005308946	0.9785598114666211	0.9985013660133345
6.619670489057138	6.46177987669722	0.943495125708212	0.9838358519913939
6.750570182634053	6.592634497305283	0.8923162680956536	0.9523703692489793
6.88146987523817	6.7234572368112735	0.8258958087834019	0.9046232632664603
7.0123695642771455	6.854242269090888	0.7453651282485232	0.841197476304221
7.1432692408723355	6.985004906444037	0.6520952558736723	0.7634587245440455
7.274168877506361	7.1158213835447	0.5476736675213315	0.6726808109147474
7.405068395041077	7.246897642301467	0.4338774469060034	0.5702254663463662
7.535967582584557	7.378680934257572	0.31264329184918194	0.4573849793414838
7.66686591746749	7.512016291834373	0.18601868420031412	0.33517489398086103
7.797762188308319	7.648336746525813	0.05618246205463317	0.20411487858664815
7.928653748932934	7.789845235187813	-0.07457629500899379	0.06408906199785593
8.05953505769829	7.939552151496542	-0.20402563228656237	-0.08542454540509636
8.190393163879934	8.100997864465208	-0.32995027836867585	-0.24448322463386155
8.321202318594473	8.277544647438551	-0.45018681736112426	-0.41085909441849416
8.451901627370326	8.470613647252526	-0.562647348082669	-0.5781211506010706
8.58236595578101	8.67774013839519	-0.6653489848144616	-0.7335602957334875
8.712357581643564	8.89140502787917	-0.7564494561512513	-0.8606724627194153
8.84152117215696	9.101251655532307	-0.8343412844310789	-0.9478840665951468
8.969554989559786	9.298963779254906	-0.8978367488943023	-0.9920911656522392
9.096415451439976	9.481116895337095	-0.94624613033977	-0.9982306423807535
9.222414769833728	9.648553669794786	-0.9792626181841425	-0.9745923903917271
9.348114657672209	9.804051336990632	-0.9967252880986405	-0.9288702411093368
9.474103021840282	9.950613324926028	-0.9984509172334329	-0.8645087662595554
9.600802686112424	10.091048630568178	-0.9842377980649898	-0.785759686745399
9.728427418638077	10.22743438111245	-0.9539881768167671	-0.6945564434421418
9.856987204627838	10.361301731189393	-0.907850330973097	-0.5924890816710838
9.986353371333509	10.493695434873954	-0.8463185949451247	-0.4810623918149175
10.116333147281109	10.625277387602832	-0.7702455859654828	-0.36182712726795613
10.24673141329769	10.756435334629728	-0.6806926472614125	-0.23679692192006155
10.377382940416895	10.887370633907846	-0.5794106332173943	-0.10795352858420935
10.508173667353066	11.018171675290946	-0.4681643141103775	0.022582522176157385
10.639032519726683	11.148848439293868	-0.34888731673683027	0.1525992631496495
10.769920488428752	11.279337870414972	-0.22363869898044025	0.27983301351565526
10.90081911189643	11.409483009914934	-0.09456693767649271	0.4020002814755918
11.031721892417671	11.538992881647298	0.0361238253770976	0.5168349923868285
11.162629685818157	11.667396599679652	0.16620860075645452	0.622154329083372
11.293549721192857	11.794013645964347	0.29347831925813644	0.7159778672922181
11.424497189131989	11.917967254834133	0.41577734740540895	0.7967088859635058
11.555497607460948	12.038261023121748	0.5310389668096124	0.8633512809072539
11.686587191381374	12.153916598825186	0.6373153771273115	0.9156947877211605
11.817807902114225	12.264142438421416	0.7325520338401762	0.9543846366121413
11.949194294159353	12.368453229070202	0.8152788155528098	0.9802322811170016
12.080765584880046	12.46688450924537	0.8840458518502731	0.9945778259796909
12.212516432029652	12.559995019348948	0.9376125543740028	0.9997997706613531
12.34459079301701	12.686239896724883	0.9750277081852609	0.9926599150684714
12.476999653228003	12.817102157456482	0.9955295885421753	0.9687131245845652
12.609697401973092	12.947920350693492	0.9986392965651486	0.927966338195299
12.740597095042133	13.078654205706604	0.9845190592354653	0.8714060451887261
12.87149678546988	13.209241254772005	0.9535762547223474	0.8000993707566395
13.0023964658738	13.33959456249815	0.9063348226129101	0.7153649208732336
13.133296110975575	13.469612574892754	0.8435193223003177	0.6187825449743637
13.264195640699528	13.599208520329777	0.7660999485016922	0.5121359648363795
13.395094820595858	13.728367450295027	0.6756146653457534	0.39731203191542075
13.5259930166056	13.857230465619025	0.5736076139726886	0.27615847103364316
13.656888640772081	13.986204308565803	0.4618193245043316	0.15031657817456814
13.787777995783028	14.116076334353195	0.3421584706125925	0.021076732476792228
13.91865302364675	14.248105819529362	0.21667191494322713	-0.1106761663714124
14.049497138487727	14.384047233107143	0.08751417007853737	-0.24435058175776508
14.180277829515033	14.526040831378083	-0.04308252813205998	-0.3790282276746808
14.310930044988636	14.676244579458219	-0.172832633615435	-0.5130991639005082
14.44133384412616	14.836227075303125	-0.2994229702052773	-0.6433562051285259
14.571281847539646	15.006094422112476	-0.4205415500734037	-0.7634261625584778
14.70042287123329	15.183629588478123	-0.5339070126243979	-0.8652730602222328
14.828261242542546	15.364438632304264	-0.6373796832471801	-0.9411109879995601
14.954266895172617	15.54325152834283	-0.7291576416376526	-0.9860072478404109
15.07809820067985	15.715784662451075	-0.8080692671268471	-0.999754364471717
15.199845830958008	15.879870693529137	-0.8735264414692061	-0.9848817797078722
15.320054457891947	16.03544184104305	-0.9254412608863377	-0.9465455038111192
15.439631413936457	16.183593849356527	-0.9638398534567917	-0.8885734116754062
15.559553081164557	16.325940544708487	-0.9885569530774043	-0.8148286852362157
15.680654906875647	16.464023085330247	-0.9991423647410987	-0.7274997977880628
15.803470749663852	16.5991886118399	-0.9949521859302576	-0.6282759730601916
15.928197244711605	16.732492945734656	-0.9753648682655363	-0.5192860297311006
16.054728643920026	16.86466399237505	-0.9400134069269959	-0.4021717632658293
16.18276244002249	16.996188139885113	-0.8889508015291621	-0.27868840883407603
16.311918252265745	17.12736544308197	-0.822709086314368	-0.15074271442765702
16.441833536152522	17.258365243564953	-0.7422667232289779	-0.02038093488224512
16.572217793924942	17.389271691181584	-0.6489673630121119	0.11025134839498926
16.70286747486872	17.520113724492848	-0.544431518530035	0.238958394514994
16.833655577032328	17.650878043773567	-0.4304839642150496	0.3635407058511494
16.964511392476034	17.781506097051892	-0.30910065963816585	0.4818325720003401
17.095401238422816	17.911877869828814	-0.18230819377473562	0.5915771705447935
17.226315507669224	18.041782519144586	-0.052409587059200326	0.6909387858839411
17.3572633691155	18.17090122800708	0.0783903219275467	0.778170679732282
17.488273865699252	18.29879893390459	0.2078904536804958	0.8518247144449222
17.619401784364317	18.424949566948094	0.3339301699931907	0.9108693057498973
17.75073397652618	18.54880170222179	0.45442169585696407	0.9547957897602585
17.882390085498024	18.669878848469416	0.5673696126463426	0.9836665389814591
18.014511000525385	18.787893402948487	0.6708742070877063	0.9980634520704599
18.147232175694242	18.903117103893365	0.7631253812678704	0.998317879334742
18.28070926295237	19.034004844351923	0.8424396467107942	0.9829201800048009
18.41515077411095	19.16486661715486	0.9069783759498604	0.9506665473592546
18.55058521013424	19.29567144898981	0.9552932907603242	0.9019707617414273
18.6868975112022	19.426358525265556	0.986328406471688	0.8379684777547767
18.823798960593443	19.5568212461893	0.9991910873812773	0.7598579940955545
18.95747035096278	19.686890076230654	0.9937847810604377	0.6691573100152493
19.088370009770713	19.81632586846376	0.9713124092036713	0.5676969909857543
19.219269577789056	19.944829243788877	0.932241232810624	0.45758302181303995
19.350168852664513	20.072088936434078	0.8772335277931138	0.3410995579306143
19.481067253232464	20.19787145157827	0.8070604260156603	0.22054262211487208
19.611963245645804	20.322142918646946	0.7230121710086729	0.09800519640153388
19.742853112409193	20.44518729142273	0.6266391620600865	-0.024818705510944592
19.87372854347533	20.567689093452902	0.5195933121546709	-0.14673601921210705
20.004572265023135	20.69075479429343	0.40371735739717335	-0.26700460458689634
20.13535050782	20.815858577403628	0.2810218129290839	-0.3851141778911571
20.26600041621641	20.94470956621179	0.1536635004232489	-0.5004308495530286
20.396409737003864	21.07902376243578	0.023926760898110785	-0.611764869310897
20.526386775621848	21.220174895559907	-0.10579438408150844	-0.7169558393130754
20.655624061755535	21.36873663244257	-0.2330235364174062	-0.8123364432372104
20.78365823758106	21.52402983484089	-0.3552505957402932	-0.8924370710594492
20.909836515967935	21.68395849573599	-0.47002055218435407	-0.9530005373806413
21.033483620767882	21.845443233495352	-0.5752263147978767	-0.9889800144828245
21.153995637586597	22.005329564899895	-0.6692932206464475	-0.9995546376144151
21.27121858092328	22.161257043332196	-0.7514840754616342	-0.9851631523534246
21.385536954138196	22.312129444012644	-0.8217780715404372	-0.9487461605863647
21.497904813651342	22.45790170141383	-0.8805785105135555	-0.8926030290409666
21.60960235117458	22.599280701009757	-0.9279677329002981	-0.8203615706693828
21.72201130413832	22.73715390649617	-0.9636151862438849	-0.7342429819766549
21.836294640253822	22.872439519367763	-0.9875490945972072	-0.6361243975771879
21.953295515668874	23.005950448214527	-0.9988112022408543	-0.5276577828098648
22.0733966006449	23.138325523240834	-0.9961998057397565	-0.4109108153498118
22.19651006561974	23.270007753915916	-0.9786086669834684	-0.28768074547641387
22.322202351403654	23.40129424502829	-0.9453346461221701	-0.15988375290749762
22.449870932106894	23.532369222391857	-0.8962483223161557	-0.029556223355360137
22.5789091350688	23.663337342798094	-0.8318102058237488	0.10117365957802356
22.70881217350492	23.794251295557352	-0.7529826233851706	0.23013000956103585
22.839215873313194	23.925130500816426	-0.6611075845486558	0.3551373414027804
22.96988717660867	24.055969971601485	-0.5577995775497523	0.47406577094194746
23.100693008251532	24.186739895279494	-0.4448694604557517	0.5848714823388439
23.231567925164086	24.317377486836897	-0.32427341727804493	0.6855724881832218
23.362491350204802	24.44777410001512	-0.19807364412660233	0.7743023800729799
23.49347808365304	24.577762919535783	-0.06839955379750876	0.8496762403981039
23.62458061857426	24.70711399272132	0.06259451213544856	0.9104639315418374
23.75590142235376	24.8355463774498	0.1927098815565932	0.9557886584497275
23.887608182330666	24.96274765715594	0.31983912052619645	0.9851811231916066
24.019943502874114	25.088452850004355	0.4419712322103583	0.9986090972269369
24.153216951324247	25.21439857353451	0.5571498671490054	0.9962553845607585
24.287794134020128	25.34530607671659	0.6634476987456368	0.9770375616941632
24.42409905788595	25.47618973458175	0.7589476191466906	0.9411367718015916
24.562385867663462	25.607019145606696	0.8415917696173811	0.8891874075065659
24.70265517007049	25.737731620513003	0.9086934108038708	0.8221271967097747
24.844566481070668	25.868207381084332	0.9583047732035532	0.741211519690694
24.987449635577452	25.998237955553968	0.9890447283606477	0.6480357276621066
25.130415511304548	26.127498110623307	0.9999269594667011	0.5445533481453996
25.26179908669743	26.25554025406709	0.9915838263233193	0.43306147486658986
25.392698507501876	26.38183319909033	0.966175901153838	0.3161148577708279
25.523597314372957	26.50583605029847	0.9242709491303713	0.19636407382120238
25.654494345754042	26.62715776056824	0.8665864573076123	0.07627611660967198
25.78538666158133	26.745736056976746	0.7941093169537705	-0.04217074144262745
25.916267472298678	26.86197695992418	0.7080812961510785	-0.15770008385124656
26.04712241463338	26.976796032985717	0.6099822779578259	-0.2697466864789355
26.177923388350376	27.091544924272284	0.5015124946100374	-0.3782331043995467
26.308618774112638	27.207856991647777	0.3845750419942985	-0.4831862395554797
26.43911789448009	27.327459013555526	0.2612602229914411	-0.5841491170878934
26.56926215235874	27.451957281288326	0.13383750723667873	-0.6803752911028457
26.698795960431088	27.582611237427113	0.0047384758534164614	-0.7701348619743827
26.827327672538086	27.72001831902577	-0.12346826631052854	-0.8500135500178232
26.954265740738	27.863822212583454	-0.24810518762071995	-0.9164660593784957
27.07885655259922	28.012608535081256	-0.3665515446472477	-0.9656827069198165
27.200291915367753	28.16411093474834	-0.47649718629773785	-0.9935675660469665
27.317829219876444	28.315815650278843	-0.5761858118637037	-0.9986972405001631
27.43113533887249	28.465611587881988	-0.6647590906633409	-0.9816804441311935
27.54049448484607	28.612192732269982	-0.7422871350586177	-0.9430298887754529
27.64673808085665	28.755227362158116	-0.8094231616627827	-0.8861844987871264
27.751292184043628	28.89492150877059	-0.8659306239872671	-0.8133616923962559
27.85575519562168	29.031814945884168	-0.9132627875861798	-0.7264949902692664
27.9617837230033	29.166586242201245	-0.9515053687311641	-0.6274646046984003
28.070814981238936	29.299865777765014	-0.9790105492979394	-0.5184235207546831
28.183695322313383	29.432142567134175	-0.9954103165728707	-0.401155094738226
28.30078103315214	29.563790801646086	-0.9991694115585917	-0.27750547610071613
28.42185905593015	29.695070302938987	-0.9886953768655953	-0.14942511246773862
28.546289935385598	29.82614807887833	-0.9628289004654063	-0.01896964294878336
28.673242164548533	29.957123176606224	-0.9210735622509783	0.11172540480176762
28.80190761587921	30.088049009565967	-0.8636240097851071	0.24048513172452415
28.93163296210754	30.218950363701698	-0.7912575330748968	0.3651415445376716
29.061959504832043	30.349833907738294	-0.705183074294712	0.4835169360355994
29.192601774627345	30.48069226205301	-0.6069116825618004	0.5935078162589139
29.32340242531235	30.61150233632178	-0.49816787134038465	0.6933066403668295
29.454290142287817	30.742219169725317	-0.38083239852778517	0.781202432806563
29.585253164867922	30.872767546641253	-0.2568986942891693	0.855691774116798
29.716331914579094	31.00303493544495	-0.12842872071427797	0.9155210303788371
29.847629349402407	31.132870923317657	0.002497496255519486	0.9597327314412079
29.979333991363482	31.26209439508617	0.13376677975022075	0.9877089121128739
30.111745722688415	31.390518114409673	0.26336853948792327	0.9992020334694254
30.245290454422495	31.51998350245818	0.3893846285148056	0.9941477406728974
30.38052690487558	31.650924887097613	0.5099313431102103	0.9721446495343964
30.51808754989414	31.78184395107906	0.6230510301622882	0.9335269520984432
30.658503486571835	31.912711861835543	0.7265360057912384	0.8789709383597905
30.80201767037533	32.04346888022109	0.8171150954240441	0.8094532040836954
30.948379397006207	32.17399580304841	0.8922426141536661	0.7260791359462251
31.096793705198035	32.304067198142214	0.9493720582295206	0.6307129488122706
31.245961463283816	32.43330665418049	0.985185580676025	0.5254389438396555
31.394442649190726	32.56116696565466	0.9993252858093948	0.41268777169708254
31.53125506094701	32.686958865774	0.9930871677923789	0.29519558278113645
31.662154049936657	32.80995459148744	0.9696954864720869	0.17580031416903422
31.793051581917624	32.92952461789535	0.9297233055776338	0.05716061728904368
31.92394520116122	33.04538256275865	0.8735767120991558	-0.05862111114815634
32.05482913757425	33.15776053816499	0.8025310096527887	-0.17014120257240684
32.18569075396435	33.267462148220126	0.7178109170720328	-0.27692927759280395
32.31650543177333	33.375870876409685	0.620886432746788	-0.37927976439734873
32.447228531100755	33.48471073529	0.5134577703306092	-0.47759607341861665
32.577781244573096	33.5958013881514	0.39744244841123094	-0.5718748351535956
32.708024140118866	33.71087618512803	0.2749700601889494	-0.6621757873805951
32.837736254191434	33.831421107794185	0.14836520324850383	-0.7474057169596278
32.9665711422574	33.95842762902274	0.020138463751883644	-0.8254422863757451
33.0940118743582	34.09217320877256	-0.1070430955841554	-0.8932417546832913
33.219347452100244	34.23204032619004	-0.230440491071942	-0.947222769930004
33.341714060192004	34.376506768230016	-0.3474286548923887	-0.9834576788620382
33.46019310389834	34.523437998006465	-0.4557542971329318	-0.9989296599894364
33.57403519652239	34.67063191218763	-0.5538754020103346	-0.9932956589147426
33.683028996065104	34.81629704373846	-0.6412907384548673	-0.9665048959850204
33.78755407130862	34.959418446317486	-0.7176688826064341	-0.9198858983872417
33.88861288115316	35.099716968079235	-0.7841445510057211	-0.85618098967263
33.987753003208375	35.237376121649625	-0.8419228804935304	-0.7774339403983657
34.08682211437475	35.372852779077604	-0.8908128082551594	-0.6855938055660876
34.18760373555617	35.50666903637439	-0.9321728875274082	-0.5822678363602323
34.29178618949686	35.63933363529485	-0.9645647913534883	-0.46957299603316804
34.40046140627177	35.771235442320005	-0.9872043934685109	-0.3493937153088565
34.51412505465954	35.90266522260443	-0.9986371814859836	-0.22363527850857856
34.63263089212949	36.03382387401394	-0.9968712825825471	-0.09430461700287249
34.75528201976029	36.16483852940466	-0.9802659907036119	0.03649898668575524
34.88110053910144	36.295783091298915	-0.9478654240444123	0.16661563597663334
35.009099641754815	36.426696412117956	-0.8994901458850975	0.29386761801060923
35.13846252415677	36.557596043472905	-0.8356414245489701	0.416105505988647
35.26860619605091	36.688486767139835	-0.7573310862087839	0.5312523363052288
35.399163154651774	36.819364056640225	-0.665925005226132	0.6373435308867743
35.529928297966684	36.95021313125776	-0.5630337171754097	0.7323298698833255
35.66080673092947	37.08100485349385	-0.4504434747706797	0.8147557878063967
35.79177981061527	37.2116891440994	-0.3300670937374506	0.8832207829000969
35.922895021996865	37.34218940403995	-0.20389592555817376	0.936573390433241
36.054278640211585	37.47240108014188	-0.07394397935798094	0.9739522335317843
36.18616585105328	37.60219836195095	0.05781227828890777	0.994819891461171
36.31893709005339	37.731451178344834	0.18945578655018844	0.9989843640158332
36.453141246977715	37.86243655639542	0.31905121572908546	0.9862241908660005
36.58951458596196	37.99341206998578	0.4448224016754785	0.9565961000674545
36.72885906020298	38.12435850974965	0.5648168788425202	0.9106150489857741
36.87186896006063	38.25523953979398	0.6767256395216525	0.8490912507786178
37.018862702195726	38.385981495628506	0.7771935924476451	0.773136501588352
37.16949966770115	38.51643732974181	0.8625865291609897	0.6841635646771049
37.3226743890856	38.646331964719046	0.9299640021800376	0.5838636120993571
37.47667080090277	38.77519645681639	0.9748834910550597	0.4746774740388155
37.62960468470424	38.90235713268787	0.9973986300354052	0.35924402273958134
37.779857897412555	39.026975035342545	0.9963411304646205	0.24049911827975556
37.91075667475815	39.148228494952015	0.977238224024394	0.1213675360189241
38.041653604952934	39.26544342419326	0.9414438698528564	0.004461808574072179
38.172545631297695	39.37833442721396	0.88957057086737	-0.10817510789375398
38.3034256523486	39.487221629623114	0.8225074299469584	-0.2155005607987629
38.434279049708614	39.593141471100154	0.7414091835341219	-0.3175531759133845
38.565078434042114	39.697676417328786	0.6476833353506287	-0.4147178325569365
38.695772722975164	39.80265163495942	0.5429788474170066	-0.5076479715946396
38.82627247136104	39.909986572945314	0.42917589742126044	-0.5970758459612364
38.95643392532671	40.02147212464998	0.30835928141531094	-0.6827334241410552
39.0860237807552	40.138556311316464	0.1828276647748893	-0.7632414624086349
39.21466451947209	40.262191475457925	0.055207308709623745	-0.8370072386543277
39.34181529803975	40.39265448467	-0.07182403210836193	-0.9010926685926975
39.466737834630706	40.52937855385836	-0.1955133700572596	-0.9518468580661696
39.58851801805479	40.67095066095883	-0.3132037733872685	-0.9852186199729822
39.706146964840826	40.815379278565224	-0.422490438028601	-0.9992046465210636
39.818866817668265	40.960531382379635	-0.5216027650918305	-0.9926639042897359
39.926387527735216	41.10463624954793	-0.610033010982566	-0.9650672406179166
40.02896512707989	41.24665476440573	-0.6881348848639774	-0.9182773125821584
40.12757982925102	41.386206477398574	-0.7559837785578648	-0.854499290597751
40.22375049347294	41.52337564642752	-0.8154037556919906	-0.7757093702949286
40.31935826788518	41.65854114248732	-0.8667935462115757	-0.6837802016040181
40.416352959924566	41.792170040971136	-0.9109704894747228	-0.5803528830440712
40.516580953503066	41.92472108745575	-0.947681792738352	-0.46761119322839406
40.62145311678292	42.05655408906363	-0.975579179876636	-0.34738682729726483
40.73169214723681	42.18794013328382	-0.9936814746556482	-0.22159633485873115
40.847376189486674	42.3190707336946	-0.9997904715342277	-0.0922525513349143
40.967906695461735	42.45006759233854	-0.99187406762689	0.03854139796807748
41.09227073573962	42.58100141656915	-0.9685165415394429	0.16862329395645542
41.21935653559736	42.71190918080982	-0.9291169633150602	0.2958142562527708
41.34819216002428	42.84280762351362	-0.8738469696006173	0.41796482139949975
41.47805468990915	42.97370205357584	-0.8034823352276271	0.5329993373619271
41.608472313921446	43.104590522840226	-0.7192223534256554	0.638878452561858
41.73917208798263	43.235464042375426	-0.6225544162237053	0.7336956535883493
41.8700190520137	43.36630362156161	-0.515168161960638	0.8159435336425224
42.000971931661326	43.497074926473246	-0.3988989365640452	0.8842196134132476
42.132064860292395	43.62772290851928	-0.275677911227732	0.9373686830674226
42.26341576479874	43.75816886411438	-0.1474748994510912	0.9745154907274579
42.39525692757704	43.888313342015735	-0.01623320993962313	0.9950955526852966
42.52797738969592	44.018047323148224	0.11618837094937266	0.9988772446394376
42.6621585506552	44.14906360809755	0.24803643775670856	0.9856858719629193
42.79860241164681	44.28007184838808	0.377401956821541	0.9556269129413785
42.938220734591674	44.411052569179745	0.5024640983626254	0.9092217846399144
43.0818672437878	44.54197026896275	0.6210041381088146	0.8472867810073743
43.23004138280893	44.67275496695998	0.730110174331029	0.7709376522078741
43.38255103131111	44.80326584834902	0.8250744304505816	0.6814312009638149
43.53830539098508	44.933231035961015	0.902934773726478	0.5807925352159947
43.69540402751388	45.06217895406025	0.9586622763394932	0.47129470942451646
43.851634389402335	45.189405360118535	0.9913328054965456	0.35561007319291327
44.00503382038302	45.31400640529348	0.999285941403893	0.236746298538917
44.135932717365904	45.43506404206528	0.9877396579568671	0.11773409372540815
44.26682997634079	45.55180274966742	0.9593206698012644	0.001289878287629592
44.39772287955296	45.663832425317906	0.9145147719962242	-0.11047715629854092
44.52860495562806	45.771341981413194	0.85408915995387	-0.21641293641024817
44.659462845234614	45.875323108335586	0.7790831473368237	-0.31660899749356225
44.790271575366425	45.97737866548732	0.6907966647395719	-0.4115217648214487
44.92098406567335	46.07937779561827	0.5907801429513383	-0.5020892272077664
45.05151931689982	46.18332761232105	0.480790953430529	-0.5892986278612765
45.18174858492374	46.29110142125262	0.3628130007553676	-0.67256658311816
45.311446171080924	46.40422882248157	0.23924446304253136	-0.7516619475824546
45.44027256374578	46.52381103435434	0.11254954057151019	-0.8248874838627467
45.567722808335596	46.65031625040025	-0.014619707469293267	-0.8895071292192928
45.69308697113039	46.78343276348372	-0.13948427001045352	-0.9421499279269283
45.81546146217661	46.92201688443325	-0.25929033564220433	-0.97936955001151
45.93385464210581	47.06424931391207	-0.3715839612965699	-0.9981269550783762
46.04737443718774	47.20803590632505	-0.4742937335065824	-0.996021210299488
46.15543795489482	47.35153737859839	-0.5663061513016308	-0.973747907979773
46.25814134936156	47.49344601300602	-0.6478469350242414	-0.9322945573382937
46.356242489506585	47.63313641705039	-0.7193075478376374	-0.8729517385570741
46.45108130517792	47.770562941395085	-0.7817532644212396	-0.7977691767865701
46.54444876196426	47.90601233760321	-0.8364856994592289	-0.7090737056228493
46.63838852978098	48.03989007208008	-0.8840929480742568	-0.6087031623790058
46.734888006361984	48.172616023467405	-0.9250072546342469	-0.4984624749976241
46.83566299956402	48.3045586995078	-0.9582902522541981	-0.3801784814123551
46.94182502496007	48.436004593693326	-0.983293080937687	-0.25575084502600254
47.0538476520098	48.56716229241923	-0.9973482909842842	-0.12717016213323562
47.17136352488683	48.698166385883816	-0.9985090596639696	0.0034779657778259802
47.29347672226874	48.829098816684215	-0.9852447272944467	0.13397307764143143
47.419048029815926	48.96000314045664	-0.9563567653340299	0.26212179962035803
47.546958251501295	49.09089920991833	-0.911479981781881	0.3857626944734439
47.67630364274126	49.221794194657804	-0.8509814472616126	0.5027981429105229
47.80645470474856	49.352688458933024	-0.7757744802583797	0.6112361957615338
47.93702504113719	49.48357735225421	-0.6871480196971448	0.7092274255529983
48.06780695238652	49.61444970465736	-0.5865949876442877	0.7950975773712845
48.19871325632572	49.745283657136376	-0.4758009921169755	0.8673775387564471
48.329744220681285	49.87604067749923	-0.35678954890198766	0.9248325452731502
48.460983530917595	50.006662236518046	-0.2314923663631605	0.9664930780056843
48.59262085695497	50.13706887328374	-0.1018433961544271	0.991684596376731
48.7249941942638	50.26716623107831	0.030288125651468583	0.9999471200911989
48.858640341149844	50.39820568105664	0.163146097597489	0.9910105311242543
48.99434381180162	50.52924465121449	0.2950935052220983	0.9651145383184955
49.13307177088938	50.66026386287072	0.4244603911325775	0.9227122730813668
49.27583779858012	50.791232234350616	0.5487808730400289	0.8645523265445567
49.42339375147347	50.92209429184425	0.6655914551026689	0.7916786813390548
49.5758910074437	51.05273639404353	0.7714685671333495	0.7054458526968498
49.73254638381457	51.182934313312714	0.8608948056015779	0.6075563717883243
49.89156633948243	51.31228309761143	0.930817933823373	0.5001196295305492
50.05055513257628	51.44013014405032	0.9765222881025943	0.3857035649232311
50.20722040845295	51.565589584537136	0.9981702458331303	0.2672798310801275
50.35851390419423	51.687649582735254	0.9951851630761933	0.14801225458117237
50.48941187560362	51.80545184795648	0.974558865296655	0.030806656967431713
50.62030658741342	51.91841007971769	0.9372840503682078	-0.08200114994909931
50.75119314890959	52.026545448918505	0.8839978901991999	-0.1891094817977025
50.88206135608421	52.13063752202434	0.8156145610426511	-0.2900058003562148
51.01288983495649	52.23201812867158	0.7333159447295634	-0.38532799364951253
51.14364067787527	52.33259714919076	0.6385397633558723	-0.47610877589978584
51.274248707125295	52.434414064180025	0.5328520430072023	-0.5628253781200827
51.40459728241652	52.53939507812423	0.4183086491124442	-0.6463982749943189
51.53450747957982	52.64924638035869	0.2971228706596318	-0.7262491929477782
51.6636926519404	52.76524465424762	0.17167034375586268	-0.8007368017777157
51.79169953149578	52.888116311879216	0.04454992655256347	-0.868008646873847
51.917896198573295	53.01786915738965	-0.08148963357817506	-0.9249261877856481
52.04144654253037	53.1536904911349	-0.2036493168423216	-0.9680093129088466
52.16137243654286	53.29401029075913	-0.3193032565615076	-0.9933001661903712
52.27663813242346	53.43683146674828	-0.4262571280846512	-0.9990654840187989
52.386517188613084	53.58016085810342	-0.5227041241822592	-0.9846974799344692
52.49083918498974	53.722431396471514	-0.6085169868124907	-0.9506511068955663
52.590060104711284	53.86274466262386	-0.6843964211161021	-0.8976340389891622
52.685258197503515	54.000878376293166	-0.7502364385796083	-0.8284142602774808
52.77807205135842	54.13694944105231	-0.808597510763233	-0.7449088498965466
52.87053214468593	54.27131987008884	-0.8590590498302214	-0.6489746880770721
52.964637156676915	54.4043957315963	-0.9036400703697135	-0.5424332784758219
53.06237975811649	54.53657065824813	-0.9407144868972482	-0.4270958116137402
53.16512998768852	54.668154622953836	-0.9706295074025006	-0.3047516389227377
53.27378048379572	54.79938877967979	-0.9909211586089559	-0.17749331563754284
