6.179961907751765	5.848873554932802	0.9942261733666213	0.907015461547962
6.308984579125566	5.881839548827546	0.9991897585792332	0.9201056829828574
6.437184999463992	5.902970068474418	0.9876827055991795	0.9284962439377346
6.5644410905735056	5.913906035981555	0.9602347851825501	0.9323883512970064
6.690443886171158	5.917090469570289	0.9177578049930897	0.9334668622796378
6.814850762360603	5.915540105173034	0.8615414966230563	0.93294178145037
6.937328962067324	5.912806860750585	0.7931911971489072	0.9320160802084737
7.057639002831575	5.912768314923484	0.7144955010979254	0.932003025422841
7.175748718538151	5.919288175332861	0.6272188662508701	0.9342111861085007
7.291942119837881	5.935844284028227	0.5328601645197105	0.9398184454719128
7.4068854479527895	5.965211562810528	0.4322587072095426	0.9497646201413315
7.521635274112383	6.009273268839213	0.3261260671823245	0.9622832877335421
7.637261376801311	6.069057648381233	0.21492173968335138	0.9766967011563058
7.754838426449115	6.144516433072948	0.09893477672984478	0.9900805794595853
7.875077107464977	6.234675822677593	-0.02108159596489003	0.9984765308987847
7.999666081759106	6.343680424989821	-0.1451042340794748	0.998100114983607
8.130565853605543	6.475292984116452	-0.27293985035912205	0.9814994212682949
8.261465844342512	6.607799784162892	-0.3961051257116955	0.947515522191064
8.392366596070305	6.742093350996149	-0.512503046445578	0.8961640361217961
8.523269820082161	6.879710102131681	-0.6201523060739066	0.8268847852965009
8.65418058028157	7.023106295575286	-0.7172218791780457	0.7382659683457446
8.78511297402803	7.175930772036851	-0.8020638153280676	0.6270750394276409
8.916104235467355	7.343295348813305	-0.8732433142576979	0.4886655526776272
9.047247026391286	7.531695205097316	-0.929562134386912	0.31666242846703263
9.178756117550588	7.748177282740317	-0.9697403447916605	0.1055652672495067
9.31108278636675	7.997235244415663	-0.9932408543834317	-0.1427037192918002
9.444987552046628	8.27448799212451	-0.9993653058123546	-0.40805429628884016
9.581315216487075	8.560156641858352	-0.9872858085154588	-0.6486922728269997
9.720343318023348	8.825718327204054	-0.9562431980097685	-0.8254602290035684
9.861498944354123	9.054434120117728	-0.9060587977870432	-0.9320278005693772
10.003932241273997	9.24807480088044	-0.8366468567508591	-0.9841316849766509
10.146959026676551	9.41608539858894	-0.7499956598982164	-0.9997270049346381
10.289920146994783	9.567468793521277	-0.6483016287544517	-0.9894515100001952
10.432183187294145	9.708666938347548	-0.5340233401511986	-0.9595002682617748
10.573180283536338	9.843756820778085	-0.4097864070713328	-0.9131038857366789
10.712498726350262	9.975102668262211	-0.27917241935823767	-0.8520447267453302
10.849966212324269	10.103974629070665	-0.14502881421511615	-0.7778385542118392
10.985660553127264	10.231021670233226	-0.009907212748672716	-0.6920202642115687
11.11983633982087	10.356589951227047	0.12393802979512036	-0.5962115058407974
11.252825420760619	10.480882472709174	0.2543774632731255	-0.49211271332510276
11.384947684604409	10.603949873992969	0.37948657696161725	-0.38155211798858674
11.516456110296057	10.72559668825782	0.49743983687443527	-0.2665965981210687
11.647505612043753	10.845148821997798	0.6064399507110677	-0.14978611183845875
11.778143799151872	10.961209934165668	0.7047580367953994	-0.03434174702315326
11.90831317136204	11.071521924483532	0.7907928033755508	0.07584594728470852
12.037858128213745	11.173065305032114	0.8631462244472053	0.17651404480815944
12.166533604705075	11.262450591657071	0.9207047807867559	0.2636189337725272
12.294003113495956	11.336627564000274	0.9627141290738919	0.33431689005208104
12.419823740866303	11.393560708212892	0.9888483915501407	0.38738991902205777
12.54341395072729	11.43268321424252	0.9992790323774987	0.423288874077664
12.66401753453099	11.454994410516129	0.9947508801029217	0.44323760925303224
12.780695898577788	11.463092831387124	0.9766535975976152	0.4504521682006706
12.892359644286222	11.460482330572342	0.9470499855721564	0.448126577531685
12.997882636612834	11.451170715812166	0.9081271855167558	0.43983123271630387
13.096240066038385	11.439133271579294	0.8624555864092491	0.4291075555475854
13.186721331070649	11.427779747532558	0.8134948335259704	0.4187894350359964
13.269160020945277	11.419434640327468	0.762817484946991	0.4111319340501739
13.343827189436045	11.41564632633156	0.7123724939543976	0.40765576322991376
13.411442409098706	11.417053754267041	0.6633541752500329	0.40894722426672925
13.47301521438703	11.423727407447426	0.6160943745598846	0.4150709929076729
13.529690731386417	11.435486909228207	0.5705498089549544	0.4258591573048379
13.582648199063438	11.452043821498066	0.5263877847306313	0.4406090476185893
13.633057519098715	11.473266305090391	0.48300550134493486	0.45951530864541346
13.682032740508875	11.49895759026254	0.4394194526495482	0.4823806027012098
13.730717246194773	11.529053593456782	0.39515585057747243	0.5082812365212201
13.780145858953572	11.563819803634873	0.34933822022397837	0.5381082013278903
13.831376436513523	11.603400194698912	0.3009818481808729	0.5708389892803262
13.885432631253375	11.648387052892957	0.24908056410264612	0.6071363110563026
13.943437343651022	11.699350323964763	0.1924884600947755	0.646893073752054
14.00660443878232	11.756988321187405	0.13017092162237953	0.689801315432852
14.076060719264733	11.822159166245605	0.061066023542559585	0.7354291031259874
14.152860901677085	11.895731748815223	-0.015683636349013527	0.7830828291375924
14.237918630323746	11.978359301297038	-0.10053585647828861	0.8316692848452316
14.331748736226375	12.070422482591663	-0.19331999718897644	0.8793509540421811
14.434343107921823	12.171821250698246	-0.29271091458605825	0.9228044128239681
14.544998667577003	12.281768284397181	-0.3964240077185558	0.9593012820269091
14.662462550875007	12.398991927099242	-0.5012383439329262	0.9855901139345783
14.785137873371154	12.52198159759959	-0.6033111416416947	0.9986059366294899
14.912561504577672	12.650710396136835	-0.6996854168026102	0.9960029864653321
15.04346480492605	12.784269700783058	-0.7868457061152705	0.9758741250333101
15.17437612560315	12.920249601469747	-0.8605634391705865	0.9376041534361148
15.305311000037802	13.060263295684605	-0.9195868908150755	0.8802839555253039
15.43631089078291	13.206560071554037	-0.9629136094081391	0.8017424165617426
15.567480957329755	13.36210752832088	-0.9897969421506966	0.6994484685283276
15.699071746594129	13.530366560682534	-0.9997207565038887	0.5699909356141764
15.831642582674746	13.714756471638216	-0.9923014183265176	0.4098015158634486
15.966346996852625	13.917499040896477	-0.966614835365133	0.21779792081033583
16.10533361948231	14.137379743739698	-0.9216842477219245	-0.0002126625947757016
16.251939017452283	14.3672571556098	-0.8552760777117132	-0.22796755890343512
16.410055474607844	14.593633418490072	-0.7632784756926976	-0.44060632461798593
16.582726573726895	14.802380184657702	-0.6410859075511122	-0.6169329993658864
16.77079525450326	14.986308659756851	-0.4863230456606317	-0.7503437553657712
16.97250675098961	15.14697074863969	-0.30142575648400965	-0.8466152619293411
17.183234622783274	15.289670929391814	-0.09533319152781873	-0.9133764914360343
17.395525933656003	15.41829449547729	0.11647681015458668	-0.957888022126155
17.601230365739866	15.533103884904756	0.3168358438925746	-0.9844200677784777
17.794564025483584	15.631516465222319	0.4930702310534157	-0.9967456592320403
17.974029269593604	15.710659369367537	0.6405134073244719	-0.9999153273375895
18.14123314477516	15.769176787539816	0.759158803491667	-0.998077553150055
18.29881772341666	15.807460543969906	0.8518342775115063	-0.9945767748773813
18.44921585573876	15.82730468528596	0.9205050259616758	-0.9927095833849324
18.5940898372428	15.831197131075548	0.9674286983707502	-0.9923433321298449
18.734582844849502	15.822537155029043	0.9931206129358543	-0.9931581738174399
18.871387611795598	15.80579371707485	0.9993143628328551	-0.9947336113435334
18.998614359091587	15.785975131430266	0.9884555609954846	-0.9965983982304318
19.124513625086806	15.768000808144983	0.9619916044262126	-0.9981144854796826
19.248822808421302	15.756599550024948	0.9209311665996202	-0.9984725487458496
19.371174408289352	15.756065187196628	0.8666549784259738	-0.998489330727067
19.491070693211558	15.769442538328734	0.8009302555804192	-0.9980692070890795
19.60779733570151	15.798506584116906	0.7259574296486777	-0.9954192783344458
19.720260041511832	15.84396348363082	0.6441302469255985	-0.9904979809449429
19.8270989776479	15.905175293744298	0.5587882272566643	-0.9803861252140398
19.926532911390304	15.98073155139275	0.47388249188477427	-0.9626023326903436
20.01644827957798	16.068655413582498	0.3928198828739108	-0.9352966578992585
20.094706696794944	16.166514702254293	0.3198224425185032	-0.8963259068222846
20.1592406279889	16.27191958289342	0.25808405492528275	-0.8451068153613035
20.208521276057574	16.382588272454107	0.21015098944571614	-0.7806400983108241
20.24175826894674	16.496472934719975	0.1776032482483367	-0.7045580634347199
20.25906506486328	16.611865615570256	0.16051233937408205	-0.6182608226366699
20.261763634618468	16.727193861416254	0.15784743190078798	-0.5238464240674008
20.25210523288871	16.8410108222958	0.16738535357215287	-0.4238759989033558
20.23330558929543	16.951870014286104	0.18595048816267234	-0.32099273287724117
20.209340741029763	17.058294046816602	0.20935139138729064	-0.21857623049973088
20.18448318815379	17.15894886969376	0.23360630366712856	-0.11950718666474948
20.16198507405977	17.25292482060362	0.2554490141894866	-0.025817778895279222
20.144673005495648	17.339708479735368	0.27207094980394286	0.06090879014782392
20.13408205696581	17.41943452464707	0.28223969791783426	0.14015720552328717
20.131042711364376	17.492747024373223	0.28515788223012345	0.21225516616013151
20.135614984899618	17.56071119951781	0.2807678790347819	0.2780932686194896
20.147608211163554	17.624613178572005	0.2692527539629076	0.33883266406182694
20.16675606931537	17.685850883661924	0.25086821116980806	0.3957445795477539
20.19282423108977	17.745864773394786	0.22546747899102493	0.4500839177173648
20.22595111854392	17.80603175552828	0.19314371191252008	0.502939364662866
20.26617593260618	17.86782287506999	0.15349017344591742	0.5553233376409479
20.313986616233137	17.93258902508164	0.10612396521879094	0.6079395018743381
20.369853524940794	18.00176003435591	0.05046550312278205	0.6613111394582228
20.434424013891075	18.076675830605247	-0.014062508534252397	0.7156080246414043
20.508375797842092	18.158506647680742	-0.08786628905170402	0.7705752035728289
20.592235147630984	18.248143701768207	-0.17097588297448016	0.824138096909703
20.68596707948862	18.3461818634344	-0.262407748530605	0.8759406206107979
20.789251501424975	18.452444534262394	-0.36051232450735715	0.9217870779134963
20.900901232436013	18.566241293648318	-0.4620604657944509	0.9596604803595384
21.019380418346227	18.686292042844205	-0.5635637486760158	0.9862337059324142
21.1428844856945	18.81124310080641	-0.6609599935346084	0.9987967631656911
21.271104107425057	18.941339389875935	-0.7514083852309726	0.9953025889023933
21.402009308050943	19.07524264990547	-0.831035384926516	0.9741755830082056
21.53292635641957	19.21175949623938	-0.8964753429912955	0.9347847637733795
21.66387742651316	19.35253047027896	-0.9466157547904851	0.8761439539722862
21.79492039297474	19.49977288887928	-0.9806007087533856	0.7955974957782466
21.926199858109236	19.65638384915005	-0.9978275467004998	0.6916072275474504
22.058049507435467	19.825420678322846	-0.9976438572317351	0.5601760877060513
22.191205990839823	20.009752775557637	-0.9797655247311834	0.3989637019257598
22.327146644568387	20.21060582977334	-0.9436601020216492	0.20811697315413824
22.468500560812743	20.42567721571359	-0.8877920390330545	-0.005321464383371273
22.619193189858773	20.647179019402593	-0.8091709326738318	-0.22478323366145236
22.78368489435557	20.86242426450097	-0.7017112585121608	-0.42778287542026183
22.965730085458883	21.059611470728345	-0.5612372613437915	-0.5964286727102998
23.166360499645087	21.233580116057812	-0.3851858181535919	-0.7264332024871638
23.383354806931006	21.386484287856653	-0.17759941230826468	-0.8223104644916457
23.610177316690415	21.522715743765225	0.04820068537387295	-0.8918405843247397
23.836537702170062	21.64408340861309	0.27102781745172905	-0.9399118732050258
24.052020324037546	21.748154450462454	0.4705471880445719	-0.9704007124921398
24.25101345475921	21.830586540834155	0.6357792911587017	-0.9866562979941617
24.433643548269735	21.88858268293323	0.765258465673767	-0.994288040085427
24.602869642100384	21.922072469815873	0.8624544998157633	-0.9974391890394321
24.762008954688717	21.93337321115773	0.9318962450972675	-0.9981855304643075
24.913657588970434	21.926395971460032	0.9756157652349775	-0.9978459995614389
25.0595672366541	21.906382338724	0.9970536072620357	-0.9959628601409648
25.20086311298202	21.879422497289617	0.9975289744020855	-0.9934261322593037
25.329395952592247	21.851912164378003	0.9805076768648695	-0.9899918117716853
25.457195035644727	21.82959642703341	0.9475699382798739	-0.9865014355481982
25.584111277176074	21.817273534074243	0.899585651503803	-0.9845740274628149
25.7099289879296	21.81845589566662	0.8377520238684115	-0.9847589591424575
25.834293461678868	21.835423508837753	0.7636355079701643	-0.9874128420353836
25.956664672659944	21.869176404771625	0.6792151779571748	-0.9924620483780342
26.07629625274897	21.919578726498628	0.5868944445267911	-0.9972045456637297
26.192063829089225	21.985867025997816	0.4893432249808873	-0.999834129820388
26.302542311137646	22.066468237081256	0.39015082671195156	-0.996851715101648
26.405912537783337	22.159404804373114	0.2931418724329354	-0.9854528587038427
26.500109531986347	22.26242171478861	0.20195175978620722	-0.9630193958962059
26.58302378988202	22.373143954593044	0.12020699200026379	-0.9277893810778066
26.652733761528513	22.489381361881748	0.050770373025864464	-0.8783139129895573
26.70775719747834	22.609215036530596	-0.00421686609996094	-0.814778564276611
26.747190082374757	22.73114469338845	-0.0436238103191038	-0.7382162922474418
26.77102991581589	22.853942890894686	-0.06742958008135772	-0.6500625026905007
26.77987239000522	22.976656414014027	-0.07623136305524311	-0.5522017936937011
26.775411142561655	23.09835410744268	-0.07179064533865101	-0.4469530935524919
26.760084349862318	23.218116286605053	-0.056509595393255514	-0.3369277235195136
26.737270839393688	23.334927411474936	-0.033711092650134486	-0.2249693292857794
26.711077165907213	23.44770593265951	-0.00753465050831857	-0.11396107093251603
26.685465422445308	23.555522097904333	0.01806024442796314	-0.006418578817569452
26.66441816137702	23.657652300101624	0.03909365968688726	0.09551477825813381
26.65096984370476	23.753925234804093	0.0525331304672823	0.19078160422757343
26.64685766051313	23.844805029478803	0.056642608484859025	0.27896557380479087
26.65335058801614	23.931300077861373	0.05015395231369461	0.3609412229867578
26.670927502941247	24.014824711610757	0.03258860025239281	0.43741110599582583
26.699844579642992	24.097133358119827	0.0036905464691178885	0.5097521320377519
26.740149257869	24.180155128752062	-0.03658761757581347	0.5794262456665492
26.792187849027123	24.26559629886081	-0.08849014891241588	0.6467995956893456
26.856075904183548	24.355229651115792	-0.1518726385857323	0.7123336076927753
26.93190098120448	24.450458526047594	-0.22628263399479326	0.7759474130950457
27.019493257849703	24.55219629593236	-0.31070694936123305	0.8358653227911182
27.118087309845365	24.66083505022813	-0.40258849477343994	0.8902639770981933
27.22641404473472	24.775915667358266	-0.49915644774828705	0.936606201178459
27.342651153332223	24.896589853711774	-0.5963136256485411	0.9718931665558095
27.464746393752932	25.021712751211236	-0.6896562442517546	0.9934917714514444
27.590768922522912	25.15026159804366	-0.7751616379347046	0.9994497624210396
27.721673552999125	25.283503940153803	-0.850855994070568	0.9881889976753313
27.852589005666125	25.41882452153585	-0.9120055487552965	0.9588881745231328
27.983535860424155	25.557553772152286	-0.9575730234048005	0.9107874317550022
28.11456821822452	25.701497119034997	-0.986780857250523	0.8424906576545202
28.2458199616415	25.852902851354884	-0.9991045034278123	0.7513309220273245
28.377606209346993	26.014383518884124	-0.994221569629044	0.6358468254962679
28.510609040515423	26.18817004518982	-0.9718661685286845	0.49269421714758155
28.646219563316144	26.375604281409196	-0.9315056066810596	0.3219745626345931
28.786974206927113	26.5754194164037	-0.8712244830483491	0.12775704963986842
28.93697069046969	26.782336327863835	-0.7879865398300347	-0.07868396238754713
29.1016027902525	26.986880880972638	-0.6767061211464825	-0.2794295093778442
29.286288193436025	27.17849098852109	-0.5301083959055711	-0.4570756133326042
29.494703002140042	27.350663571695577	-0.34313519029515416	-0.602643636814588
29.726526368538526	27.503186977526614	-0.11830585600895109	-0.7168333707379686
29.974965622572434	27.63885860675372	0.12945290251396102	-0.8046312964849487
30.225971795975813	27.75825384500381	0.3716577566526901	-0.8694738148397616
30.463515985339402	27.856930160171558	0.5795714152893319	-0.9137293455241924
30.678806028588987	27.92871068952905	0.7401176550916931	-0.9404002440464999
30.87232974522438	27.971125335101735	0.8554689517207716	-0.9541111667367441
31.04869360891643	27.986747350544896	0.9330814116640301	-0.958468853210554
31.212461579836273	27.98163103250397	0.9790223151011224	-0.9570416807689588
31.36694758164885	27.963422630127113	0.9984617869232306	-0.9519625340329942
31.510989302203534	27.94008343150181	0.9949940304633896	-0.9442519893501702
31.640620497146553	27.919194870308903	0.9743921128234688	-0.9371774054311889
31.769848545828168	27.90570990929425	0.9375895823727793	-0.9326102891295283
31.89857205528154	27.90338358820648	0.8853892203168192	-0.9318224055790088
32.026622984232404	27.914820773368042	0.818920444725963	-0.9356959766438204
32.15373330778585	27.941483663503618	0.7396638948320344	-0.9447262230090296
32.279516076252705	27.98381021648015	0.6494660940403083	-0.9576495537141304
32.40338774350819	28.041591252927205	0.5505864661083728	-0.9726366390652734
32.5245259762333	28.114031379984443	0.44571131669907743	-0.9866968910610985
32.641784145030186	28.199878812319675	0.337972025666186	-0.9969330670097181
32.75371853226086	28.29742145202107	0.23081102574546858	-0.9992749211944651
32.85851484510528	28.404679517438286	0.1278458069629882	-0.9913824067296123
32.954292084504786	28.519464164621994	0.03240944380297505	-0.969934800786953
33.03919556242745	28.639598580004215	-0.0524381808965231	-0.9337480158941135
33.11163115027031	28.763277401704936	-0.12458129127632414	-0.8825304584451036
33.1705839763957	28.889025169918575	-0.18280467970084244	-0.8166753813124087
33.21570558529451	29.015753141011235	-0.2268869168183243	-0.7372753073899629
33.24727459901624	29.142709493391454	-0.2575464902708947	-0.6458765999229042
33.26608458016366	29.26936934461853	-0.27560662527922575	-0.5443229776024954
33.27374674214033	29.395254381270856	-0.282963340773512	-0.434734978820332
33.27245429192381	29.519916389885637	-0.28172241313945184	-0.3194163006953892
33.26514717876155	29.64286516525323	-0.2747065926983141	-0.2008169751116334
33.25537664928387	29.763599639795437	-0.26532555823119236	-0.08140318818673667
33.24704553578164	29.88169632457148	-0.2573265584745852	0.036542060677548754
33.24405112915329	29.996940259766465	-0.2544515216760931	0.15115342545530333
33.24991294739511	30.109458510738545	-0.2600796628215754	0.2611725055693573
33.26748501431975	30.219807967350118	-0.2769512321520957	0.36594831459421767
33.298815891998224	30.328992064594793	-0.30703312731020393	0.46501177029016794
33.34507873954403	30.438426670587333	-0.3505938962671115	0.5588239436513369
33.4068242985866	30.549403826380864	-0.4076827381410225	0.6472662532835424
33.483742973114694	30.663152845247534	-0.47673393283932747	0.7297677219097269
33.57477079881279	30.78045533981302	-0.5544837043018811	0.8046337964093174
33.678035239918046	30.90145603544121	-0.637545482830725	0.8702930009891315
33.79110703726113	31.025888483550037	-0.720180795684056	0.9245957758945884
33.91136027217026	31.15308122757177	-0.7980842941524136	0.9653702991289477
34.036387966920685	31.28244458421125	-0.8669029752772692	0.9908918594279831
34.16430104370001	31.413630703725588	-0.9233330162324995	0.999927898030415
34.29515547570378	31.547220054705956	-0.9655046376226016	0.9912341494436976
34.42610945613195	31.682900924039416	-0.9912159724734256	0.9642185120675417
34.55716068447231	31.821724158320173	-0.9999887409375872	0.9183379253759415
34.68845790860903	31.964958736537582	-0.9912896432134756	0.8527025580423686
34.82034212647385	32.11389612582924	-0.9653765395072295	0.7660043626087596
34.95353992791388	32.26961390285926	-0.9222201555571605	0.656892602163831
35.08950071165775	32.432586627933	-0.8613806318997339	0.5260585987505331
35.23084950325762	32.60194438994894	-0.7814334928715512	0.3752702575706799
35.381925567196326	32.7750808525431	-0.6788529835780959	0.20996660847218585
35.549072047250476	32.94745376898759	-0.547202898389193	0.039243260776975
35.74023983386959	33.1135779702826	-0.3782957892590623	-0.12650977332634167
35.96314242537923	33.269025893559466	-0.16434977353299207	-0.2784306853680581
36.220737430633406	33.41206704311662	0.09224441353964813	-0.41249349975503496
36.50459379502824	33.54256403485952	0.3674539658533835	-0.5275258686460083
36.79080471261308	33.657634487825526	0.6147809338794048	-0.6214348635602661
37.051949886848064	33.74979511349088	0.7974696256487248	-0.6909736591768977
37.277783966309926	33.81366727239328	0.912171132135307	-0.7356668261465134
37.473282913737854	33.851942063526515	0.9741445679293994	-0.7609742362842081
37.64712292511151	33.87293441947003	0.9983672572293862	-0.7745366918611823
37.80189913340038	33.88572935629449	0.9942672081081899	-0.7823775089806948
37.9324291642745	33.8979060427925	0.9725112945504366	-0.7898394584426092
38.062779062462404	33.91373696430693	0.9342890533675372	-0.7995407459230343
38.19287953079179	33.93647197748175	0.8803406921034302	-0.813103409492268
38.32262604383206	33.96852036671519	0.8117169842074313	-0.8311143133512116
38.45185141832063	34.01154500513197	0.7297902791224167	-0.8542589589337433
38.58031548133302	34.06648434960425	0.636193371490768	-0.8815811749810947
38.707654013860925	34.133744031277125	0.5330448854133137	-0.9111993593410519
38.83331452663085	34.21326850121106	0.4228160481058254	-0.940865086894789
38.95651143074212	34.304519124817666	0.30828486569658986	-0.9681165827482192
39.07622408967674	34.406446356493845	0.19244404629816836	-0.9881404919550318
39.19101586002956	34.517617540284625	0.07877706943985038	-0.9987468650662334
39.299349284939794	34.6361703877914	-0.0294217474135389	-0.9965382414051929
39.39959458663036	34.76013679577907	-0.12930576440530442	-0.9792071283225585
39.49025866802528	34.88766289366994	-0.21846396996468087	-0.9456428713433325
39.57036465426484	35.017141277946266	-0.2958604647481511	-0.8958399199590599
39.639444344353244	35.14746363225723	-0.3611114930234621	-0.8305828834959263
39.697717508497746	35.27791177422838	-0.414755537964319	-0.751178209170584
39.746043860314366	35.40808545550036	-0.45812883915100555	-0.6592333894464648
39.78584255136922	35.5377914942145	-0.4931820667331289	-0.5565312900366954
39.81905368946769	35.66694766481206	-0.5217635870460567	-0.44497276261639684
39.848196191298406	35.7955014984722	-0.5464127962159697	-0.3265660051771179
39.87625426648633	35.92343445951171	-0.5696152680622811	-0.20336956603805867
39.90662485876064	36.05075536682558	-0.5944200075662528	-0.0774510393773063
39.94284904332923	36.1775645100455	-0.6230380205558014	0.04921659561963623
39.98831380442779	36.30403193358513	-0.657865092239742	0.17476158121754623
40.04579366777879	36.430453122716365	-0.700032502804562	0.29747457008901734
40.1170510148916	36.55718217267246	-0.7490220939772771	0.415725736623855
40.202500833759984	36.68453336485647	-0.8029593236914266	0.5278500365306122
40.30116998658208	36.81271324659071	-0.8575364806485849	0.6320892243880982
40.41089729106493	36.941735599484204	-0.9088041384866057	0.7265690969983755
40.52898506759052	37.07150999047367	-0.9517370969541523	0.8094197609700816
40.65274139392975	37.201882126539196	-0.9823705315722276	0.878769222433655
40.779961926287086	37.33273762332398	-0.9980923435890385	0.9333722405195914
40.90911606292219	37.46405403770801	-0.9975017174026078	0.972131682142372
41.03927843407062	37.59591467636225	-0.9800890822686137	0.9942286416768856
41.169978192925285	37.728493780740095	-0.9459375275436032	0.9990772428397805
41.30119695079408	37.86203431620057	-0.8954448472087317	0.9862871047455897
41.432874525839615	37.99674427542184	-0.8293321241382985	0.955666597301982
41.5655499020602	38.13278399163048	-0.748233990399451	0.9072694370237028
41.70024730858686	38.2701557409514	-0.6525010905409542	0.8412048181746733
41.8387770667306	38.408648370770635	-0.5418114579540924	0.7583562676274902
41.984066614318444	38.54777363500679	-0.4144113177758542	0.6606617215599491
42.140363215113204	38.686779859635195	-0.26771036425167344	0.5504154465802019
42.31308433838251	38.82476612903305	-0.09821139850876395	0.43051783749744216
42.507791433821495	38.960871424938354	0.09609530661885723	0.30409867947968594
42.72757921259873	39.09440700290208	0.3108223640248735	0.1745490159437629
42.9687660897538	39.22459290284239	0.5287514446873277	0.045285456664371164
43.21772048877349	39.349732797413736	0.7214784701517467	-0.0797050968074047
43.45617240629731	39.46649001607214	0.8643614841845932	-0.19527155955285264
43.672044288370174	39.5710441024264	0.9521461888558627	-0.29651282720575733
43.863670018083624	39.6614449175007	0.9927767925001694	-0.3814716753976643
44.03549632294673	39.738872650938895	0.9983292484627508	-0.4517402958054144
44.1663492978026	39.80666193046035	0.9829822391220491	-0.511099233697761
44.29715596792527	39.86821780687308	0.9508195903780765	-0.5629695617309863
44.42788327668882	39.92693831628676	0.9022110652418666	-0.6104681477319578
44.55848030623828	39.986171003559676	0.8383166017653397	-0.6562580179721191
44.68886924823162	40.04880037979197	0.7603163577152949	-0.7021582195515017
44.818929860801596	40.11714762907924	0.6696833844891965	-0.7490859755766104
44.94847607927732	40.19295164259446	0.5681857300102462	-0.7971075197634071
45.07722545873867	40.277388369133554	0.457890380767415	-0.8454326436644107
45.20476160818525	40.371084922547496	0.3411640512526571	-0.8913019030073881
45.330423554102524	40.4741691873289	0.22072716317852384	-0.9333176823441311
45.453372887544326	40.5861195372913	0.09950950172111886	-0.9676744839519622
45.57248429507504	40.70587227779345	-0.019378061894399834	-0.9906806658468477
45.68639114061307	40.831882564935384	-0.13287196408387483	-0.9997229420072259
45.79372536901856	40.962301334590094	-0.23825366649348023	-0.9924973644704121
45.89333882091651	41.09528155348465	-0.33355684686944553	-0.967676688332899
45.98450934129315	41.229306291492605	-0.4180648991001059	-0.9251660887165958
46.067112501696606	41.36334310701311	-0.4915337097688055	-0.8661357786816011
46.14178046952523	41.49679935776877	-0.5550121684586529	-0.7919954858066671
46.20977934049331	41.62945294240717	-0.6101961555612117	-0.7043892489787049
46.27292826949713	41.76131240278822	-0.6589369430603982	-0.6050630130563206
46.33352590356806	41.89249423269676	-0.7032471380108507	-0.49582601140485
46.39424353465872	42.02315159178411	-0.745059644426935	-0.37854679906821764
46.45796509172541	42.15344028247016	-0.7859716917686447	-0.2551546046191341
46.52753018707973	42.283508227754055	-0.8269776139371758	-0.12763307228188564
46.60537848634477	42.413493307987906	-0.8682363960964513	0.0019911737821846002
46.69317417848463	42.54351934561442	-0.9084434208376657	0.13160877883794897
46.79142816783495	42.67367814646167	-0.9448578290852043	0.2591072741232097
46.89939608083796	42.80401319982156	-0.9744357862573056	0.3823669159004316
47.01543816205733	42.93453047679904	-0.9937342332265648	0.49928826085451594
47.137478972611206	43.06520498219513	-0.9995732241037775	0.6078405341692599
47.263507614495744	43.19600138917541	-0.989932157496494	0.7061232736641265
47.39193183068237	43.32689420726436	-0.9639206993613245	0.7924194975408821
47.521672147188966	43.45787698382848	-0.9215206529574899	0.8652290420203357
47.652090434543524	43.58896313139855	-0.8633049456747709	0.9232870050562421
47.78286907986351	43.72018132435623	-0.7902278983494748	0.9655737847617155
47.91391654531374	43.85156689924366	-0.7034855060786611	0.9913222494462779
48.04533223109295	43.98314994219893	-0.6044037204681285	0.9999732175638132
48.177449005155914	44.11499572491295	-0.49430320879323886	0.9910143864375204
48.3109034384016	44.24706651833182	-0.37435652572741895	0.9648335918665853
48.446813330720126	44.37931143945335	-0.24531902759937543	0.9218256338682691
48.58689333003112	44.51163737691627	-0.10754456619818041	0.862724939550787
48.73348799188043	44.643918782816435	0.03877633567633655	0.7886086457732218
48.88937676297472	44.77599860953844	0.1934261958249514	0.700887515594603
49.05714992896123	44.90769422804055	0.35445832483072687	0.6012794475052994
49.23794057062285	45.038772437325754	0.5166937212931971	0.49179362408325134
49.43002978713412	45.168805768321896	0.6705684001412628	0.3748199307112413
49.62810331617041	45.296951342569926	0.8034645956976286	0.2533126739813792
49.82456579021531	45.421743300784655	0.9043306066715378	0.1309487699795916
50.01264261991277	45.5411916247718	0.968161277344124	0.011894022720946942
50.188847072889196	45.65336231918807	0.9967279150340973	-0.100055231405666
50.353072637398114	45.75717438910148	0.9956971472889664	-0.20258881983482613
50.48395926628991	45.85287828283057	0.9757481195194114	-0.2952155621109024
50.614828015335654	45.94146356198438	0.9391395452279248	-0.37856593409083994
50.7456605708818	46.024829492511344	0.8865092149189546	-0.45420934484241005
50.876424583868136	46.10546242527886	0.8187823758653848	-0.5245376711692136
51.00706839095653	46.186082559272776	0.7371651014862305	-0.5914751049466529
51.13750739934224	46.26919569594143	0.6431396467390014	-0.6561375588513292
51.26759971484437	46.35692528022247	0.5384667258722633	-0.7197902743684953
51.39713642491321	46.450941210627036	0.42515475932800173	-0.7816674136063423
51.525779714165964	46.55238904191491	0.3055027100895586	-0.8409480647207865
51.65304750753003	46.661821887001594	0.1821826993616175	-0.8947297197491201
51.77820543198359	46.779208024357864	0.05803514905559409	-0.9407190839733583
51.900315291530205	46.903820985110954	-0.06398963018952253	-0.9754008904467286
