1.257837942693553	1.3622746790100106	0.3078639853702122	0.20692189542990652
1.3887296487178167	1.496022994709493	0.18103262807967835	0.07467704635591378
1.5196104944189672	1.6337221011109524	0.05115216009549233	-0.0628840085676651
1.6504679632224448	1.7777552104085261	-0.07955280972671591	-0.2053970185412991
1.781274580263503	1.9308451060499472	-0.20883106563107862	-0.35218645358726514
1.9119777786273682	2.0955097237176266	-0.33443746798111784	-0.5007372913381885
2.0424710886515145	2.2728806931511354	-0.4541547764599255	-0.6456243420477341
2.1725590039234874	2.461403134708771	-0.5658250343824675	-0.7772301291817261
2.3019092723475816	2.6561016143634437	-0.6673954190276118	-0.8840975938299022
2.4300752010540156	2.8498465623822713	-0.7570464740019502	-0.9573085640024623
2.5566590488082164	3.036180909976333	-0.8333989289637935	-0.994020265860678
2.6815612833094913	3.2115506684278126	-0.8956541404632852	-0.997356207672962
2.80512292064069	3.3754657299614212	-0.9435003579853304	-0.9723900802564649
2.9280086309195434	3.529438196887884	-0.9768152721970302	-0.9254663830132935
3.051018094775535	3.6755850922047344	-0.9954163386253156	-0.8603571605193385
3.1748298101258294	3.816078270315093	-0.9989561674069565	-0.7807255160120155
3.2998826249093223	3.9526855927163544	-0.9870116684873385	-0.688591905040953
3.4263328303278313	4.086786187554328	-0.9592628303281753	-0.5855394876968303
3.5541030685831996	4.219372597580578	-0.9156723924791133	-0.4731671721870111
3.6829681993951344	4.351100317567195	-0.8565994713687706	-0.3533528443012346
3.8126445594893017	4.482364921696426	-0.7828297154305577	-0.2279030070006515
3.9428645621941825	4.613390275452281	-0.6955352800504859	-0.09879093910757243
4.073415984296791	4.7442883368119	-0.5962025467598266	0.0318783716346314
4.20415174522208	4.875098627836467	-0.48655789915265824	0.1619170593696403
4.334981263961854	5.0058053733239145	-0.368506824530503	0.28910102139095906
4.4658549092546584	5.136333515241551	-0.2440127546299607	0.41120917984815086
4.59674925672744	5.266523162186153	-0.11535537934729304	0.5260568319736427
4.727657780852192	5.396099586596441	0.015258755982388895	0.6315463791439991
4.85858604335269	5.524641305923385	0.14561045483974255	0.7257435034564987
4.989552281549673	5.651569990097072	0.2734958472312896	0.8069967031205851
5.120591090535661	5.776182104187551	0.3967638731861738	0.8740935394268778
5.2517573177038495	5.897732732738439	0.5133493396029437	0.9264165892265267
5.383125881335366	6.015562157329934	0.6212968270807652	0.9640375430926553
5.5147828352856045	6.129235877766237	0.7187736586419404	0.9876905671512022
5.646805553695309	6.238663970929634	0.8040770267660796	0.9986017810574996
5.779256175372836	6.3510894318445175	0.8756581115837115	0.997549464019837
5.912234353930705	6.481967919697992	0.9318221823375755	0.9800435686901527
6.045843165464037	6.6128143073463574	0.9716334515724881	0.9458171924330936
6.180030569997634	6.743593702354192	0.9942326339919161	0.895483002897349
6.314643726101361	6.874243570668311	0.9990120297155818	0.829956926361423
6.4455434156044875	7.00466219901507	0.9863753763134696	0.7504612619697862
6.5764430922466985	7.134702426293255	0.9568868842321121	0.6585202613281708
6.707342723112266	7.264175329364595	0.9110475714640298	0.555937777509315
6.838242202853829	7.392880015546642	0.8496362431991539	0.44473558625681503
6.96914122021175	7.520664380294221	0.7736964468667277	0.3270394122479875
7.100038926859321	7.647517026052006	0.6845174591056116	0.20491472595237215
7.230933188907594	7.773676754322227	0.5834271837817997	0.0801831388986451
7.361819042707067	7.899739887993731	0.4724065634870424	-0.04572815223736563
7.492685748131867	8.026720112103217	0.3533596391888217	-0.1718207892132096
7.6235114971238085	8.15605551896414	0.22833827055025419	-0.29741338885368745
7.754254334318304	8.289520296927163	0.09951618099092276	-0.42184799432249787
7.884837272002196	8.429003097191128	-0.030835339838770456	-0.5437115337673138
8.015118597039095	8.57607789573639	-0.16036399283562533	-0.6606330172034023
8.144856972726988	8.73144022708098	-0.2866612644706316	-0.7690669602655346
8.273689294923976	8.89432766730032	-0.4073214088075712	-0.8621599625159995
8.40105188577618	9.062171645044174	-0.5199776106540115	-0.9346483625559987
8.526335296305511	9.231211918120405	-0.6225741090606062	-0.9811813409728505
8.649018389414564	9.397605711906188	-0.7135722594177273	-0.9991466394257003
8.768900811915174	9.55868689295509	-0.7921289012301911	-0.990825075948742
8.886384840386484	9.713278991302953	-0.8581173997102244	-0.9582137581534351
9.00231068495125	9.861628269240947	-0.9117186966370219	-0.9060074451291806
9.117857862582037	10.00460489962096	-0.953075847346276	-0.8362688288653136
9.234197686350322	10.143466242516578	-0.9818325589991762	-0.7523050995748748
9.35229610115841	10.279340330824963	-0.9971187319659887	-0.6562363606167092
9.472724136759672	10.41317467367291	-0.9984942219363381	-0.5498128551217377
9.59567381992161	10.545705123603346	-0.9850399975320938	-0.4347290422442125
9.720974839330395	10.677453821572966	-0.9560670381622984	-0.31274339883232516
9.84821794341698	10.808763686973851	-0.9113324517135512	-0.18571737433618352
9.976902858143202	10.939843032134009	-0.8511285062692743	-0.05569459297163645
10.106558289424838	11.070806716722792	-0.7762552710261597	0.07513403076038702
10.23680899001106	11.201709023239454	-0.6879286842671962	0.20459285104933042
10.367394681911033	11.332565990280102	-0.587670368969892	0.33049606202047727
10.498154620178008	11.463363169570961	-0.4770898821433395	0.4506930016661273
10.629000034191975	11.594050487344184	-0.35832513680329714	0.5631072999104612
10.759891030456567	11.724530276605606	-0.2334250051604358	0.6657777282018509
10.890819142338007	11.854638661722966	-0.10452088946805356	0.756904645872902
11.021802136600295	11.98413029399482	0.026210595209187698	0.8349125303604218
11.152887811998651	12.112676971391961	0.15658824823617412	0.89853093518511
11.284163864299183	12.239891302140133	0.28446662268384837	0.9468839356854912
11.415768437882656	12.36538079677608	0.4077678132371721	0.9795621610204218
11.547892966011002	12.48882641405007	0.5244944089739322	0.996642401983608
11.680767464516595	12.610067878910819	0.6327176471578078	0.9986276615174227
11.814641045870763	12.740966935980747	0.7304580987087882	0.9844612128825226
11.949842492990177	12.871844888297133	0.8156430974122947	0.9534791531039721
12.086532266668693	13.002675102270311	0.8866634399717683	0.9062241809576999
12.224677860465551	13.133403184501534	0.9417314137463593	0.8434591479505921
12.364001837990292	13.26392613366939	0.9792613999600465	0.7662781473825941
12.50399099517993	13.394065153371791	0.9980409311016024	0.676386903085917
12.643916351675417	13.523547561596986	0.9966422573622501	0.575629869619548
12.77481596956968	13.652009546165205	0.9779360533908099	0.46616591456344836
12.905715398391731	13.779018413426112	0.9425266293511074	0.3503988375541608
13.036614237383157	13.904155940556162	0.8910186373342245	0.23081753420149337
13.167511384400843	14.027151498862368	0.8242906491934958	0.10975697974739787
13.298404070970895	14.148031609413067	0.7434812287278691	-0.010857521004777118
13.42928593417517	14.267237471893926	0.6499717511429784	-0.12968508690346628
13.5601435100886	14.385665775190533	0.5453670501325123	-0.24592988429207874
13.690949810401623	14.50460945477367	0.43147559206163405	-0.35914193179956455
13.821653258509514	14.625651044432098	0.3102911299410502	-0.46912954579922805
13.952162461606944	14.750505893541677	0.18393378306280347	-0.5753979719052132
14.082321605590316	14.880772176075071	0.05480925590197909	-0.676764482241213
14.211876557585319	15.017616722221913	-0.07461362390786325	-0.771005839756127
14.340435659980507	15.161401472095331	-0.20179631723099392	-0.8539598895455587
14.467401190906575	15.311353018905065	-0.3241391502706623	-0.9219860711685878
14.592055992637968	15.465545138186947	-0.43920105907587437	-0.9705263412200663
14.713641780777172	15.621280694108233	-0.5449133954391169	-0.9957825465209139
14.831549825631157	15.775881460501482	-0.6398483254636823	-0.9975481403324274
14.94569779128403	15.927331913423547	-0.7231124557987944	-0.9755536033883365
15.056516998648036	16.074725583895606	-0.7948441718667292	-0.9332407992459983
15.165081310229057	16.217948322460465	-0.8558327714466814	-0.8725759031777571
15.272809499898687	16.357526988138847	-0.9066811117523929	-0.795997809708068
15.381267259023305	16.494233186877082	-0.9468105443675443	-0.706141543820499
15.491814951664683	16.62880506252037	-0.9762559808864998	-0.6048782353230433
15.605475690686172	16.76189974949317	-0.9942954089593643	-0.4939785212539635
15.722788006654682	16.894036260098755	-0.999534420297729	-0.3752196626489623
15.843745379452443	17.02558951846194	-0.9905320943433349	-0.2504590947073401
15.967899330708615	17.156810671215545	-0.9661818192622046	-0.12163554560110257
16.09455758392375	17.28785639656488	-0.9259632235690429	0.009090817546701453
16.222983224239517	17.4188144966324	-0.8700133512194276	0.13954491181223283
16.35254218032894	17.549729311048374	-0.7990525310364829	0.26754916510072135
16.482766394300818	17.680618259967808	-0.7142484569223152	0.3909431048498978
16.61335070827561	17.81147979351199	-0.6170875622075206	0.5076279485902004
16.744117774024584	17.94229401987579	-0.5092816973014861	0.6156066908087503
16.874978165461087	18.073017144204897	-0.39270744020403503	0.7130213682144078
17.005900815002324	18.20357177287247	-0.26936292240566806	0.798191393472313
17.136899156140224	18.33383675782561	-0.14132792604639524	0.8696574842276386
17.268032981381985	18.463642307305914	-0.01071955692621026	0.9262335183631728
17.399423087647	18.59277721818674	0.12035603025861256	0.9670625495644916
17.531272529133357	18.72101339056998	0.24982814929575664	0.9916644279685307
17.663883114429506	18.848144193186087	0.3755868739102549	0.9999556638346772
17.79765425134433	18.978950387772482	0.4957296808123661	0.9915311778524004
17.933116759142028	19.10986950622909	0.6083564249983522	0.9660765113256662
18.070774219823715	19.24075995793637	0.7114356420463226	0.9241327839566218
18.210970932870346	19.371585569033925	0.8027256448857669	0.8664457150048726
18.353725254932804	19.502271640230425	0.8794042733378945	0.7940662453594093
18.498601125749733	19.632674049195717	0.9385945249944232	0.7083698302205887
18.64472157055193	19.762540116326292	0.978723639989138	0.6110859359341003
18.790919953532857	19.89147317174167	0.9981585026847034	0.5043222771261197
18.935207946085985	20.018930063093382	0.9958795138243984	0.39054258921563306
19.06610730507052	20.144285614137402	0.9761680689532328	0.2724428980890654
19.197005919249214	20.266907845627337	0.9397815377281848	0.15276739039532997
19.327902406108176	20.386348889070405	0.887340620251124	0.03398099036553546
19.458793336921733	20.502551937113946	0.8197404080016537	-0.08206922851166479
19.589670999134093	20.615993521805805	0.738137635967357	-0.1943537898466371
19.720519586641288	20.727699176192438	0.6439355912741834	-0.3024762257260244
19.851307983794843	20.83909948959761	0.538768722005875	-0.4064401241807755
19.981977994151976	20.95189418355051	0.42444994323673335	-0.5066139344505831
20.11243009889948	21.06786917486084	0.303028516514085	-0.6029524657767809
20.242498548939594	21.18865047354659	0.1768722025966564	-0.6946683732978675
20.371915136611978	21.315493630776512	0.04840524766997157	-0.7800089447463769
20.50026384213909	21.449033516879265	-0.07979166287097428	-0.856223090826586
20.626943322100594	21.589036372746946	-0.20503812578899658	-0.9198013414211705
20.751175367246166	21.734280434287466	-0.32469311480473395	-0.9670376014047761
20.872103295211158	21.882715804574108	-0.43640553639664476	-0.9937360088745566
20.98889117068472	22.03199435299312	-0.5383508320470853	-0.9987172141462517
21.101123908003874	22.18003603348786	-0.6292245377746808	-0.9822017746410059
21.20899547049325	22.32544944702183	-0.7090520923026638	-0.9442349126253733
21.31323435154101	22.467764038950076	-0.778624444334181	-0.8881263579619632
21.415226257983267	22.607048060853103	-0.8384631908235811	-0.8159963849386018
21.51666657360549	22.743736958451695	-0.8890947702612346	-0.7298902476869693
21.619299183574253	22.878405364734967	-0.93151789727318	-0.63141123033145
21.724783773443328	23.011640366355113	-0.9643885532933185	-0.5227610367112548
21.834246565900557	23.143903157624532	-0.9872287578807373	-0.40579275757750677
21.94828602413311	23.275549043211925	-0.9986538761911986	-0.2823603556247814
22.066880966865885	23.406829456885358	-0.9968128801865834	-0.15441758794518645
22.189463530483124	23.537908295779967	-0.9801455681595614	-0.024020793812115145
22.31515764664703	23.668884215852916	-0.9477205622475037	0.10669500708403652
22.44303753090009	23.799811420199003	-0.8993501112623673	0.23555533586411562
22.57231117545612	23.930716150852852	-0.8355181992390659	0.36039190766312246
22.702397537909135	24.061607597863077	-0.7572240002575172	0.47908810648574235
22.832920942182668	24.192483071119003	-0.6658287053895438	0.5895388222772889
22.963665625627385	24.323328047161077	-0.562944455112336	0.6897794776385906
23.09452569614977	24.45411201805837	-0.4503636719094942	0.7781862957950627
23.22546946834459	24.58478153706553	-0.3300103942162539	0.8532484197344428
23.35652490333267	24.71525338182778	-0.20389544188070818	0.9136959410510451
23.487786086505313	24.845411637633998	-0.07406535756572782	0.9585405255837548
23.619436718819195	24.97511335637184	0.05745399626273988	0.9871152265494068
23.751781838104414	25.104205980198223	0.1886901715273789	0.9991038336139375
23.885272218971792	25.23392178702724	0.31764161904098215	0.9944183900766788
24.020513961449467	25.364883048695695	0.4424794309178141	0.9727676800181775
24.15822689760015	25.49582417049835	0.5612928148259102	0.9344869377938292
24.299072940591188	25.626718040611763	0.6719066648024306	0.8802457673291307
24.443447881571565	25.757509410335583	0.7716512464175074	0.8110122583444723
24.59123310649544	25.88808621962118	0.8565319955820789	0.7280051732978323
24.741642440709125	26.01823469858158	0.9241745762567135	0.6328042970882598
24.893297553848615	26.147580351038094	0.9711750917241884	0.527625726102606
25.044507481357023	26.275558188464878	0.9956365922085135	0.41491155666905294
25.193749657876943	26.401434934990405	0.9980839941365899	0.2974409788658578
25.324648757847562	26.524412408554674	0.9815430749782396	0.17812778997216785
25.455546601644247	26.643785097167893	0.9481282335383932	0.05971315056347309
25.586441024466335	26.75915549601402	0.8985281423405471	-0.05558135258566673
25.717326818024812	26.870619688423353	0.8335945105020102	-0.16623500192138527
25.848192623829362	26.97892589989396	0.7544453390182699	-0.2717916478008605
25.97901622276655	27.085436693583826	0.6624517905830489	-0.37262816951147587
26.109757535479932	27.191896610711712	0.5592238197491937	-0.4690181454712333
26.240342053262474	27.300141109321103	0.4466009435296289	-0.5615587255640915
26.370644902666097	27.411994972800883	0.326639979201295	-0.650404051777421
26.500465784347952	27.52902888215003	0.20160414432207288	-0.734706043135881
26.629488188077623	27.652366064445456	0.07395641323991825	-0.8125860373567639
26.75723034968918	27.782488679959673	-0.053657472706323726	-0.8812133386342643
26.88300761792588	27.919052882686305	-0.17846840290960891	-0.9371293167503911
27.005949142700004	28.06082537387132	-0.2977376287997315	-0.9768317424071296
27.125113622509453	28.20586511062337	-0.40903586505037764	-0.9974963347815962
27.23970558966615	28.351962757992325	-0.5105951572656047	-0.9966344346376058
27.349234094639367	28.49723822234348	-0.601514314141074	-0.9747824423817731
27.453866559478133	28.640441728221607	-0.6818072262370106	-0.9334624565985263
27.554465138756917	28.781027505783186	-0.7515245745833125	-0.8742511023014541
27.652406548139044	28.919031123421064	-0.8126087888251066	-0.7989800184506226
27.749496294559474	29.05485437709447	-0.8650165922312338	-0.7102063319112358
27.84763051356449	29.1889644075783	-0.9100366179898283	-0.6097852936229466
27.94864850954335	29.321836857824522	-0.9471528288487787	-0.4995151994211603
28.05396504523623	29.453872653911734	-0.9753354542395067	-0.3812154873932556
28.16437586636167	29.58537998500677	-0.9935924942132505	-0.25677692974238747
28.280043084770156	29.716578813481828	-0.9998206991141472	-0.1281849016579874
28.400458771472966	29.84761148517621	-0.9920425682620432	0.002479643781191348
28.52468496703455	29.978563044955454	-0.9687961053554478	0.13300545021989688
28.651649469111177	30.109478922885696	-0.9296476451545216	0.26119210400119364
28.780399997080735	30.240380499777647	-0.8745704776785517	0.3848792361202851
28.910208705348133	30.371275425053604	-0.8043864512928293	0.5019695154344318
29.04059526151873	30.50216281565623	-0.7202873907698855	0.6104700913032614
29.17127728456441	30.633033858673496	-0.6237585637513803	0.7085292215284076
29.30211103682458	30.76386893220543	-0.5164912498030362	0.7944695423371781
29.433045972869408	30.89463229420418	-0.4003261263213882	0.8668200054397759
29.56410341295237	31.025266186344027	-0.27720532681548365	0.9243486725234294
29.695380485493608	31.155687278044816	-0.14911879916740411	0.9660972444413354
29.827075698110605	31.28578908203712	-0.018042633945031982	0.9914149680983646
29.959527433028057	31.415453244241107	0.11411859733877106	0.9999851359951062
30.093249660828228	31.546438763589137	0.2455596996352733	0.9913563501980648
30.22897962631352	31.677434840966956	0.37441775280494327	0.9657432497914444
30.367575095352354	31.80840904142811	0.4987850100372595	0.9236251261533587
30.50986752580896	31.939331225018122	0.616557005276825	0.8657458770013486
30.656403277252977	32.07014143681066	0.7250511778125021	0.7931475371402579
30.80712653406102	32.20071814801131	0.8199862304443144	0.7071866926539836
30.96113512494839	32.330827584083856	0.8980326409257735	0.6095715737446538
31.116758598271737	32.46005818963684	0.955238275449297	0.502416560451868
31.271931404926708	32.587776492266	0.9892475063671186	0.38827077246016706
31.424762618143372	32.7131487352067	0.9997224976019654	0.2700497533356898
31.555661696431528	32.83526652765305	0.9899138029496002	0.1508041221226527
31.686559464350065	32.95332702765902	0.9631979797499537	0.033373865792115286
31.817453644346937	33.06684159483056	0.920033672021074	-0.07999784799601631
31.948338933880322	33.17592879716502	0.8611613343433506	-0.18807446767386327
32.07920432085233	33.28142143001323	0.7875937452520314	-0.2903320828283321
32.210026710647355	33.384657725600995	0.7006056275574175	-0.3873426094502791
32.34076520584375	33.48750846707141	0.6017206036815078	-0.4800884606602983
32.47135056293512	33.59195959779357	0.49269833893687187	-0.568697887625299
32.60165587034585	33.69985868053317	0.37553500421692243	-0.6539127945886422
32.731485397541064	33.81284313966283	0.2524440686321626	-0.7351219070391877
32.86053232029087	33.93210053233341	0.12585349800416928	-0.8106466969967359
32.98832909466696	34.058216552748505	-0.0016051753244482043	-0.8778282911505445
33.114203321059016	34.19101318014909	-0.12712732340237715	-0.9333276057326003
33.23727487658376	34.329470938118966	-0.2479332873427868	-0.9736605174605495
33.35654876086916	34.47184552270869	-0.3613840436389286	-0.9958774774454762
33.47112345086702	34.61603281376023	-0.46549170566971176	-0.9981623449621356
33.58044086859988	34.76006583977248	-0.5591725375065956	-0.9792226043498347
33.68441714433415	34.9025843615853	-0.6423318325649274	-0.9405892357201464
33.78371426208908	35.04288601600609	-0.714954174071912	-0.8841539759437187
33.87962097330824	35.180827726303576	-0.7786342537737178	-0.8118325654742468
33.9738819652936	35.31665922533383	-0.8341274830872196	-0.7253221126801438
34.0684723829208	35.4508120487532	-0.8824835747640659	-0.626642584136483
34.16539811831957	35.58373473635837	-0.9237686454371449	-0.5178351700419859
34.266367394749494	35.71580932870921	-0.9574743401595198	-0.4007133104187206
34.37255400540528	35.84733964447832	-0.9828394322333248	-0.27715643253093947
34.48448581643042	35.978548338263714	-0.9970668385028971	-0.149136035848493
34.601835374654456	36.10958085682865	-0.9986082239488139	-0.01872233497515142
34.72377533820944	36.24052762450704	-0.9857656887660629	0.1119435370832638
34.84920039462352	36.37143833142391	-0.9573266636617618	0.2406842003195715
34.977005282602164	36.502336755573985	-0.912902472313672	0.36533071013788815
35.106283825974295	36.633232097827225	-0.8528387368745575	0.4837001431626687
35.23639661727057	36.76412563425942	-0.7780341867934267	0.5937037938425214
35.36694622466429	36.895013016437666	-0.6897696832617397	0.6935366759328098
35.497715831631155	37.02588302003872	-0.5895874210280231	0.7814956870248158
35.62861087568226	37.15671377296248	-0.4791254733048061	0.8560790497623059
35.759623693063205	37.28746668876218	-0.3603171898320426	0.9160159724091155
35.8908271519497	37.41808167556208	-0.23518634979567293	0.9602977196525296
36.022394395691045	37.54847698951739	-0.10568149925877503	0.988208995763727
36.154638508132194	37.678554437248756	0.02630567543363531	0.9993543824902947
36.28805772171515	37.809106764529496	0.15898663357706613	0.9935890216696514
36.423371823657504	37.94013702857405	0.2906755618372238	0.9708301526164977
36.56149772591946	38.07115047615992	0.4196857041151165	0.9314538045355735
36.70341245193275	38.20211940382748	0.5437739452834754	0.8761271522561903
36.84989089731678	38.3329940888173	0.6602423630709925	0.805607515095003
37.00119074817476	38.4636727116175	0.7660364276714493	0.7214896356124327
37.156672854828706	38.59395180648212	0.8560582241636263	0.6254203331216729
37.314710423606265	38.72345942215718	0.9268339845388667	0.5194427439590189
37.47302649076423	38.85158815329769	0.9740886401915672	0.4060481012386432
37.629349462116764	38.97749525662983	0.997374615418878	0.2881375446783895
37.781953324317314	39.100197684610905	0.9961439658089521	0.16883056789118367
37.912851549605435	39.21882633296396	0.9767813164018331	0.05104823304079105
38.043746963314476	39.332764522748626	0.940734886631635	-0.06281490659075543
38.17463531554249	39.441952655516026	0.8886220301194451	-0.17113545367335264
38.305506860291494	39.546944498427585	0.8213378099733337	-0.2733739362916868
38.43634259303784	39.64910001079479	0.7400447623100346	-0.37014394371642706
38.56710864981014	39.75026089259365	0.6461606985218579	-0.461885624386997
38.69774037367354	39.85236833965765	0.5413517094317151	-0.5498629314870342
38.82813388052547	39.957419615869995	0.4275176425149763	-0.6345491377611336
38.95812077198935	40.06714264784788	0.30673967966095883	-0.7151260283114929
39.087415716250575	40.182867297467205	0.18145309244936741	-0.7909277701485694
39.21560069248151	40.30539318313229	0.05427175155577515	-0.8596859089919877
39.342068089189866	40.43481481697825	-0.07207565996651713	-0.9183013710402466
39.46600104320465	40.57040849206995	-0.19479444122718867	-0.9632919630474348
39.58642626368244	40.710671775272594	-0.3112360056470411	-0.9914313491707818
39.702372597911264	40.85359813950132	-0.4190270650875857	-0.9995950675076969
39.813037226569605	40.997178660989476	-0.5165858163829841	-0.987295676560752
39.91815501542496	41.13980415178183	-0.6035291200865422	-0.9552573225292726
40.01813515973243	41.280503303120945	-0.6802307415396259	-0.9048366479856511
40.114045221145936	41.41894012923422	-0.7470346538669952	-0.8371631285536552
40.20743509639315	41.55527189162025	-0.805983070620158	-0.7550298426536886
40.30030098155768	41.689846044195775	-0.8570941938623092	-0.6603019107675977
40.39465650241135	41.82307263815013	-0.9020014161273905	-0.5547981492919796
40.49247755360015	41.95535128982947	-0.9395184001632897	-0.44032397216104185
40.595185523994886	42.08700362284143	-0.9698500245589714	-0.3187421589437987
40.70369950608297	42.2182775209832	-0.990340825374618	-0.19199443956680734
40.81803525446135	42.3493392964026	-0.9992880590176683	-0.06212063448691367
40.937577370000824	42.480295585097004	-0.9948237123634978	0.06872598803517245
41.06128640781693	42.611207534069656	-0.9752889812149244	0.19832066549155103
41.18797691847022	42.74210458105169	-0.9398416795277243	0.3244867559030328
41.31659455849367	42.87299896344319	-0.8884556294070416	0.44508883143444755
41.44634685464773	43.00389390391483	-0.8217607976310106	0.5580768976471615
41.57671348353435	43.13478743626231	-0.740852595841648	0.6615257658257231
41.70739258387478	43.26567255780896	-0.6471422220519745	0.7536696173146616
41.8382346843997	43.39653452580606	-0.5422599780567127	0.8329330274342284
41.969193966608444	43.527346275515356	-0.4279920855863797	0.8979602577869784
42.10030801922574	43.658063485280465	-0.30616878905514056	0.9476444964403493
42.231706969447934	43.788620065795605	-0.17878815549607924	0.9811571219362665
42.36364724052262	43.91893005975813	-0.04782210275865376	0.997976366421947
42.49655885521061	44.04889859023642	0.08491441798370086	0.9976720373135659
42.63109678543803	44.17994573309531	0.21772772658314887	0.9802909089099112
42.76815966452311	44.31098463023808	0.34899745056282677	0.9461360685636373
42.90877996934529	44.44199107413059	0.4769646971616859	0.895807312727422
43.05392334384199	44.572923830255	0.5989277573385722	0.8301994723659607
43.204120586733765	44.70370498091262	0.7118634689824175	0.7505069254353296
43.359110623780346	44.83417627522731	0.8119011341773775	0.6582487613930063
43.51760622133397	44.96403443980839	0.8935390930578773	0.5553198288470673
43.6774219456776	45.09275906349164	0.9536462606356291	0.4440521141541023
43.83605114149601	45.219568688488515	0.9888954494219039	0.32723464571018557
43.991410088145464	45.34348581223803	0.9997138027864707	0.20798158332059896
44.122308858714106	45.46351425995288	0.9898705484390454	0.08941479778574674
44.25320574269062	45.578862318798826	0.963121084601095	-0.025751889875074575
44.38409763684613	45.689166028991934	0.9199251183278432	-0.13561223817320558
44.514977646213566	45.79478380158474	0.8610248838188659	-0.23928643867242205
44.64583143919605	45.89676912827519	0.7874365580098521	-0.3367838262168733
44.77663109413695	45.99676960647993	0.7004403550094376	-0.4292119157062318
44.90732952808105	46.09683002366769	0.6015675696066659	-0.5171086224787595
45.037839538427676	46.19894460084462	0.49259647729250544	-0.601636439898944
45.16802321301462	46.30501225955342	0.37553800633203904	-0.6829995405650912
45.29766287237352	46.416573787023836	0.25262950879292556	-0.759824476274483
45.42639462745873	46.53469601262369	0.12635546451078555	-0.8310047428515838
45.553699684201355	46.65982493568768	-0.0006058083597624007	-0.8938232719460187
45.67885393150262	46.79163853475336	-0.1254287750213794	-0.9449290766165359
45.80093835252194	46.929008638356	-0.24529178014140468	-0.9808945030016677
45.91894601439479	47.070149181250216	-0.35764619976401074	-0.998312243907627
46.03192552848241	47.21301876126037	-0.46053091921145517	-0.9955523593577841
46.13929650617778	47.3557799486095	-0.5529580685515674	-0.9728225722348538
46.2411139226181	47.49712608123106	-0.6349512601673922	-0.9310481837252351
46.33811109761664	47.63641005390616	-0.7064888265178662	-0.8712855959183983
46.4315856885387	47.77355965185325	-0.7697503919316312	-0.7959327739199562
46.523381800514514	47.90882640799516	-0.824646258340747	-0.7070841846667324
46.61550896842186	48.0425782541012	-0.8733923828117183	-0.6065794312608317
46.710099519396685	48.17522300796112	-0.9151641786315083	-0.4962189029754386
46.80888936694648	48.307108883428285	-0.9507716264645327	-0.37783842329144546
46.91324724760939	48.4385186563133	-0.9774568276753286	-0.25333700367335793
47.02360214720081	48.56964856256653	-0.9945024057245132	-0.12470997685231677
47.139772575873735	48.7006336663753	-0.9995011921344259	0.005943623184237228
47.26091879394995	48.83155432197244	-0.9903370716402837	0.1363979526629943
47.38584951440181	48.9624515588017	-0.9656173323906313	0.2644726135590919
47.51336818427551	49.093343902098056	-0.9248180118562207	0.3880059529860358
47.64249196437195	49.224237797825495	-0.8681901608417232	0.504901108890401
47.77252642810893	49.3551336163739	-0.7965659398772296	0.6131679313751244
47.90303931166461	49.48602768612849	-0.7111756066360042	0.7109597882566139
48.0337939522281	49.61691111968864	-0.6135192497302422	0.7966059478603491
48.164686319309894	49.74776625218354	-0.505286781944934	0.8686410745867416
48.295706836769504	49.87856178588627	-0.388300983134506	0.9258336334597538
48.426932964426626	50.00924842102294	-0.2644608404278104	0.9672144818012924
48.55855086186449	50.1397575227902	-0.1356741726732485	0.992105124641862
48.69089903316728	50.27000545436425	-0.0037846061560757684	0.9998579526017485
48.824530058573124	50.40106413085616	0.12946131076547557	0.990563444610274
48.96024566957074	50.532124377853506	0.26235466048872935	0.964311252348848
49.09905348546699	50.66316640994541	0.39324508763125365	0.9215597222420318
49.242032902582444	50.79415862430896	0.5202155840093649	0.8630629178832402
49.39005019055749	50.925044412087054	0.6405841949618101	0.7898708292471126
49.543353943584385	51.05571248105042	0.7500304074792397	0.7033417875375773
49.70117818469238	51.18594355034349	0.844929719564689	0.6051789991721859
49.86171099616066	51.31533114863698	0.9191424786422964	0.49749647545364434
50.02242271413248	51.443218520597476	0.9703864005842116	0.3828696592737024
50.180781990238636	51.56868779109295	0.9959690485519863	0.26430513226234925
50.33500938591358	51.6906967457767	0.9973967698103301	0.14500310221597085
50.46590744282546	51.80831390357119	0.9796853550791924	0.027946484138152986
50.59680237250847	51.92092707162191	0.9452445096482498	-0.08450655918339822
50.72768944213458	52.028511791798216	0.894666594650085	-0.19102815312860383
50.85855874931358	52.131824585102954	0.8288228127241011	-0.2911455420335307
50.9893897436171	52.232205476204804	0.7488542777208241	-0.38549990443329557
51.12014567529493	52.33157413578794	0.6561607260064188	-0.47519741421379136
51.250763554887165	52.43200105291163	0.5523892962834823	-0.5608299516467847
51.381131120920145	52.535453094618404	0.43943144599995493	-0.6434418359010394
51.511076988007545	52.643680528884985	0.31940499035284664	-0.722314188984391
51.64031737821006	52.758004388501135	0.19466616117868032	-0.7962999217529313
51.768416608550766	52.87921153549403	0.06779769364656617	-0.8634764924911562
51.894757004279	53.0073887917109	-0.058439750515248357	-0.9207646172929917
52.01851090070322	53.14182207850505	-0.181196002775908	-0.9646986759829728
52.138692551190545	53.28103741454813	-0.29773972167690194	-0.9920562059597371
52.254313979431124	53.423062568087886	-0.4057867480998886	-0.9994979044388925
52.36451492274824	53.565923708069334	-0.5037689643307073	-0.9869242945452456
