1.8836785711620185	4.290323955749282	-0.30779088089079976	-0.40948453437387
1.8832227942032467	4.415158285155292	-0.30735327314709215	-0.2927632693104664
1.8778070263773232	4.5383217367605315	-0.3021534009439577	-0.1731329795289145
1.8710614486872252	4.6593799300645395	-0.2956767307741387	-0.052974178647165235
1.8668909949351669	4.778002610028312	-0.2916725291102521	0.06555949494759614
1.869121786931619	4.8940937765577806	-0.2938143922155725	0.1806752603338431
1.8812162744647987	5.007920010924875	-0.305426741850264	0.2911313605107977
1.9058454086676457	5.120198535842653	-0.3286685880698895	0.39640366355976386
1.9449351607548584	5.231928902057695	-0.3654413345010301	0.496284996222615
1.9994215892380605	5.344452042842048	-0.4155042326528192	0.590743526142778
2.069547865606979	5.458918482596603	-0.47827639307741876	0.678957646704046
2.154559400173791	5.576302185326811	-0.5509403604891249	0.7601107077661576
2.252873551242046	5.696980672230955	-0.6302559666443677	0.8326846215465351
2.3621890910385863	5.820893013882135	-0.710995992359921	0.894627871726738
2.479832973728456	5.9475414088151535	-0.7885240495252113	0.9437800534616485
2.6032092219873415	6.076363030888635	-0.858122330889499	0.9782900588490948
2.7301674774608453	6.206933443425642	-0.9161033219117543	0.9967640015924165
2.859167620085437	6.339153622370207	-0.9599086284578122	0.9982422819018723
2.9901048628566245	6.473622165397892	-0.9880755889404194	0.9818638391281096
3.121111339342614	6.6105412784207385	-0.9993567721914963	0.9465870268767422
3.2522975781840016	6.751021178084241	-0.9935222154619313	0.8921115541238189
3.383919844853324	6.896241017306167	-0.9705461755758975	0.8175945610128614
3.516533120295398	7.047237341263466	-0.930471005131791	0.7218493767249864
3.6512638711063237	7.204620262082397	-0.8727356329284742	0.6044096238064219
3.7902460725094578	7.368093429514729	-0.7965556480062439	0.46681696346436574
3.937122659165618	7.535904015786764	-0.6995947507858318	0.3127030907891049
4.0974784313198125	7.704634612350723	-0.5766975951834993	0.14872112053447162
4.278814584657506	7.86959231951324	-0.4200455755103726	-0.015600416146683102
4.489409182590599	8.026249139247621	-0.22102952549114996	-0.17135569132934697
4.734976880990258	8.172078716072761	0.022573041296099643	-0.31272140099598367
5.012267137573585	8.306529298749224	0.2953051921355459	-0.43711521139006937
5.301999791211304	8.427997077573066	0.5557761149942575	-0.5428796113453878
5.5749952993118645	8.530403114575913	0.7592465906957775	-0.6257877873666295
5.813358688578134	8.606804704271733	0.8912079222406986	-0.6836777452778241
6.0182136292276045	8.65702658940288	0.9647771584941509	-0.7192339805115252
6.198121281210707	8.687766323403272	0.9959348402769557	-0.7401896402342238
6.361056577861175	8.707955336084916	0.9966116270053805	-0.7535386777882358
6.491669705829733	8.725359081661866	0.9779275377292631	-0.7650460881282369
6.622132288486532	8.744768142781556	0.9426613580545138	-0.7773402510103142
6.752379742500442	8.76968985444512	0.8914948802360496	-0.792612431415741
6.8823176502160806	8.802771954071305	0.8254193669407263	-0.8125645755778986
7.011813170397938	8.845832414246837	0.7457330176002954	-0.8367641633541913
7.140646281763871	8.90010288259309	0.6540624429095587	-0.8650993027271309
7.2684925785824515	8.966210039993216	0.552367651876679	-0.8963184233522737
7.394875887485013	9.044269665555568	0.44295754384821556	-0.928379876307402
7.51911835920817	9.133915208695404	0.3284937944924111	-0.9575549672279646
7.640207786331288	9.234366224290278	0.2120467622048094	-0.9818693183643269
7.756951882030319	9.344259947913356	0.09683104682886795	-0.9963625875336244
7.8677625205291495	9.46193321970228	-0.013771820884436835	-0.9988331170798237
7.971037474800758	9.585437347978228	-0.11676497984150663	-0.9866410711480739
8.065289364962485	9.712836773436646	-0.20964043349489936	-0.9583371127117184
8.14942488210684	9.842460205564345	-0.29104707748444636	-0.91361874903241
8.222877907871249	9.973081335715422	-0.36050952190155866	-0.8530734994808304
8.285727387154354	10.103903631494976	-0.41836760640049414	-0.7778820619692077
8.338710767205296	10.234477086541483	-0.4657843933079213	-0.68957731780303
8.383147722525564	10.364590094905754	-0.5045692797465829	-0.5898911919830223
8.420885619018149	10.49416419161654	-0.5369988295810812	-0.48064479519881764
8.454309705584786	10.623185075201073	-0.5646386951939908	-0.36379541996096043
8.486369021935923	10.751630694261324	-0.5909997514132486	-0.2414850797308189
8.520336325274563	10.879553879768457	-0.6178347717109276	-0.11573431165713613
8.559696596454025	11.007016932669941	-0.6483472444381115	0.0114351176329827
8.607794084531804	11.134202283970936	-0.6844197682910281	0.1381358057200049
8.667442216790034	11.261368102547001	-0.7265977298395924	0.2625795972989979
8.740422605278063	11.388790692859175	-0.7746772785143712	0.3830129354344532
8.827199974196938	11.516737829337094	-0.8262929011652598	0.4976822844072504
8.926817258147446	11.645364216174727	-0.8784374162824629	0.60474819434649
9.03723556803335	11.774713829104837	-0.925586758816254	0.7023330806511063
9.155754065377014	11.904683319958984	-0.9636468118245329	0.7885684077874493
9.279752709075733	12.035148546488768	-0.9890863864891892	0.8617671620026344
9.407104229997572	12.166017625125955	-0.9994449460139503	0.9204998942916564
9.536325777066631	12.2972724560711	-0.9934429053929336	0.9636260965450414
9.66652104407103	12.428981130506239	-0.9706735738214428	0.9902806872692954
9.797235193540551	12.561285477048388	-0.9313120322708731	0.9998402982499619
9.92843814574301	12.694381110832225	-0.8757949941415331	0.9917476428103841
10.060102178765591	12.828439178825064	-0.8047238654991365	0.9655869681129096
10.192747678063228	12.963597002052214	-0.719079612021176	0.921741413252992
10.327377615803629	13.099849587983886	-0.6192899824044131	0.8606184924725686
10.465737814011858	13.23700067235303	-0.5051462133788003	0.7830882264592435
10.6106080965598	13.37463233914117	-0.3754425085352491	0.69059354660823
10.765994017578294	13.512119793290566	-0.22746997740605235	0.5850800001299273
10.936968523554462	13.648757000268409	-0.058567210573650615	0.4690634774928309
11.128708615327177	13.78382870721041	0.13271066575599227	0.34587366908558953
11.343828804859454	13.91675241404009	0.34109128461752575	0.21852644662290432
11.578591055188843	14.04679316507377	0.5503232070266175	0.09020570037279797
11.820717249792825	14.172337620578395	0.7344757035129688	-0.035147542612325056
12.053602800271099	14.29034605782793	0.871159596303176	-0.1525054135725705
12.265902908997514	14.397252553083767	0.95487571145744	-0.2570989475851738
12.45569113507901	14.491098904393617	0.9935246096836388	-0.3464322056758894
12.626611586743365	14.572517554209034	0.9981080965712855	-0.42167543904648364
12.75747128874493	14.644381244519902	0.9817190559362731	-0.48567756359048475
12.888289383005564	14.709755465677539	0.9484285106288257	-0.541699628419063
13.0190344331335	14.771898216890738	0.8989983886832081	-0.5928514814548326
13.14965809249478	14.8340700586484	0.8343240371976035	-0.6417384691959788
13.280085420971552	14.899167764532262	0.7555935766983248	-0.6902161701990556
13.410199319188893	14.969561889483316	0.6642864773767169	-0.7392707391259487
13.53981693887351	15.047057892124352	0.5621759970467755	-0.7890475723693098
13.66865891808721	15.132900848349887	0.45133365564706285	-0.8389464454396076
13.796317568389092	15.22777422069702	0.33412507256564367	-0.8865042518910049
13.922159287145307	15.331842111176549	0.21325065646248076	-0.9300711264190908
14.04536964927892	15.4446278951311	0.09162266544591051	-0.9652335979834031
14.164785748901128	15.56512869571074	-0.02760063888671882	-0.9894290278891309
14.279105547304692	15.691791574342108	-0.1414051185220475	-0.9994921183810279
14.386981816168806	15.822776815374155	-0.24721401948607546	-0.9931356234963983
14.487262617148948	15.956257709147076	-0.34282331049102155	-0.9692446744459535
14.579302137153542	16.090684579015416	-0.4278391598034368	-0.9275011262948147
14.662973421439872	16.22504420959332	-0.5016779993697158	-0.8689643968830286
14.738941480591372	16.35875060082674	-0.5658348438537895	-0.7952479722182473
14.80848784551645	16.49160381743559	-0.6217582044015002	-0.7080004829643778
14.873464778092714	16.62362540056794	-0.6712840237275569	-0.6089702979823279
14.93619000143828	16.754945272940304	-0.7163905389630991	-0.49996354688820177
14.999329259660954	16.885728664151305	-0.7589530162462528	-0.3828427431671628
15.065727042188716	17.016140823042452	-0.8004881440141454	-0.25953112479557466
15.138145008697002	17.146335693473766	-0.8418936159555666	-0.13200910120823192
15.218909848247318	17.276453418461784	-0.8824805729575613	-0.0023046591784019192
15.309428126156195	17.406603721913783	-0.9212217298172676	0.12748645575795475
15.410042036667564	17.53687024067924	-0.9555860382200665	0.25520271216554347
15.519935767964949	17.6672960577054	-0.9823604592804445	0.3787186031807639
15.637427556883255	17.79788274496854	-0.997301850597774	0.49592632252763535
15.760416090703307	17.928600976218114	-0.9983526880246586	0.6047888433974515
15.887012235336034	18.059421958181368	-0.9837647801959616	0.7034097012235951
16.015750019875245	18.19032571741111	-0.9528340984317791	0.7900741280373745
16.145651556486122	18.32130880325923	-0.9056746978547741	0.8632812854621524
16.276148984847584	18.452384612677942	-0.8428110899402217	0.9217632840970045
16.40696857936921	18.583578682142278	-0.7653195403606743	0.9644966619397066
16.53804743111842	18.714920657899004	-0.6745947143907897	0.9907114713656432
16.66950642337553	18.846433407619287	-0.5720192576336545	0.9999019356003621
16.801695774615936	18.978183932735206	-0.45895567273216875	0.9916510581143505
16.935271632646128	19.11012889750439	-0.3366072621751599	0.9660041553703215
17.07136981122835	19.242218345575786	-0.20581747180850976	0.9235536836510514
17.211700869029187	19.374365754951363	-0.06699794098899758	0.8650307180138901
17.358571378061544	19.506451557578398	0.07969231169019382	0.7915047659281493
17.51461458412027	19.638341746543485	0.2335925739928812	0.7043628221945732
17.68216077849734	19.76986808227378	0.3923585255114015	0.6052966593176704
17.86202115535165	19.900793347093984	0.550525637245485	0.496301330046184
18.052202940280846	20.030674994418916	0.6983059243469538	0.37976539714446994
18.247372297796584	20.15865100748114	0.8237045748793724	0.25865017064280404
18.440369159316095	20.283264679470104	0.9169921570486457	0.13661459365431658
18.625088779362834	20.40259855703398	0.9744415837326219	0.017742012144635576
18.798506559865462	20.514833690366935	0.998396764551418	-0.09429446370681763
18.955454764946417	20.618968427146683	0.9939744332606569	-0.1972565722904215
19.086341150962575	20.71527864610709	0.9717549182422132	-0.2905508309870103
19.217209205119747	20.804661898060086	0.9329390443649379	-0.37484006384995977
19.348040530257588	20.889052325352022	0.8781996070142782	-0.45150474882391095
19.478801610044805	20.97087749700815	0.8084488262974452	-0.5229509825092056
19.609439289706607	21.052829732012874	0.7247965838107524	-0.5910709292866055
19.739866781054406	21.137378888470735	0.6289984386185569	-0.6568308634050353
19.869937248635853	21.226593669615173	0.5228561021905178	-0.7214938514154262
19.999436646766313	21.322099731942114	0.4084298195498997	-0.7840572047591541
20.128013812126213	21.425009561999552	0.2880660366157734	-0.8439613188816452
20.255183834721116	21.535842910634752	0.16434515458722754	-0.8977992131039814
20.380186493836018	21.654525987740357	0.04013933170667009	-0.9434485889071845
20.50206933917987	21.7802749460749	-0.08158885139226996	-0.9774064289934219
20.619684049399396	21.91168807786184	-0.19795484516754897	-0.9964620921723006
20.7318322357614	22.046954520069225	-0.306444523898569	-0.9982473812357714
20.837510547700276	22.184194803212755	-0.40498210526667	-0.9812947163552849
20.9361583681602	22.321823195902457	-0.4930716846822911	-0.9454630593425343
21.02780232155284	22.458798761237095	-0.5705281954791213	-0.8921958393912331
21.113243691946455	22.594573211448065	-0.6387297631789891	-0.8230071370750778
21.193906877342474	22.72902682451284	-0.6983846007012904	-0.7396166336906228
21.271713743898527	22.86227663053297	-0.7518114787505508	-0.6438123005718389
21.34896527251546	22.994566237799425	-0.8005205756489359	-0.53739136285089
21.42815968783888	23.126158527082175	-0.8455991951017812	-0.4220752956602149
21.51175908532524	23.257292670837273	-0.8868671836699217	-0.2998889510691092
21.601736923611423	23.388152942784483	-0.924844508743593	-0.17286112897531675
21.699487493997918	23.51888615694693	-0.9573322771567307	-0.04303041904981607
21.80534831065223	23.649587549296157	-0.9827088183662379	0.08748713974787978
21.918782669934966	23.780315608982416	-0.9971296424457218	0.21653217645490125
22.038400432103714	23.9110893757202	-0.9985160274363716	0.3419284898444611
22.162577901518205	24.04191053753896	-0.9849565585969263	0.4615407839808723
22.289780354037077	24.172771467574233	-0.9553878343586648	0.573320367431714
22.41879941899852	24.303664181595256	-0.9096603921357811	0.6753500390253402
22.548816501552515	24.43458493398773	-0.8483073390308955	0.7658809128186802
22.679345848221338	24.565534724310275	-0.7723229274367046	0.8433613984719939
22.810141550700983	24.696517038880714	-0.6829129685271361	0.9062560659227443
22.941123526540977	24.82753434859116	-0.5815855206845855	0.9535537413283042
23.072346379328017	24.958581861004173	-0.4701223373552447	0.9845295562899399
23.20401370996644	25.0896419857864	-0.3501943841419818	0.9986464427406997
23.336536070695463	25.220755730960153	-0.22339967001655456	0.9956572216031243
23.470614778164965	25.35210900523588	-0.09115764713913728	0.9755537929142637
23.60732806309566	25.4834913642135	0.04535330614281786	0.9386638397935863
23.748149394611445	25.61485812536997	0.18511882709622424	0.8856291705403113
23.89482666307455	25.74615008360627	0.32662973309955545	0.817396096862338
24.048978211387023	25.877290979304696	0.4678370916699619	0.7352054164858827
24.21151548236927	26.008148220200027	0.6045749038031851	0.6406031511987456
24.381820371202885	26.138471062597343	0.7309928209024119	0.5354651838120564
24.557329865126476	26.267770806424586	0.8387503420828826	0.42205728699761474
24.733872351555405	26.395187920562538	0.9210892093202327	0.3034389606331996
24.907054733602045	26.519473306708736	0.9741756338818368	0.18300528087092635
25.07370510621991	26.63917869436432	0.9981459355957858	0.06431050063488135
25.231037121430784	26.75304958101517	0.9946898164374607	-0.049479454324897205
25.36193115935727	26.860467266506745	0.9734115088089188	-0.15620922253007036
25.492816073072664	26.961470201878548	0.9355057268563187	-0.25503180841812884
25.62368098613251	27.057056512455937	0.8816243344185929	-0.34604367991100954
25.75450420665456	27.14889332307205	0.812701155536191	-0.4307082380756114
25.88524929186337	27.239270534105437	0.7299433556368695	-0.5102207482553216
26.015849998315918	27.33048855623414	0.634688270019373	-0.586654380839486
26.146206540027343	27.42477925793517	0.5288080284733797	-0.6599921082202714
26.276139264992768	27.52396858098301	0.41437835871535333	-0.7313601563717113
26.405395060290356	27.62947501991826	0.293638721064189	-0.7988809759236759
26.533550227243254	27.742188126190463	0.16910395752686128	-0.8612970437697861
26.660008431413065	27.86237027963153	0.043500488737503194	-0.9158895221167958
26.78395527482543	27.989568415285632	-0.08029545929407976	-0.9592557757243089
26.904364481161014	28.122614713896894	-0.19941372230503523	-0.9880393994507453
27.020108585336587	28.25978359745509	-0.31128580393152555	-0.9995430396835778
27.130175891565337	28.399129070805117	-0.41368102170723736	-0.9921964226011272
27.233956106233425	28.538882988343254	-0.505647149249917	-0.9648950329088217
27.331327790727453	28.67783336716454	-0.5873483812145339	-0.9192504757368001
27.422950362033987	28.815317341936797	-0.6586204588128579	-0.8567990266419386
27.51013467952166	28.951139651138327	-0.7217453298543947	-0.7793037123256464
27.59471364012888	29.08544565809081	-0.777578985496545	-0.6885785877045503
27.6788435485837	29.218520034204893	-0.8274661431170577	-0.5863725367891008
27.764820175921127	29.350685270963726	-0.8728157994284614	-0.4744398149453858
27.854914269218316	29.482240371951836	-0.9129288703724106	-0.3548591106401472
27.950844582307298	29.613411495338624	-0.9478965996100703	-0.22955657726244008
28.053738846081334	29.744372234737636	-0.9752861185389889	-0.10054211275085731
28.163730315265873	29.875235869920356	-0.9935317524812292	0.03008585599620615
28.280207926769382	30.006072970825063	-0.9998155221534974	0.16017221398381598
28.401928505986287	30.136916952103487	-0.9918126889476867	0.28753633625491887
28.5274326086773	30.267778799673625	-0.9680890615392409	0.41002001661683285
28.655397090865826	30.398658930088803	-0.9281595298931038	0.5255357721246497
28.784816587553888	30.5295546879393	-0.8723226200116544	0.6321103563952328
28.915026687430647	30.660463643251976	-0.8014339618110637	0.7279218178887505
29.045640390106843	30.791383619685792	-0.7167205329254374	0.8111388554574941
29.17646597743436	30.922310797724887	-0.619659366441091	0.8804096644047921
29.30744637517122	31.053235412597527	-0.5118996552338071	0.9346196397396127
29.438634737242353	31.18413692569635	-0.39519785563011955	0.9728444995625516
29.57020920938295	31.314980272039676	-0.27134293349326866	0.9944404355055028
29.70252129465657	31.445714876416336	-0.14206706531203478	0.9990644795173116
29.83616450443207	31.576895168377426	-0.008959806638092958	0.9865927024868364
29.972042313282557	31.708090080574138	0.12656605893381612	0.9571921173544259
30.111369949007816	31.83927038709293	0.2630077457502261	0.9113706238373898
30.255544130483567	31.970397983578476	0.398793439284556	0.8499342114552569
30.405859411236506	32.10141176423175	0.5317325094233156	0.7739848853866925
30.563014740558557	32.2322018073261	0.6574742713309896	0.6849280454782698
30.72647163057826	32.362555922896796	0.7715522425611238	0.5843521168817859
30.89426486932994	32.49205618552882	0.8666330017260322	0.47463735336555374
31.063135794847934	32.61998838854902	0.9379727230091429	0.3584758606500636
31.22960680035636	32.745307574139076	0.9826275685546392	0.23901807060025435
31.390988463961193	32.866763265829576	0.999216805075759	0.11965537340097449
31.532423000589343	32.98324184549373	0.9929772730416249	0.003478727233656023
31.66331835686514	33.094010710338004	0.9694415425616364	-0.10704193692053515
31.79420637485124	33.198855399509775	0.9292647574367604	-0.2104452429276196
31.92507756554877	33.298497212626124	0.8730003865408447	-0.3067271518581613
32.055914019728	33.39447969227079	0.8018661870998943	-0.3963552820988482
32.18668048028295	33.48872823366639	0.7171111899943772	-0.48117510188851614
32.317321657420266	33.58353398351852	0.6202415940445616	-0.5617303719744453
32.44773414865055	33.680980331506916	0.5130226356409432	-0.6397542652606254
32.5777671782947	33.78296424389635	0.3974553556798902	-0.7144239183554362
32.707156948887956	33.89093874013133	0.2758026814757824	-0.7855698518996479
32.83551803800489	34.00586133812097	0.15055574914101932	-0.8513662129242527
32.962287058653544	34.12805180587163	0.0244197290980733	-0.9089390758727846
33.086677543101445	34.25710018268978	-0.09974251538472825	-0.9548892956888198
33.20769153278038	34.391849151208696	-0.21906715508610364	-0.9858573615583126
33.32423302067489	34.530553112029885	-0.33098378637336057	-0.9991531143608356
33.43532903093376	34.67123195532171	-0.4336038899191218	-0.9932391991558036
33.54039377876312	34.812102269103235	-0.5256581452780354	-0.9676750083021605
33.6394311056709	34.95190401852466	-0.6070537357817162	-0.9228697466546021
33.73308225369867	35.09002657479551	-0.6788300653940027	-0.8611129898140261
33.82270414328271	35.226326091278814	-0.741642033095755	-0.7842054679558084
33.91011773106946	35.36097085146499	-0.7973228572130586	-0.6939942151834129
33.99746804264888	35.494286468660846	-0.8470943806834871	-0.5922967036578176
34.087002353399726	35.626626324275435	-0.890894621600876	-0.48089343070505164
34.18070289017337	35.75830010118976	-0.9298356940116996	-0.3615623271312476
34.28026311501985	35.889566124410855	-0.9613504848532881	-0.23641680528297554
34.38639375772912	36.020597099275605	-0.9850040903713981	-0.10747052489229417
34.499150292354145	36.15151540936641	-0.9981668902036804	0.02318463117888721
34.617772167126425	36.282392106201875	-0.9981077195391549	0.15339169162935573
34.740987916294905	36.413262058923564	-0.9830734912210431	0.2809688154791893
34.867439059778384	36.54413923424703	-0.9522390752686468	0.4037574884760201
34.99595732655062	36.675027033188876	-0.9053769460783271	0.5196688832424224
35.12567700186573	36.80592452703624	-0.8428267720275273	0.6267259659267691
35.25603717135951	36.93682926372915	-0.765641764163599	0.7231003643645546
35.38672135125399	37.067736948515105	-0.675256204583448	0.8071440355410091
35.51758062874113	37.198638652846476	-0.5732445547205611	0.8772969583966204
35.648581735405706	37.32951679919504	-0.4613342338761629	0.9322814047086411
35.77979213005264	37.460340714649554	-0.34134421661721354	0.9713217790531079
35.91139857989792	37.59106297345387	-0.21511365065088373	0.9937721312010668
36.043755370520856	37.721620629108365	-0.08441882316416828	0.9992930982389133
36.17744645093737	37.852746420641544	0.04909861417595162	0.9877398127303121
36.31334417996963	37.98387989607035	0.18395766552683532	0.9592550543802583
36.452590953883835	38.11499552489538	0.31853354070369977	0.914332927033841
36.59645605258114	38.24605828585732	0.451006276396847	0.853764120536117
36.746039012337334	38.37700962181875	0.5790237463146685	0.7786345218386079
36.9018203419612	38.50773771569968	0.6983493902213092	0.6903360975546422
37.063131119940756	38.63802311308873	0.8043215550527705	0.5906028972026934
37.22799401438706	38.767449836231386	0.8906218215479227	0.4815786281953818
37.39345561722237	38.89532181267014	0.9534283984871116	0.3658623312542181
37.55645038575538	39.02063221221635	0.989456104573971	0.24668816751159445
37.71473396952373	39.14222311670977	0.9995093778633103	0.12732936605887238
37.8456321197193	39.259048977745366	0.9888525515299449	0.010852048475268977
37.976527274919746	39.37038701421025	0.9613060328760613	-0.10026426722125682
38.107414822761385	39.4761197413966	0.9173430916866279	-0.20466782410830103
38.238285028436955	39.576988169118664	0.8577203796448927	-0.30221993802737346
38.36911906781675	39.674467608291	0.7834699025638225	-0.3934213442412201
38.499880831351014	39.77048114714799	0.6958908399328662	-0.4798990396863922
38.63051232925477	39.86724841833629	0.5965366045278332	-0.5621679311814036
38.760906175828595	39.9668096816241	0.48721605098813653	-0.6417372649087643
38.890903233879534	40.071009756420864	0.3699724390674545	-0.717860037228804
39.02023197329435	40.181252017729776	0.24707870313641916	-0.7899379166470015
39.1484858323576	40.29842616338981	0.1211113828262169	-0.8561399907460583
39.2750788570406	40.42276560387415	-0.005167285663892327	-0.9135168385868162
39.399204419909175	40.55375499670049	-0.1289204646704692	-0.9586465501826736
39.51986105991126	40.69012524626178	-0.247348688506782	-0.9882176925827366
39.635984004549094	40.83004691918407	-0.35785626137349713	-0.9996652924648403
39.74668459613047	40.97151422139372	-0.4586996450388192	-0.9913098190634583
39.8514551737855	41.112809574114486	-0.5491077939625378	-0.9627873308303911
39.95037343858529	41.252807991553816	-0.6289824812452761	-0.9158339733591763
40.04428439317179	41.390956435645336	-0.6989654600369952	-0.8520817628402348
40.13462018771616	41.527189091189264	-0.7606388853244433	-0.7733724675510987
40.22327263794976	41.661742256440725	-0.815135205225265	-0.6813794055530212
40.31238693998959	41.79498215039431	-0.8632454352980057	-0.5780274245340714
40.40411366940393	41.92727362114476	-0.9061104805930633	-0.4653372431511489
40.50042752164367	42.05893007249473	-0.9422109128527798	-0.34515167788926837
40.60259504145417	42.19018864062482	-0.9714660948512042	-0.2194023397945883
40.71127965965803	42.32122645097117	-0.9915264275978487	-0.09010675421805292
40.826252895224826	42.45215693793101	-0.9995461388945536	0.04062936909758308
40.94655861073909	42.583044828839355	-0.9939786419706278	0.17064121645759378
41.07095401585347	42.713923911296455	-0.973180404748151	0.29774867098231617
41.19816344579317	42.84480748527802	-0.9363916840146932	0.4197999018911002
41.327124857726545	42.975698764070266	-0.8836757599434562	0.5347177073071612
41.457081814329946	43.10659680915391	-0.8157278477264853	0.6403831425945106
41.587561481843224	43.23749871848651	-0.73367986584764	0.7350409877186235
41.718305053014255	43.36839846803307	-0.6389580045582992	0.8171208183454086
41.84919970137639	43.49928366349396	-0.5330853044379007	0.8852221941001717
41.98023711440424	43.630130391734795	-0.4179252809458348	0.9381840547861542
42.11150675649928	43.76089885955134	-0.2954164812512239	0.9751109228251404
42.24322086829488	43.891531955215335	-0.1674178824005016	0.9953984011224277
42.37576435662765	44.02195782788721	-0.0357129578228433	0.9987544329212515
42.50975247037852	44.15306287173827	0.09804731889610416	0.9850603522004538
42.646079616051054	44.284169756854254	0.23234731701651767	0.9544838209786981
42.78587482163727	44.41525350315301	0.36566255959430494	0.907553666999688
42.930346830254315	44.546276626420095	0.4956878127655153	0.8450950272811147
43.08042660519777	44.677177049114256	0.6198659975440619	0.7680472758918221
43.236379993386166	44.80782914283137	0.734301283226252	0.6780087862880976
43.397318828979714	44.93798325081715	0.833373798699019	0.5768627171273146
43.561086936601235	45.06718159042768	0.9122178541055919	0.46683806095670455
43.72478433540988	45.194682533199014	0.9668577726748151	0.35064569922787125
43.88559080875369	45.31946947240414	0.9948393818153236	0.2314156767271513
44.0416300882327	45.44042372716448	0.9981366139298709	0.11239907277522407
44.17252784380767	45.556594230754904	0.9819088051595241	-0.003498450753922243
44.30342202893496	45.66742548580671	0.9486973870321823	-0.11405368227502129
44.434307237042646	45.77292777924695	0.8992951279782148	-0.21796028853872196
44.565172019173545	45.8739591983184	0.8345559198336889	-0.31532593186795116
44.69599510549149	45.97213609463826	0.7556047188815125	-0.4067111625777218
44.82673587155909	46.06939342290842	0.6638289725334124	-0.49349667158463806
44.9573266489724	46.1678903373933	0.560866799798588	-0.5766035809152228
45.08765311750585	46.269627693631925	0.44860079702508887	-0.6564615518001855
45.21752648570306	46.376327060673326	0.3291557989838852	-0.7332132164793236
45.34666346361151	46.48928490977747	0.2048809701707718	-0.8051646716896596
45.47461586042847	46.60924059370425	0.07836428455192199	-0.8702020453209297
45.60073678423704	46.736248774343075	-0.047611965332695516	-0.9255475918754313
45.72418009231805	46.86957568658745	-0.17018953188544889	-0.9677500340646976
45.84394185318296	47.007750532966405	-0.2866353766942715	-0.9930108824195403
45.95895213820342	47.1488486722075	-0.39461351578712894	-0.9992161519517462
46.068390065240905	47.2909014432508	-0.49263318152686997	-0.9856475234250097
46.171954234147954	47.4323108279599	-0.5799641981138219	-0.9526571712395828
46.270005108840934	47.57208654518787	-0.6567446085599773	-0.9010260658216219
46.363521959264155	47.70987727922434	-0.7244540636012587	-0.8328066632544762
46.4541031721128	47.84576174344836	-0.7836050833337485	-0.7502000551665227
46.54370955010596	47.98002352219662	-0.8360702691043893	-0.6550578687435
46.63451490654986	48.113041034997785	-0.8823346491896371	-0.5491889103830281
46.728585272976886	48.24517566531836	-0.9225045490910904	-0.43440949198795364
46.82762023692764	48.37672936636982	-0.9560467620925008	-0.3125894003674051
46.93271617604098	48.50793264290183	-0.981703144258395	-0.18566097391825342
47.0442072408695	48.63894704290314	-0.9964411973802731	-0.055702420127588886
47.1615321748036	48.76987139873416	-0.9988178190381167	0.07508708671959141
47.28366498973221	48.90076242634131	-0.9867793679575764	0.2045358278785284
47.40933495760931	49.031647063829816	-0.9590661803597613	0.33046711632541936
47.537348254377484	49.16253545680943	-0.9152959440956836	0.4507468489493392
47.66677153907814	49.29342971066428	-0.8558328846839981	0.563328408539939
47.7969724833609	49.424328321515176	-0.781585244688666	0.6662923711269567
47.927573361298364	49.555226979955094	-0.6938302672925318	0.7578808958063307
48.058378898793706	49.68611659444623	-0.5940965262503116	0.8365279493142646
48.18931741946903	49.816979379887556	-0.4840892461230417	0.9008870149689725
48.32041181991541	49.947784170173655	-0.36556878101867524	0.9498579125607869
48.451783520645364	50.07848169953078	-0.24046933377584057	0.9825210507088946
48.58368724945463	50.20900441633997	-0.1107358930629066	0.998226273657794
48.71656832815059	50.33934871993296	0.021867802441708287	0.9969884695752718
48.85110915321749	50.47043967430909	0.1557088546041926	0.9786968420351971
48.98826633330491	50.60152554965066	0.2892583009600286	0.9436448536093277
49.12918345398223	50.73257952085242	0.42089245727409563	0.8924469105346579
49.27498981769604	50.86355893143621	0.5480796398849623	0.8260127557558116
49.42640386704021	50.99438762965198	0.6678490047153557	0.7455496600348426
49.58331438308277	51.12491179739406	0.7760176580428191	0.6525861931154513
49.74444980021872	51.254832165540186	0.8669531408692424	0.549024780952403
49.90743782743389	51.38362103344314	0.9361933243251279	0.43721328261257675
50.069440218067406	51.510466809095966	0.9806412642432383	0.31997900152444625
50.22796170153124	51.634319728234814	0.9988216384308548	0.2005184055552897
50.37325105429871	51.75410216848355	0.9937985028594689	0.08204626165668019
50.5041480651563	51.868973333411006	0.9713447938962368	-0.03267304127424835
50.63504026827391	51.978506361369135	0.9322940148784276	-0.1416904848503178
50.76592095580005	52.08301657733861	0.877312705584361	-0.24421153761982498
50.8967765559046	52.18359521138899	0.807193547891845	-0.34020879882715727
51.02757980875479	52.2818863823165	0.723231318817201	-0.43093258380971805
51.15828530077966	52.38000030478591	0.6270297089869765	-0.5170956910436193
51.28880988212934	52.47998536047162	0.5203206892811011	-0.5999421936254279
51.41902172061343	52.58378624850075	0.4050727317062037	-0.679691106205721
51.548709457398516	52.69299039775689	0.283487044298046	-0.755348993273838
51.67752673492949	52.808729949904574	0.15800882877264294	-0.8258617560317908
51.80497510696781	52.93153776091658	0.03128308433502099	-0.8886157308367939
51.93034897679461	53.06121047884701	-0.09388510672054781	-0.940318472818524
