5.33008589781679	5.119165738119316	0.5790017672680395	0.3954559645799606
5.46073508194303	5.232656963322749	0.6803200738467939	0.4969115660732025
5.591226253955145	5.337218273014661	0.7699785480473921	0.5848998459358579
5.721499644814054	5.430267179889576	0.8462624814434133	0.6574695224459756
5.851470745937164	5.509574966855383	0.9080467608154548	0.7150917452796206
5.98102514721218	5.573465671999428	0.9544036093416894	0.7582351963913934
6.110002212536588	5.62104418464393	0.9846822539249156	0.7882902990743925
6.238172345278109	5.652196585677886	0.9985863412626397	0.807380684802125
6.365206810947226	5.66746686902784	0.9962211198130293	0.8160981320312221
6.4906332267533795	5.6684390924444035	0.9781536014443457	0.8166445127668526
6.61386498394992	5.657388941694249	0.9454613469665261	0.8104344283430085
6.734124934658353	5.637424372825215	0.8997810263975573	0.7983281805953945
6.850475366373037	5.612605917629041	0.8433144414410033	0.7831192763974485
6.96201130852319	5.587088296624059	0.778065701236268	0.7672425178768932
7.068022379054348	5.565016041439157	0.7071545530358033	0.7526482745619201
7.168187025328732	5.549923124574625	0.6331927932575737	0.7426687913052972
7.2628422484361215	5.543972640014658	0.5570401614934122	0.7387343125317123
7.352901864426719	5.548732887844152	0.48035052063313044	0.7418818031021696
7.439728314907666	5.56488751860421	0.40231648468650905	0.7525632948664139
7.525095915733964	5.592854472326428	0.3228705516048529	0.7710154674776771
7.610917044552054	5.632721527679641	0.24062738621118343	0.7954462477469779
7.698949126183532	5.6848405948090726	0.15433568526718708	0.8258620082260026
7.790997372640321	5.749263980077678	0.06294222644075574	0.8603933532704541
7.888407377748258	5.82606313776295	-0.03440309701304472	0.8969746727733507
7.992156586085251	5.914796694061095	-0.1376884127528475	0.9326900013373625
8.102454583383368	6.014707772914465	-0.2459046272052506	0.9637992166472444
8.218822994781835	6.124413977220093	-0.35669495969853804	0.9869363797919233
8.34028080042331	6.242058001395397	-0.46718307304827444	0.9987083725951391
8.467222655020285	6.368474856713814	-0.5753169881176263	0.995913620125584
8.598123837113134	6.501478695715123	-0.6771672017929713	0.9757881248406787
8.729028509965245	6.636562376487262	-0.7674723254582126	0.9377741440632452
8.859943837767071	6.775271504354241	-0.8446600482034913	0.8811039472689187
8.990889779220675	6.919890527951719	-0.9071836540874889	0.803877578381342
9.121919665149203	7.0735914598797205	-0.954208867741156	0.7032172659515545
9.253166691226353	7.240437767716274	-0.9849281010986701	0.5755674243099748
9.384942804623902	7.424945045970219	-0.9987489533201033	0.41588166649665276
9.517929858025392	7.631205802860334	-0.9951738295474493	0.22083050373085478
9.653464344157193	7.860467504210973	-0.9735213361705151	-0.006481603547225836
9.79374539006475	8.10731286897568	-0.9324939665995378	-0.25061382895215367
9.941451314204299	8.357052143360912	-0.8691718420349137	-0.48211141263703716
10.098551413776002	8.590500371439477	-0.781161934382337	-0.6714496964024577
10.26506291870283	8.79563024515248	-0.6669442439161601	-0.8085088646952117
10.439408157838566	8.972608931837268	-0.5278055272667553	-0.8992229816226294
10.618860229743309	9.127945960774595	-0.3678639145632651	-0.9558898740767018
10.799919772170234	9.268446993437584	-0.1943667107345268	-0.9873180738207097
10.978583651459141	9.398369880116203	-0.01697945892119198	-0.9991706385810828
11.151337916751553	9.519216042550855	0.15505768656776697	-0.9950528088005489
11.316211360102317	9.630785742683727	0.31511083606250767	-0.978467706067345
11.472994755599839	9.732471746121979	0.4592733960752965	-0.9528600310127651
11.622627751353784	9.823950350768717	0.5867391121137727	-0.9209686896644491
11.76661526894391	9.905743484726633	0.6966074757761774	-0.8861517968267372
11.906227602671022	9.97881727811942	0.7895147538688745	-0.8501541475082882
12.04244207466652	10.04468650054467	0.8654792592262169	-0.813743332950646
12.175824901913016	10.105160146248341	0.9243941929202929	-0.7771120618883736
12.306499696117248	10.162230441141466	0.9661999910137797	-0.739898153476797
12.434142973180368	10.217961759582304	0.9910880445464022	-0.7012534966137718
12.55798677124357	10.274324777082493	0.9997367004397762	-0.6599979641690255
12.676338424782772	10.33295276475548	0.993591572623141	-0.6148854751112085
12.788388544176366	10.39486300568158	0.9749757749743679	-0.5649555888332329
12.892515504765775	10.46023467053594	0.9469971984016055	-0.5098822211173963
12.987256135398331	10.52840687441695	0.9123467838828833	-0.4501393599387601
13.071595421294028	10.59818633112325	0.8749986677687999	-0.38684076606967865
13.14535983318324	10.668030271212833	0.83673961991713	-0.3216083777429384
13.209026671656819	10.73655627781128	0.8002308686285081	-0.2560739045883042
13.26378812253704	10.802562167454276	0.7663694007696548	-0.19178837705289384
13.311159467038356	10.865214923361332	0.7350473214434553	-0.12997031742338835
13.352703596136976	10.924102089159557	0.7060969589866	-0.07139110380148286
13.389887684256863	10.979127813153923	0.6795199534865823	-0.016435655199785747
13.423944173321683	11.030371136090054	0.6539780060120968	0.034773957636101395
13.455849341657846	11.078229489069582	0.6296558439094693	0.08252264506246096
13.4863407785152	11.123072561984698	0.6055668451798681	0.12714491721702062
13.515994193911185	11.16541752607642	0.581876085723142	0.1689616651618891
13.545390618253533	11.205701390839765	0.5575668733620898	0.20848842863967407
13.574903064477663	11.244509966347472	0.5330532510218909	0.24635613827873493
13.604782647632419	11.282255741397348	0.5073388683847323	0.2826345657057185
13.635530514622829	11.319564070128127	0.4808464240549059	0.3182648175807632
13.667312450312595	11.356839268045835	0.4525331698839493	0.35333056571189203
13.70063840922384	11.394681222202175	0.42275630172767975	0.38841810676928434
13.735779720166914	11.433601579484943	0.390510505888704	0.42413156939317936
13.773288046710864	11.474142420928551	0.3557895425580485	0.46029580517184177
13.813633328131493	11.517035596056093	0.3178356870292707	0.49793854257890213
13.857427285666006	11.562934398596447	0.2759694970738633	0.5373760204730358
13.905450373673661	11.612564589465466	0.229554483012436	0.5784174354187479
13.958444258434962	11.666906458318277	0.17773034611976768	0.6217671051330305
14.017304232816683	11.726915715701864	0.11955893073582495	0.667566778153073
14.083020142403099	11.793582253405528	0.054111178617280084	0.7156728768632163
14.156575281221741	11.867867918234033	-0.0193955724122629	0.7656518711465015
14.23881186301241	11.950587668943383	-0.10142497869707796	0.8160618795343361
14.330163215414965	12.042324625769341	-0.19177291536678345	0.8654194827072944
14.43059832282113	12.143155618397964	-0.28911541260412355	0.9114217900042203
14.539540776917699	12.252398094933103	-0.3914158272270404	0.951108608179766
14.655754118881774	12.36893609155949	-0.49546506435683835	0.9803375969798037
14.777541306294058	12.491337353716983	-0.5973096634061631	0.996878663412583
14.903237954078758	12.61822318260148	-0.693093755429791	0.998371539373242
15.03414065866928	12.751435351925736	-0.7811318111114951	0.982823861198922
15.165050150351183	12.886786889400295	-0.8558169123873447	0.9489373784728119
15.295979859364804	13.025762350220147	-0.9158816575362092	0.8959444806484208
15.426966193669543	13.170475587259082	-0.9603069508524023	0.8226247940920344
15.558101618419956	13.323654701965678	-0.9883299316272589	0.7266342504030358
15.689607403283619	13.488506081992888	-0.9994235231948796	0.6038562012057167
15.821986728899315	13.668475852349449	-0.9932099649718305	0.45149674158411324
15.956288250961716	13.865954573097163	-0.9692380130513915	0.267782143718506
16.094486217372122	14.08054298636944	-0.9259915619824644	0.05658670506929823
16.239810026561102	14.306496518143296	-0.8614492208483036	-0.1684544111142471
16.396353774195944	14.531805210155813	-0.7722045129541449	-0.3843176427880304
16.567668769630757	14.742335399256392	-0.6523790752224072	-0.5686414263348182
16.755478989420883	14.929405535201614	-0.49950423024612284	-0.711593985972622
16.95862718449515	15.092928340991095	-0.3146360871217269	-0.8164822591182259
17.172865134498455	15.237634553103243	-0.10565496159793901	-0.8909800128097607
17.39057539989085	15.367621655304811	0.11154905770964774	-0.9421890212410771
17.602648418574386	15.48330655417091	0.318169843074596	-0.9744002367709423
17.802117020977292	15.58189471008721	0.49957034235604	-0.9920513789698339
17.986628466897006	15.659978861986575	0.6499626501730716	-0.9984930213014144
18.157802987173675	15.716042238862629	0.7701148344739513	-0.9997462751319057
18.318427577688357	15.750436147662356	0.8618148635629701	-0.9986661140486797
18.471153916619542	15.765203678386051	0.9292162474615815	-0.9982023309969783
18.617881200119484	15.763213612663874	0.9728695576515589	-0.9982648301900382
18.759919749832278	15.748716300329653	0.995504634127568	-0.9987201268731218
18.898060224306462	15.72664932169124	0.9984766936342199	-0.9994131534112913
19.025729759511773	15.702480506028158	0.9842144755473319	-0.9998278106135031
19.152325405868083	15.681534682795245	0.9542336412258754	-0.9991699946250948
19.27762627235225	15.668846907393148	0.9094938132423394	-0.9987715275214615
19.401346209499028	15.668348956551744	0.8512988083020854	-0.9987558890802661
19.523042716562344	15.682830743378187	0.7813376001829335	-0.9992106981755795
19.642054178514194	15.713750436718676	0.7017381681613928	-0.9998182505360613
19.757457005103404	15.761303087576996	0.6151017210990765	-0.998324831362321
19.86792665320418	15.824814434012522	0.524586421518964	-0.9929438981843367
19.971793028413018	15.902769940982212	0.43356206554007015	-0.9809107503549488
20.06705203932261	15.993096879053555	0.3458378980425306	-0.9591530836937742
20.151489206787925	16.093403253675145	0.2655264713901844	-0.9264215879857646
20.223026972779493	16.201288972723304	0.19599696538294617	-0.8805413151542383
20.279834291291568	16.314530991322258	0.14000219076041379	-0.821240750679382
20.320790252334152	16.43116032890251	0.09935163802707654	-0.7493238808348917
20.345586840985998	16.549561798517917	0.0746691580861524	-0.6659590806130364
20.354767634181385	16.66837639221363	0.06553061297946275	-0.5729537307236231
20.3499300976967	16.786343323440793	0.07034588813376783	-0.47263255687516337
20.333808396533946	16.902188000990297	0.08639340060212504	-0.3677298949098687
20.309971780966343	17.014603524112356	0.11012032505401308	-0.26100714042834405
20.28260653938251	17.12225336376898	0.13726452402373995	-0.1557910250518544
20.255807184638083	17.22398725457353	0.16372958041168167	-0.054736308528123306
20.233020143364502	17.319021366286112	0.1862323734069161	0.0402352855870664
20.216748985308328	17.407113099751157	0.20212275081994405	0.12798947955526077
20.208529938003718	17.48858883598365	0.21014253749773354	0.20819778790027627
20.209071609141336	17.56435520356225	0.20961399850626442	0.28159200710825716
20.21836562160878	17.635701076768388	0.20054530786522184	0.3492633382682072
20.236244190681223	17.704123158538827	0.1830485432420443	0.41251128600753084
20.26256883618037	17.771214354264302	0.1570522745194764	0.4726668444872073
20.297453025507192	17.838551164911145	0.12258147182078155	0.5309255829335277
20.340927703102555	17.90782286197213	0.07930685559223796	0.5883736127864241
20.3934906231512	17.980528464802873	0.026843954429940357	0.6453877237093941
20.45555684916785	18.05823056922017	-0.035181441707204705	0.7025674005789604
20.52761601071845	18.14226191180584	-0.10701796249548125	0.7598390274304705
20.610050987561376	18.233640134628658	-0.18855532498817987	0.815987223820281
20.702838928881206	18.332987492518452	-0.27860701398878074	0.8692252441221713
20.805476704275314	18.440167025331892	-0.3755877330222093	0.9169118931675935
20.91674398877259	18.554599617755635	-0.4761741431772452	0.9564130905618132
21.035014180711567	18.6750795092656	-0.5764920029737259	0.9844799677518878
21.158415049441018	18.80027407174402	-0.6726077251227867	0.9984522743091625
21.285951869550072	18.929832006542078	-0.7612257714164828	0.9963853512108809
21.416857222428575	19.063652296733657	-0.8393797780382406	0.9767035243404678
21.547774733010478	19.200015322291755	-0.9032152561011831	0.9387623064765026
21.67872712394481	19.34051623682745	-0.9515412712458179	0.8816150028740165
21.8097738948266	19.48730247625079	-0.9834010183835944	0.8032394424456129
21.941063372733424	19.643069075324657	-0.9984270445447847	0.701020645785801
22.072941115859223	19.81082506105869	-0.9962426635940328	0.5722458535892401
22.206157128249085	19.99320584758908	-0.9765045716212188	0.4141472237329177
22.34221353530388	20.191389770479816	-0.9385572142773964	0.22686716287933462
22.483787465751554	20.403195833567477	-0.8808530709663509	0.01714512852577883
22.634899158497486	20.62124356025819	-0.7995601362227727	-0.19947654761622657
22.80037622289304	20.833574363218442	-0.6899106482624193	-0.4013702479460548
22.98417478912982	21.028614537201985	-0.5459845145045248	-0.5711998527687319
23.18792729429305	21.20125508464724	-0.36532729373996714	-0.7035797132558834
23.409537569467854	21.353217309799916	-0.15174325668295457	-0.8031262506272621
23.64210689056285	21.488573602971037	0.08004090544032275	-0.8763429263195354
23.87427372868211	21.60856097450457	0.30725952487047803	-0.9275542203803635
24.09456770384362	21.710125660999783	0.5075441288192548	-0.960299742950042
24.2968908468593	21.788372588927874	0.6702701213707739	-0.9791725844986495
24.481698243324203	21.840581957923575	0.7950913067610821	-0.9882196685256401
24.65243508044434	21.867411781088016	0.8864510978839715	-0.9922960099349022
24.812637187826198	21.871957252145624	0.949043126622188	-0.9927237061880563
24.965029546403358	21.8591971267181	0.9855380305996311	-0.9911312435076048
25.111428671675412	21.8353528193279	0.999330666519009	-0.9874017855786492
25.245341002826887	21.807285596777714	0.9933439237013415	-0.9830118268362722
25.37408250558413	21.78125948001372	0.9707612107624176	-0.9776211630916898
25.50217924405439	21.762738175773947	0.9323345874826565	-0.973581530319412
25.62948915961369	21.755870892239717	0.878987912561251	-0.9720837252370989
25.755784549687505	21.763559960043835	0.8119816143728308	-0.9737607675170417
25.880698491110326	21.787455193840998	0.732952359153344	-0.9789724938781351
26.003697332236722	21.828008862935018	0.6439412623691947	-0.986253126657628
26.123979991871472	21.88487572343302	0.5474626372090543	-0.9939392417609542
26.240465204145625	21.95695970355464	0.4464912333379627	-0.9989262782323295
26.351699414711582	22.04266706327399	0.34446249245262606	-0.9983820313566167
26.45592942564482	22.13997208356025	0.24506077414391264	-0.9884923059618704
26.551060256326963	22.24667564969889	0.15181235064027215	-0.9674116854254826
26.63514253876006	22.36037668079752	0.0683280826958364	-0.9324056801510999
26.706212706439505	22.479045742537078	-0.002673391094918105	-0.8830054141710802
26.762900936157017	22.60087658376565	-0.05932432881423576	-0.819464699045752
26.804471095230316	22.724468876747682	-0.1007168701875287	-0.7426303628335851
26.830933335763586	22.848748175855437	-0.12704370157147907	-0.6539584750094578
26.842816763831827	22.97290946062511	-0.13877889433665064	-0.5553003163091508
26.841739133976297	23.096160727524403	-0.13771470696483115	-0.44890708791349876
26.82996028163854	23.217739032842537	-0.12608278543997528	-0.33728261594549314
26.810562773506092	23.336808260937847	-0.10678051583489981	-0.22313407868962865
26.787554174298375	23.452426515849616	-0.08387779738491787	-0.10926221087820774
26.764944486544206	23.563771816304058	-0.0613665348645537	0.001825712556382971
26.746488875933892	23.670275598813483	-0.042923065162519924	0.10807998719144192
26.735845639368414	23.77169615594233	-0.03228683018380418	0.20812169138299477
26.735177261452456	23.868503108126724	-0.031618891956088316	0.3017189458823702
26.745907618858684	23.961698615563282	-0.04234219046365217	0.3890115935541991
26.76889814496596	24.05277987042203	-0.06530761919468667	0.47122383751137653
26.804534784112594	24.1435232136284	-0.10078026598690111	0.5491336837698169
26.85322194464368	24.235698121377386	-0.1490542796785177	0.6236797942375122
26.915017535903434	24.33111662370819	-0.20980850692357578	0.6952859270519158
26.989843845392006	24.43124253482966	-0.2822743573880188	0.7636709081698586
27.077263800991975	24.537048024492794	-0.36505320178617456	0.8273521317368058
27.176225229003084	24.648943994247333	-0.4550571388837915	0.8848664386127769
27.285199497545825	24.766501164264195	-0.5492028414119369	0.9334176765319111
27.40211395009997	24.8889455702934	-0.642993406412875	0.970225892080013
27.5247673500926	25.015247037126635	-0.7318883049745696	0.9928833940901318
27.65117940448356	25.144539659749686	-0.8119191452290105	0.9996294632832404
27.782085615593644	25.27787241302026	-0.8810303813400377	0.9890698177040549
27.913005848386153	25.413303348318905	-0.9350812938529639	0.9604282793792942
28.04396621682891	25.55212211240522	-0.97315463617207	0.9129442491431002
28.175034356365856	25.696037907175757	-0.9945953817426832	0.8454425424213015
28.306374479780747	25.847091947255763	-0.9989937460532692	0.7551731097689994
28.438367318937182	26.007599081616412	-0.9861133403502398	0.6410149983751299
28.571821512939767	26.179359874813617	-0.9557069890470216	0.5002762537167972
28.708351368189817	26.36315826195613	-0.9071323095912026	0.3336828568290283
28.850838359869968	26.557256371120328	-0.8381360219535181	0.14569352692394097
29.00385729723153	26.756361231333326	-0.7451408760463398	-0.052788926094556286
29.173421659358695	26.95187098857264	-0.6220644539612463	-0.24576849325693714
29.365720527514476	27.13470478246964	-0.4610455067949232	-0.4178367486154835
29.58496358275538	27.299569083716914	-0.2571767324226233	-0.5610856921187224
29.830398505115184	27.446475621921696	-0.014722012828306734	-0.6762641140713848
30.092797111882604	27.57741221891583	0.24511812217858575	-0.7666972548736533
30.35403302994874	27.69080447232311	0.4871307024894484	-0.8341880736941452
30.595850760891196	27.78015291979218	0.682100882283489	-0.880153100130879
30.81117093385185	27.839568872686694	0.8222591464173831	-0.9068354809467324
31.002938098364933	27.869264846529454	0.9154825780626534	-0.918627234429662
31.177065518578846	27.875143199845606	0.9713021736243681	-0.9209614260462312
31.33845376472024	27.865519151880957	0.9966491229530042	-0.9171398843884988
31.490538208084747	27.849301704625727	0.9969183318650825	-0.9107002188241143
31.620565713221218	27.834283466767268	0.9787662088016433	-0.9047238120177375
31.75029269119473	27.825641726538635	0.9442128022984594	-0.900801189372588
31.87962471015104	27.827186668897713	0.8939897201129254	-0.9015024631580569
32.008430254901334	27.841362139870466	0.8291445934819885	-0.9075475560809584
32.13650055805508	27.869638540830806	0.7510582421902903	-0.9187756219216112
32.263507613843984	27.912690388609313	0.6614722437409593	-0.9349744532408364
32.38899237855919	27.970444131133142	0.562490634434588	-0.9539211481485124
32.51226998677593	28.04238067836235	0.4566296870592217	-0.9728088185628829
32.632359553773895	28.127532800111474	0.34683798377488717	-0.988808631088641
32.747985734393126	28.224451500564047	0.23640483902603482	-0.9984334142474959
32.85756381253009	28.331321358345114	0.12878497624408933	-0.9982102745516699
32.959287168125826	28.446078885044333	0.027417646166526685	-0.9849071840592503
33.051315386970835	28.566574553836393	-0.0645430884951494	-0.9571706031880136
33.13202190331868	28.690941351763215	-0.14472363453569942	-0.9140455235818697
33.20036002670384	28.817561146654622	-0.21191339229807557	-0.8556570249850852
33.25577148272144	28.94531313807185	-0.26570465192259596	-0.7828742358870723
33.29833119150173	29.073431313595957	-0.30656774904444906	-0.6970726147960189
33.32870449004089	29.201413730222644	-0.33519021389952586	-0.5999500169593066
33.348288539885225	29.32887404667907	-0.3536134389282685	-0.4934589915430742
33.358935263598795	29.455519948849947	-0.3636290888246414	-0.3797039235147699
33.36318226800852	29.581049242120045	-0.36762435632857426	-0.2609350307318382
33.36421450351934	29.705149891442097	-0.36858383387119803	-0.1394712579572099
33.365706808912535	29.827548967895876	-0.3699531787745864	-0.017569675497336137
33.371543715282485	29.948105407664396	-0.3753091454726281	0.10274913374514466
33.3854799178501	30.066910269548465	-0.38809705607430844	0.21985887428924672
33.41076532860184	30.184375890583112	-0.4112990417408685	0.33261643846528144
33.44983367948522	30.301275950401333	-0.4465255006449932	0.44032059372210985
33.50422193654903	30.418561093263108	-0.49452864167798427	0.5423962131142657
33.57440628092557	30.537231747995854	-0.5541822682283422	0.6381373443647895
33.65978765016387	30.65803093965017	-0.6231359157302794	0.7262019196198022
33.75869041633513	30.781343666764833	-0.6972625535379853	0.8051781687080679
33.868658396673005	30.90710374463024	-0.7719163184110989	0.8731674459887623
33.986890438481794	31.034961113281316	-0.8414381269463421	0.9281983589854682
34.11070816558137	31.16445713720853	-0.9016550648941475	0.9685435547009802
34.23795458722632	31.295294372665154	-0.949225824885945	0.9925881334457719
34.367118966737216	31.427446976284386	-0.9818718295932743	0.9996381937441443
34.49806476971321	31.561404057442704	-0.9981327987220019	0.9890156475344063
34.629094344696426	31.697401378070335	-0.9972040463526941	0.9601736797842462
34.76033747355858	31.83626975052731	-0.9791633590218503	0.9125621243034463
34.89208938197932	31.97885960533165	-0.944143698531865	0.8456276040285825
35.02497540836522	32.12584594559695	-0.8922838841869323	0.75810310486237
35.16024852432223	32.27757329113683	-0.8233978901986836	0.6509231589564651
35.30017900470373	32.433533414501454	-0.7364550475912393	0.5252437938059362
35.44856338799242	32.59218731387759	-0.6284190824518324	0.38422338636806175
35.61116369249292	32.750876582087955	-0.49422979811532325	0.2335840763547333
35.795583872754435	32.906185041215394	-0.3264885135474355	0.08041500877430008
36.00996975964696	33.05497655928306	-0.11804895972832849	-0.06818741285869855
36.25929275016977	33.19545549472459	0.13058047972725	-0.20712776462491256
36.53796215518887	33.326903037683216	0.3980893780713418	-0.33349554081465244
36.82413070087027	33.44690154445259	0.6409225329112562	-0.4439133789273991
37.08948769872817	33.54931682387181	0.8195230698327334	-0.5333373218925554
37.31968329405275	33.62855619555241	0.9288086246943981	-0.5984622844423013
37.51773826410679	33.68534604285255	0.9834011906414171	-0.6430284950165681
37.69254363085872	33.72598318273187	0.9997937214037979	-0.6735058495769697
37.82671290004816	33.75806276548093	0.9918116827245537	-0.6968188103639958
37.95738102985347	33.787440793837206	0.9666467863436992	-0.7175887965133932
38.08791129799484	33.81815267392168	0.9250876013401258	-0.7386325874936177
38.21823920541301	33.85353521271333	0.8679228553436354	-0.762027631448168
38.34826986433663	33.89615399251956	0.796246424544186	-0.7887657911035051
38.47785449252417	33.947886394490766	0.7114632516280053	-0.8195182082472939
38.6067759775058	34.00994048416498	0.6152889168508411	-0.8534423256553634
38.73469817729321	34.083003712469626	0.5097706662584531	-0.8890795752042879
38.86111786627293	34.16726618142227	0.3973036016523495	-0.9245104207267586
38.98532946156662	34.26239762941697	0.28061564459074384	-0.9563669931109462
39.10632565337689	34.36759717595008	0.16277904014053368	-0.9819761305422402
39.22288143508879	34.4815240670987	0.04699579853959017	-0.9967881591150171
39.33343164582475	34.6025014955557	-0.06347895970611844	-0.9985873040272533
39.43643071181302	34.72860331594765	-0.16568239135656065	-0.9850105508808675
39.53056937640672	34.85792028652569	-0.25765159653190817	-0.9548942915306873
39.61489286224884	34.98893610157689	-0.33801527527514397	-0.9081649521048937
39.68911518017968	35.1205228667564	-0.40686200994159794	-0.8455916676282931
39.75355010180624	35.252018853738996	-0.4648158491966669	-0.7682986881878704
39.80916208048308	35.38309364976896	-0.5132508639263925	-0.6779769360307615
39.8575188621392	35.51362594822834	-0.5541221278884825	-0.5765148561451825
39.90071603062565	35.64360491255364	-0.589751885361879	-0.4657678861165363
39.94134850157455	35.77307228914516	-0.6218525549907868	-0.34766574572788733
39.98243267464371	35.90207055838494	-0.6534543173137163	-0.22421552583025534
40.02724499682918	36.03069241819919	-0.6869187691652267	-0.0974216625133957
40.079098196059014	36.159075246251355	-0.7235784869905536	0.030739494872308707
40.1408862270528	36.28738180568157	-0.764782009891195	0.15831914900093463
40.214698109864756	36.415823463292526	-0.8103163982690098	0.28342811133662915
40.30141975157189	36.544603107787964	-0.857663600459824	0.4041831405389268
40.400479330404195	36.67383468604359	-0.9046444898994837	0.518642748755493
40.51021463016683	36.80357390821033	-0.9455256323268406	0.6248689181865801
40.6281109168313	36.93375243790365	-0.9770312950688778	0.7209250778203119
40.75165675773295	37.06428874490914	-0.995560001434648	0.8050309548563506
40.878721698034624	37.19510930132572	-0.9988060472669955	0.8756207490279567
41.0077789169364	37.32618679182661	-0.9856377039493747	0.9311535904776255
41.13788002134691	37.45755443755199	-0.955794049509259	0.9707140715110119
41.268524884902206	37.58929805055213	-0.9095930690243652	0.9936060646036529
41.39953155991392	37.721536185669216	-0.8477173874359718	0.99929575023515
41.53102417968428	37.8543993500373	-0.771022301392476	0.9874812801363426
41.66328496632285	37.98796488680612	-0.6802223921362075	0.9581155657566763
41.79711127615731	38.12224142069406	-0.5762667556270863	0.9114557081396745
41.93390044925288	38.25712112964773	-0.45943366728327006	0.8481336011607942
42.07589438741114	38.392359732218104	-0.329192905641052	0.7691263657581016
42.22636422279888	38.52758599825746	-0.18406425608440272	0.6758022005595334
42.38955626425773	38.662342190558135	-0.021930123113139476	0.57062404339065
42.56983067438874	38.79617611554245	0.15759189695010664	0.45598753596426933
42.76996722833995	38.92863299685237	0.3506978728562825	0.3345256339397591
42.988275501487756	39.059143718947844	0.5451613451664084	0.209110324584033
43.21630842305808	39.186564131727756	0.720480153144378	0.08320831181977764
43.44080336723905	39.308670383752236	0.8565392936305966	-0.03873671439928986
43.65049312365735	39.422433952715735	0.9450805496895336	-0.15186022950637526
43.84101120824392	39.52538153489863	0.9896712471818654	-0.25267056453067377
44.0138619335573	39.61696694151616	0.9990086892792597	-0.3399664155843794
44.14473783994784	39.698577558485695	0.9863624598822396	-0.4155447229883965
44.27558587728918	39.772581958837506	0.9568782531190085	-0.48176999486486066
44.40638253078641	39.84173854188266	0.9110761754668197	-0.5410726783440696
44.53708826063322	39.909116160082014	0.8497715166694427	-0.5963881980010451
44.66764203203172	39.97773063770839	0.7740708906338566	-0.6499278475065539
44.797947893326075	40.05018960075729	0.6853695810780426	-0.7031403855382137
44.9278559047043	40.12857675914967	0.5852374706158329	-0.7566429516866164
45.057136670489584	40.21441137441064	0.4757866779984854	-0.8101552555463771
45.18544881301354	40.308651337143154	0.3593320999561006	-0.8613441715177474
45.312238251327464	40.41174646957892	0.23847158580098252	-0.9091413324696369
45.436785304718164	40.5235011668808	0.11602075196298159	-0.9500255458492483
45.55809792206216	40.64313410646265	-0.005001152867234914	-0.980307963298787
45.674920153399434	40.769306293004064	-0.1215138609761559	-0.9972206962250665
45.7859424527217	40.90024484538728	-0.23065943736708192	-0.9981301000725592
45.88998986248052	41.03406764026915	-0.3304063945693023	-0.9812255947483768
45.98620952828793	41.16914501492832	-0.4196249969237366	-0.9462197101029739
46.07434826727173	41.30428390732139	-0.49776081286150453	-0.8940436287899569
46.15490276403137	41.43876673719064	-0.56586357814369	-0.8260207548402383
46.22901228124941	41.572309746510435	-0.6253906604186763	-0.7437643603661047
46.29839853593592	41.70490716632903	-0.678039329284135	-0.6490062546093195
46.36526731655357	41.83669413198255	-0.7256880145760239	-0.5435339294538553
46.43218173241085	41.96785644952715	-0.7701444979812208	-0.4291836260089139
46.50189494011313	42.098581980886145	-0.8125708378226997	-0.3078260201389137
46.5770660462885	42.22903712689841	-0.8538265621225012	-0.18142469411030607
46.6599626613669	42.359366754700744	-0.8938857878113216	-0.05209977268963839
46.75206259437911	42.48968945670157	-0.9315254099511039	0.07807663100879973
46.85379090886995	42.62009169430562	-0.9633469458330963	0.20698944026107602
46.964334183380714	42.75060906838938	-0.9868137099067837	0.332487148325526
47.08213894499256	42.8812499760149	-0.9986887895415344	0.4524393282195086
47.20528220136458	43.011997873209054	-0.9962803142029026	0.5647784307399799
47.331942444657486	43.142828788033064	-0.9780217072918271	0.6675566806437951
47.46069951875534	43.27372541360905	-0.9433852121464157	0.758994190446965
47.590601473389576	43.404683222616825	-0.8926218469124855	0.8375125210794572
47.72109082376262	43.53571064487695	-0.8265047530047611	0.9017569774061904
47.851893318278066	43.66682538737029	-0.7461458389471511	0.9506119967412028
47.98293371857896	43.79804793792893	-0.6528752572888425	0.9829514164688985
48.11430762960347	43.929395137321706	-0.5481415068999899	0.9983385809408908
48.246312829872465	44.06087972174432	-0.43339643761112234	0.9965446986968343
48.37953184335439	44.19258636548007	-0.30995303738145474	0.9775338939512055
48.51495088704938	44.32440690960441	-0.1787302761876319	0.9415901814207086
48.65407391212903	44.456278741523874	-0.04058550201823178	0.8893219143955486
48.7989345518916	44.58811304182348	0.10401649732926675	0.8216632733307946
48.95190578628398	44.719798679516	0.25434724054863855	0.7398657222013123
49.11514796692323	44.85119812642613	0.4080134428588914	0.6454825825772378
49.289553942596875	44.982115675425156	0.5601233633305139	0.5403676499276377
49.47368451456469	45.11217639437098	0.7022332835602914	0.42675399141310105
49.66319185876145	45.24065227559333	0.8236444559379577	0.3073674198352789
49.85184406115956	45.36628861814528	0.9152244907769675	0.18571170427492645
50.033893819982076	45.48737215470384	0.9728883331978329	0.06566669207284907
50.2060582043423	45.602147567636806	0.9981337461244638	-0.049021820657401786
50.366321564353015	45.709416822303986	0.9944505182058396	-0.1556104206673367
50.49721079372183	45.80913908995568	0.972857863854707	-0.2532200001650976
50.62808522901741	45.90203566283692	0.9346495628946618	-0.34173819225064617
