4.200790051234702	0.23242081321335256	-0.48945097450289815	0.9727068295400032
4.335400478993164	0.36498283901268413	-0.3681220907677925	0.9338434764138943
4.473381726235508	0.49773035690692724	-0.23666841600870514	0.8785419738477208
4.616915751613041	0.6305249241897763	-0.09528168645020438	0.8076649026887164
4.7688746468282	0.7631824241507619	0.05644850770030171	0.7224641826625121
4.932476634868261	0.8954867598723546	0.21820749861475608	0.6249093477140983
5.110156148258088	1.0272083580703881	0.387188731871179	0.5169807562791048
5.302085420613948	1.1580062952747758	0.5558469257605256	0.40097376666551865
5.504457323911012	1.287244556886796	0.711473620476176	0.27962964434107707
5.709568648349477	1.4136860768922224	0.8397589498691835	0.15638750937529508
5.9086583993991555	1.5353757029716557	0.9306110701795731	0.03539732258687786
6.095699571036861	1.65006254700059	0.9824451958769187	-0.07914925914545842
6.268963207896922	1.756089912206785	0.9995533465458561	-0.18421928258642997
6.4075087387651966	1.8531532421872228	0.9922408115458228	-0.27848242182654726
6.538386403517909	1.9419655658705768	0.9675026154938581	-0.36264775936043403
6.66923724637687	2.0242565829841563	0.9261785919314006	-0.4379282025472391
6.800035845037822	2.1023947558641516	0.8690816626608403	-0.5066625530852455
6.930740444462165	2.179172718858141	0.7972286818461333	-0.5712942097818151
7.061284757197825	2.257327241307504	0.7119179874958275	-0.6337744933320656
7.191564759974431	2.3392455713084304	0.6147237974271793	-0.6947751425045577
7.3214060765017726	2.4268477117022615	0.5075034702266247	-0.7549124480720488
7.450546315033188	2.521552494655502	0.39238984808496913	-0.813669364177941
7.578595696857927	2.624230041598306	0.27178933650052545	-0.8688210385949582
7.704956059190692	2.735181300456879	0.14840368346083266	-0.9180942236107292
7.828803543981461	2.8540626424332562	0.025161526743627087	-0.9584846193634062
7.949091418519646	2.9798716332411797	-0.0949199147179773	-0.9864750224528466
8.064595618859757	3.1110596098001033	-0.20896350640758277	-0.9990410916698622
8.174092446676212	3.2457744433383016	-0.31461576974757177	-0.9941359957053795
8.276614809129827	3.3822066238667454	-0.41000587137525113	-0.9709198416824492
8.371738143899261	3.5188857427879485	-0.4947501912738309	-0.9296565785611896
8.45966204076453	3.654881658365426	-0.5690647795026353	-0.87089433229691
8.541253873661892	3.789782565421236	-0.634360158785536	-0.7968396880419397
8.618058302189414	3.923515733584347	-0.691683772721066	-0.7092147175321194
8.692110645122606	4.05620611336868	-0.7430621191757433	-0.6097987757884331
8.765799958754432	4.188072685608777	-0.7902286790656428	-0.5003955450528941
8.84170628267227	4.319347974605367	-0.8344453148605094	-0.3828519881954996
8.922355564414758	4.450240708857577	-0.8764121828909781	-0.2590793807665575
9.009913139896415	4.580924593447663	-0.9147374989518788	-0.13106155597171742
9.105649539738023	4.711521755125508	-0.9493735517057758	-0.000866654760456356
9.21005665107174	4.842128184583463	-0.9765672215258756	0.12935789336928522
9.322422355514092	4.9727883924369785	-0.9943078265795442	0.25740023829542014
9.441378270249908	5.103520650872352	-0.999478657445573	0.3810999751273818
9.565184494154446	5.234319399693193	-0.9898087943719458	0.4983422595577176
9.692193257830311	5.365171054660407	-0.964095522633723	0.6071120643558496
9.821117629918243	5.496064467536782	-0.922093513727523	0.7055399509823417
9.951091680358596	5.626995567010476	-0.8642653035855457	0.7919373433220173
10.08160478915904	5.757967609370661	-0.791546931685378	0.8648231322945666
10.212401233230217	5.888988503500505	-0.7051847357669098	0.9229444082461044
10.343402198740653	6.0200660413291	-0.6066301605725245	0.9652938799881208
10.474674049707511	6.151201683361003	-0.4974556849392396	0.9911262109927572
10.606447653395367	6.282384058558144	-0.37926014644572037	0.9999748363123275
10.739185897052945	6.413785830534828	-0.2535491131941627	0.9913425399850463
10.873685719137104	6.54526562042598	-0.12157546824150006	0.9655836908467935
11.011168917535896	6.676781247570489	0.015584371141600703	0.9231830005821791
11.153291472854228	6.808277615976252	0.15698687377795767	0.8648869499960872
11.302001044164475	6.939681631299455	0.3015927364215672	0.7917494667640749
11.459123921533777	7.070894426914904	0.4469164253007941	0.70512404256176
11.625551232465533	7.201765521594247	0.5890954410297736	0.6066649402847533
11.800458948181674	7.33200143444986	0.7205346345524001	0.4983851004339919
11.980659806747349	7.461038887030546	0.8329621480275502	0.38276182552768173
12.161344988376355	7.587897652834514	0.9186444717027793	0.2628581961946374
12.337658043590618	7.711175231547006	0.9735156245100355	0.14226208980434996
12.506331776092072	7.829299936584425	0.9981144447129915	0.024665460689440016
12.665128128962257	7.9410063326208995	0.9946463811255863	-0.08687203469228683
12.796020770110568	8.04588380574167	0.9733111303246125	-0.19070533803355033
12.92690271915478	8.144204388300196	0.9353508608827911	-0.2860346948446534
13.057760818550594	8.23702589916621	0.8814198694980838	-0.37367894235879207
13.188572062394524	8.326372517512945	0.8124547393202911	-0.45479274059758246
13.319293681365863	8.4145366612436	0.7296689538014856	-0.5315826144570923
13.449859173536328	8.503976653340523	0.634388226740242	-0.6049102211795954
13.580150230219477	8.59684935076088	0.5285375378358416	-0.6762113527210297
13.709990400119358	8.694971213216926	0.41417488057371876	-0.7449535356367178
13.839087873148953	8.799687865076313	0.29357782232605895	-0.8108313455557397
13.967029227324753	8.91179325947523	0.16925246715873468	-0.8710492098926645
14.093169234122804	9.031473548261353	0.0439687634142334	-0.9232987612218693
14.216653403898077	9.158199109585203	-0.07936848817370877	-0.964328845209576
14.336430942359204	9.290741399312402	-0.1978886890306284	-0.9908051136160179
14.45136361475361	9.427349266796984	-0.309052185279754	-0.9999192466107805
14.56042501493158	9.566096256296376	-0.4105792806434225	-0.9896661868097341
14.662953144679092	9.705285666950795	-0.5016605491803121	-0.9604434577422565
14.758934545776718	9.843710409749757	-0.5823679997804713	-0.9131223147468814
14.849056300337867	9.980733167878183	-0.6529779659433905	-0.8491790406901794
14.934642403215115	10.116180255753209	-0.7152964017640276	-0.7703466783160506
15.017533583867959	10.25019228859125	-0.7709548920540855	-0.6780970334036357
15.099970297251485	10.383066217422826	-0.8204397746195797	-0.5747108783752782
15.184259367059335	10.515091319396655	-0.865593590871572	-0.4620016548410296
15.272690318105886	10.646542028421212	-0.9066337867403288	-0.3418229266012711
15.367156837135013	10.777640807836534	-0.9420315955994099	-0.2161055491590405
15.468714211700142	10.908546537699547	-0.9712175394778095	-0.08687507186953217
15.57767263967467	11.039373435115422	-0.99139101028229	0.04377033455522908
15.69338658282282	11.170186033834842	-0.9995422105673599	0.1736706899841838
15.814554605711642	11.301013573062201	-0.9939092745043436	0.300644630132458
15.939702540836155	11.431865699474908	-0.9728554785013052	0.42253871952781114
16.067461402565876	11.56274111891713	-0.9357010481805839	0.5372161888991381
16.19677382502821	11.693635960094504	-0.8825908121451673	0.6426073712080698
16.326933163564657	11.824547661282926	-0.8142708424486473	0.7370083834233225
16.457525212734993	11.955475079702067	-0.7318913381971356	0.8188085600196686
16.58834353081699	12.086416370123032	-0.6368438586670752	0.8866108326956326
16.719324581510588	12.21736494360506	-0.5306187298765263	0.9392546589548595
16.85052117144603	12.348303970130114	-0.4151492676339261	0.9758375794427695
16.98211686580448	12.479202986502813	-0.2921987418665123	0.9957369064139961
17.114475548010585	12.610015947843571	-0.16347181940619443	0.9986292924433572
17.248213579146967	12.741232549126078	-0.030525921091138483	0.9844196686667618
17.384270640809774	12.872467061334577	0.10527331181024477	0.9533056009115868
17.52391671249929	13.003687316722074	0.24266918378527155	0.9058222482462069
17.66863921589236	13.134849191586943	0.3799510900605586	0.8426465050934127
17.81982845069385	13.265889965186606	0.5148128066977911	0.7649796559166443
17.97824103834531	13.39669537303004	0.6436721820304021	0.6744142707270885
18.143366073823834	13.527039816662153	0.7605691027678014	0.5727419683901525
18.313026694828007	13.656491313925441	0.8590660427204103	0.46217328708570715
18.48377919990389	13.784302815521677	0.9335746024986152	0.34542766306661565
18.65191264152878	13.909379977303582	0.9802920654957762	0.22572014775772198
18.81464016388089	14.030426634142978	0.9989034499442042	0.1064969159538463
18.960499889190803	14.14628594604818	0.9934997232231989	-0.009113006013641038
19.09139495692018	14.256275957443288	0.9706526459666337	-0.11880870702070999
19.222282417624385	14.360257583018518	0.9312208375783897	-0.22113768228424466
19.35315222639902	14.458918532910051	0.8758275064162114	-0.31615929327713843
19.48398578425445	14.553878862439054	0.8052719319953328	-0.40457250710140175
19.614747603464615	14.647158050235669	0.7210436565586785	-0.48806728383237896
19.745379628426047	14.741049383492427	0.6246431511339687	-0.5675779626311445
19.875779494481826	14.837673000210804	0.51782826280047	-0.6444406310061821
20.00579005292276	14.938912683592992	0.4025999107529647	-0.7183154493061887
20.135151808810562	15.046214896095572	0.28121259094785744	-0.7885309791430344
20.263468424710585	15.160524630706508	0.15616390756418633	-0.8535136143813793
20.3901712252279	15.282151205138481	0.030161168708031625	-0.9103905400365476
20.51446824957988	15.410679464788771	-0.09393070460177752	-0.955763845745089
20.63535528460454	15.544955022231518	-0.21324615067593994	-0.9862736891626993
20.75172785068657	15.683241283519507	-0.32521285034606173	-0.9992235914319505
20.862600874486464	15.82356789141701	-0.42794021018606254	-0.9930611889097073
20.96737329281744	15.964156594299471	-0.5199352628141916	-0.9672258376786826
21.066029639084782	16.103745628708737	-0.6014991864452822	-0.9223148111725217
21.159199390091274	16.241714443000394	-0.6731959709532012	-0.8604799534643226
21.248224157169485	16.37790217059787	-0.7362800914401009	-0.7835117707670658
21.33493518238483	16.51247175400593	-0.7919228488767147	-0.6932470506279333
21.4214611956654	16.645733424426233	-0.8419671692089364	-0.5915044054719851
21.5100954354449	16.77803573138315	-0.8861120266620071	-0.48003345805917896
21.60285888818935	16.909683191039864	-0.9252900213167633	-0.36067897469602267
21.701452494938124	17.040926942050206	-0.9578804047686459	-0.23552229131132793
21.80673446722325	17.171941983991577	-0.9829256253604594	-0.10657386395940482
21.918809439810264	17.302849182517093	-0.9971321612991513	0.024073740588228313
22.03687076248239	17.433716614030665	-0.998564067617113	0.1542611384156672
22.15967976374007	17.564579983236346	-0.9854098526573911	0.2818078261050692
22.285871954796683	17.69545321663543	-0.9564780636294068	0.4045557155108675
22.414238109787934	17.826339002155677	-0.9114716084998395	0.5204157901999777
22.543874994485098	17.957235988647643	-0.8508223570329142	0.6274112203377067
22.674194779518295	18.08814181898622	-0.7754795344778106	0.7237143691848114
22.804860925483858	18.2190529096298	-0.6867400062586113	0.8076783306711208
22.93571180668004	18.3499618707585	-0.5860607128306091	0.8776960137056947
23.06670714931684	18.48085351126631	-0.47514610161534127	0.9325837238260151
23.197910356284538	18.611699577212008	-0.3559359676860108	0.971521300198432
23.32950553524399	18.74245582442469	-0.23025975883972352	0.9938614038952055
23.46184534882681	18.873062297339164	-0.09988672139896525	0.999261768341158
23.59551472074143	19.00420089661953	0.03354773512214189	0.9875817777340107
23.731391580206267	19.135349257002336	0.16857005167229586	0.9589690567398858
23.870633606509376	19.266481207958627	0.3037645135054403	0.9139193240060832
24.01455508137158	19.397559274393448	0.4371709032099248	0.8532261980301725
24.164300430895363	19.52852573950182	0.5663152899724035	0.7779775695145266
24.32039003303382	19.659270871481976	0.6877023296424826	0.6895661302648176
24.482228429507625	19.789575944430215	0.7954162081623579	0.5897269546602464
24.647803839390463	19.91902891435795	0.884348904280315	0.48056750243130275
24.814116990031362	20.046927909835222	0.9495443092928012	0.36476919003783775
24.97798504570027	20.172257809074782	0.98756438384134	0.2455352935652357
25.13708316781991	20.29384415236966	0.9998636388300453	0.12616709036509188
25.26798136242227	20.410610875636817	0.9906168644047498	0.009734964395595519
25.398876633113723	20.521816681698784	0.9644525425699091	-0.10124532077413394
25.529764455122546	20.62731778318476	0.9218220850588057	-0.2054035085277563
25.660635260365037	20.727839802065365	0.8634609916177325	-0.30261124565139375
25.791470592858555	20.824859880964336	0.7903810459066484	-0.39337380706018404
25.922234959518157	20.920305534002427	0.7038623395420043	-0.4793469812421769
26.05287138135294	21.01641271184786	0.6054404502751282	-0.5611096200155392
26.18327473593485	21.115241412440742	0.49690712248356095	-0.6402280289525596
26.313289878097027	21.21865575506956	0.3802888198420504	-0.7158818214599753
26.442647733770407	21.328080722407154	0.2578710981623842	-0.7877223930342749
26.570951665486614	21.44443851546707	0.13216906929763908	-0.8538844295410097
26.697624736705247	21.568000263750648	0.005908929097037444	-0.9114482692896476
26.821868668823974	21.69829138472166	-0.11803438378891142	-0.9569986281961782
26.942684911781274	21.834085514783588	-0.23680512152512806	-0.9872035680794435
27.058999062729555	21.97358502665844	-0.3478710874750723	-0.9994484063544147
27.16988693289683	22.114794233149656	-0.4494106046254981	-0.9923045851812399
27.274831370819907	22.255955603126633	-0.5406289757121019	-0.9648230868111237
27.373840483647317	22.395915276592024	-0.6209539776874519	-0.9187472861152308
27.467704515470665	22.53407994600737	-0.6917476081227546	-0.8558076222396689
27.55782926145871	22.670360076258603	-0.7537489429063543	-0.7778294645618228
27.646069766761578	22.8049626799601	-0.8090475752073683	-0.6866680668133728
27.73460830916278	22.93823995306817	-0.8574392376356361	-0.5839700759996411
27.82555909184538	23.070552370976962	-0.9007636801776279	-0.4717205475751654
27.920961891361518	23.202220280333215	-0.9377758640137538	-0.35188151004130985
28.02219924567347	23.333484215911337	-0.9683579897585757	-0.22637753635959743
28.13003919493225	23.464523611405408	-0.989200653129142	-0.09722078362417938
28.244220380039756	23.59545058744268	-0.9990542676199048	0.03348364401308241
28.363923662782227	23.72633489463537	-0.9955089992100912	0.16357644380202868
28.48790102111559	23.85721102011599	-0.9768189546917723	0.29087700870011113
28.614844679243653	23.988092526093272	-0.942131721532594	0.41323074268386456
28.743650568512155	24.118982649950855	-0.8914393886255652	0.5285556423673323
28.873523290275713	24.249880484607964	-0.8253872969674145	0.6348842163656792
29.00396030162049	24.380783211951293	-0.7450727692261523	0.7303070480012153
29.13468249225388	24.511685409171807	-0.6518967519427827	0.8130985721325981
29.26556400008093	24.642576126898405	-0.5474697864590483	0.8819759628517202
29.396587510849404	24.773434096131588	-0.4335473470483504	0.9357657371689024
29.527833968496186	24.904223463561785	-0.311968028576785	0.9735581130477886
29.65950588156735	25.034891476832783	-0.1845458989934178	0.9947317950921735
29.791976571396756	25.165368807435954	-0.05311867091738513	0.9989753115595011
29.925848767011104	25.29648010041077	0.08059491349370848	0.9861594128790196
30.062006819352696	25.42759559713987	0.215074302173063	0.9564415249432838
30.20158075436995	25.558690526847165	0.34880150129208415	0.9103360462842457
30.345800554480984	25.689728113149634	0.47998578103083306	0.8486539605875052
30.495682802762	25.820646066147408	0.6053507188346187	0.7725021338360748
30.651519970227977	25.95132759512285	0.7215987262714222	0.6832179203966613
30.812531828602562	26.081535119701115	0.8230239569149922	0.5825621921484804
30.976649430539197	26.210825413159498	0.9050438063949151	0.47289613654952145
31.140934992738625	26.338470555225612	0.9619821650285367	0.3569072246260467
31.302515466437956	26.463467409512756	0.9932675866226068	0.23770553936292216
31.459323257292358	26.58467280886176	0.9986371002533381	0.11856556146071946
31.590221173645826	26.701121028794894	0.9845083988752347	0.002414937021325462
31.72111576568455	26.812185425203612	0.9535586648063678	-0.1083957004289374
31.85200190844255	26.917795454618673	0.9063151586752678	-0.21251907843859297
31.98286887090452	27.018783092757513	0.8435098592778677	-0.31003887858910073
32.11369666708646	27.11673597833247	0.7661362453456666	-0.4013485080197836
32.24444571953819	27.213556411838198	0.6757684297687107	-0.4880911631224307
32.375052801832	27.31144413223515	0.574017891183167	-0.5709056985543932
32.505405457104104	27.41240390407367	0.4627450217342265	-0.6507107451970016
32.635326809674226	27.518203237455367	0.34404660897732625	-0.7274497234405258
32.76454450350785	27.63017684076395	0.22024751676894538	-0.7993110561168978
32.892612864061824	27.749126877076012	0.09392472960933615	-0.8648285743637105
33.01891424570768	27.8751774333521	-0.03217020611440046	-0.9209750195748209
33.1426163636006	28.007676762776967	-0.15518593825288843	-0.9643070126286091
33.262714698397986	28.145227312271366	-0.272371081385101	-0.9915762073320517
33.378178211047015	28.285920528871294	-0.3813969831251317	-0.9996361144999396
33.4881042955418	28.427790243065612	-0.4806192603916067	-0.9877676873953798
33.59210218548206	28.56920042918884	-0.5688157997345847	-0.9564381278203571
33.690467270686476	28.709085869468414	-0.6468693528363515	-0.9068406519390249
33.784142055985996	28.847011082757295	-0.7152566202812366	-0.8402869169521965
33.87463544800567	28.98301752161577	-0.7755790927613213	-0.7589202000627577
33.963911628431326	29.117393220010104	-0.8285242442673311	-0.6648634932496185
34.05409877153294	29.250497359958235	-0.8759170254086067	-0.5599290621194041
34.14737858478099	29.38269631307526	-0.9166134028278449	-0.4459224590351568
34.24542967533388	29.51428916200049	-0.9516338634923563	-0.3247099803193744
34.34954937183232	29.64551642650512	-0.9780397716315536	-0.19822999040656533
34.46003326926336	29.776539221824972	-0.9947660290442331	-0.06852315140538018
34.57652110011756	29.90746513515813	-0.9994032337386016	0.06229391941294888
34.69802525412329	30.038354785379862	-0.9897932268150751	0.19199568248297397
34.82326914132752	30.169237645131684	-0.9645600627163243	0.31837549725501857
34.95101812005844	30.300124586761196	-0.9232215214904715	0.4392948899479723
35.08029038248246	30.43101799615531	-0.8660682997234037	0.5526973808427253
35.210411234331936	30.561916613678335	-0.7939581915929503	0.6566506896916262
35.34097178710079	30.692816656612926	-0.7081333631482756	0.7493815256234555
35.47175607805499	30.82371010888882	-0.6100962764762776	0.8293060489751471
35.60267872778823	30.954580982584876	-0.5015319625380728	0.8950576119877967
35.733751781250874	31.085400619880996	-0.3842492501437314	0.9455134229971971
35.8650849787401	31.216123762134107	-0.2601185030389313	0.9798210640140966
35.99691647949988	31.34668775546858	-0.13099702100307303	0.9974238824767014
36.129664810932006	31.477017124235406	0.0013484070243182666	0.9980814138789004
36.26398282089667	31.608111252943907	0.13521204595093697	0.9814826182534798
36.400808484315654	31.739203268700724	0.26901169351333176	0.9479685923369576
36.54128831906157	31.870267624956295	0.40114147824312535	0.8982370491585145
36.68658260343588	32.00126387310525	0.5296136121692967	0.8331720350050418
36.837519222272235	32.13211911974378	0.6509637591151411	0.7539552627370842
36.99409716161234	32.26269143098653	0.761346126322515	0.6620843708347133
37.15517236804668	32.392700296886176	0.855294539883283	0.5594243916501436
37.318453099843474	32.52164332908934	0.9283201360215315	0.4482793516378141
37.481051757039666	32.64873169856446	0.97583900983254	0.33143628136515646
37.640403309426056	32.77293391809854	0.9981562237176116	0.21206149314901646
37.79348125825366	32.89313878072235	0.9950592698360384	0.09340123310720233
37.92437853064411	33.0085050022945	0.9742671969982291	-0.021767810357049215
38.05527142842057	33.11855939594703	0.9368317554029462	-0.13142906009122038
38.18615381782985	33.22354421842098	0.8833935996511354	-0.23453551198877942
38.317012560995636	33.32440412978217	0.8148717106101914	-0.33114475316076686
38.447822635794736	33.42280573789862	0.7324541225744536	-0.4223473654824223
38.57854107025482	33.5208136624058	0.6375865239512324	-0.5088074883768187
38.70908784744209	33.62048622879745	0.5318109275915738	-0.5920868086056728
38.83934111944379	33.72380570077751	0.41728602443182516	-0.6718727649216752
38.969089299232	33.83238437095779	0.29620840473344306	-0.7480426295391642
39.0980097712591	33.94741142991663	0.17099118895014664	-0.8192512824676892
39.225624459393046	34.069483059331425	0.04425457871675393	-0.8829423367807823
39.35124855165254	34.19847508205358	-0.08121387586245538	-0.9358548191069903
39.473980585701554	34.333472065570234	-0.20258052959483142	-0.9745331928061385
39.592779470057046	34.47285963489241	-0.31721263211724304	-0.9959728981347198
39.70665282923393	34.614637662278945	-0.4229546210515024	-0.9982061605209912
39.814920061013105	34.75687012983854	-0.518206184547821	-0.9799196122069875
39.91738151863803	34.898120722472115	-0.6029180382538033	-0.9421009908476838
40.01453475169936	35.037584889165224	-0.6775304798452267	-0.8865602413070199
40.10757413217109	35.17500894188125	-0.7427559498460135	-0.8151026695048433
40.19818573976629	35.31052789434713	-0.8003150071682381	-0.7296123297887132
40.28840810590196	35.44448380571523	-0.8510412233895684	-0.6316420546178324
40.38038738742552	35.57728168016289	-0.8955244390268522	-0.5233886730922221
40.476103399037356	35.70927216959596	-0.9339727654263118	-0.4067118316029259
40.57713282798328	35.84074195956706	-0.9651676843819496	-0.2834911055593625
40.68432324852986	35.97190200809956	-0.9873102094635586	-0.15569945889522668
40.79770824951955	36.10289629705345	-0.9986496773843241	-0.02540249735441599
40.91664625259333	36.233815056573924	-0.9967931805167558	0.10526185898280269
41.040000159343904	36.36470689810313	-0.9799316686745813	0.23411596226622186
41.166498689151545	36.4955941960841	-0.9471159735464848	0.358987809065881
41.29502049829736	36.62648499083308	-0.8982484367392338	0.47775785532867565
41.424728602680084	36.75738049795847	-0.8339100590167101	0.5883749672429518
41.55507680299564	36.88827847903749	-0.7551588358549568	0.6887754221540346
41.68575027979248	37.01917339173354	-0.6633736836405364	0.7773839849349511
41.81659541667167	37.1500534759997	-0.5601544521741191	0.8526892404325483
41.94756906432541	37.28089650906388	-0.4472568453146196	0.9134070685977391
42.07871927444861	37.411665087312116	-0.32653546093550045	0.9585078430564782
42.21019817965992	37.54230367502926	-0.19987790726183058	0.9872434354608451
42.342301763413296	37.67273995816258	-0.06912842595261101	0.9991717753296872
42.475524360101815	37.803406989423486	0.06397671921876967	0.994125329661885
42.61060901616079	37.934490429684956	0.19773665790842412	0.9720617173934158
42.74854740288084	38.06556276361733	0.33054768596203254	0.9333462633283378
42.89047438242061	38.19659537581855	0.46065698260313004	0.8786540112426071
43.037426529878665	38.327540529898926	0.5858065193210581	0.80894949002744
43.189956981208326	38.45830750839922	0.7018499348193581	0.725282783170903
43.347686189477706	38.5887148324087	0.8051609539719382	0.6295576737918332
43.50906177387792	38.718413347099684	0.8896606331418578	0.5237853984121331
43.67155688421085	38.84680937849533	0.9520102297973092	0.41043312252845776
43.8323704948522	38.97302550002996	0.9883197641405157	0.29242911770099483
43.98931639333893	39.096001488682845	0.999779556512322	0.1729744199693406
44.120214943457235	39.21470328047306	0.990198055073208	0.05516857320733393
44.25111123304147	39.32838045247484	0.9637053380478133	-0.05843381697617094
44.3820016648585	39.43674308481621	0.9207573922622194	-0.16599086778154692
44.51287802594292	39.54021485370962	0.8620935016931379	-0.2669125639377221
44.64372418800025	39.64008268832394	0.788727894690747	-0.36171199979869073
44.77451053034859	39.738168117128225	0.7019395734041851	-0.4511126548382868
44.905181770076815	39.83650814069905	0.6032643522173882	-0.5367474266867547
45.03565174053684	39.937220370518766	0.4944792971366206	-0.6185912280738665
45.16576308039121	40.042133755084365	0.37761191231868885	-0.6974449793993382
45.29528068867863	40.15276481365116	0.2549167284773684	-0.7724807802428884
45.42384434397018	40.27011331011225	0.12887393545806233	-0.8414592378267742
45.55089842882478	40.39455152126821	0.0021936042284423324	-0.9019537635251954
45.675685397131254	40.52569261838223	-0.12227558321649148	-0.9507677514711711
45.79726611167461	40.66235981548805	-0.24170856822722975	-0.9838749367100084
45.9145588525544	40.80277694916309	-0.35351908251985054	-0.9988088628996833
46.02663071234563	40.944921464177725	-0.45581397948404034	-0.9941326857300722
46.13295227734959	41.086981816135626	-0.5477117432143248	-0.9696846235413232
46.23359241402481	41.22769585264686	-0.629009080013798	-0.9258055659052851
46.32925657848375	41.36648108210473	-0.7002287658521411	-0.8645386821404779
46.42130332573695	41.503249970229625	-0.762951661882322	-0.7880425102423256
46.51158919930865	41.6382260811367	-0.8180189234997175	-0.6981867234828044
46.602195281820855	41.77177050846881	-0.8666162796881316	-0.5968008476610863
46.695239407509575	41.904267236928696	-0.9092634872775429	-0.48569415869322174
46.79260958164507	42.03605458283536	-0.9452579529168804	-0.366671245955482
46.8956270711284	42.16739701004457	-0.97361373749958	-0.2416414155071789
47.004909743424925	42.29848699124074	-0.9927435844811104	-0.11274157171428392
47.120289470432496	42.42944911245208	-0.9998869293960299	0.017936481819956454
47.24087238609272	42.56035578967	-0.9929315328633291	0.14823520307661325
47.36542313930811	42.69124480733749	-0.9707193213691949	0.27597365291309073
47.4927124751818	42.82213300766978	-0.9325429935444689	0.39899371805535205
47.62171176596699	42.95302565118321	-0.8785003927918137	0.5152052162080195
47.751685192860336	43.083922681379	-0.809310995264543	0.6226279852812157
47.88217105762072	43.21482096588761	-0.7259292634232233	0.71942853509657
48.012914117620966	43.34571302659443	-0.6300148419740128	0.803951787445599
48.143802576498544	43.47658389779841	-0.5232593403559969	0.8747500696652865
48.27482405474509	43.607406350054525	-0.4074631005296129	0.9304878262924426
48.406057786063386	43.73813682048963	-0.28450384507562854	0.9701463545762101
48.53769894283462	43.868713651586	-0.15626598237109096	0.993251362269487
48.67010342582112	43.999059563007954	-0.02456653324170316	0.9994735664963273
48.80384330575978	44.13013981284162	0.10890266213957187	0.9886457188189516
48.9397567745734	44.26122236221648	0.24258480641225155	0.960884886935011
49.07890818580539	44.392284782792	0.3747596867577562	0.9166741454103147
49.22243684608815	44.52329402193832	0.503351209019132	0.8567922004747063
49.371253113129086	44.65419217150613	0.6259027375003361	0.7823130490837894
49.52563704781664	44.78486401060337	0.7383159412656831	0.6946197615066021
49.684808001845745	44.9150826239208	0.8357925321503556	0.5954424297286071
49.84683377654682	45.0444285901937	0.91323499410831	0.48692593639339193
50.00903226343351	45.17221781842294	0.9671541856757966	0.3716890210212478
50.16871712479165	45.297495007445434	0.9948338311716338	0.25279068190844683
50.32402911262433	45.4191786972952	0.9981613076066759	0.133481382298372
50.45492711560527	45.53630009359563	0.9820802452615888	0.01678233603385542
50.5858218895512	45.64822880207328	0.9489634038044706	-0.09494533766216401
50.71670852497007	45.75495431177152	0.8996510067238592	-0.20042256553130383
50.84757672902889	45.85726831951849	0.8349946084447486	-0.2994305931975383
50.97840623861952	45.95661767172118	0.7561166051560195	-0.3924714007789225
51.10915889291717	46.05490292897086	0.664400677513814	-0.4810005654459618
51.239772872731706	46.154262565301416	0.5614779807914477	-0.5653341693047617
51.3701331724758	46.25665774975717	0.4492290779850949	-0.6467342535879252
51.5000670455419	46.36385622024823	0.3297623295758593	-0.7246903829323365
51.629295754633155	46.47718448192028	0.20542057913659417	-0.7977494539986552
51.757378686105824	46.5974352155382	0.07878482188271049	-0.8641936073680573
51.88369776584722	46.72471064195118	-0.04738778733445883	-0.9209660006624583
52.00742294318773	46.858322742746516	-0.1702463577686661	-0.9646110792131543
52.127560145481105	46.99682967698636	-0.28705110117780264	-0.9918962889181873
52.24310292471477	47.13828614154834	-0.39549944316386043	-0.9995478744850831
52.35317104279954	47.28072252285074	-0.4940064161693034	-0.9872395954769675
52.45743767050064	47.42251317024445	-0.5818646234666259	-0.9553901809883564
52.55624593576302	47.562639171159	-0.659036210745444	-0.9052533619724634
52.65058896397286	47.70069501584352	-0.7271983867715603	-0.8379670119308085
52.74201944426042	47.836788059577046	-0.7865042481848201	-0.7561334826641868
52.83246932465919	47.9712056644883	-0.8392030691711972	-0.6616711534539295
52.92411192574398	48.104336860233296	-0.885245026738253	-0.5563867801073692
53.018952371035105	48.236549410985816	-0.9253563130391327	-0.442094276635579
53.118708116353055	48.36815707758701	-0.9582511468154091	-0.3206535753727028
53.224395152875076	48.49939507862919	-0.98319686152781	-0.19401205907280836
53.33634863222721	48.63043093468641	-0.9972839007211086	-0.06420731248686669
53.45402858379486	48.76136793702201	-0.9985253983691695	0.06662275615842002
53.57639580285651	48.892266076594396	-0.9852863674585961	0.19624546161285272
53.70220988303186	49.02315450898813	-0.9563633077049887	0.32247794911225364
53.830305486863075	49.154044596464644	-0.9114156829238445	0.44318268138513933
53.959772573555185	49.28493908930928	-0.850837094833006	0.5563071356398026
54.08999523444272	49.41583662881215	-0.7755567976850543	0.6599237061545541
54.22060598425012	49.54673257316008	-0.6868683088616826	0.7522643677921192
54.35141516132769	49.67761698792402	-0.5862452713451074	0.8317512475962661
54.482353346138794	49.808470344238714	-0.4753958444752388	0.8970246290326374
54.613443449155206	49.93925809415735	-0.3563060897743888	0.9469702823540007
54.74480443476707	50.06992782166592	-0.23087217894767342	0.9807476141768574
54.87668340023733	50.20040899463639	-0.10097019690858823	0.9978158090164516
55.009506356715384	50.33061908068695	0.031614108060005086	0.9978098660707253
