5.845787813650554	0.19368961994787498	0.9057901674826775	0.9811543878544263
5.979672372780827	0.3245410367687137	0.9540262593855926	0.9475403950847191
6.114263665902842	0.45532843595199246	0.9853487824503857	0.8977888767787502
6.249410950198023	0.5859893474764437	0.9989392963086896	0.8328056111518272
6.382930302389957	0.7164193505797625	0.99455346627684	0.7538053238720785
6.513829982295579	0.8464624203887146	0.9730942183314889	0.6623112231353725
6.644729624110973	0.9759104776831915	0.9350080426469036	0.5601382790585527
6.775629137793274	1.1045269674223341	0.8809416117913993	0.44933931978285924
6.906528252286224	1.2321040641355039	0.8118132283271349	0.3320958229873979
7.037426215741636	1.3585536089016388	0.7287857489936473	0.21055275280013985
7.168321106525662	1.484019119437006	0.6330868657541364	0.08662568230686986
7.299208391639421	1.6089860592722878	0.5266068077549039	-0.03816460960017855
7.4300781541169565	1.7343463847383718	0.411171507630149	-0.1627469864803457
7.56091009229767	1.861411781609413	0.28876991737186786	-0.2864117406157281
7.691664914867308	1.9918429406487745	0.161529032460206	-0.4085500369046488
7.822270103166247	2.1274698438444624	0.0316906695755691	-0.5282421850247728
7.952597836420008	2.2699646012898764	-0.09841019681707333	-0.64343730905648
8.082425871895715	2.420327706459663	-0.22636148703231795	-0.7506014004637162
8.211391659711953	2.5783154935469885	-0.34970410952481706	-0.8454524764684325
8.339000337584887	2.7421111403823613	-0.4660423599666476	-0.9208459422278771
8.464576783972094	2.9084689490363758	-0.573128999522776	-0.9725535237654255
8.587529947158513	3.073699257368109	-0.6692219147653986	-0.9975504734894658
8.707555028949038	3.2347771407561114	-0.7532739934733441	-0.9951707630704325
8.82479992242565	3.3901443814212184	-0.8249440938540931	-0.9691885583375869
8.940041259327698	3.5394733740501128	-0.8844399996877439	-0.9214815891189729
9.054376033139159	3.683496743356717	-0.932008127543519	-0.8563304648571736
9.169086054118036	3.823227429766819	-0.9673657063050256	-0.7763444664931114
9.285292761168929	3.9597456005083105	-0.9899528990226707	-0.6835429796746291
9.403776891407597	4.0940257218942	-0.9993404489741826	-0.5795527943625136
9.524937397761228	4.2268580044352735	-0.9945144702751403	-0.4664987228855337
9.648748209853874	4.358795950993959	-0.974549959773017	-0.34611336178934726
9.774862180776319	4.490216245104018	-0.9388893735180404	-0.22024202920923505
9.902764919990062	4.621355960080289	-0.8875038144963965	-0.0908619108929635
10.031922739684761	4.752352105995351	-0.8209164507024267	0.03993683611784176
10.161882168836113	4.883275535659113	-0.7401284322009961	0.16999196746608763
10.292310422674648	5.014154798192507	-0.6465089514250756	0.2971176025447036
10.422991300574404	5.144988413911998	-0.5416950491859359	0.41915094661907004
10.553799400174826	5.275745977261827	-0.4275181752871022	0.5339939907559227
10.68467131165317	5.4063597154254275	-0.30589051452396315	0.6395392184610534
10.815584164139187	5.536707452769578	-0.17898197661878787	0.733930548281285
10.946545523397877	5.666596761184571	-0.048996510899824354	0.8156091393209212
11.077593319900343	5.795758336029776	0.08188940341058559	0.8832188436937577
11.208804577541114	5.9238560446971995	0.21151638242115567	0.935758242167102
11.340307839003799	6.050524660946329	0.33777902046415287	0.9726545201931811
11.47229132160172	6.175434135177615	0.45864673488714097	0.9938001424139311
11.604996218581677	6.298368696492168	0.5721588125026206	0.9995231566629306
11.73870053069552	6.429274046434751	0.6764052442965311	0.9889200477462038
11.873779827498058	6.560162596281396	0.769560843815241	0.9614282506974727
12.010474390341944	6.691012182953462	0.8492090605879757	0.9175321442487223
12.14883720288764	6.821776644800307	0.9136778481503325	0.8580165155235506
12.288657996478848	6.952366008330904	0.9612231342524409	0.7839764013755544
12.429443180614031	7.082620483394779	0.9903529559416406	0.6968338323502226
12.570488453668668	7.212284607825899	0.9998706768167878	0.5983545987270142
12.70138809756136	7.3409965399317425	0.9906516888878224	0.49064390863005225
12.83228761268229	7.468308637957086	0.9645134658989347	0.3760910754080535
12.963186714038534	7.59374105633644	0.9219043314701194	0.2572477356989125
13.09408458989559	7.7169102673328425	0.863552632558954	0.1365985935408594
13.224979124887296	7.837687209838769	0.790455105754196	0.01628370495047074
13.355865276704085	7.956341928672945	0.703861680948493	-0.1021370595411202
13.486732017900882	8.073618471528565	0.6052577562671749	-0.21776761118361626
13.617557052009001	8.190709974142958	0.49634521026039036	-0.3302483100226753
13.748298175087838	8.30914591312565	0.3790235257287022	-0.43944624838637814
13.878879434792305	8.430624681829757	0.25537252218040685	-0.5450524943168957
14.009169189341266	8.556807133775612	0.127638164068669	-0.6461801830061176
14.138947183780742	8.68905569523451	-0.0017790715051685278	-0.7410421768722302
14.26786297129735	8.828111974677046	-0.13030278375251653	-0.8268054371572215
14.395400530669047	8.973759260860302	-0.2553207546892766	-0.899745134170119
14.52088281105246	9.124631676994044	-0.3742952093014397	-0.9549653704712981
14.643496755058464	9.278405358966339	-0.4849163715640718	-0.9888756491644966
14.762521283792827	9.432396805975078	-0.5853340331694862	-0.9997607256523752
14.877610162692104	9.584289186561623	-0.6743930111366123	-0.9868206536215258
14.988913417911592	9.732704914640737	-0.752066029504435	-0.952794989769911
15.097273884077245	9.877133006646057	-0.8189244148899072	-0.8991385455877768
15.203974881032188	10.017864071722867	-0.8756279532400324	-0.8288172944921764
15.31060847869019	10.15552031208359	-0.9216904272298365	-0.7443349115391309
15.418677391251473	10.290803552793914	-0.9579948290706304	-0.6476390852821308
15.52950235249371	10.42439442056498	-0.983856756654067	-0.540534746782429
15.643952425602574	10.556853913440191	-0.9979157939863046	-0.4247675441656414
15.762319563872415	10.688604124577399	-0.9982929083220313	-0.30211448031013777
15.884333829810263	10.819939450181993	-0.9841837062130431	-0.17468101893500473
16.009398733366325	10.951046011758054	-0.9546057594195635	-0.04449898315783242
16.136749563040873	11.08203478986017	-0.9092095242514047	0.08631043465528052
16.26564823210215	11.21296604127716	-0.8482986675476569	0.2155769566207611
16.395500878465292	11.343867955627783	-0.7727271727794967	0.34112811476352206
16.52589232376275	11.474748181944937	-0.6837108952464958	0.4608354534107412
16.656564973513774	11.605598096155045	-0.5827211188289341	0.5726565318706625
16.787377565099966	11.736390136979837	-0.4717111923850894	0.6746724774567372
16.918267382151367	11.867071066333525	-0.3526036028605743	0.7651249902082103
17.049224381332873	11.997551933030264	-0.22742601317194078	0.84245536967556
17.18028464969822	12.127700026542614	-0.09826958945418121	0.9052846439366737
17.31153999236059	12.25733886999108	0.0327588332366988	0.9524868137460468
17.443160294443455	12.386262193330538	0.16358701722945368	0.9835990723932879
17.57541383240694	12.514263168017164	0.29220979180335355	0.9983635347755134
17.708678653537625	12.64181294551521	0.4166914249304827	0.9968401728086759
17.843433391956737	12.772744346261778	0.5351272297142606	0.9783878896814987
17.98026545117819	12.903656046232024	0.6451904667292656	0.943224095276981
18.1196459221428	13.034522493791858	0.7448852651988223	0.8919681128521171
18.26179675370296	13.165289554449329	0.8318109881738116	0.8255392974595963
18.406515588378852	13.29584845332479	0.9033666410950683	0.7451710110104152
18.553088668007273	13.425997439946995	0.9559916183577306	0.6524380813241756
18.700399500810843	13.555401661475221	0.9884402355711279	0.5492882959134338
18.847163095431718	13.683567384727032	0.9999248518784298	0.4380522995524299
18.97868991722632	13.809863579894664	0.9915719177207367	0.3213819872389234
19.10958900073937	13.93360934833866	0.966154756990115	0.2020781878277263
19.240486799196855	14.054197053742104	0.9242412505297375	0.08283588285044384
19.371381076463727	14.17131835361525	0.8665497930701895	-0.03412894616759234
19.502266539400985	14.285158940634753	0.7940693711795168	-0.14738300109967883
19.63313182253285	14.39648716609337	0.7080461888326613	-0.2563640721872749
19.76395463211935	14.506594699193343	0.6099684330331583	-0.3610095028572066
19.894692484653895	14.617094179742807	0.501551734992886	-0.4615065776068785
20.025268118404544	14.729765924806784	0.3847267664106466	-0.558247168172537
20.155552776270824	14.846366262583064	0.2616248931322527	-0.650960470748663
20.28533572645188	14.968385846932057	0.13456938116030417	-0.7384931361579663
20.414282874324034	15.09683496645591	0.006065381309802095	-0.8186777471705947
20.541890784142225	15.232002881218042	-0.12122704639974403	-0.8884237078199686
20.66746253608614	15.373259810237766	-0.24457500159375195	-0.9440985639737259
20.79015000422897	15.519042953905128	-0.3613575694632542	-0.9821946085743901
20.909097629168247	15.667141917334419	-0.4693623075145724	-0.9987179812985112
21.023539636647616	15.815321166934156	-0.5670031915064414	-0.9938371465865707
21.13329046032686	15.961765870916725	-0.6537645926363347	-0.9678927185293332
21.238774835324858	16.105441897505845	-0.7300321706451152	-0.9216412524065356
21.341000450601257	16.24614075643925	-0.7956396830837333	-0.8582271472193005
21.441490859785286	16.384068023329082	-0.8523841975263035	-0.7797332977417952
21.542051392309038	16.51971669521508	-0.9006173411850428	-0.6881249462190743
21.644470963018343	16.653645137681	-0.9400431309847178	-0.5851356611042698
21.750235206887925	16.78636911995107	-0.9708545407829905	-0.47260957579687785
21.860437713632596	16.91830786715793	-0.9913252821361591	-0.3525655175619683
21.975462333086405	17.049760368601106	-0.9995073642750333	-0.22690302025148082
22.09503198334304	17.180931801964185	-0.9941640712694945	-0.097625415247491
22.218448512186185	17.31195356322158	-0.973823730319431	0.03317213203267722
22.344774841176253	17.442901882044982	-0.9376897455623929	0.16333182829814705
22.473085441248628	17.573816765053287	-0.8857108892475613	0.29067639037151116
22.602625504723694	17.704716127551304	-0.818481821341579	0.41305539654871515
22.732862915527708	17.835604366038517	-0.7370801984609474	0.5283895665047493
22.8634662314155	17.966475589894312	-0.6429201145570286	0.634710736714527
22.99425317271368	18.097312244072924	-0.5376502503116088	0.7301181682647028
23.125141911439556	18.228080294183023	-0.42300814590338653	0.8128626439542542
23.256120982019777	18.358721452341545	-0.3010139313689774	0.8816721264064497
23.387241691344915	18.48914686769734	-0.17376101335543526	0.9353925360510167
23.518631504289594	18.61923764834918	-0.04328490418549059	0.9731654089939721
23.650523106963693	18.748852978889186	0.08841839217484623	0.9944633302875721
23.783287507948994	18.877850234470667	0.219432025410209	0.9991114003388324
23.917453075690485	19.008824640114298	0.3479149879130369	0.9868585838682453
24.053727633719596	19.13978838765627	0.47206816189110806	0.9577307824802993
24.192865819325483	19.270722561049983	0.5898412029457627	0.9122351566387443
24.335498718105438	19.401590826648995	0.6983840260404658	0.8511743085235004
24.48186674575472	19.532319472824224	0.795194566101866	0.7756527460637147
24.631604319171654	19.662759947384085	0.8769956856959014	0.6870993868441168
24.783623767681302	19.792637711855456	0.93921679757558	0.5872857825587348
24.93630567846462	19.921500233731845	0.9805554802445572	0.4783659029361134
25.087867390899824	20.048682538762858	0.9985907105368919	0.3631185649713824
25.232266703177665	20.17338521642788	0.994574121606403	0.24443521880769603
25.363165458652585	20.29481322964764	0.9731422990481153	0.12520911989230982
25.494062333362017	20.412320581332068	0.9350836406762082	0.008026383419567322
25.62495416981599	20.52562971048473	0.8810464161965539	-0.1050408027996929
25.755833769542082	20.63511053173147	0.8119539532613067	-0.21300733153327733
25.886686284458587	20.741802953277208	0.7289932116936828	-0.31587624122724955
26.017483862713828	20.847274719316392	0.6333974762273417	-0.41394174496195707
26.14817408310455	20.953325249140384	0.5271147600204583	-0.5078455101377766
26.278665936419625	21.06184906458148	0.41205987574485226	-0.5981964278914572
26.40881230758847	21.17460748625042	0.2903576998299256	-0.6847401150737128
26.538377421578858	21.293023657699916	0.16433697819076787	-0.7659016595876815
26.66697607363433	21.418013364039833	0.0365374301361956	-0.8400295191299384
26.794059335942592	21.549791773128245	-0.09035302363681201	-0.9041308225302588
26.91888489732251	21.687708576554257	-0.21358210895279167	-0.9540466044849095
27.040505483353645	21.830274289538874	-0.3304736963768313	-0.9866074591644169
27.1579684708891	21.975427377554215	-0.43879292395790914	-0.9995062664758347
27.27056323430639	22.121022620518982	-0.5370994635617562	-0.9914561674837086
27.378036188262723	22.26535110040858	-0.6242686894087496	-0.962202257791384
27.48072203275896	22.40744652495381	-0.7009508688214814	-0.9141684284305973
27.579677711249005	22.54696806326694	-0.7681952054030218	-0.8492481159032977
27.676488308485716	22.684069374046164	-0.8261425195595513	-0.7693426388239955
27.772977773654894	22.819156180296137	-0.8768961877526154	-0.6761521073243529
27.87116076623448	22.952740406227736	-0.9193800710903975	-0.5719790055523554
27.97269759868102	23.08525346287249	-0.9545497421406439	-0.4586239333383332
28.07894395762275	23.217061305057737	-0.98078353887686	-0.33792017209893765
28.19053284625387	23.348434118983167	-0.9960536785771902	-0.2117900751799478
28.30734747729002	23.479557724964145	-0.9989631884900183	-0.08225585390932152
28.42874251974069	23.6105516549863	-0.987618743006335	0.048574777413645326
28.553711762636695	23.741484691608942	-0.9607586172589448	0.1785372603961225
28.681186740508995	23.872392407690263	-0.9179189096456044	0.30545320136380094
28.810253138139288	24.003290585066093	-0.8593764920877756	0.4271358144060755
28.940242427194256	24.134183740474022	-0.7859815991513532	0.5414104575159684
29.070724973209845	24.26506888927718	-0.6989859716644042	0.64640404499541
29.20145673623211	24.39593516177759	-0.5999160411348071	0.740325564034525
29.332321099513152	24.526760375037078	-0.4904924563311526	0.8215705661195208
29.46328867982129	24.657505570818056	-0.3725753074754978	0.8887526737050133
29.594403083769873	24.788109660824414	-0.2481041534248869	0.940736089746996
29.725792244834686	24.918486773766965	-0.11903660142916153	0.9766690459821055
29.857699879144622	25.048526189714487	0.012561401162582263	0.9960147238664262
29.99052633207991	25.178111890541153	0.1448195058698636	0.9985751074846836
30.124858816744414	25.3091198493007	0.2759588896415046	0.9841824457586859
30.261493619402135	25.440118315209794	0.40425271214222325	0.9529483726450294
30.40132112388317	25.571086545818208	0.5278268572956875	0.9054138032673901
30.545142176988566	25.7019870444391	0.6440700687113288	0.8422153240242685
30.693384117274366	25.832744999420456	0.7497567323658274	0.7646593559990138
30.845747088885396	25.963208576965183	0.8416906317124803	0.6743073303007603
31.001053127477213	26.093089651917573	0.914734088986384	0.5730072349158805
31.157395952005995	26.221902291791352	0.9665738708686917	0.46302818882016017
31.312616202412965	26.34892652997645	0.9942179934948232	0.3470710172398988
31.464954686549266	26.47327394872146	0.9984602418810701	0.22813674755695873
31.595853467009295	26.594045890152522	0.9836274590014591	0.10923561312822432
31.72675039776603	26.71051398954199	0.9519869111427199	-0.006971844625153785
31.85764246812239	26.822374133358856	0.9039678076382887	-0.11853752228180033
31.988522770092985	26.92994509534279	0.8403324192521046	-0.2243741661644604
32.119376619619224	27.034237460244594	0.762380643184208	-0.3245772040199748
32.250176728592606	27.136887137835398	0.6714702435415556	-0.41983928590517966
32.38087429695345	27.239801536137055	0.56920383762624	-0.5106777288414099
32.511380553453776	27.34491801534233	0.4574220475989944	-0.5981045034066834
32.64155569912131	27.454075044441623	0.33818693067406425	-0.6819635873926353
32.77117299443765	27.568762252285612	0.2137797253957491	-0.7609778702158445
32.89986278454293	27.689992652801937	0.0867081717448363	-0.8337318384918038
33.027094744518806	27.8181273099026	-0.04034532343543124	-0.897390276745993
33.15213663602626	27.952718407925246	-0.1645874536616161	-0.948531230998096
33.274079433838146	28.092483474020618	-0.2832827699601539	-0.9833266103717044
33.39191772260943	28.235518879411178	-0.3940044093388696	-0.9987809918372834
33.50477037897651	28.37973850474614	-0.4950006314765576	-0.9940209359122576
33.61222970276985	28.523328488100105	-0.5854601400921562	-0.9690919633947924
33.71450878063822	28.66509319102663	-0.6649001892865207	-0.9243093775644609
33.812414971493396	28.804567919821515	-0.7348388009228386	-0.8622700276467716
33.907417221992276	28.941772179836597	-0.7956679684008434	-0.7850441571872979
34.001354495325494	29.077009620215826	-0.8490724206442346	-0.6945427861080061
34.09627177396247	29.21071461433834	-0.8951021582827083	-0.5926020855812177
34.194068317125684	29.343311810656072	-0.9343623262538115	-0.48100853554969136
34.296361920779404	29.47516884146612	-0.965841169704942	-0.36151148328377675
34.40415251113627	29.6065682592606	-0.987781714506955	-0.2362339075535932
34.51764780464207	29.737702131138676	-0.9987478155363096	-0.10718152192914226
34.63641498500697	29.86869713303148	-0.9965152265600195	0.023551420574589997
34.75949668761369	29.99962750242055	-0.9793467406246505	0.15380714712310892
34.88573679032157	30.130532240755148	-0.9462952082682556	0.28140614675411546
35.01406359692639	30.26142911193395	-0.897236928078224	0.404193519852768
35.14364507536961	30.392324202903314	-0.8327288778072723	0.5200841030733779
35.27391904719617	30.52321693613443	-0.7538182126188104	0.6271033737498988
35.404549442697494	30.65410109218527	-0.661885355511084	0.7234235549036496
35.535361478815545	30.7849626249805	-0.558540777982778	0.8073958888829702
35.666288903597376	30.9157752196094	-0.4455596266101849	0.877443062072775
35.7973477843919	31.04649534805538	-0.32482915599441653	0.9323368998331919
35.9286393627686	31.177058490665637	-0.198290849217027	0.9713006407847713
36.060376927447976	31.307379392773036	-0.06787375516304896	0.9937252472352842
36.19293033327174	31.43736007327705	0.06456527861987088	0.9993268670598738
36.32686888584005	31.568393314908906	0.19719528576746698	0.9879224666234125
36.46299484146121	31.699422799865392	0.328320748331094	0.959609813844782
36.6022693201468	31.8304285889304	0.4561850837469422	0.9148815477367189
36.74565030125419	31.961377284808933	0.5787023038100538	0.8545253654264369
36.89379858182924	32.092205456909674	0.6926780822351486	0.7796265679560354
37.046691851312985	32.22278660075358	0.7942474686655324	0.6915845068218769
37.20336126396453	32.35287377751752	0.8794406263183357	0.5921545288182168
37.3619284996242	32.48202734748284	0.9432586708077924	0.4835098933761492
37.52003856151605	32.60956490162067	0.9837609772467288	0.3682776481044803
37.675503288619176	32.73457648703438	0.9992585593598677	0.24947620316038902
37.8148807703483	32.8560790530317	0.9930457290992893	0.13025121467490722
37.945778440453765	32.973217642691246	0.9695997191645015	0.013496335676875552
38.076672333425506	33.085466788970855	0.9295503982265567	-0.09853733289123066
38.20755683874376	33.192951690556384	0.8733597279638278	-0.20468466208908537
38.33842023867571	33.29657583804251	0.8022823366055316	-0.30488237146685
38.46924017053538	33.397854440026315	0.7175534952013279	-0.3994519630197422
38.5999732720375	33.49862769992991	0.6206632245343475	-0.48971423913957757
38.73054899790578	33.60096578439472	0.5133414518964609	-0.5761455043864703
38.86084393166319	33.706764221558295	0.3975549650551867	-0.6590918653322815
38.990657249538145	33.817664200289975	0.27550024498946996	-0.7383096072193169
39.11968250652866	33.93487262520996	0.1495888019725585	-0.8122045880321952
39.24745453213405	34.05900354101244	0.02243886675288655	-0.8781855175776176
39.37330200224586	34.1899327077916	-0.10316584109204488	-0.9329616689744561
39.49633991567528	34.32671516692548	-0.22439778529391807	-0.973059463480658
39.61555238535604	34.467685179849504	-0.33863570581490615	-0.9954860189959205
39.72998700536209	34.610791495077386	-0.44382442988255644	-0.9983269516806961
39.839013429522716	34.75407258301773	-0.538819161579779	-0.980529777758669
39.94250216100084	34.896100397299975	-0.6227639748292226	-0.9427852390274383
40.04100717363531	35.036112153604286	-0.6966484970483338	-0.8872287392841416
40.135759332288806	35.17390658538428	-0.7613920912349802	-0.8157221838504982
40.228480179400826	35.30967246312649	-0.8180617962540183	-0.7301779435544432
40.32116190899412	35.44378837313027	-0.8677115232166237	-0.6321914637760181
40.415876068050935	35.57669014791034	-0.910781124026004	-0.5238977460135377
40.514481333493066	35.70875254480656	-0.9469706888082372	-0.40718864121595266
40.61834377991615	35.84027315947546	-0.9749010106211436	-0.2839412172782377
40.72809295699305	35.97147009044255	-0.9933428166459207	-0.15612598875972322
40.843658893290836	36.102492754899316	-0.9999072154236458	-0.02580577404085967
40.964280369688865	36.23343198139427	-0.9923111514496102	0.1048805466349442
41.088802520098504	36.364337187090065	-0.9692875146065614	0.2337552144389714
41.21604002729922	36.49523228036335	-0.9303372040109672	0.35864734553470495
41.344993600754314	36.62612662905917	-0.8754749009249568	0.4774386051706997
41.47493399525672	36.75702187643298	-0.8053947163820825	0.5880916472566744
41.60539728310778	36.88791490343606	-0.721396370913634	0.6885183776677846
41.73612484603004	37.01879748299887	-0.6249618136798573	0.7771536257168794
41.8669965659923	37.14965264574789	-0.5177693147835276	0.8524852347951403
41.997988658631655	37.28044992019904	-0.4016363988403532	0.9132297359454983
42.129161383488515	37.41114057299739	-0.27846564305269544	0.958361532297606
42.26067581446245	37.541655522003545	-0.1501806713191623	0.9871420586667378
42.39283357460762	37.671908728714605	-0.01865496872140929	0.9991456700763947
42.526126432608116	37.80243260546334	0.11434593157867205	0.9942170122099878
42.66127875365673	37.93348409289105	0.24717797034729017	0.9722812068548483
42.79924159498302	38.06452101236123	0.377988473795724	0.9336990859385643
42.941054089696856	38.195516964068396	0.5049024850343615	0.8791435194018488
43.08761069030564	38.32642409431884	0.62554160469391	0.8095825143072276
43.23929735618754	38.457148083184926	0.7362302525229855	0.7261024857510139
43.3956258829369	38.58749907424267	0.8324223783891419	0.6305181531898333
43.55501992048865	38.717120919434514	0.9098087477817712	0.5248976622392724
43.71511116787009	38.8454188288741	0.9641594888649956	0.41170909596219507
43.8733937199867	38.97154127059317	0.9936917231680864	0.2938541794169902
44.027933569063784	39.09447430630558	0.998566761229152	0.17448255209097063
44.15883199317248	39.213271581707076	0.9841580112213761	0.056599330139218224
44.28972794819965	39.32724178052234	0.9529333900926966	-0.057295894091913366
44.42061753794178	39.436177811116174	0.9054237023035328	-0.16543264537325886
44.55149197168082	39.54058734294029	0.8422439823563513	-0.2672702041576851
44.68233397827801	39.641792861978026	0.7646374983977046	-0.36332080463312605
44.813112013907165	39.74160586370863	0.6740466980271632	-0.45417520564250424
44.94376671035767	39.842007381468406	0.5720801168860459	-0.5412949937694009
45.07420453697522	39.94504745662154	0.46058159902906715	-0.6247748221126852
45.204261858082305	40.05249806909391	0.3416341791719538	-0.7047724506583215
45.33368191146279	40.1657921543959	0.21754780065865076	-0.7804640159348226
45.46207726485452	40.285840900853536	0.09084518013343384	-0.8497346246488268
45.58887526307311	40.41288723753193	-0.03575824719644977	-0.9095943115352287
45.713285378053676	40.54638625544867	-0.15943071958989746	-0.9565910750617515
45.83433169319605	40.68500506667951	-0.27740831870548077	-0.9874168517770765
45.950992198229564	40.82684120100877	-0.3873094456656888	-0.999564614986252
46.062434639850984	40.96984343084871	-0.4875079397706409	-0.9915711452971679
46.16824917859052	41.112287912247645	-0.5769003226810069	-0.9629328459125714
46.26860987977063	41.25309958379982	-0.6556982039361547	-0.9157181871620081
46.364437847825485	41.391794906969004	-0.725101588088012	-0.8516550164156258
46.45724246863137	41.528389252848726	-0.7855288638278388	-0.7726370009978213
46.54888675175345	41.663170858571	-0.8389798094389171	-0.6803079715451299
46.64149305530782	41.79656275207133	-0.8855021413399448	-0.5767203546204847
46.73705835376943	41.92895761788609	-0.925869061751144	-0.46383703787020303
46.837308691531966	42.06068699235349	-0.9587493101558409	-0.3434988976843249
46.94327825067714	42.192002120677294	-0.9835203781321243	-0.21763282532091835
47.055347103883555	42.3230842468403	-0.9974893786603607	-0.08825750753666113
47.173048180741866	42.45404775013787	-0.9984561520487336	0.04251893744543065
47.295377072228696	42.58495940247357	-0.9849474959632968	0.1725319074713
47.42113603952318	42.71585395716204	-0.9557743250150087	0.29960177698128276
47.54918374616876	42.84674621483422	-0.9105962766494864	0.4215788872441943
47.67861765986478	42.977640616560805	-0.8498037104612349	0.5363668852309469
47.80882028269532	43.108536348251796	-0.7743248393326778	0.6418377730371421
47.939419176858145	43.23942872029348	-0.6854553885525025	0.7363171108756493
48.07021931132446	43.37030714721503	-0.5846001006120936	0.8181934787213617
48.20114523407268	43.501150617060496	-0.47363444050224424	0.8860696338685257
48.3322119888381	43.631922940265646	-0.3544680552153858	0.9387911590712812
48.46352545948036	43.762568973773355	-0.22901206371152494	0.9754751870290734
48.59531152441301	43.89301436678623	-0.09916511058485816	0.995537885428118
48.727963864448625	44.023171682046076	0.03325584225729295	0.9987163111122199
48.862092129630454	44.154233490462225	0.1665548280557329	0.9848772572079934
48.998559663960535	44.28529159624426	0.2991412955185601	0.9541708892476171
49.138411697999636	44.41632327307537	0.4292559579788292	0.9071288800142631
49.282698254678266	44.54729253852167	0.5544540896952683	0.8445779710087948
49.43213474370566	44.67813391267487	0.6721470916524193	0.7674145947495512
49.58676746596031	44.808711884922694	0.7781337287755409	0.6773467405884624
49.74554786817168	44.93876236362346	0.8675120109935699	0.5762184340525667
49.906389487868836	45.06781395172085	0.935838270371911	0.46627471559611383
50.066681940104914	45.1951307375849	0.9800396635185761	0.35022406170521253
50.224031450847	45.31974044855926	0.9986982065795593	0.2311512700534455
50.37019550181698	45.440609176924504	0.9940860084515606	0.11221447641617921
50.50109298427942	45.556896547915194	0.9720111295210098	-0.003800569036755255
50.63198646558895	45.66812092375078	0.9333282834988098	-0.11474591995922856
50.762870011737235	45.77439676280834	0.8786975773756033	-0.21939365841224762
50.89373110294795	45.87664865729131	0.8090562692267917	-0.3178559758709704
51.02454644524664	45.9765064030635	0.7253758779171583	-0.41072137362141525
51.155272308540894	46.07590159432036	0.629410048311472	-0.49909760681482496
51.28583378267107	46.17690713166536	0.5228819218070003	-0.584059969631846
51.41611039610515	46.281462898758946	0.40774417375533956	-0.6653378099232339
51.54589203656998	46.39118918256972	0.2861921507061725	-0.7430400973900294
51.67486661908163	46.50728890311914	0.16063576201724689	-0.8156021960732582
51.80256303107394	46.63036905789575	0.03369357345981733	-0.8804527828775606
51.92830377094745	46.76030802953947	-0.09184931248262378	-0.934317992094593
52.05119600420572	46.89617845964036	-0.21316241488906418	-0.973733999392281
52.17021116303132	47.03634265981608	-0.32761807644598884	-0.9957011966616359
52.28437609540796	47.178776152093924	-0.4331505695315213	-0.9982762617147691
52.39303186464167	47.32153106731906	-0.5283106572884464	-0.9802925053175163
52.49601730261239	47.463171626931334	-0.6126078294125704	-0.9425479531037104
52.593854388465296	47.6029120394345	-0.6870875824250785	-0.8870338861702233
52.68776146720225	47.7405286274972	-0.7518916082376381	-0.8155808837350011
52.77942589642185	47.876174527556216	-0.8093931439555233	-0.7300910283617106
52.87090831496374	48.01021781499674	-0.8592505045843299	-0.632144988572003
52.96424493328763	48.143069429368644	-0.90346203396639	-0.523890287104147
53.06144975970569	48.27510019425281	-0.940399512986839	-0.40720971390429905
53.163883312244614	48.406596239222466	-0.9703575983126	-0.28398685695786047
53.272390957395096	48.53777697224022	-0.9907038245439528	-0.15618892631362935
53.3869030397826	48.66878705892852	-0.9993664841512322	-0.02588203417055229
53.50668445143828	48.79971641291602	-0.9945662304212679	0.10479476039290138
53.63061754905834	48.93061500542681	-0.9746432685123044	0.23366466814122516
53.75748218583029	49.06150622601893	-0.9387800283442397	0.35855640677107825
53.886217768844595	49.192398802548894	-0.8869792246141157	0.477350908141016
54.01604162892948	49.323294207945445	-0.8198926499265755	0.5880140013464286
54.14644830655803	49.45418984222872	-0.7386281706797941	0.688450735953806
54.27714988799937	49.585078999134545	-0.6446022464268855	0.7770990257695948
54.40800901205461	49.715947682614996	-0.539445295959371	0.8524467690496682
54.53899210461896	49.846770191761344	-0.4249134055990698	0.9132097456985555
54.6701533572968	49.97750410042231	-0.3028325826622997	0.9583595554311988
54.80164944792314	50.10808575057348	-0.17526084724025126	0.9871513828499638
54.93377914059224	50.238435133025256	-0.044063291386535135	0.9991505627521217
55.06703496136347	50.3690281646793	0.08900101716345456	0.9941958465109446
55.2021492106008	50.50009554089809	0.22229603267983622	0.9722286792637032
55.340093480423846	50.631150119932336	0.3542308989402119	0.9336115388881285
55.481961742914926	50.762163733717664	0.48298904927904435	0.8790181681455228
55.62872679779743	50.89308855073303	0.6055899118074397	0.8094173777393906
55.78082496942945	51.023834232128294	0.7191693447415933	0.7258794058062361
55.9378473374597	51.15421384113019	0.8188507697532451	0.6302462640736539
56.09822189177455	51.28387542429577	0.9000051494409667	0.5245672859013476
56.259497466205524	51.41222405977219	0.9580270690808019	0.41131029023167237
56.41904295788643	51.53839853616659	0.9914951505870423	0.2933869281974194
56.57474445167255	51.6613524521097	0.9991810461933343	0.17398135165396722
56.70564294143524	51.78011223495605	0.9872173138304745	0.05612960046156779
56.83653907123764	51.89394793991524	0.958389416626215	-0.05763121838943435
