5.0890446874641935	5.156549681562772	0.3678090225031892	0.42964360127944856
5.219887748125171	5.279065365647994	0.485922373758634	0.536810617187298
5.350686898375208	5.396506163136757	0.5956692181565776	0.6318675847929482
5.481428893079643	5.506936369770515	0.695192739281244	0.7132262822797921
5.612095482329993	5.608422534725197	0.7828064784613521	0.7805556732519274
5.742660281956524	5.699266881581555	0.8570323503561593	0.8339694504505758
5.873084346284835	5.778262288732223	0.9166291446944207	0.8751522653390322
6.003310444045397	5.84472904301359	0.9606199862828264	0.9053697481217181
6.1332585200074226	5.898645374407168	0.9883197435309659	0.9267789833218636
6.262821565197263	5.940553953634428	0.9993604646181322	0.9414135267487915
6.391777418477526	5.971537152033993	0.9937210160524479	0.9517569784762935
6.520036118472175	5.993151545351098	0.9717406143539484	0.9577862100911421
6.647446994884718	6.007705713451773	0.9340877175273173	0.9618460256572336
6.7738147880110375	6.017969920139844	0.881765173869607	0.9647091770099986
6.898960153221499	6.02727682658843	0.8160664313089401	0.9673052940405814
7.022783019509304	6.039334514381045	0.7384797194792528	0.9702138668673401
7.145320217469004	6.057970304855584	0.650557048679038	0.9742784699300441
7.2668333745555245	6.086721724012529	0.5537397215736992	0.980549366059836
7.387887931162917	6.128419427721062	0.44918283438477574	0.9875628672333667
7.50915224606451	6.185003947438657	0.33786917632441116	0.9947005931693234
7.6313875609487996	6.257215389038746	0.22065315214223005	0.999184399334381
7.758957965278722	6.369209373418226	0.09483419515569007	0.9958445073673299
7.889857675574526	6.50050894410983	-0.03585244076993714	0.975999634803206
8.020757435663427	6.632362778702414	-0.1659324919125103	0.9391964730920612
8.15165737872252	6.765387735758731	-0.29319057725559544	0.8855903462448689
8.282557949145522	6.900716291624903	-0.41545931845635187	0.8150794974659842
8.413460532533119	7.040273224888582	-0.5306564976071739	0.7267729406515705
8.54436918741372	7.187107674724375	-0.6368213346678387	0.6182450063957365
8.675295157620276	7.3457654047522825	-0.7319436668919571	0.4865398214309398
8.806268136598613	7.522337538566063	-0.8145293984248125	0.3254654287463182
8.93736087315448	7.724274689100824	-0.8832233299866605	0.12932603645085158
9.068735019696813	7.9584228727853334	-0.9368712607414216	-0.10420842758425591
9.200694291197834	8.225892991807662	-0.9745252219300118	-0.36334588977656973
9.33365265526895	8.514142664325066	-0.9953645173088608	-0.612941624449878
9.467859589390175	8.795256762834464	-0.9986469959285771	-0.8082799924004037
9.603137389912424	9.044382938808251	-0.9838726299996656	-0.928424855141197
9.739067820588222	9.255709596186847	-0.9510122862758087	-0.9853258336438977
9.875330425917449	9.436804357476971	-0.8999567655062973	-0.9996223038861147
10.011712516608501	9.597236015433488	-0.832274412631276	-0.9847956565100202
10.147980542425733	9.744603782676833	-0.7493202305291398	-0.9491373544407966
10.283873196641224	9.88404355400034	-0.6528367670659041	-0.8960017387843882
10.419174429945969	10.018857559688582	-0.5448513894802771	-0.8282589632729322
10.553716547972323	10.150990540222766	-0.42759198499746703	-0.7473300106871057
10.687437900067781	10.281536960990586	-0.30323421413276347	-0.6545889150387341
10.820379975494827	10.411063495891533	-0.1742459887876128	-0.5515586820434658
10.95265910795193	10.539843652197204	-0.042886948129221364	-0.4399507924660321
11.084424914408512	10.667972071994674	0.08868956035071598	-0.32166312726110086
11.215821525434826	10.795368142882614	0.21836321310007978	-0.19880799140492986
11.346961891153706	10.921686915898562	0.34403866037955044	-0.07379516294063984
11.477915513603687	11.046162517388888	0.46365710238685365	0.05055495067328399
11.608705833794557	11.16743694727346	0.5752264585175745	0.17095589585737997
11.739312894557228	11.283459478248634	0.676864509653018	0.283790316467952
11.869677764822713	11.3915533108268	0.7668485473020051	0.3855479238163456
11.999705551973753	11.488692376851976	0.8436656839742736	0.4732577784215953
12.129264037022068	11.571935287716506	0.9059056852305573	0.5448192565111892
12.258168328253985	11.638910072715634	0.9527181871604439	0.599649259379466
12.386164327982916	11.688176914667963	0.9835837653981767	0.6385131543532394
12.51289770486098	11.719313957183772	0.9983206515960971	0.661865552861961
12.637859574991314	11.733244569201277	0.9972121566446681	0.6723133403529536
12.760355507666143	11.731763383243491	0.9810899865615834	0.6712024691218731
12.879482433295479	11.717886389150221	0.9513486964638862	0.6607948944138808
12.99412773069143	11.69551803560379	0.9096181931937978	0.6440189046667804
13.103073166226261	11.669076691828709	0.8589778275499289	0.6234816439565141
13.205229439155199	11.642960493699036	0.8025578363981769	0.6028491933930707
13.299903660173907	11.62058086505473	0.7424896957142313	0.5850464506817855
13.386925348383349	11.604452363413163	0.6817416689176435	0.5717090744449881
13.46671405298584	11.596012487746192	0.6210724498699587	0.564729765414069
13.54023658189179	11.595849024613333	0.5618289755475486	0.5645945904702191
13.608802424493517	11.60387019937092	0.5038794466188095	0.5712276570737109
13.673895607365772	11.619824980790408	0.4466684988106284	0.5844213763228162
13.737078756332593	11.643440630890801	0.3893185055374988	0.6032285137988809
13.799868766635733	11.67474401511161	0.3307843680157897	0.6279589712796159
13.863845882781328	11.713734766111482	0.26980677263739006	0.6576812282521252
13.930492105117855	11.760762145978637	0.20511985734575147	0.6924693736052236
14.001320892744914	11.816237513300958	0.13538856007456332	0.7315136879055202
14.07772138369749	11.880769915403912	0.059406451567537356	0.7739141242693971
14.160902973226612	11.95498266822944	-0.023720417471952745	0.8185318292414712
14.251826498021286	12.039234294134555	-0.11437972307967327	0.8638466346697107
14.3509312199844	12.133607847705528	-0.21203742537596626	0.9076305367214393
14.458130265104414	12.23752161506244	-0.3154177492511785	0.9460813648459753
14.572529902366808	12.349954067844644	-0.4216867697613573	0.9761974778990976
14.69281128122354	12.469343278018606	-0.5273564748550401	0.9948091785014335
14.817422814189277	12.594092365012376	-0.6288170534159196	0.9991293819964213
14.948324232734555	12.726861630137671	-0.7249693248809551	0.9866674059103151
15.079229675339345	12.861465924267945	-0.8087626418579752	0.9563743154680546
15.210147348322971	12.99925357498535	-0.8785031355755076	0.9075828097904506
15.341100262711054	13.142194895202648	-0.9332066975750275	0.838518286335363
15.472148986347257	13.293020773002537	-0.971966689108432	0.7470406819749009
15.603443513861945	13.455139256321518	-0.9941041956830167	0.6302168291081904
15.73533191656004	13.63226281307241	-0.9991404713752567	0.4836894257068852
15.8685718480409	13.82774617141925	-0.9866490178249021	0.3044673954126729
16.0046597094387	14.042760655846465	-0.9559276874731878	0.09421965283666506
16.14614304293091	14.273404947922947	-0.9054795371562963	-0.1357756290988244
16.296472128173225	14.508598390140259	-0.8313896678561521	-0.3628944270427814
16.459048255515675	14.732481187585396	-0.7308842976054882	-0.5604925398794027
16.63534282894999	14.932844769248018	-0.5997132361150915	-0.7140254916762061
16.824718262865026	15.107343663143103	-0.4384458596167189	-0.8245835393256138
17.024118817641455	15.260505129664551	-0.2518711671154213	-0.9013613294373732
17.2282699369758	15.39797191398544	-0.05045644346174869	-0.9522191352400707
17.43023503873321	15.522725013062354	0.15082299270489338	-0.9827967215745883
17.623682263910084	15.634359500520548	0.3379569284282138	-0.9970131684800868
17.805259053873947	15.730680637376675	0.5022743772732827	-0.9992865475537553
17.97489812004269	15.809724271955595	0.6411650344634718	-0.9943637742960623
18.134435719820456	15.870826129366932	0.7546643251126706	-0.9862964285369062
18.286113878755458	15.914545592497417	0.84536855813038	-0.978342394090189
18.431845788138208	15.942387996117363	0.9136076749533513	-0.9722697609394091
18.572959288986713	15.956623803136496	0.9615344330210087	-0.9691648266523937
18.710245994632732	15.960020000745367	0.9899803132028878	-0.9683797206615765
18.84412524489266	15.956070986049829	0.9998294463824144	-0.969285400127753
18.97065794453259	15.94887216516459	0.992543923009326	-0.9708555159464503
19.094727983668516	15.942813807814204	0.9699256883016035	-0.9721768882743359
19.216282856392258	15.942121039093113	0.9332527821925622	-0.9723279862312131
19.33470801534482	15.950630597100588	0.8842514465199763	-0.9704719889990755
19.44921813769257	15.971331858258043	0.8251215830582389	-0.9652243321231382
19.55875579559128	16.006119976246097	0.7585788640546585	-0.9555203530330258
19.661953334811855	16.055643474449223	0.6876696542477007	-0.9397035701081415
19.75710351803083	16.11941993213131	0.6153809847389624	-0.9160908185547241
19.84227821473395	16.195988539634932	0.5462358401531777	-0.8829472656123023
19.915488224920527	16.283317538915796	0.4836549116111975	-0.8387824276199484
19.974987002680248	16.37902924710543	0.43071668173065364	-0.7828210912508868
20.01966759789157	16.480652011084555	0.38986582457913427	-0.7157433057114755
20.04937822224978	16.585867762388183	0.36246411742196355	-0.6387300547313638
20.064861488628928	16.69262279766833	0.3478986060517206	-0.552903298319795
20.068305213632645	16.798852234146114	0.3446590043766394	-0.46148886910048814
20.062528127955197	16.902797626229084	0.35009365912333057	-0.36715640459266363
20.050838899984967	17.002864025728396	0.36109001988729855	-0.27227865229657805
20.036941758042378	17.097543247062394	0.37401499185365394	-0.18019290480712877
20.023743044646782	17.18589370158131	0.3861261796855761	-0.0926863492538523
20.013774451568292	17.26732103015347	0.3952733972646681	-0.01143103980205068
20.008294953094797	17.341870973319732	0.40030140516575397	0.06306875871552281
20.007990676073735	17.409990525453395	0.4005806108765355	0.1308310119051272
20.01315815519201	17.472455249588762	0.39583891308045827	0.19245534033435271
20.023653013349286	17.530274345760358	0.38620879273444286	0.24886975777275852
20.039222940525086	17.58453597422286	0.37192177043889196	0.3009682861085552
20.05966203347304	17.636376078687498	0.35278986874382007	0.3498983301289018
20.08492806349607	17.68690798067667	0.32902145718455644	0.3967145756464949
20.11496041926655	17.73722370268729	0.3005990655175407	0.44238593375444135
20.149864233252664	17.788382840048712	0.2670866665441175	0.4877507001014504
20.190026306983746	17.84143959019915	0.22819757089089293	0.5334113630292521
20.235906388085613	17.897517508982588	0.18338213204767254	0.579879152775415
20.28807043221972	17.957830409056513	0.13186878843930433	0.6278808273470813
20.347350350930576	18.02349939336826	0.07291376344522796	0.6776153910493248
20.41458487331263	18.09566250782875	0.005763580989355253	0.7290273575636061
20.490564106343108	18.175380582465376	-0.07013656322891895	0.7809156560930743
20.57582089439345	18.263511140661883	-0.1547663830950971	0.8327744580839305
20.670621339589506	18.360373602689464	-0.247657223816737	0.8824220635946176
20.774574648246087	18.465873353267696	-0.3467054270077218	0.9271194278177582
20.886725296339872	18.57909140102507	-0.44943169183558496	0.9632449563387373
21.005495861272493	18.698800617633484	-0.552081990128997	0.9881901562777481
21.129161878195504	18.82357239859702	-0.6506682068714212	0.9991839720675483
21.258204892821393	18.954387994151148	-0.7428793846861306	0.99407480874789
21.389109991768468	19.08839420979013	-0.8237860862576344	0.9713071310013233
21.520026734075756	19.22509921021355	-0.890620000273163	0.9302668400593467
21.65097693364723	19.366195058633075	-0.9422465874489242	0.8691892567044482
21.782018371588077	19.514066521605898	-0.9777866829295311	0.7868382684588429
21.913293561386837	19.671632129547636	-0.9966131566669238	0.6806005821624279
22.04513341945522	19.84210398928032	-0.9983045739795023	0.546379914939335
22.178263492298935	20.028531609591777	-0.9825031952028784	0.38173217492496464
22.314132109452746	20.23224713578513	-0.9480678934435586	0.18699573839728595
22.45534125311559	20.450736920840534	-0.8937652570425829	-0.03036468413966434
22.605713462341804	20.675585102019774	-0.8167464171883417	-0.25243964099922
22.769518465816574	20.89357196362683	-0.7117267885189082	-0.4555311136270028
22.949904635444156	21.092350780504923	-0.5743240306949546	-0.6222935473406925
23.14757345966534	21.267204049031	-0.40242487496017787	-0.7488296545725674
23.360086609276948	21.42072058351217	-0.20042008508770065	-0.8415509519010578
23.58133036389986	21.55763764999941	0.019372709371210436	-0.9073334560344763
23.80187269940254	21.680153654452102	0.23756664190520205	-0.9519391951064566
24.01238479947398	21.786476947342226	0.4352374859508524	-0.9787591311168174
24.20769982821981	21.872792801714574	0.6015604414677784	-0.9928023254148506
24.387679230982034	21.93625204722357	0.7348667170878683	-0.9982759420165802
24.55502964934661	21.97649364205534	0.8374576416927253	-0.9995397531442226
24.71280580621253	21.99517151009805	0.9127240514461218	-0.9998736573438132
24.863414005352034	21.995293818947413	0.9635621999372894	-0.9998698161619346
25.008537659766862	21.981076660367787	0.9922520897607445	-0.9996836855496274
25.14924181426245	21.9576465434732	0.99948178933488	-0.9989478488469039
25.27758881998751	21.931143030616447	0.9891141741312417	-0.9981154903230928
25.40508668406696	21.906984314523022	0.9627202785647273	-0.9960195017498252
25.53156579301962	21.89047191180001	0.9211068051850346	-0.9944658029833604
25.656809461914836	21.885743520553447	0.8654081611437652	-0.9940208952512527
25.78047849694575	21.89576815048331	0.7971170708667453	-0.9949641410900055
25.90204508118625	21.922218642713734	0.7181363911640591	-0.997452942861629
26.02076543707056	21.96547605765026	0.6308049503034179	-0.9991937393783894
26.135509950287062	22.02511616820513	0.5379280011467049	-0.9989332276146388
26.244848747009137	22.099780904234706	0.4425861104884491	-0.9937172318449004
26.347000495683183	22.18750969352717	0.34888288779169807	-0.980571714379978
26.439889313092586	22.286071464376526	0.26051955641764724	-0.956422411386542
26.52127838120382	22.393099668733186	0.1812227230909936	-0.9198653149076801
26.58918205871064	22.5062804912147	0.11407706223583479	-0.8699563684209444
26.64209583380818	22.623568990282497	0.06140130265182427	-0.8065033339990366
26.67905625606723	22.743323991972588	0.024465194575930695	-0.7301633023987116
26.70009049889522	22.864139597698617	0.003444788993333973	-0.6424150981355848
26.705863526239334	22.98489729136808	-0.0023244406007627977	-0.545387045229466
26.698245497730465	23.104489674508944	0.005288576435586859	-0.44148716248001835
26.680057353833238	23.22179211319136	0.02346475537584206	-0.3334697778492133
26.65501709049055	23.3356038477721	0.048488546137538	-0.22430929234922198
26.62713202528048	23.44475278351612	0.07630173346902464	-0.11690063030165826
26.600493401938817	23.548191658265374	0.10281777144167253	-0.013744196172553243
26.578789610260372	23.645207749976148	0.12442168681352826	0.0831274953476264
26.564389870797214	23.73572896605482	0.13864901137524405	0.17285333245098827
26.558982781686012	23.820190939906688	0.14398865181014467	0.25533270690845644
26.56316973679708	23.899647367350806	0.13985392527792467	0.3311646949886653
26.57716137803279	23.975547400351154	0.12603681744849116	0.4017192892804917
26.60086462338749	24.049552111910643	0.1024482582764068	0.4683483566713354
26.63445298158765	24.123317904380183	0.06901446667046768	0.532286564269683
26.677921723225506	24.198679214697542	0.025598981072305002	0.5944339308774547
26.731644803921657	24.27730748001977	-0.028088758230434097	0.6555828373634054
26.795918027804017	24.36083140658267	-0.09220316218732495	0.7162939954372608
26.871090448615433	24.45055791785047	-0.16669988979452274	0.7760083210119997
26.9572544208063	24.547434047725904	-0.25098408637451625	0.8331889825240872
27.053991296846903	24.651911897232264	-0.3431601518677438	0.8862136167446449
27.16041242360056	24.7636050039503	-0.4409701435891141	0.9324367985770221
27.27498465105032	24.881701624035585	-0.5407557299604585	0.9686459340854321
27.39581068830917	25.004987318251914	-0.6382660376793525	0.9917877751028085
27.52096964974324	25.132259029795936	-0.7293772537715271	0.9999848562571532
27.651843750754406	25.265139540264283	-0.8122925018032237	0.9910613502103697
27.78275383825364	25.39990754041666	-0.8813336981800208	0.9641649759095058
27.9136854224908	25.53782198131902	-0.9353114535077195	0.9186225818839255
28.044677004694176	25.68067987309308	-0.9733096642369135	0.8532591319083898
28.17582599829282	25.830786694390245	-0.9946698695750137	0.7659541933346834
28.307365026938214	25.990849224570677	-0.9989626373329192	0.6535771849250415
28.43981887527474	26.163677633462633	-0.9858863042613387	0.513772397642864
28.574279084067925	26.351208726456203	-0.9550214613375807	0.3449240956562364
28.712816373690604	26.55319195439096	-0.905359333751313	0.1497072436328914
28.858862280498556	26.765304619646336	-0.8336266513901291	-0.06172643105537042
29.017254615926976	26.978243626316797	-0.7362825275372431	-0.2711365725607742
29.1929299683266	27.18003657407378	-0.6066524013202712	-0.45845251362664097
29.38946763597538	27.362089804697263	-0.43989015854169167	-0.6116706470387832
29.60720450808446	27.52267941939583	-0.23561308379480006	-0.7305077587477247
29.841775516140878	27.66497881003162	-0.0033524860983256102	-0.8196742858954051
30.082780240667375	27.79160966477114	0.23534409760520758	-0.8853534979795987
30.31645020198046	27.900837387582442	0.45383872697892597	-0.9309600527427857
30.532564701523327	27.987404700680663	0.6344883425078893	-0.9586522178862333
30.728784950665865	28.047172860999645	0.7729698595446739	-0.9738540288667443
30.90795236223913	28.079665649053723	0.8735993564432177	-0.9809409450896344
31.074206124616648	28.087956734469554	0.9417220466813809	-0.9826185887699543
31.230972857829165	28.07754020495692	0.9828412318743568	-0.9804773700887635
31.38056780483803	28.055065175568593	0.9988895381020648	-0.9755754007620012
31.518841611142363	28.028122599020442	0.9942551844627918	-0.9696990265183454
31.648013034990605	28.003305209888744	0.9727797459102897	-0.9630875888634831
31.776658813077503	27.986021471417775	0.9352830660588425	-0.9582663727005722
31.904655571194027	27.98029562941008	0.8826278161726193	-0.9566691764643445
32.031807208053735	27.98888357339546	0.8160069579934749	-0.9590647423552557
32.15780003868526	28.013333040100033	0.7369749597981957	-0.9658848041288495
32.28217970176496	28.054075115694268	0.6474684077022881	-0.9753594614165282
32.4042342119402	28.110877748894346	0.5498864836672775	-0.9862036356151971
32.52301122115372	28.182748195023525	0.447060751358861	-0.9953211986821178
32.637209212098384	28.26822771217963	0.3422757840595705	-0.9998082321093895
32.745225716768964	28.365418046586033	0.2390979434397668	-0.9953683884030787
32.84505390903657	28.472222754144564	0.1411388297051496	-0.9802385001108619
32.93476526199459	28.586307936578798	0.051923420714825065	-0.9516660704744233
33.012462897387024	28.705575497830527	-0.02572310177298531	-0.9082345593153787
33.07665380460686	28.828190333019105	-0.08976490403667867	-0.8502472188897445
33.12642600954427	28.95274128298806	-0.1391975446095398	-0.7783222223348133
33.161500396370855	29.078179147543672	-0.1738344093396934	-0.6937159414298635
33.1823208624685	29.20370663925574	-0.19431156526735838	-0.5981385614006949
33.189982507482256	29.328682381797123	-0.20178746318277702	-0.49362393842626656
33.18643232096749	29.45247453463051	-0.19832334654497524	-0.38249840677477465
33.17430342778178	29.574430455414905	-0.18647773420546088	-0.2672899643465677
33.1569627529525	29.693840722542475	-0.16935336902807754	-0.15063935493131722
33.138500870670974	29.809948020979267	-0.15112178247430794	-0.03515904374084308
33.122879667374306	29.922193985253955	-0.1356954399359751	0.07695695027724132
33.113699783997966	30.03034756154845	-0.12663006752285347	0.18414400055909727
33.11395764259425	30.134634680264373	-0.12688470956016673	0.28534504551320733
33.12596709038733	30.23582199176785	-0.13874435006505276	0.3806963324473865
33.151094017072886	30.33515430338223	-0.16355784046176808	0.4705014621312781
33.190128492875075	30.434271218047776	-0.20192990934047586	0.5553876148970659
33.24340056964502	30.53494810644237	-0.2538268962467384	0.6363712920827347
33.31096278239591	30.638760006374827	-0.31850012809318223	0.7125775533975082
33.39234472219779	30.746928581917068	-0.39439622572762045	0.7840883899818516
33.486561893047735	30.860066324124706	-0.4792451957570696	0.8492273892963479
33.59195628987925	30.978236239549677	-0.5686951521636413	0.9056739005879915
33.70636626093328	31.100800576359806	-0.6587933997634523	0.950729114181087
33.82738818616355	31.22694390724441	-0.7447391367187505	0.9821810172993802
33.95282439778354	31.355865519683523	-0.8222933212775756	0.9981137482014165
34.08103531777112	31.48717150094175	-0.8881860897008267	0.9972351148810292
34.21195176285469	31.62152659772798	-0.9404191310476884	0.9785566328185682
34.34290151367675	31.75854793529671	-0.976589824839307	0.9414168980410149
34.47394166119784	31.8996344417802	-0.9960747090561365	0.8849069862728316
34.60521217855188	32.046484039850355	-0.9985021734217591	0.8076449376068865
34.737035080502416	32.20091601515249	-0.9836917492625502	0.7070468024703476
34.870114172119806	32.36466854435097	-0.9514928654784602	0.5826050961227325
35.005849276529545	32.53846459040565	-0.9009655380978148	0.4332939633413392
35.14685645928196	32.72140408422103	-0.8309241091969619	0.2621234977710965
35.297425041906045	32.909879277348196	-0.7382759763007474	0.0767377727429589
35.46361020073391	33.097371796502586	-0.6165317235612053	-0.11038755607007966
35.65258342348922	33.27608796490335	-0.45776929016325174	-0.285211232403665
35.87056756498069	33.4401783291594	-0.2548544760883547	-0.43792393557504516
36.11951319121845	33.588082853461245	-0.008796534509551469	-0.5654920350989358
36.39174133758833	33.72084724319701	0.2603060019577451	-0.6696539581626193
36.667388929508384	33.83688417181486	0.513095527796157	-0.7510179117668682
36.92324050217475	33.929340419580164	0.7134932394122059	-0.8090955386818384
37.14860989871503	33.99165738292016	0.8519545206782886	-0.8441171064530798
37.34624731489797	34.02446241070674	0.9379477326215664	-0.8608333717832418
37.52327205096416	34.0349770921521	0.9842667232372956	-0.8661848997199175
37.685744162330664	34.03255797961534	0.9995801800661909	-0.864953673801216
37.82139622499425	34.02624032449989	0.9924326715076004	-0.8617382546731781
37.951620629495544	34.022550006312976	0.9682536224664009	-0.8598600388684376
38.081583255791614	34.02565186116871	0.9276003565737194	-0.8614387517378903
38.211193351372216	34.038665512817964	0.8715088969116103	-0.868062149766738
38.34031645888387	34.06362614317275	0.8011203210305835	-0.8802837898507729
38.46874547406221	34.10173865893676	0.7179032408946491	-0.8975836638858882
38.596157404160834	34.15356564904183	0.6236778557196014	-0.9190701781783757
38.72207840501439	34.219092851563865	0.5206312479302452	-0.942837690702391
38.845828752969155	34.297823681611604	0.4113329481087485	-0.966248920896176
38.96646984131348	34.388809045717224	0.2987234398781542	-0.9853818625075541
39.082692196050616	34.49071558995125	0.1861176908933847	-0.997653015547936
39.19298309526355	34.60175448391436	0.0768188870106537	-0.9986107643704318
39.29554752325642	34.71989108104059	-0.025622486695362955	-0.9863732205118756
39.38869970125451	34.84309521184485	-0.118492683112677	-0.9590296751913284
39.47098731049752	34.96956296116112	-0.1996598226424816	-0.9158576884058679
39.541510541782586	35.097822671926906	-0.2681566003534437	-0.8571451062587778
39.59995100799744	35.22685759508446	-0.32395908437447496	-0.783879759107412
39.646594121472035	35.35602605809391	-0.3678374743098584	-0.6974901369853617
39.68230635981293	35.48494455712522	-0.40061421139457887	-0.5996770477251234
39.70865293559872	35.61334237248764	-0.42478992598932097	-0.49235482513669004
39.72759085694758	35.74105939057296	-0.4416897971857427	-0.3775437610214668
39.74184096406131	35.86790149093494	-0.4543846471348715	-0.25741426904248177
39.75457043014781	35.993725285760945	-0.4657248188690818	-0.13414840740961825
39.76936632378223	36.118445162817956	-0.47890588817986934	-0.009863860314228775
39.7899764400262	36.24210487091477	-0.4967396931616651	0.11351352533315562
39.82002397568532	36.36488694043006	-0.5225986157992514	0.23429163968982714
39.86249906506809	36.487245530603715	-0.5582404794672201	0.3511340023171554
39.91947890326491	36.60977664932287	-0.6045750246348891	0.46287306276690465
39.99184966309528	36.733137665065776	-0.6605169427047253	0.5683550477370596
40.07918841607877	36.85783442761271	-0.7236422716849528	0.6661999129873781
40.17985075770543	36.98413331053627	-0.7890792157609788	0.7547579972101928
40.2912770805104	37.11195937557539	-0.8525014100672597	0.8321519482545607
40.41059756972096	37.24109475122297	-0.9086851243663647	0.8965684533166507
40.53514485710045	37.37126527692829	-0.9534553407701696	0.9464208711125729
40.662828281021135	37.502301675302874	-0.9839482088109002	0.9804737734060439
40.79223473147623	37.63421758255981	-0.9984777783072765	0.9978326706670598
40.92253490564203	37.76722234671283	-0.996239100463636	0.99753004523766
41.05359792778376	37.901751475934724	-0.9769658952976966	0.9792023241664274
41.1849206472777	38.038218250796966	-0.9408767841876847	0.9426073631659367
41.31684705101349	38.17711496987232	-0.8883410190566059	0.8874964757786521
41.45008369013743	38.31876503617166	-0.8196607300035391	0.8138868354677719
41.58597374707137	38.46315383134939	-0.734729680983699	0.7218564790183669
41.72689765592355	38.60980419551427	-0.6322515249451147	0.6128965487869695
41.87670853557178	38.757614975504254	-0.5094111894163276	0.4900484594604139
42.04098543125532	38.90489696553232	-0.36203266860577066	0.35685473592706174
42.226814121211795	39.049655809778	-0.18361996975809955	0.21836821114196653
42.441204100373376	39.19019561962697	0.02968373679579468	0.07959353526778766
42.686899759427966	39.325499963569754	0.27180181716011154	-0.05555522298273873
42.956031449474274	39.45455849421463	0.5177920075627114	-0.1835840456322785
43.227135213968	39.57457242657948	0.7281345911656875	-0.29990049729741663
43.47654880008904	39.680307964598114	0.8747322064163434	-0.3987804766142568
43.694291720894874	39.767589599607575	0.9583520037292778	-0.47732307574076227
43.88405155315739	39.83703830655863	0.9946945488941941	-0.5371858444452212
44.05331867962119	39.893054319771025	0.9972561385773261	-0.5835079802581101
44.18411669192013	39.9413179266834	0.9793811920917836	-0.6218284000610772
44.31483440828205	39.98626595197534	0.9448322172552583	-0.6563292281148054
44.44542680674419	40.03160854780136	0.894247779323708	-0.690003758128926
44.575829162953504	40.08052446846012	0.8285667017599299	-0.724586847989357
44.705939822803465	40.13554495105825	0.7490292410731165	-0.7612503417030593
44.83560089981733	40.198568057737305	0.6571803104913305	-0.8005492940063343
44.96457753986452	40.270877119342266	0.5548707152254881	-0.8418884916812559
45.092518102698605	40.3532061146631	0.44426677647816776	-0.8831864291768706
45.21887162283374	40.445808819732555	0.32789039350085364	-0.9226668978606773
45.342883673642255	40.54836068692424	0.20856912381155834	-0.9571418332763928
45.46351964235956	40.66000740213486	0.0894094401477789	-0.9835069987158918
45.57951966461441	40.77936609529947	-0.026408803259814265	-0.9980736311638604
45.68942893823087	40.90469338625316	-0.13587186785084737	-0.9979178595837556
45.79179454847778	41.0341076090194	-0.23636965630638118	-0.9812168772697754
45.885476555372485	41.16584319615341	-0.32616060919109563	-0.9473379773590396
45.96986236780832	41.298524049126456	-0.4046247824972904	-0.8966581195742832
46.045001678182274	41.43123939063544	-0.47217993749793136	-0.8302510552815849
46.11160370129283	41.563506349096166	-0.5298228560556868	-0.7495851939323154
46.171013892051334	41.69513839392675	-0.5791865873591074	-0.6563327136319854
46.22512646398825	41.82612614898842	-0.6223207674678987	-0.5522730652018072
46.27631438816491	41.9565443283311	-0.6614764903692913	-0.43926114192118515
46.32736026578063	42.08649912942748	-0.698888090838108	-0.31921674901911923
46.38132957732753	42.21610934704841	-0.7365208959451065	-0.19411004880872215
46.44132574283191	42.345505191024095	-0.7757749949461716	-0.06593973984518268
46.51011401124426	42.47482862822831	-0.8171898811972149	0.06328418895772514
46.58968669680248	42.60422495672008	-0.8602499392029744	0.19150737208547167
46.680911356007634	42.733824426098145	-0.9033947318214421	0.3166973987887187
46.78338065365648	42.86371966393823	-0.94213227925585	0.43682227498625176
46.89541001066163	42.993915112895316	-0.9735663950142025	0.5498249909807287
47.01478847923808	43.124383436780334	-0.9936731027289749	0.6537228943145894
47.139209557351606	43.25506848319319	-0.9995188740646852	0.7466581704200761
47.26674599077445	43.38592345597591	-0.9894256471629401	0.8269697025020684
47.396034827561444	43.51693132768662	-0.9627761880102066	0.893232748151166
47.526239270504234	43.648109933329366	-0.9197071279138275	0.9442734055394644
47.656920231093295	43.77950691005919	-0.8608467835993072	0.9791694755969422
47.787919305176	43.91118746980595	-0.7871330887673094	0.9972478441917341
47.91930352044381	44.04321604449184	-0.6996769659859817	0.9980868060339205
48.05140250752647	44.1756578649928	-0.599608050064682	0.9812261245019591
48.184866109368315	44.30850252225622	-0.48792004558813246	0.9469767143626222
48.32089731332332	44.44168414256217	-0.3651120647431816	0.8959466338235158
48.46140031810556	44.57505798870465	-0.23108568366458943	0.8290000946881493
48.609088746186714	44.70841652577421	-0.08545128870211613	0.7473916374177043
48.767355980213274	44.841497975011755	0.07258324362824821	0.6527575767038744
48.93965092971225	44.97402068878608	0.24248152762872946	0.5470617548629031
49.12805077287317	45.10568413165363	0.41985310493313044	0.43253768836142725
49.33119608048765	45.23603141674598	0.5942566785453144	0.3117477290772558
49.54281194036254	45.364144845797426	0.7496720332745721	0.18782340245422025
49.75300991356135	45.48831569672919	0.8713098763473707	0.06472749203041475
49.95275605935147	45.60613707040875	0.9514562077664843	-0.05300869895984099
50.13751032834128	45.71530935240112	0.9917536438033423	-0.16142944663924985
50.30740184453558	45.8147167831699	0.9986834968121661	-0.2585753427193721
50.438285956948576	45.90499395385156	0.984741625918757	-0.3445211335470766
