5.2245329023354135	3.502401284635309	0.4899199955511515	-0.9352572063633289
5.371218485318588	3.592834772627847	0.6118896860246408	-0.8996437206918737
5.512893487092208	3.674429980629175	0.7174379074699309	-0.8609450634338212
5.65076772506183	3.7484090612582914	0.8065050701012891	-0.8211009923626822
5.785630240869215	3.816313747489227	0.8786215410234676	-0.7805812141304559
5.917865379180235	3.879930463537027	0.9337293103733363	-0.7393127708267047
6.047423577712706	3.9411536868785695	0.9719781511158241	-0.6967448525982991
6.173813765879169	4.001793407555154	0.9936476772746994	-0.6520076421075753
6.296107660919349	4.063376666188305	0.9995941658246915	-0.6041338594851914
6.412573869923562	4.1269135567945705	0.9915321012097573	-0.5523563791326306
6.522313429630291	4.192707163768961	0.9712439160292567	-0.496407111073836
6.623654589917476	4.260381541316782	0.9421457816524945	-0.43663394593485777
6.715340314545391	4.328933375687141	0.9078718673387518	-0.37405638899835253
6.796811086192455	4.39703018849492	0.8707229284604471	-0.3101454201796385
6.868162294353401	4.463448278080542	0.8333745484531203	-0.24636104001064024
6.930228983986736	4.52714710182565	0.7975421080167128	-0.1841682207310483
6.984285189589038	4.587463747032256	0.7639346035519564	-0.124598159070365
7.031750004035381	4.6440923895154285	0.7325507216093534	-0.06823010974723277
7.074042699428824	4.6969866030577	0.702898243889513	-0.01539224496917409
7.112413238611355	4.746389612200152	0.6752368776516111	0.0339782647119803
7.147893121451437	4.7925794782884505	0.6486274023713656	0.08006928351101522
7.181286104710648	4.83601056142759	0.6228441924990682	0.12330050589589826
7.213262299520344	4.877113705246874	0.5975821978035812	0.16390700046341167
7.244480590733989	4.916339200855669	0.5722242339228971	0.20246129671185426
7.275346265415917	4.954182957712265	0.5467000330278504	0.23938757853356746
7.306254627485764	4.991088053502392	0.5205428140316282	0.2749703967585187
7.337640372737754	5.027559298592517	0.4935322276194276	0.3099681180852287
7.369785505486603	5.064008749560576	0.46530956072037005	0.34425706458487104
7.403174484271011	5.101001367751589	0.4355646561915998	0.3787882716936571
7.438133066238353	5.1389870694790325	0.40378029071771787	0.4136440909511567
7.475187111343277	5.178530174040106	0.3697793629948697	0.4492251420763474
7.514758602338282	5.220249193057778	0.33259513116807266	0.48623343342941927
7.557574539588387	5.264735573635931	0.2919725007123254	0.5245184324671925
7.60424708116107	5.312811883520925	0.24713564459708587	0.5647171156057924
7.655515308483944	5.365335836516727	0.19711035197622134	0.6072422461490568
7.7123645065309905	5.423171129925468	0.1410876499787622	0.6521475723437614
7.775739511177778	5.487310626463138	0.07812987441839754	0.6993510687452952
7.846590565649987	5.558777019260281	0.007386206156317715	0.7485230138233474
7.925779668537903	5.638500561899168	-0.07171544053038051	0.7989876759747498
8.013983304860648	5.727095067927054	-0.15924286242760224	0.849110315042781
8.111401956047775	5.82475568091837	-0.25453990755925526	0.8963811974211167
8.217547701591272	5.931206252042005	-0.3554952582264666	0.9382476265819747
8.331411312243917	6.0453973258501295	-0.4592816011039365	0.9715362106712966
8.451472107613696	6.165938149863138	-0.5622921590686729	0.992906638245158
8.57601362221769	6.291397021823377	-0.6605848128557523	0.9997421062364145
8.706915326315173	6.424129341795495	-0.752851020115631	0.9897247244849751
8.837821708463219	6.558646423365503	-0.8322622194137295	0.9618511798791511
8.96874226271491	6.696242774934349	-0.8974678393180265	0.9154551673650883
9.099703116254375	6.83879917214517	-0.9473596039013118	0.8493527693975014
9.230771827622284	6.988825171861732	-0.9810853539961257	0.7609327532481103
9.362114585914632	7.149482830857642	-0.9980320195864966	0.6474351398901773
9.494114132570132	7.324172103259648	-0.9974147186465702	0.5051230263607167
9.627605347231958	7.5157853384051485	-0.9791613737232212	0.3316292538467135
9.764221571515822	7.725098537449728	-0.9424931585019496	0.12851246488478973
9.906762156446481	7.94842320369298	-0.8856894056126379	-0.0942547748760829
10.059094008728652	8.175649858810013	-0.8053416783882087	-0.31608086784687073
10.22516238351652	8.392600646190298	-0.6961627240960594	-0.5127044700836049
10.407402444746282	8.587927329952205	-0.5545861682682571	-0.6695199469678494
10.605644189166908	8.758902249028557	-0.3799974081693025	-0.7860017195076506
10.816698440943991	8.909309650599631	-0.17788159943612256	-0.8697851580665953
11.034065060945304	9.043970459717755	0.03846545246593518	-0.9282610668856662
11.248746962347207	9.164638818409095	0.2504615896210041	-0.9661251711791189
11.452745039713685	9.269423290602642	0.4412337348548209	-0.9874707752241794
11.642105226719726	9.354800167117965	0.602173511060538	-0.997354346628359
11.817318493298883	9.418437054416033	0.7322284352195655	-0.9998008600791742
11.98105141169556	9.46014598884572	0.8331822264540054	-0.9988892461237551
12.136105966169108	9.481472186759031	0.9086224960102527	-0.998219484243148
12.284607685448924	9.48497320394969	0.9600933193669003	-0.9981095327240266
12.428058049473048	9.474434049014883	0.9901363093336328	-0.9984405211288908
12.567394287637377	9.454473838738533	0.9999678509342019	-0.9990673833584519
12.69540706599733	9.430425141662788	0.9915871744620005	-0.9998226469382553
12.822403527687516	9.407692988080102	0.9672705841238158	-0.9994634363103538
12.948183119109535	9.391463777479629	0.9278619974384851	-0.9989537483361204
13.072490636959014	9.386087310189176	0.874543040875544	-0.9987848971954663
13.194949258920456	9.394798231397704	0.8088575949887887	-0.9990584688369823
13.314982319229404	9.419560043343093	0.732519639764988	-0.9998361282117662
13.431774881942342	9.460999733436529	0.6481050709630319	-0.9988624337690624
13.544109594517412	9.518804954442555	0.5586262089356362	-0.9950914892456355
13.650472008411269	9.591649856975828	0.46753564539575443	-0.9856693804815913
13.748967686717004	9.677661165658241	0.3784091794016434	-0.9681491802251392
13.837489064178765	9.774540693616322	0.29511289594616663	-0.9389982554975731
13.913763453652512	9.879876182897993	0.2214429433661813	-0.8978933744763115
13.975937052123497	9.991320234679158	0.16045575963197273	-0.8437346899830833
14.022593622993563	10.106844019014947	0.11429388122544179	-0.7760801741505429
14.053016258093741	10.224716993111185	0.08401124472437962	-0.6964776108691848
14.06755966883248	10.343451658586277	0.06953475971784949	-0.6065910860558343
14.067410176230272	10.46177620502809	0.06968356438639202	-0.5085555758434577
14.054943430288377	10.578419694641592	0.08209294097281658	-0.4049787042201165
14.033499770077869	10.692080209667466	0.10343792194730488	-0.2987769668094571
14.006958670454667	10.801452188227808	0.1298211086782823	-0.1928714462071571
13.979409493651549	10.905304903257493	0.15702663375487172	-0.09010178898837429
13.954989272339448	11.00261869904446	0.18114223430548435	0.007039777358047211
13.93619050118323	11.093018289281277	0.1995596118384374	0.09724339031095444
13.925130745111685	11.176598007946973	0.210351237815869	0.18000268036432052
13.922547627859212	11.254090510793317	0.21287173058842407	0.25559212141707316
13.928696526981522	11.32666033982938	0.2068719039130727	0.32494046304786506
13.943497321824223	11.395753106187712	0.19242993601813116	0.3894016714466716
13.96673032599886	11.462947735432143	0.16954763995373762	0.450322908023045
13.998442754964447	11.529810629236604	0.13823079562011	0.5089327418521861
14.038666971100094	11.59799436485552	0.09829449930266249	0.5663686678521034
14.087745782489304	11.669057789917492	0.04938864726391854	0.623466710973283
14.146084624537021	11.74456199740264	-0.008911816940583125	0.6808012721569416
14.214241690720307	11.82588914124094	-0.07696787319519917	0.737895374115729
14.292635723271449	11.91422621972555	-0.15476651745548525	0.7944163563069317
14.3814379272909	12.010330801272204	-0.24180453533074836	0.8491359798273166
14.480348026487295	12.1144571488713	-0.3363185752215626	0.8993389859142567
14.588438988565597	12.226115565277755	-0.43597881494832735	0.9422183387791909
14.704187774367785	12.344356647338671	-0.5370954565363417	0.974976639289493
14.825791730347763	12.467858734231928	-0.6354287067680741	0.9946694935695181
14.951435588240088	12.595381760716224	-0.7271690235799989	0.9990888877604134
15.082338819380553	12.728537296749574	-0.8105310440898994	0.9864053170171561
15.213249952109317	12.863757260818053	-0.8799114565327751	0.9557351580989121
15.344184452974703	13.002421495529568	-0.9342512579274993	0.9063248837729803
15.475183676891232	13.14644998997287	-0.9726285774515239	0.8361269616962697
15.606353000289054	13.298396023736343	-0.9943779575060945	0.7434865495842147
15.737942543328128	13.461162686742528	-0.999058483094886	0.6254581682278142
15.870510629311386	13.637623607545732	-0.9863457755011307	0.47898177136326137
16.005214062997776	13.829722613801906	-0.9557730531998523	0.3025697424598497
16.144222792810844	14.036881007463291	-0.9062420350006598	0.10007224430861962
16.291036558083956	14.253834970447564	-0.8344444089098528	-0.11637895293622887
16.450357181253384	14.470041841762582	-0.7366308627566168	-0.3266232792087141
16.626641675068267	14.67293324552523	-0.6065873655889984	-0.5102494284356174
16.82259289999934	14.854455027269754	-0.4403392603085179	-0.6570269446699082
17.037674535948458	15.014025179298075	-0.23869584685357736	-0.7686700037096885
17.267028805621454	15.155485513246589	-0.011723072095983552	-0.8509489168198708
17.5007049806699	15.281632194027967	0.22002019165824893	-0.9101844497731844
17.726522271729547	15.39096572391328	0.4328524573275432	-0.9500952418206519
17.93597636539069	15.47887147890011	0.610615585549344	-0.9734329142120391
18.127209132547833	15.541463247943085	0.7498860832832772	-0.9857275451672789
18.302920698082445	15.578076834573116	0.8539225180028158	-0.9914542298945935
18.466808627986072	15.590941401671854	0.9274908091025177	-0.9929278365174983
18.621965947436728	15.584404374466208	0.9737604711053629	-0.9923127491025334
18.770516459539557	15.564186432124052	0.9965017085737863	-0.9892816496345633
18.913856324893477	15.536955766060062	0.997888548370448	-0.9850225356330045
19.0427963579364	15.509423690507449	0.9812523580927425	-0.9800965764291705
19.17113392373505	15.487430484639836	0.9485439221608002	-0.9752996963585177
19.298737317135302	15.47573752532687	0.9005791156728845	-0.9727493758716845
19.425418145400133	15.477678086648618	0.8384969627036971	-0.9731726265785711
19.55086649639364	15.495353620110574	0.7637952930561581	-0.9770277905192983
19.674612378317782	15.529642002620449	0.6783654322794466	-0.9838785991535753
19.79597900442914	15.580432628700235	0.5845227189361614	-0.9918226966712792
19.91399842906722	15.646924959868109	0.48493703058938914	-0.9980830557713344
20.027339370541064	15.727729488152006	0.382826177851686	-0.9993792301436244
20.134295012462985	15.820950604395499	0.28203523173577805	-0.9933074568626525
20.232964212345525	15.92436244902095	0.1862876067356728	-0.9762012654299266
20.32118961455585	16.03572167007609	0.0989541135867362	-0.9464507306977904
20.397129051287493	16.15271712280673	0.023207919810895275	-0.9025888464799628
20.459166207231	16.273489239174502	-0.03878842537667621	-0.8443058428670595
20.506277917084187	16.396507983673267	-0.08577806230194977	-0.7721100124242579
20.538117770126732	16.52059982558276	-0.11747139500503855	-0.6875005814631293
20.555044779848014	16.644860308229163	-0.13424943228748087	-0.5921941891335557
20.558286829258975	16.768494886481463	-0.13745103998631614	-0.4883027434098399
20.549878290641562	16.890733985505737	-0.12914739048534055	-0.37824984193007105
20.532636369903354	17.010760985816173	-0.11201521903820352	-0.26469649874613643
20.510315285167874	17.12765312309863	-0.08979685126275713	-0.15045862296593526
20.48698918413847	17.240522788204146	-0.0665780920680166	-0.038211652695126816
20.466542675651194	17.348695296645143	-0.04616004123314798	0.06986167793335625
20.45263413794017	17.451778313044436	-0.03226065316686931	0.17209753363562633
20.448000561259896	17.549982083836092	-0.027630124656102237	0.2677918612861583
20.454324283521757	17.644130648912377	-0.03394968689673234	0.3571932560195993
20.47261559876413	17.735534569561967	-0.052228969311507244	0.4408811526746249
20.50339695096311	17.8259106233736	-0.08291035378396207	0.5200471272283771
20.54706209273769	17.917047249934	-0.12636632217095958	0.5956611102872608
20.603713430586954	18.010833582133	-0.1823109844559693	0.6681161885720208
20.67344076706995	18.108820289324957	-0.25038078839360517	0.7377273233365762
20.755965740308977	18.212210250765846	-0.32919954333250484	0.8034851066248022
20.850560239725077	18.321551052223594	-0.416956550542058	0.8634045799344721
20.95579405757545	18.436863247755866	-0.5099701677820383	0.9156000206913715
21.069807614901556	18.557428236837936	-0.6044838819542705	0.9572021203230084
21.190419654712876	18.68227508535579	-0.695919167526598	0.9856054186976339
21.3155331758086	18.810431285630646	-0.7800331781887802	0.9987712676291198
21.444414972007113	18.941972244317665	-0.8538724469161116	0.9952430418345339
21.5753277214931	19.076441557574526	-0.9143578750097054	0.973914092421573
21.706266876124168	19.213731903777933	-0.9592233533690057	0.9341167444433234
21.837278603122893	19.355384796136043	-0.9877029949837357	0.8746912228891874
21.968478170279123	19.5033468034816	-0.9992880225041614	0.7934073786106515
22.100139016549235	19.659909888752715	-0.9936835360423771	0.6891143511426274
22.232858417880188	19.827109235337396	-0.970680823830053	0.5587797447164278
22.367870229136834	20.0063477734878	-0.9298677486924493	0.4020881443164579
22.507475206029483	20.197021400090538	-0.869348309133471	0.22137206515663652
22.655567856958264	20.395334307996205	-0.7868942288445144	0.02500148244150838
22.81762919499336	20.593794015088807	-0.6772973275002682	-0.17251530493318307
22.999923860023085	20.78292830613987	-0.5328442673049361	-0.35456393024957333
23.20775804794887	20.955458387275325	-0.3466719880195075	-0.5096812897715044
23.44278533322143	21.10950121050079	-0.11885902680188876	-0.6358428165442188
23.69970955997392	21.24686573387888	0.1372832367497308	-0.7353818977638442
23.963381715203944	21.36798897249323	0.3905560119590034	-0.8119162651318879
24.214233489473184	21.46809056751582	0.6067221974836886	-0.865922323219137
24.44007511378601	21.540204521073296	0.7695110366618408	-0.8997790171044378
24.640617566200554	21.581736698736112	0.8810869411567802	-0.9169027681365469
24.82119524792457	21.59650488932112	0.951785479522942	-0.9227669591440363
24.98726537995673	21.592013161011323	0.9890159091723021	-0.9209833721425833
25.1428480804304	21.577278278703357	0.999682588333973	-0.9151324072711996
25.27299495112668	21.560564153569604	0.9898326953433381	-0.9084955195805101
25.40286917815461	21.54803793133522	0.9633388412306643	-0.9033347259858919
25.532399257918	21.54395331426121	0.920775850804807	-0.9014806536570119
25.661472485508757	21.551458473843986	0.8630348794459861	-0.9048798129130834
25.78992667893912	21.572452455835386	0.791327165989665	-0.9132161571454178
25.91748427989216	21.608062186710008	0.7072210247755923	-0.9273561604431844
26.04377873331725	21.658450352929744	0.6126238699350521	-0.9447777015542766
26.16821174001172	21.723409900823214	0.5098703435172419	-0.9640053180983982
26.289973982154343	21.802129230478652	0.40168357149455747	-0.9821730092703385
26.407973558596012	21.893356654689384	0.2911630127073368	-0.9947372366168525
26.520676361315036	21.995523891639824	0.18181723331167943	-0.9998625905927182
26.626440455633226	22.10661653203943	0.07699012065751243	-0.9930740482533686
26.72337409516069	22.224496165058735	-0.01982349030361693	-0.9725046927169467
26.80973746378121	22.347130087319776	-0.10595900401263098	-0.9368920656102733
26.88416272318754	22.47276314529767	-0.1796090992500754	-0.8858571844800286
26.94579354802328	22.600054672482276	-0.23983839272989813	-0.8199266057268526
26.994437038869666	22.728047996540845	-0.2866844465675771	-0.7402638377695502
27.0305212432769	22.85611399513005	-0.32108126206743526	-0.6484342012459299
27.055000441177047	22.983842710858855	-0.34410948018484383	-0.5462591248147914
27.069531964897045	23.110893976415895	-0.3577796624827875	-0.43578182629631235
27.07631034146839	23.23697148497788	-0.3641562576148488	-0.31919014802592016
27.078218578649395	23.361760461368917	-0.3659513859602791	-0.19878681346749333
27.078720350362474	23.48495575657376	-0.36642341566080544	-0.07688266291133723
27.081635904464584	23.60633640588823	-0.36914055147227853	0.044362301290891554
27.09082122717912	23.725870052983375	-0.3775690372919411	0.16311740064039723
27.109838307632966	23.843791745579022	-0.3950191800814766	0.2779926837264659
27.141556396410184	23.960694837699183	-0.42412381470280613	0.38809052330369365
27.187916032052136	24.077528057954858	-0.4654720072990281	0.4928798019403986
27.249999129249804	24.19522314933223	-0.5194537820387106	0.5917035526868851
27.32772126157087	24.31472713002459	-0.5843659816501268	0.683647114133616
27.41993934452114	24.43665759853059	-0.6563622327516948	0.7672513650173994
27.524553378243752	24.561115749679338	-0.7317468261270993	0.8408779748386501
27.63888486936969	24.687911809579255	-0.8046473903798806	0.9025545466568656
27.760130097271396	24.816585246252682	-0.8704287478520848	0.9503802637470126
27.885835850243787	24.946741408601955	-0.9252072910999288	0.9826776061212377
28.014157203349434	25.078201814026865	-0.9661147005245607	0.9982871573686292
28.144019625963864	25.21112798282146	-0.9913873146457808	0.9965631237094285
28.27499576825556	25.346009340680464	-0.9999792130796733	0.9768841746475896
28.406103844481542	25.48334760480642	-0.991159629540157	0.9387125285462554
28.537538326351005	25.624010303666925	-0.9652701199388398	0.881474851978278
28.66972654996246	25.768803130883505	-0.9224695515106498	0.8042718080376555
28.80355042707706	25.91828169136077	-0.8627878883994362	0.706657262464604
28.94070011548834	26.072441929542563	-0.7857011249090113	0.5899792270903066
29.08411108233197	26.23026911452282	-0.6895221200509101	0.4555745214000333
29.238508214655177	26.389688008429673	-0.5698434202673679	0.30871962279203075
29.410615301300048	26.547533808952643	-0.4209085928414446	0.1552948086882552
29.608578063319033	26.700284226476846	-0.23427282870644567	0.003251188854190103
29.839726942911774	26.845384645709956	-0.005399711686313176	-0.14131474414909379
30.104991188277356	26.98170680780925	0.2568832696502731	-0.2744616968563206
30.391120978592646	27.108186669174493	0.5190486076930507	-0.39350363057286597
30.67055233867979	27.22053274374659	0.7346602898260204	-0.494094997485415
30.91961271762392	27.311934040701253	0.8791849631498976	-0.571310825681465
31.133420370960035	27.379468636847008	0.95988599723255	-0.625400359663861
31.31931409458741	27.427130458042967	0.9948482171505753	-0.6617554793517181
31.485854900778676	27.462296919467263	0.9973589975214666	-0.6879244892690968
31.61656865624142	27.49222363916428	0.979637996347446	-0.7090823949687528
31.74716440654973	27.521816059462907	0.9452722966331404	-0.7299369024929422
31.87759174720834	27.554686325731893	0.894912514164218	-0.7516708240944683
32.007763944158434	27.593788899885777	0.8295190540716658	-0.7770122989056926
32.1375665919527	27.641252365528423	0.7503533772839419	-0.8060982067978472
32.26681750928023	27.698570724574385	0.6589898629172131	-0.8385526369682361
32.39523105347384	27.766683642817657	0.5573315963289415	-0.8737642252279187
32.52239555579359	27.845971572904368	0.44760922298110434	-0.9093778815762479
32.64768226236786	27.936362612680043	0.3324235132889411	-0.9429918142352434
32.77021927577387	28.0372540773612	0.21471032233121773	-0.9716906691525321
32.888875329204765	28.147520965096078	0.09764506511326852	-0.9919349546663068
33.002269493797485	28.265598098786047	-0.015536403850391817	-0.999725647542796
33.10878622447178	28.389655496765585	-0.12174945723085698	-0.9930878180295295
33.20695457882987	28.517763728257965	-0.218348067671786	-0.9703056784732313
33.295679666355966	28.648176683912865	-0.30402192500905	-0.9308427647661377
33.37431892766041	28.779613670881066	-0.37785569053161533	-0.8749706844415184
33.44293662747658	28.911205300634144	-0.4403811931220944	-0.8037757314833462
33.502229484344845	29.042489027718155	-0.4928139364192363	-0.7189485161097074
33.55350575049156	29.173266647960254	-0.53689868887658	-0.6221869168480424
33.598629875908216	29.30349156227274	-0.5742138376370375	-0.5153031689844241
33.63999963846822	29.433170789725057	-0.6075028909296474	-0.40021159391674765
33.68043808709199	29.562358154564315	-0.6393475886258749	-0.27888101175454205
33.72314715118657	29.691136898508365	-0.6713788608369335	-0.15330945114102884
33.771438572863545	29.819595183815313	-0.7062753787458076	-0.025518227230671868
33.8284444176642	29.947893717295916	-0.7454375202499424	0.10253841753143175
33.896681640733746	30.07623456160342	-0.789089137221399	0.22895711042668868
33.97759830256307	30.204825663548117	-0.8362160309009716	0.351854071749288
34.07130875754249	30.33383851463315	-0.8837710500904234	0.46932927861006046
34.17655513139345	30.463347338565974	-0.9281989008134998	0.5794319537622589
34.291149900912636	30.593339005818432	-0.9643873016968556	0.6802170969051667
34.41248464889129	30.723726302074716	-0.9890849336236643	0.7698190786904155
34.5382158284369	30.854426455512364	-0.99939376650953	0.8463569348184853
34.666537446703586	30.985390218819052	-0.9936809187753821	0.908514621030875
34.79625931699068	31.116624269073828	-0.9713285405830208	0.9552008049621568
34.92670183319303	31.24819226154701	-0.9324210773090985	0.9855344970078952
35.057553896590875	31.380201114983713	-0.8774959928273581	0.9988780219899371
35.18880746883293	31.512779040004386	-0.8071971138865488	0.9948256289617958
35.320656985180584	31.646034003496773	-0.7224957345570535	0.97321138724485
35.453658890896925	31.78000971611237	-0.6243935075480495	0.9341481748374889
35.58891246855763	31.914653324224354	-0.5133792113937391	0.8780896778579045
35.72825433057931	32.04978124353932	-0.38929373104762266	0.8056243906135212
35.874509513779984	32.185081205987935	-0.25106967019443976	0.7182418616839052
36.031541643346564	32.32011746008519	-0.09657634532239986	0.6180328399225857
36.20378604011051	32.45443424611267	0.07537102976792266	0.5072565287660604
36.39506568614621	32.58756162576072	0.263497827792102	0.3884679347536616
36.60603315280175	32.71903055560524	0.4595381315806767	0.26440240740483695
36.831299881396525	32.848026069698	0.6462993300346525	0.13820374413130404
37.059154361854226	32.972833404316155	0.8018845728845264	0.013880321283148802
37.27647948002941	33.090659967134634	0.9116531433761851	-0.10370661313605904
37.47563145797262	33.198574885483154	0.9746568027123864	-0.21017152961630164
37.65593025830402	33.29506286892154	0.9986438567463805	-0.30342971575316585
37.81111857653648	33.38076992983851	0.9933997245766697	-0.3837751537960522
37.94198034640087	33.457868196893166	0.9704281114315714	-0.4536831305556693
38.07280122657157	33.52890178916229	0.9308947247498165	-0.5157681338837201
38.20354938488789	33.596916070661244	0.8753993524047655	-0.5727966157596779
38.334174178269905	33.66500658835782	0.8048843489153281	-0.6272590076039761
38.46459632878615	33.73595531968352	0.7208366470739369	-0.6809848295077113
38.59469324579155	33.81203487842697	0.6248345774989885	-0.7345874822131154
38.72426747054811	33.894984843392656	0.5187473371521004	-0.7880493292236818
38.853014430555	33.986007603062276	0.4047393439949687	-0.8409419814537128
38.98050349464618	34.08573116221629	0.2852492278700597	-0.890317607806139
39.1060525813029	34.1942579749346	0.163048705880816	-0.9344265599783215
39.228790032953654	34.31102946685269	0.041091087608960124	-0.9696382968473649
39.347585250427514	34.43490502433474	-0.07756743238292017	-0.9924016412683333
39.461122270246584	34.564265139048864	-0.19003394807963087	-0.9997881394572574
39.568093523354804	34.69725480077257	-0.2936798708105267	-0.9899137324481682
39.66751473813239	34.83208463387647	-0.3870413650767332	-0.9621010232421738
39.75890787442849	34.967366918922295	-0.4695888743366278	-0.916729698492333
39.842474750918214	35.10220393009344	-0.5416814823801972	-0.8549152312408962
39.91910192545149	35.23616224726792	-0.6042772027214458	-0.7781778101933936
39.990297976543644	35.369138984627064	-0.6593531968963032	-0.6882194228595283
40.05807792805787	35.50123344259936	-0.7087173577838646	-0.5867627709089672
40.124876506199385	35.63262501465905	-0.7541963330048836	-0.4755494375895283
40.193419080696884	35.763509018604516	-0.7973939687491345	-0.3566621630461392
40.26644978603128	35.89406182668377	-0.8394003705455931	-0.2320300957460461
40.34644331458925	36.02443943390353	-0.8801166872021684	-0.10364587188410547
40.435177688548414	36.15476826680793	-0.9184454610143271	0.026435348748433323
40.53341844375852	36.28514082618967	-0.9529737660274167	0.15610612375525307
40.64090203415016	36.41562070242938	-0.9798211318992867	0.283233433386974
40.75627170898727	36.54622214765902	-0.9959942352764095	0.40566877746413743
40.87767347829424	36.67693540841806	-0.9988389672289815	0.5213112318188524
41.00322056398289	36.80773874192338	-0.9863506701633746	0.6281592411219004
41.13133432225402	36.938611825939425	-0.9576199409572923	0.7243606188638975
41.260895067156966	37.0695450572793	-0.9126227366300796	0.8082520558733278
41.39121150536837	37.20054188858806	-0.8519519431442509	0.8781608672183957
41.521915512787466	37.33161766891776	-0.7766041492999961	0.9329929318942118
41.65286462172861	37.46279327201286	-0.6878374147526829	0.9718566998649707
41.78408981268273	37.5940869154436	-0.5870347836419507	0.9940566624723849
41.91580322904359	37.725504727113204	-0.47555575627668645	0.9991711158398584
42.04846734551352	37.857146208544386	-0.3549942372741396	0.9870516474751236
42.18288984185636	37.988917326767464	-0.2265241882227298	0.9578498871858305
42.3203606300653	38.12076517445981	-0.09096859079733008	0.9120418997818992
42.4627074207598	38.25261013514674	0.051172911357078014	0.8504295064832417
42.61220443820177	38.384349879420206	0.19929340091713854	0.7741363661812005
42.77115256424289	38.515864798172444	0.35181294916828487	0.6845903276769918
42.94106304526708	38.64699098036862	0.5049101922021042	0.5833186427116452
43.121558078618804	38.77743810993155	0.6516039104809633	0.47268047501923793
43.3093848953305	38.90663533992515	0.7816896819391833	0.355219401924245
43.49880568861391	39.03354268436791	0.8850052337381742	0.23409069377434327
43.68362695346183	39.15659959386965	0.9553771178729434	0.11303495914639347
43.85952838282932	39.2740122642462	0.9923870943021721	-0.0041013945209120595
44.02498714371623	39.38434257370898	0.9986592954628615	-0.11415560615614014
44.155879866622904	39.4870465553699	0.9846197495972246	-0.21532973100407843
44.286761778104434	39.58241545951861	0.9537607890509141	-0.30743087346554304
44.41762088847037	39.67175077599845	0.9066136195639923	-0.3909283689627389
44.54843338694344	39.75700357869672	0.8439628792172248	-0.46789241350439426
44.679160761572014	39.84074817700262	0.7667356390865688	-0.5402537015221408
44.80973859293159	39.92554268835164	0.6765767222232434	-0.609365566711807
44.94005701762911	40.01365911897881	0.5751478270021698	-0.6768737660861346
45.069953003096174	40.10701190861663	0.46436912035907596	-0.7423842058949549
45.19915511240498	40.20702834812883	0.3464382276463873	-0.805733812745895
45.32727456425822	40.31459194368797	0.22379980966246485	-0.8643676888777938
45.45369691669655	40.43001226083996	0.09918696368323178	-0.9163943597271792
45.57761344736624	40.552904817648454	-0.024503840004766853	-0.9584093968032741
45.69798477881765	40.68220829031558	-0.1443209818588056	-0.9869794115270712
45.813626977417876	40.81630320532436	-0.25752898127646856	-0.9992336629883334
45.92340908471412	40.95329647578958	-0.36184472608853135	-0.9933446571536901
46.0265303325812	41.09139152466569	-0.4557245551704443	-0.9687228336552752
46.12274906437014	41.22921000529713	-0.5392742520353335	-0.9252043222861305
46.21241093253345	41.36598422444009	-0.6122751791771961	-0.8647915616677059
46.29664472237109	41.501382187413704	-0.6767239907045315	-0.7891870992058763
46.377147481996175	41.63543537960009	-0.7337556815924784	-0.7001597228808436
46.45604674342164	41.76834920953716	-0.7847961159586361	-0.5995037594983877
46.53570927663876	41.90039067478124	-0.8315741880310668	-0.48903032981247946
46.6185881269671	42.03182506751808	-0.8749595442195024	-0.3705879859156572
46.70693378519494	42.16287856105188	-0.9139071207725169	-0.24605032029781942
46.80230149216276	42.293719431236305	-0.9485404305207458	-0.117487192405457
46.90556669247835	42.424475577699106	-0.9757816420720382	0.012966218875782084
47.0164658371574	42.55522018315336	-0.9938309300890438	0.14316365872991982
47.134013075639324	42.68599403703853	-0.9996820726516206	0.2709322007312044
47.25669414815825	42.81680854259469	-0.9909978431396202	0.3941079693693953
47.382922421615454	42.94766034152242	-0.9664338309204854	0.5105878283124187
47.51136452532597	43.07854224386881	-0.925613629892587	0.6183773049031795
47.64106685451019	43.20944920466486	-0.8689154814591526	0.7156307510914143
47.77143266539553	43.3403800698588	-0.7972362044924902	0.8006837182832416
47.902135629367514	43.471336330483695	-0.7118145014102364	0.8720792799480478
48.03303514972642	43.60231879244265	-0.6141187227096385	0.928590305209573
48.16412593041706	43.733322835650064	-0.5057690528769403	0.9690963890515687
48.295533146941246	43.86433392966763	-0.3884603615581058	0.9928392618225578
48.42755206920611	43.99532331723968	-0.26386641580749265	0.9995909055082947
48.56071869563122	44.12660519018112	-0.1335333807242099	0.989198564673996
48.69589526167819	44.257926209148955	0.0012083356170857346	0.961804333064751
48.83432573919923	44.389251576325215	0.13913479889981437	0.9178785788162878
48.97757400989351	44.52053688663079	0.2789922192000761	0.8581954656806124
49.127300554953365	44.651719115296245	0.41916470221770324	0.7838285533597404
49.28478352984951	44.782700024786756	0.5561784965951933	0.6961496788616239
49.450150709743426	44.913304454154805	0.6855951077694435	0.59684722837534
49.6218620262857	45.043182006120006	0.7996398943140052	0.48799874720518444
49.796536828558025	45.171690143675804	0.8916078174175165	0.3721732173050239
49.96996676614123	45.29780210069599	0.9562570520912981	0.2524958307056888
50.13845279614347	45.42017181517969	0.991901053998998	0.13250065268515657
50.29983562430355	45.53741701321239	0.9989211184413141	0.015666151175693054
50.43073209038132	45.64860243088681	0.9859231166243794	-0.09531724711410088
