5.39939545268986	0.7500288823875172	0.6341501958978217	0.731582597612543
5.558748077259902	0.8805720159979304	0.748503877283288	0.6366923688922781
5.722905204643718	1.010482631853914	0.8469778519217491	0.5313749237474792
5.889266257800728	1.139193538260564	0.9230546996362572	0.41823642151727525
6.054588916497021	1.2658305271582042	0.97354096424188	0.300190019438732
6.216053391383318	1.3892631211590463	0.9976221233406413	0.18050581023748796
6.3719420202499	1.5083254488521012	0.9955873848829296	0.06242978186554909
6.502838887215321	1.6222033484770453	0.9754914570634183	-0.05137320389370644
6.633730676823323	1.730426438824824	0.9387331903432108	-0.1588759384409783
6.764610259025358	1.8333358946653995	0.8859432552377013	-0.2594550783674482
6.895463515385358	1.9321313423473174	0.8180315100352862	-0.35339644952451743
7.026263260580947	2.028561870459609	0.7361785733313474	-0.441763610804351
7.156961386812958	2.124754480005522	0.6418263150042034	-0.5259053416895769
7.287477564167017	2.2228651470962792	0.5366681218633679	-0.6065485758537497
7.417674272004101	2.324842714310564	0.42255335536115124	-0.6845924598299553
7.547346675593636	2.43229203728899	0.3017926383905271	-0.7585122529688768
7.676141286704748	2.5463435033599566	0.17685901702832474	-0.8276016860518995
7.803559310306513	2.667543784340594	0.050389153656972524	-0.8892913758546508
7.92889427921589	2.7957198288525182	-0.07481571842193188	-0.9403156981450017
8.051225381841718	2.9299239888027735	-0.19591741423385733	-0.9772330258484777
8.16949704801182	3.0685349842993084	-0.3102927587072695	-0.9970645524014644
8.282707483981635	3.209569482804059	-0.4155965321705455	-0.9975426230427538
8.390146219675293	3.3511328463838876	-0.5105921895261843	-0.9776972612557785
8.4916002170764	3.491824617095516	-0.5951325265816592	-0.9388393354244169
8.58760199720066	3.6308331659774713	-0.6692759514098843	-0.8823956486266344
8.679338623718591	3.767897170205224	-0.7346172191674409	-0.8101488520201777
8.768520238155846	3.9031505381578873	-0.7918956832559008	-0.7236127166696948
8.85718049167894	4.03692983020238	-0.8431416798691309	-0.6250275222354029
8.94757104569114	4.169608121844261	-0.8878578888768345	-0.516286156893421
9.041664691701774	4.30151360594199	-0.927345486606089	-0.39921687030726466
9.141177496696763	4.43292531938866	-0.9595807477239305	-0.27570450490036635
9.246980423320013	4.5640439232447525	-0.9839605147680466	-0.14773165467546287
9.359268531377658	4.695011478460582	-0.9977747876843857	-0.017366070242899687
9.477392955147659	4.825913128352703	-0.9983475949287269	0.11324953909457687
9.600165805405638	4.956793893742455	-0.9843374117699656	0.2419352156520122
9.726292561237003	5.087674834363646	-0.9545836850758661	0.36652036606449034
9.85460004948716	5.218562726504104	-0.9087982286609595	0.4847820595584613
9.98419611906704	5.3494581392827865	-0.8474165450666251	0.5946984677011368
10.114490700524193	5.480359017610366	-0.7713942400105219	0.6944363475176786
10.245140614313256	5.6112609728268845	-0.6818857269128573	0.7822950858309595
10.375975600850593	5.742154592141703	-0.5805744249759749	0.8567749756382118
10.506945051662159	5.873021324244859	-0.46925883864389384	0.9166041197410946
10.638094248439748	6.003828860146716	-0.3497699729389245	0.9607645959742419
10.76957589590433	6.134527754616546	-0.22397493728570947	0.9885182629091654
10.901690743579012	6.265051965875997	-0.0936993170604771	0.9994305116728941
11.034944876741628	6.395895516156585	0.039344689480927605	0.9933335325716085
11.17010520142681	6.527003325899041	0.1735908658892787	0.9702210151352073
11.30820667977643	6.658099937524436	0.3075509889092238	0.9304797554473649
11.450451381406003	6.789154494316326	0.4391904064911669	0.8746198097437997
11.597957673362302	6.92011955070066	0.5663383260224274	0.8037372318118133
11.75135376947657	7.050901951783368	0.6858177410563531	0.7192585320019084
11.910289477705728	7.181315811910185	0.7920038962340445	0.6228207230674618
12.073116025722856	7.311007664969139	0.8805735958946976	0.5164523478459637
12.237187428127385	7.439365812926103	0.9459681816786505	0.4026491178346474
12.399546139631225	7.565488079582526	0.9856767976150016	0.28437442820136116
12.557827388857552	7.688269061834182	0.999731694941514	0.16488252521642766
12.692150876255269	7.806637169889636	0.9920964709768032	0.04731331882457082
12.823047106796741	7.919820277725536	0.9670910608101114	-0.06578347358720144
12.95393743918621	8.02756491049981	0.925577057258873	-0.17265504949356028
13.0848136313037	8.130288248093896	0.8682711581901965	-0.2726733113881309
13.215659295956295	8.229280767117329	0.7961663550738027	-0.36653285811932423
13.346445352937629	8.32643344673384	0.7105214773032704	-0.4548470200012817
13.477115856708112	8.423781263490461	0.6128547644317942	-0.5393933669431694
13.607584580232377	8.523476165790058	0.5049275239350564	-0.6203153243507635
13.737697231805235	8.627368857987124	0.3887509901748952	-0.69826624696394
13.867218812102575	8.736984847303296	0.2665683026762641	-0.7725705989776844
13.995792804060411	8.85333877531208	0.14084769071961548	-0.8409826701406586
14.122866359485664	8.976826696205944	0.014291174119987888	-0.9011374916156114
14.247684169412151	9.10709619740611	-0.11025645659978728	-0.9498635089115594
14.369304144288009	9.243011266314287	-0.22996492087528822	-0.9833397039462421
14.486651614986924	9.382823465069055	-0.34224852486631674	-0.9986823942057376
14.598749179239192	9.524530885657898	-0.44516375106870687	-0.9945527201509514
14.705024740390495	9.66631210791873	-0.5377875810120297	-0.9707191443340386
14.805503154908974	9.806875517941005	-0.6194002240744965	-0.9277488080917053
14.900868945364659	9.9455707768214	-0.6914188888395988	-0.8670752098740562
14.99242989701796	10.082306882105124	-0.754391136352849	-0.7911166847473382
15.082003451737892	10.217272992264856	-0.8103425705187203	-0.7017404485449922
15.171731497694367	10.350822859428572	-0.8592174354699977	-0.6007676527897549
15.263696360306145	10.483323364772364	-0.9028098795267563	-0.4900120805229725
15.359912481208053	10.615113560861246	-0.9395780611759066	-0.37130827796372595
15.46172489619162	10.746452767363134	-0.9696931183237428	-0.2465374742015719
15.569932334939255	10.877537509369866	-0.9901803590188406	-0.11774140314118971
15.684356388571176	11.008492407294266	-0.9992586119667649	0.012909621625532657
15.804184684143767	11.139392380031957	-0.9948850098118339	0.14326115990198668
15.928215151254602	11.270276629424066	-0.9753609627167157	0.27113299226862525
16.055175178198994	11.401161807257811	-0.9398621737137511	0.3943647153906778
16.183982310273908	11.532052925338405	-0.88839708311762	0.5108624628810537
16.313851852969204	11.662949848331015	-0.8216224202695341	0.6186412841557328
16.444285189568657	11.793849773559657	-0.7406456824164594	0.7158620110633932
16.575003505806727	11.924746529499254	-0.6468781134001459	0.8008632677772971
16.705878636747777	12.055627522512665	-0.5419414546801264	0.8721900942498861
16.836887960793497	12.186469272244972	-0.42760436292514065	0.9286208868014246
16.96810206113187	12.317232995884938	-0.3056548566025666	0.9690607712762106
17.09970616249172	12.447861144311064	-0.17805696984356775	0.9927878636629868
17.232048065510455	12.578280172332478	-0.04668080034537489	0.9996259732757886
17.365691549477653	12.709370465053928	0.086779717567734	0.989403176895009
17.501470738657925	12.84046568081806	0.22076738479185204	0.9622322329154696
17.640459504572355	12.971543292676417	0.3537397150601546	0.9185860797845407
17.783839973145533	13.10256951356854	0.4838411068111757	0.8592341654411133
17.932606736383555	13.233487097387549	0.6079534942464038	0.7852413671208969
18.087097108500018	13.364187562544796	0.7229757688245219	0.6979779041494977
18.246637329911234	13.494451114364546	0.8232915295988115	0.5991594767476902
18.409320893730005	13.623870270093574	0.9046400135878597	0.4909120519509946
18.572404370500507	13.751767692427322	0.9613796411639528	0.37583988388989814
18.733128592787597	13.87719453169249	0.9929837782381661	0.25699025785064056
18.88942004893902	13.999037525134153	0.998748043460682	0.13764344468464054
19.020318173773497	14.116312231563924	0.9850608948208952	0.020840990449571536
19.15121327846695	14.228338632491937	0.9545438638441222	-0.0909999437913588
19.282100750907528	14.33503504564017	0.9077170758176684	-0.1965266340994447
19.412970898590178	14.43714092750804	0.8453823334426473	-0.29539720114105344
19.543804167438473	14.536049018874927	0.7684649267786132	-0.3882117772373082
19.674564547896708	14.633696549910084	0.6784013045063353	-0.47629696454161086
19.80519176347006	14.732219900049161	0.576904278225523	-0.5602764695801155
19.935577330439525	14.833624068914656	0.465825181031562	-0.641403982386966
20.065557898137502	14.93970493559002	0.3472434755148501	-0.718875563919925
20.19485589624454	15.051830538445765	0.22348506904275497	-0.7919722798138022
20.323055057950693	15.170854950495714	0.09709725457194748	-0.8587713100361669
20.4495566161812	15.296957402428976	-0.029185155936387402	-0.9162698228441633
20.573545227920526	15.429540788889785	-0.15251910355794482	-0.9610251218724992
20.69402569988353	15.567247500172439	-0.27014511791828805	-0.9897604274123074
20.809964270533	15.708182929002337	-0.3797055402831185	-0.9999931014144762
20.920521489607218	15.85032916635512	-0.47953936744507425	-0.9895023325698045
21.025205851896672	15.992050239045582	-0.5683810590952616	-0.9594450389169836
21.12428295187451	16.132244840961032	-0.6470090722029724	-0.9109982708524035
21.21867310067392	16.27044775001797	-0.7158940846369998	-0.8458559160156635
21.30987649791381	16.406660443898602	-0.7765667306802432	-0.7655232804857476
21.399815212400227	16.54118730001725	-0.8298023230857317	-0.6722398513766374
21.490605998714308	16.674402736441728	-0.8772654629100297	-0.5679702783181354
21.58440625109066	16.806679528271978	-0.9179628008346249	-0.45451584611599505
21.682893306051636	16.938325168072453	-0.9527034078139449	-0.3337347219835456
21.787338773783862	17.06958627263389	-0.9789471018068172	-0.20755777071774523
21.898075194772588	17.200630789595156	-0.9951812174250827	-0.07801707823449804
22.014725312074948	17.331569483572096	-0.9992595586076812	0.05277514817239229
22.136323635144343	17.462466211890177	-0.9890629551591994	0.18265211035281392
22.261614476517014	17.593352357257167	-0.9632445711503252	0.30942479642237514
22.389384859718866	17.724240498289543	-0.9213404008019821	0.43081971671671365
22.51866644746507	17.85513396320799	-0.8636524407897785	0.54483031136361
22.648790880540258	17.986031661764002	-0.7910472022781343	0.6495150536715454
22.77935231317367	18.11692962197719	-0.7047743521291956	0.7430892391379885
22.91013577424189	18.247819302138232	-0.6063434121804769	0.8239557872621015
23.04105541452445	18.37868382814565	-0.4974464330904744	0.8907333646881469
23.172121279045935	18.509493246887686	-0.37989970584167354	0.94228349257503
23.303438920629947	18.64020055964961	-0.2555822877688032	0.9777375742365105
23.435238984543236	18.770740959762403	-0.12636244413330383	0.9965228324359616
23.567927767359564	18.90103657131458	0.005978929645418934	0.9983832196930326
23.702138462029108	19.03212136947022	0.13968184039016934	0.9832147719263273
23.838771025612395	19.163203920751165	0.27317211108869177	0.9511991315408975
23.978925778829755	19.294259957678253	0.40481930176620207	0.9026114599845663
24.12376073528999	19.425251372314914	0.5326676647488762	0.8385906876638585
24.27410404490071	19.55610809586389	0.653180300466746	0.7603295312938154
24.429976847063877	19.686693678616276	0.7628340315090962	0.6693046058078661
24.590305866203362	19.81673697197379	0.8560600695087255	0.5673570311861788
24.75288330213471	19.94575203402489	0.9286381263516897	0.4567609449340956
24.914899151376122	20.072972406584213	0.9758865591336099	0.3402684545831708
25.073828880149676	20.197390657713026	0.9981498227893825	0.2210117597280695
25.226721072761286	20.317911911875058	0.9950959256879608	0.10221673296582995
25.357618475291925	20.433694470410067	0.9743521369451076	-0.013333444978871636
25.488511727418416	20.544250427466615	0.936963532124286	-0.12357583113944028
25.619394951865882	20.64977483824368	0.883569833198625	-0.2273161200883288
25.750255216307245	20.751142599297115	0.8150890495450172	-0.3246622891428358
25.881068645806543	20.850028547736674	0.732707611724705	-0.4164686680229613
26.011792281487274	20.948434494597123	0.6378701501012011	-0.503636524588732
26.14234930206768	21.048439103085997	0.5321275691879762	-0.5875936691195818
26.272621355182924	21.15201662372361	0.41760640566248963	-0.667808984616026
26.402395529223277	21.260784727444747	0.29651867801941234	-0.7445851793088468
26.531359561448724	21.375953271242278	0.1712672966942498	-0.8163921287401389
26.659042964253604	21.498138388453505	0.04446532077041704	-0.880684533812574
26.78476882062801	21.627237782767136	-0.08110526132915472	-0.9342065595352929
26.90764201146275	21.762354170683086	-0.20261179294214915	-0.9734977759828014
27.02662429347371	21.90188267950823	-0.31741530003605845	-0.9955394744538346
27.140721782666727	22.04382184907451	-0.42335797006998865	-0.998345764624375
27.24924824057888	22.186225728888196	-0.5188075669124126	-0.980851756517772
27.352023786754717	22.327626687069618	-0.6037182407758543	-0.9434975201698754
27.449510207769215	22.46722557340782	-0.6785400160933645	-0.8883707759928001
27.542896527063984	22.604762633689308	-0.7438753727936106	-0.8172807742607577
27.633860977222916	22.74036984972174	-0.8015687179259693	-0.7321165903810556
27.724440287811202	22.874392189358147	-0.852264145018093	-0.6345817393830939
27.81675035877199	23.00722988770056	-0.8967652568375841	-0.5265566966155039
27.912780907713667	23.13924828290146	-0.9350051104504983	-0.41006408770003333
28.01407764531736	23.270736332331193	-0.966092508192111	-0.2869812113067124
28.121505083034506	23.40190881071406	-0.987865843492494	-0.15927685338759953
28.235067894814573	23.53291077430317	-0.998766828398832	-0.029015027700594356
28.354128611648132	23.66383405541966	-0.9964306433293499	0.101668086432069
28.477560570537474	23.794728408165394	-0.9790742830690137	0.2305955551645555
28.604105016061304	23.925616976066205	-0.9457690543169561	0.3555949813224519
28.73265190073126	24.056508265532493	-0.8964318579850202	0.47454531545541223
28.862372751449044	24.187403710537545	-0.831653798579078	0.5854204207365393
28.9927269831022	24.318301048106466	-0.7525002741329754	0.6862254372015989
29.12340301983549	24.449194387200247	-0.6603562173768767	0.7751727409218492
29.254248756804436	24.58007161394508	-0.5568268650112503	0.8508512681621696
29.385221463351012	24.71090978614581	-0.44367290374453217	0.9119711749335064
29.51636862522852	24.841670507304148	-0.3227537751782784	0.9574969551754127
29.64784065925201	24.972297006559252	-0.1959621058052522	0.9866747248410794
29.779930224222095	25.102715605247333	-0.06514775369153433	0.9990570275056019
29.9131260164695	25.233313695425345	0.06793071038716116	0.9944756071387628
30.04816016008431	25.364392228907576	0.20156333801664655	0.9728747314264208
30.186014061823716	25.49545980286516	0.3341575087567253	0.9346103426264815
30.327809239239933	25.626488269303128	0.46395803853389905	0.8803500641622469
30.474570425996703	25.757430500669276	0.5886714124622301	0.8110566048607057
30.6268422913222	25.888196898846225	0.7041518424010559	0.727926924140219
30.784226209120778	26.01861007856603	0.8069446086492952	0.6325077374997148
30.945229072434522	26.148324144803947	0.8908126319767525	0.5269856168547891
31.10736154424985	26.276753124085637	0.9526170121843985	0.41381507935976447
31.26786361724431	26.403030208788206	0.9886112688460547	0.2959092994910765
31.424562073810396	26.526104612269744	0.9997287958155592	0.17645669500863984
31.55546064563611	26.644951549666736	0.9899452490499555	0.05854746540812769
31.6863569983179	26.758820220848587	0.9632544566810499	-0.05524629797890895
31.81724753969085	26.867390802035388	0.9201155125867051	-0.16304639304842192
31.948124180730748	26.971103608032326	0.8612706346094031	-0.26428118588234717
32.07897100039694	27.07123027191059	0.7877367254828855	-0.3593773040598425
32.20975831902949	27.16956244196784	0.7007953778741534	-0.44912152864729726
32.340431568705036	27.268142845321044	0.6019841853765353	-0.5350682722107922
32.47090487340705	27.369077795355444	0.49308189954422166	-0.6171913346624892
32.60102114492953	27.474195611153007	0.37611743058745767	-0.6963367509264059
32.73054704900551	27.585014924383604	0.25334501058974285	-0.7716355519731017
32.85912370082648	27.702537745409323	0.12724454618088138	-0.8407820666704303
32.98619306189265	27.827139810668022	0.00052945227402934	-0.9014811934660696
33.111002085859	27.95843385678605	-0.12395512168776496	-0.9504669518084952
33.23261350318295	28.095241406143117	-0.24338492316935198	-0.9837579750430893
33.34995289038122	28.23578123482674	-0.3551791367261247	-0.9987892312645469
33.462086020616525	28.378029256356495	-0.4574406208575012	-0.9941817639370533
33.56848791073305	28.52017217848222	-0.549288104361135	-0.9697803777530257
33.66923185360367	28.660948394732188	-0.630597072963627	-0.9259552039111512
33.765028965430865	28.79977817178022	-0.7017438473582907	-0.8647078067260378
33.85723757007096	28.936577589683512	-0.7644756415705373	-0.7882274344445399
33.94771897521144	29.07157522566559	-0.819424120131908	-0.6983848512789532
34.038541576328406	29.20513353008921	-0.8679990713378106	-0.5970112819079123
34.13182850950817	29.3376402172715	-0.9104387390424779	-0.48591482120746876
34.22943691035356	29.46943396300674	-0.9463410393195968	-0.3669064326027123
34.33269584878525	29.600781322258886	-0.9743638942123449	-0.24188054743185913
34.44218468267184	29.731874636754913	-0.993086604950988	-0.1129821994034753
34.557725809515404	29.862838977695965	-0.9999935109756144	0.01769711899001027
34.67844487077831	29.993747616468497	-0.9925605154999169	0.14800060757169803
34.80308855210699	30.12463788916233	-0.9698390341406931	0.27574676917587304
34.93043581983002	30.255526806190534	-0.9311564424895045	0.3987775424497139
35.05946849211947	30.386419765616974	-0.8766269276184907	0.5150027417019131
35.189459771087826	30.517316765588394	-0.8067973789947336	0.6224420912576117
35.31995277447241	30.648214439761706	-0.7229936048183796	0.7192617477251342
35.45069911062103	30.779105140115654	-0.6267318080892625	0.8038063856102557
35.58158930124508	30.909973449562862	-0.5196815324607869	0.8746280043705589
35.71261217732187	31.040791440654345	-0.40364702826064963	0.9304050879098116
35.84384765994619	31.171514615984393	-0.2805092116540509	0.9700914809136396
35.97549150381766	31.302080356367746	-0.1521547389760489	0.9932266458830487
36.10789977593928	31.4324104808284	-0.0204023099759475	0.9994823119432104
36.24164387794471	31.563487899432197	0.11305465375625354	0.9886897164472407
36.377560022311506	31.694567205673902	0.2466574783901759	0.9609642586158519
36.5167079371728	31.82562610737142	0.37858642964765665	0.9167885294356405
36.66021247496835	31.95663226665405	0.5069194678068022	0.8569403788862213
36.808977324316736	32.08752709363136	0.629137752231089	0.7824934981634426
36.96327093960132	32.2181950551599	0.7409637330989233	0.694830685810761
37.12229787282978	32.348409035976616	0.8379620898731786	0.5956817864482873
37.284135591798126	32.47774886787561	0.9146932518802033	0.48719195484118927
37.44611907812708	32.60553172389057	0.9681186189700871	0.37197850678552963
37.6055796141658	32.730803802670145	0.9951380430641474	0.2530984922221336
37.760694734633674	32.85249116188894	0.9980659528046427	0.1337943500344113
37.891592726570984	32.96962838195659	0.9814180221714845	0.01708323523875449
38.02248746718971	33.08159908993864	0.9479350996104474	-0.09468743220043445
38.15337402461507	33.188393345035415	0.8982728665309214	-0.20023682801209622
38.28424205966705	33.29080593026516	0.8332884349122885	-0.2993424768424029
38.41507120481295	33.390282705867286	0.7541094699169688	-0.3925041119781414
38.54582312814573	33.48872254670279	0.6621245776899248	-0.4811700356003091
38.67643574005024	33.5882598275045	0.5589694597060973	-0.5656383828162571
38.806793415643085	33.69085076369882	0.4465290083499374	-0.6471569678738107
38.93672234453402	33.7982582552153	0.32691577418861856	-0.7252366386445924
39.06594331710518	33.911803213019226	0.20247557426620275	-0.7983557310683691
39.19401308464802	34.03227015122189	0.07579363742174863	-0.86480718132814
39.320311299847255	34.15975063051084	-0.050369972590292564	-0.9215261264885827
39.44400640576379	34.293543684383664	-0.17316358519487912	-0.9650550361444935
39.56410523808086	34.432195128840085	-0.2898505756116322	-0.9921466595217082
39.679603952776105	34.57375285700764	-0.3981344727836797	-0.9994901720535705
39.78962351270016	34.71625153174764	-0.4964359637469029	-0.9869424778086513
39.89385828346434	34.85806832573386	-0.5841728136379717	-0.954852996701772
39.99266227674288	34.998197417037844	-0.6611263929350311	-0.9044388382116277
40.08703759467087	35.13624496584948	-0.729177127808368	-0.8368876721897907
40.178549129550596	35.27232877071365	-0.7882815699062409	-0.7548697083418171
40.269127889831104	35.40673528582593	-0.8409054405730305	-0.6602460000781811
40.36095513200675	35.539857774440534	-0.8867038307772035	-0.5548225909028456
40.456007429939056	35.672063384285856	-0.9267165881675292	-0.4404153729362069
40.55600975871965	35.803667395470875	-0.9592755052613757	-0.3188841334925604
40.661931679517274	35.93490331502346	-0.9838079725048936	-0.1921787587298882
40.774088415823805	36.06593822480322	-0.9976706597131638	-0.06233625696742777
40.89195571474266	36.196875793649255	-0.9983904251315175	0.06849258281453434
41.014461440345265	36.3277747585006	-0.9845924989239245	0.19807919666682416
41.140368062571945	36.458663828167275	-0.9551000223120597	0.32424645148489106
41.26852044274574	36.589554328119675	-0.9095948329272519	0.4448578063727803
41.39801967139288	36.7204490036668	-0.8484868747190164	0.5578622285787502
41.528259237782684	36.85134646022418	-0.772716675041515	0.6613340173297665
41.65887841420606	36.98224192923731	-0.683527251967661	0.75350741005237
41.78969170730768	37.11312506613324	-0.5824023275147603	0.8328070557675742
41.9206326480848	37.2439753723675	-0.4712534201903477	0.8978760128399291
42.051726535653074	37.37475785574114	-0.35192823234514375	0.9476037453985015
42.183094261877436	37.50541920202413	-0.2263247241119938	0.9811537289290782
42.314985294956145	37.63588804670036	-0.09631918973940037	0.9979898493719476
42.44782842591485	37.766081347981974	0.03630370456604523	0.9976374050417055
42.58229232178802	37.897157645103995	0.16989809626921948	0.9802042724813989
42.71931045357543	38.02822836189831	0.30292048269355476	0.9459907607442657
42.85999274045038	38.15926778923383	0.4335021080518921	0.8955975935017537
43.005414944596005	38.290235692432475	0.5593347139209335	0.8299200676998971
43.15626346936866	38.421056667770195	0.6776325262295548	0.750151863319049
43.312427504063635	38.551578477168455	0.7835542115550785	0.6578081367862236
43.47264718848312	38.68150777365137	0.8727464512020139	0.55477516925511
43.63464195846356	38.810325884851316	0.9397120421441143	0.44338207294864485
43.79568511864263	38.93724159773064	0.9825818508959605	0.3264272992018669
43.95335437812458	39.06122722666228	0.9990910350934443	0.20707732893477435
44.09525917758706	39.181235971946315	0.9933098382691545	0.08851195252511668
44.22615624929028	39.296428821769624	0.9702120552164327	-0.026503205451841927
44.35704862407774	39.40637943944584	0.9305350136583934	-0.13600598215525053
44.48792975724388	39.51139107449722	0.8747911147980527	-0.23908404740336953
44.61878599546721	39.61249974020216	0.8040101746758171	-0.33576400312573595
44.749590699707724	39.71136148918021	0.7195576562441652	-0.42723170315658254
44.8802992325048	39.81005013834635	0.6229221800451069	-0.5140151269210207
45.010827609749136	39.91058468114212	0.5158429552038637	-0.5975483664154344
45.141046270631975	40.014914637714426	0.4002921476285827	-0.677815389679141
45.27074174573454	40.12462311380192	0.27847744441103556	-0.7540287891688853
45.39957107515232	40.2408446539632	0.1528444166174222	-0.8250105187307455
45.52703681976736	40.364110265273496	0.02603951607523625	-0.8881359956969022
45.65243460722348	40.494210273312525	-0.09913178857736626	-0.9401052414923808
45.77485253001554	40.63013682774243	-0.2198383761077498	-0.9774731611493868
45.89326016440126	40.77020144838423	-0.3334828526398589	-0.9973049239315539
46.006704496223385	40.91237343838566	-0.43806251125247647	-0.9971952217142214
46.11450555228377	41.054773715683396	-0.5323201903173636	-0.9767094473029378
46.216560695298796	41.19603247729091	-0.6155535956864008	-0.9371134051212213
46.313496172642004	41.33538712074808	-0.6890863090789311	-0.8799253880078275
46.40656530780989	41.472656903433176	-0.7532068388995281	-0.8067901324593708
46.49748765311226	41.6080301810587	-0.8100939825313679	-0.7195349371472052
46.58835937775066	41.741889045202164	-0.8595743899698761	-0.6204079519781563
46.681238330783565	41.87461125087111	-0.9035431508466064	-0.5112161135684719
46.77813500451387	42.00655349636778	-0.9403556712489032	-0.3937772723131614
46.88039443817413	42.13799186827919	-0.9702913881394297	-0.26998717907877445
46.98883759140683	42.26913697845721	-0.9906462569316964	-0.1418250528960916
47.10335661762349	42.4001262323478	-0.9993551431213502	-0.011367108410618484
47.223183029614276	42.53104421672971	-0.9945959745439941	0.11924108508705715
47.34717064618495	42.66193708831869	-0.9747003244584792	0.24782034450037765
47.474082540871265	42.79282575865995	-0.9388526207355322	0.3721012788488652
47.60285247232202	42.92371765528118	-0.8870609246252263	0.48998274181640017
47.73269777234587	43.05461353310102	-0.819981753252546	0.599473024137962
47.8631166095982	43.18551067497163	-0.7387249640547242	0.6987064386720956
47.993825503534225	43.31640243719491	-0.6447065526786517	0.7859900753793556
48.12469116056511	43.44727525985432	-0.5395549027516601	0.8598332131196262
48.25568448095935	43.57810413774173	-0.4250256436498635	0.9189750879946261
48.386866041987986	43.70884775439974	-0.3029305243120715	0.962412339640945
48.518402729302274	43.83944406043579	-0.17532149262786728	0.9894261315774052
48.65060931591245	43.96981533814448	-0.04404781907181035	0.9996080012954996
48.784001657505364	44.10067014365006	0.08915232099746587	0.992800705138229
48.919345142995994	44.23174642185639	0.22266802957309423	0.9689927974358561
49.057641984012825	44.36280814754597	0.3549212138150849	0.928378803360508
49.200034129922884	44.49382560188685	0.48407142145979154	0.8717903793519919
49.34751801702688	44.62474741238956	0.6071514171697185	0.8003569811897877
49.50049900478018	44.755475548779366	0.7211908726682054	0.715397124018279
49.65844773380166	44.8858107329349	0.8209783007710553	0.6185679566780657
49.81966280298422	45.015380286499294	0.9021050631776667	0.5119249195548878
49.981585526273285	45.14355829078695	0.9594980496472216	0.3979871087189102
50.14154038571419	45.269450898433305	0.9922766947760724	0.279716833028851
50.29741971761155	45.3919846114396	0.9989969914223296	0.16033624587439876
50.428318070577724	45.5101870346692	0.9863006904054017	0.04287821664740886
50.55921381578418	45.62334534711112	0.9567547832310745	-0.07017639115150642
50.690102946059156	45.731298088223696	0.9108636933722881	-0.1772187370588016
50.82097655679161	45.83459022990166	0.8494137250255608	-0.2776565490344377
50.951816604614436	45.934529294643646	0.7734646626223394	-0.3722030249402867
51.082591349240744	46.033024068847176	0.684326008155439	-0.461509564844253
51.21324088507463	46.132098240240154	0.5834184628992483	-0.5470055018968205
51.34366901370987	46.233827660286295	0.47280493758264835	-0.6291949304517587
51.47371599342274	46.340008482256096	0.3545514496401021	-0.7078302593806728
51.60311982444263	46.45206967918924	0.2309619063051298	-0.7823589461822961
51.7314924475316	46.570929329415925	0.1045519374051388	-0.8507032329038537
51.85826115968723	46.69684558690303	-0.021967914487115558	-0.9099012731119889
51.982633855233416	46.829303655719286	-0.14576649186245716	-0.9565163437111333
52.10362681231047	46.96701119535134	-0.26407185282697376	-0.9872324179596694
52.22019838438253	47.10810288806377	-0.37448215292857323	-0.9995042025565516
52.33148265888768	47.250546016094496	-0.47511592110547074	-0.9919594646913902
52.43705110190411	47.39259396704396	-0.565006062045867	-0.9637359995908488
52.53700762622057	47.533149098550254	-0.6446077154623299	-0.9169633556651202
52.632233562776605	47.67169628996498	-0.7142212930064729	-0.8533263948688732
52.72419382261716	47.80820396143799	-0.7755805960195967	-0.7747025248446824
52.81478745531192	47.942944765358405	-0.8292660190891972	-0.6828664798360377
52.90608780965014	48.076304358059815	-0.8770635952119678	-0.5795681044892305
53.00025520610121	48.208682814824094	-0.9179319948168176	-0.4669195115648756
53.09897023763435	48.340396533981774	-0.9527453599707372	-0.34676864073582603
53.20352363398337	48.47170103224023	-0.9790034442382693	-0.2210346975919551
53.31428004242997	48.60277180173519	-0.9952074045672332	-0.09173916389744607
53.43089615405831	48.733725400063044	-0.9992518860303241	0.039013587681458316
53.55243901041586	48.86462999210574	-0.9890334190318719	0.16906103293095498
53.67767550684586	48.99551991061625	-0.9632070545722292	0.29622271971779207
53.80540345138873	49.126409550333705	-0.9213038470598819	0.41834711311000894
53.93465645863808	49.25730310496506	-0.8636201345606604	0.5333571270148252
54.06476401031727	49.38819988412995	-0.7910186492583138	0.6391964879232527
54.19531593569966	49.51909589838705	-0.7047481322365009	0.7339909130555937
54.326092980263475	49.64998239678819	-0.6063191820147045	0.816220858205921
54.45700524460036	49.78084199260844	-0.4974263861104803	0.8844836830095208
54.588057789340674	49.91164395727045	-0.3798905532985726	0.9376178656436072
54.71934856681337	50.04234013798283	-0.2555985041871952	0.974730537319056
54.851096047527	50.17286405997338	-0.1264310504340303	0.9952240280548217
54.98368799619498	50.303135604273045	0.0058127319869672	0.9988174806152319
55.11773214681707	50.4342112546596	0.1393531413047554	0.9853789449446807
55.25409805153824	50.56528569393995	0.2725965001431077	0.9550610618667429
55.39385629333311	50.696335924992724	0.403905348880584	0.9083886861057107
55.538114119422104	50.82732584225519	0.5313138096350656	0.8461822073887323
55.687697547864964	50.95819035550224	0.6514305544922026	0.7694834095250839
55.84269978807081	51.08880211589101	0.7607158046704621	0.6796680096384591
56.00217375240374	51.21890489042839	0.853994388550676	0.578734644644513
56.164030195024814	51.34803675029359	0.9267402134432555	0.4689138959150263
