0.738841537232692	5.030459500891511	0.7389797047894202	0.31269641381608865
0.8024402473595245	5.039372176881295	0.694709275681926	0.3210807999197408
0.8602184723228344	5.051598328480514	0.6519943535576295	0.33258225870575997
0.9131888144541599	5.067173759198302	0.6109242812730723	0.3472344714663615
0.9623760979250017	5.085982670176655	0.5713304603893616	0.36492850320413606
1.008753787337345	5.107857666889442	0.5328627681122735	0.3850796369352186
1.0532736238498726	5.132799123953162	0.4945489768824025	0.4079660094358381
1.0968792924179516	5.160827201564885	0.4561523272827668	0.43345427260618546
1.1404244756319202	5.191998687818905	0.41710690886956514	0.46122370181312733
1.184725923481892	5.226567880395812	0.3764557378004107	0.49167129858079217
1.2306591785617362	5.264831411283881	0.33345506442509315	0.5246009103899155
1.2791542881923994	5.307270888846894	0.2873974003919392	0.5601350203599962
1.331097698265666	5.354510478035181	0.23734302887282271	0.5986899418437726
1.3874880259284075	5.407237437623791	0.18225876271790514	0.6401974993027785
1.4493953675075097	5.466289394550106	0.12109010297691686	0.6844857399140386
1.5179080564839345	5.5325898219453915	0.05285347809235248	0.7312079580599415
1.5940441567675019	5.607039508125515	-0.023232536532720387	0.7797081459223052
1.6786205313696168	5.690378195545122	-0.10757582564775256	0.8289740895771036
1.7721083006926885	5.783021808476167	-0.1998870111607173	0.8774375322818706
1.8745195541024684	5.88482596435321	-0.29899698134658	0.9212915365218821
1.9850509041812525	5.9951009671812905	-0.40231763932513387	0.9583299919848477
2.1024590781763823	6.112540455469187	-0.5067179088959421	0.9850792572882628
2.2251134558605514	6.2356636923533	-0.6083247960830447	0.9985075555312337
2.352325634396792	6.364219435192118	-0.7040226224880288	0.9963140247959371
2.483229008512645	6.497765086428794	-0.7906051608303813	0.9765980903583487
2.6141405520390486	6.63371683969122	-0.8636859153367065	0.9387378767335921
2.7450760603553586	6.773676028492811	-0.9220232602576989	0.8818281590107967
2.8760776517652933	6.919873227585265	-0.9646256008991158	0.8038881801538501
3.0072517258052227	7.075219314640715	-0.9907575080640858	0.7020663881448803
3.138852279574805	7.243158195215918	-0.9999139369304689	0.5733177816652929
3.2714444051048654	7.4270257162581315	-0.9914596544405262	0.4139724358074239
3.4062034018929777	7.62896608802121	-0.9648778380930336	0.22301591945644383
3.5453040389609285	7.847772082348456	-0.9191663337367464	0.0062054667112365494
3.692115272050828	8.076404011251865	-0.8519439984369341	-0.2204856189447888
3.8506022144553254	8.301621115231853	-0.7587046997218212	-0.4327427071851176
4.023992110022784	8.509522086355691	-0.6352486451830767	-0.6092912521386287
4.213174639825476	8.692842913932566	-0.4786886846264678	-0.7435462975750505
4.416488320210549	8.853072379077044	-0.2914862551297774	-0.8408329578745394
4.629181078277179	8.99539795429224	-0.0830728022521779	-0.9089737718113011
4.8435544476529016	9.123532815155485	0.13076636506260395	-0.9546588482182702
5.051098445160262	9.237523817678131	0.3321120054654791	-0.9824814190528735
5.245782240741086	9.334502445500688	0.50820718569433	-0.9954444764799731
5.426275743715594	9.411587562096203	0.6544759944604702	-0.999585747714749
5.594243422409002	9.467416562306811	0.7718666247545753	-0.9986609094566106
5.752454655196582	9.502551532850786	0.8620172718955124	-0.9966208197435384
5.903308352053175	9.5188419281951	0.9286305704491044	-0.9950880102804791
6.048586236218856	9.5191137579701	0.9722317354932312	-0.9950624330466149
6.1894267275843635	9.507208689428058	0.9951167450868847	-0.996182614683335
6.32652260652322	9.487696153664244	0.9986389664380491	-0.9980186044696417
6.453852733505258	9.465717056511034	0.9850757264212704	-0.9987142834430336
6.5799397437899385	9.446680012634886	0.9559115100117344	-0.9993121530848477
6.704545158040589	9.435271081421755	0.9121584357802615	-0.9996704573290494
6.8273429918700215	9.435505351311942	0.8551834803998892	-0.9996630999443501
6.947838282290411	9.450316776169016	0.7867510201437289	-0.9991979383713838
7.065296343085464	9.481315127151161	0.709081834493559	-0.9982244167931864
7.178725526560115	9.528759905523476	0.6248671133638279	-0.9941547996872415
7.2866914199665	9.592042433367716	0.5373182195111028	-0.9856079781051879
7.387442976887289	9.669636296647553	0.44957922633595404	-0.9699941143061124
7.478966377057047	9.759370139571184	0.3662658083710545	-0.9441362521598902
7.5589608169727525	9.858968114603128	0.2906414862618368	-0.9070637461577893
7.625474018879709	9.965919377563266	0.22642332770474777	-0.8567186331286492
7.676811820261023	10.078012705307545	0.1761968477878314	-0.7937481830822342
7.712060851401931	10.193310633943803	0.14138751727742205	-0.7186816075771586
7.731252792618039	10.31013384504468	0.12241187441062464	-0.6329129931483517
7.7352988093487385	10.427046468372343	0.11838447660206783	-0.538341650350358
7.726395839280193	10.542635982301608	0.1272313457525252	-0.4374632173621452
7.707674057097421	10.65550484595022	0.14571959018508468	-0.3333913710475937
7.683159639775615	10.76423184019059	0.1699282117331118	-0.22918943298454528
7.656803901939033	10.867539313744945	0.1958529988741879	-0.12767492176343476
7.632273118756265	10.96439811781796	0.219789063587497	-0.03115566069758204
7.612907359928019	11.054149547453564	0.23868532356752317	0.058536726520069755
7.600250714868955	11.136868412061629	0.2509975799420324	0.140768676210006
7.595422639106215	11.213106846894824	0.25563318799618995	0.2157143485805415
7.598733915811058	11.283879996546188	0.25245391291501273	0.2841940711111801
7.609996300559476	11.350507320588456	0.24152580790553155	0.3473739380580243
7.62902965805802	11.414426305155501	0.22295389059647766	0.4065362673230556
7.655706146626063	11.477133637364538	0.19692414046860257	0.4629605601464646
7.689915143981488	11.540178417729091	0.16325697649471094	0.5178552652694689
7.73193135209125	11.605018385445435	0.12173643752608372	0.5721771432693898
7.782037308139877	11.673189468098107	0.0718610585997567	0.6267308402076502
7.840866174696047	11.746068595620047	0.013106831355388114	0.6819312022698468
7.909030546510474	11.824986526094008	-0.05501269895237508	0.7372985621921733
7.986997338834898	11.911152590804509	-0.1325935225697794	0.7925328173263361
8.075070806882433	12.005318115495204	-0.2191847364648028	0.8465847348739814
8.173159393249122	12.1076598864861	-0.31373802212193985	0.8962536009510675
8.280359408163571	12.217915480193835	-0.41344192918585915	0.9394411158994898
8.395349482864455	12.335022816807088	-0.5150701201557715	0.9729408621531668
8.516375375778608	12.457666958969432	-0.6147055224130854	0.9937105205527471
8.641624004829149	12.584576900720416	-0.7083444999656677	0.9994282207901406
8.772526674493637	12.717564694447637	-0.7943508524416938	0.9881215278504825
8.903436069518891	12.852504050277902	-0.8667957538316443	0.9588741873449251
9.034365429377992	12.990737336804834	-0.9244470767952162	0.9109644594968481
9.16535044519342	13.134160686137088	-0.9663236760662596	0.8430334389069459
9.29648172800999	13.285242099333344	-0.9917029511596165	0.7521839650352397
9.427978823409306	13.447032913036495	-0.9998994750123769	0.6366210433145649
9.560335580940173	13.622451134136584	-0.9905672067484452	0.49213336099078886
9.694601604508703	13.813820271304817	-0.9634237258490599	0.3176598247241242
9.832768545131552	14.020954507831933	-0.9174671384224629	0.11592545352217365
9.978131496358062	14.239180068870601	-0.8505031814065994	-0.10179149014897682
10.135090945668418	14.458201999695088	-0.757842871724264	-0.3154852318462928
10.308131689348718	14.665104743460828	-0.6344947462891473	-0.5035122160549357
10.499895632380472	14.85066055888428	-0.4755388840705893	-0.654181140100597
10.710221360313998	15.013627657054727	-0.2813589998633411	-0.7684071607743408
10.934913371682779	15.157818255160297	-0.060621010476499225	-0.8521361837461336
11.165145071717497	15.286642993419967	0.16869260943122713	-0.9121741508517123
11.389397311285158	15.399603523456355	0.38356957072754505	-0.9526742648965362
11.598837376327012	15.49266452922047	0.5670657915786029	-0.9764412800043437
11.790783580898218	15.561792655415989	0.7136942420648358	-0.988907242050483
11.967272975520498	15.605591989318654	0.8254388703849047	-0.9943063518272715
12.131824134115574	15.625564631027016	0.9069222551527572	-0.9961856342857884
12.287502569282106	15.625136103242163	0.9609008333633503	-0.9961453128921129
12.436512309353722	15.609322746900204	0.9914586294173936	-0.994657389380659
12.580273198768323	15.583951374242261	0.9995633810997618	-0.9922701250277114
12.709225422711608	15.555642664180551	0.989425862784129	-0.9879453297080245
12.837536124304101	15.530645074445108	0.9630494186903515	-0.984035488347653
12.965098072550735	15.513844302121363	0.9211453643282195	-0.9810607443580538
13.091738060703468	15.509322715484627	0.8647469166265339	-0.9800745530335127
13.217172613900177	15.519871850304645	0.795238984395507	-0.9823504620001242
13.340990232749302	15.54683190160666	0.7143781953028848	-0.9865672494893957
13.462513033132991	15.590662764190755	0.6243913607619487	-0.992901618727275
13.580873688988579	15.650682183177684	0.5279149288953308	-0.9982010535954149
13.69481623970788	15.725706811638494	0.428031144978528	-0.9994427534979069
13.80269450631136	15.814002668264324	0.3281261212113481	-0.9939612078628892
13.902624792735564	15.91332878578321	0.23231156123872349	-0.9786077885903063
13.992502874881882	16.02139701487421	0.1440965809280709	-0.9512588961914411
14.070328671152993	16.13590850704064	0.06677849976644952	-0.9095434929258318
14.134252878727157	16.254862324525018	0.002912145429128493	-0.8537882381087238
14.183143582802753	16.376545016989322	-0.04594639620186158	-0.7843434429662884
14.216568419861087	16.49962461642794	-0.07928389521546952	-0.7023298544947634
14.234730406084791	16.623091287889473	-0.0973623037799702	-0.6093922603743666
14.238713449967156	16.746062360618435	-0.10132701852805949	-0.5076081852084162
14.23041275458056	16.867697999151535	-0.09306452120425365	-0.3993877475173253
14.212652617329251	16.98709281209147	-0.07538611238728757	-0.28742115803838775
14.188974756842079	17.10327763880495	-0.051773734239731146	-0.1745300445530444
14.16349572853212	17.215256427124647	-0.02631146714956034	-0.06345874482769617
14.140342474988818	17.32217653347967	-0.0031734448296304838	0.04338837717357398
14.123119337941816	17.423595696807062	0.01403836208413537	0.144266470724049
14.114562222733337	17.519559951204936	0.0225898480477694	0.23841804677488296
14.116318134210266	17.61076990872045	0.020835091686249117	0.32580994007797126
14.129318371373355	17.698480821313822	0.0078434066480584	0.40733385667067706
14.153974793663576	17.78432746899342	-0.016796795568610863	0.4842606459560731
14.190619966456405	17.870059287828628	-0.053417861563178	0.5571727269422981
14.239388121726044	17.957643814718274	-0.10199858558872595	0.6277334131468977
14.300528807553029	18.048748606744883	-0.16256114245966521	0.6958637434481114
14.374039954394998	18.144914267467318	-0.23458591712910848	0.7615927731876297
14.459687467756815	18.24719354844395	-0.31688265028587687	0.8236041193656269
14.556726677501645	18.356029221367887	-0.4071856726501834	0.8804500801630031
14.663893118912386	18.47112557469715	-0.5024694914262195	0.929204993378323
14.779313401931406	18.59170477394038	-0.5987096633391444	0.9667633963724283
14.900854396341071	18.71668790281526	-0.6914086028185378	0.9909878839054364
15.026537965718047	18.845059205917305	-0.7764728334342899	0.9998587779817376
15.157207254662861	18.97795548070176	-0.8518252103468592	0.9916867900076526
15.288121526701014	19.112910817707583	-0.9127612506403477	0.9652281520380508
15.419065152720245	19.251045519949372	-0.9581029932773348	0.9200485666033564
15.550089212746071	19.394077976237575	-0.987076721400538	0.854998031483603
15.681320415640092	19.54414145530062	-0.9991632654381404	0.7682419110021966
15.8130542693817	19.703604051480017	-0.9940504454014091	0.6566220343708178
15.945944683313975	19.87481349596618	-0.9714940212844597	0.5186596015554183
16.0813147415846	20.05901303459993	-0.9310091688050274	0.3534003988628584
16.221611554612547	20.25526268232611	-0.8707114730186247	0.1642672905366903
16.370859386483204	20.458898242570676	-0.7878276328156952	-0.03852063699523187
16.534518307133144	20.661248256991225	-0.6772415139270348	-0.23851138000229122
16.718390064311585	20.852128572148395	-0.5314229757962803	-0.4183956581271985
16.92680477589618	21.024614356979086	-0.34457225452507223	-0.5678919256076433
17.160128606923745	21.177793891862777	-0.11833287833857077	-0.6869928734832431
17.412135208480656	21.314129252940237	0.13294894189978598	-0.7791728454953284
17.66818009822974	21.434137470177568	0.3795298020090444	-0.8486416333678484
17.910913668279616	21.533208764959575	0.5908154271739456	-0.8966035326967138
18.13034628132843	21.604873605591703	0.7519603757484441	-0.9260900304719477
18.326621070335655	21.646549168814683	0.8659850046203885	-0.9407469823017782
18.504699896381354	21.661414018619762	0.9406600700665588	-0.9457814423786546
18.66945768469244	21.656071860099107	0.9836006652883493	-0.9439721483629564
18.82443544643002	21.638678349088917	0.9992110765960739	-0.9380812757388957
18.96219695401664	21.617647758030497	0.9933400415844488	-0.9309585888321938
19.091936544186794	21.59969313176387	0.97053452179768	-0.9240329546331147
19.221297776030095	21.589714774869858	0.931554318162552	-0.9200707230766781
19.350173306490284	21.59119952940468	0.8772315061311149	-0.9206602932167242
19.47839759571433	21.60642109861624	0.8086964087999906	-0.9267045129724555
19.605720206507673	21.636577676670882	0.727425940198919	-0.9373698153769094
19.731732045538887	21.68214736462035	0.6354250833980638	-0.9524953310201919
19.85588353839603	21.74278038680964	0.5349507315133867	-0.9692285896561246
19.977341283078708	21.817739240659858	0.4286193475732262	-0.9846468680402267
20.09494532683366	21.905790095263892	0.31959795703481503	-0.9959071342754533
20.207248943827608	22.005213886462002	0.2113924755558986	-0.9995582705642931
20.312531200734508	22.113998380899847	0.1075726831999215	-0.9923794691747784
20.408914124295375	22.2300141313856	0.011430599539754432	-0.9713011836485914
20.494512142726396	22.35118561701674	-0.07406643157511614	-0.9355185298788211
20.567879135094024	22.475677170816343	-0.14692369025106777	-0.8845344621827045
20.628097063417993	22.60205592811391	-0.20616389607647273	-0.8188019182264615
20.67481742822888	22.729314303997953	-0.2517025699624536	-0.73942655136697
20.708291420602066	22.856764783485918	-0.28384214611564285	-0.6479461179919281
20.72954142138752	22.98388583330303	-0.3042450311639922	-0.5462234649453874
20.74000587721324	23.110299034826227	-0.3141856850356837	-0.4363118359410857
20.741951984397343	23.23559955402324	-0.31601643867794776	-0.32048075915600516
20.738286221227227	23.359371319399187	-0.31256795992498676	-0.20111803364789488
20.732479262886606	23.48120558966474	-0.3070657577607256	-0.08061557233717309
20.728410377733603	23.600759816712472	-0.30315907573798917	0.03878938063952716
20.730006308368967	23.717878518792556	-0.3046913857659854	0.15522555380292222
20.74077760055412	23.832757376478718	-0.31491166525336206	0.26739819167879125
20.763618755350684	23.945976691758798	-0.33639893362115514	0.3745850985945605
20.800642464283268	24.058472527261703	-0.3711518166708625	0.4762951975941302
20.85299387912451	24.17153986957411	-0.41918966698290383	0.5723019042002773
20.921038726804483	24.28634121101386	-0.48000015335741714	0.6623580243802034
21.004167848120268	24.40384849083118	-0.5509837969147562	0.7455578816510109
21.100913057417536	24.52449537746693	-0.6290579605310369	0.8202976580435635
21.20902060823516	24.648295988517106	-0.7090698644466957	0.8845722985571487
21.325811079068075	24.774808153776068	-0.7863315414347405	0.9362311060387645
21.448636119971383	24.90348780825723	-0.8560208326159564	0.9733976612114107
21.575268101256633	25.033897525058883	-0.9143342008532445	0.9946382713530217
21.704089673164457	25.16590377110115	-0.9586160330189015	0.9989585107086455
21.835023176459742	25.30007717640783	-0.9873502265550111	0.9855967987766782
21.966019662349513	25.436533384053185	-0.999210811606039	0.9539483720412365
22.09717944260963	25.57628628172652	-0.993962010741448	0.9031375407687579
22.228737268114557	25.72046415063382	-0.971579676925774	0.8318313580520453
22.361211267168652	25.870162392227254	-0.9321230206004636	0.7399188602834756
22.49564900256462	26.02597618222084	-0.8753673462822353	0.6266883311393996
22.634035540575194	26.18770317610421	-0.8000893666740616	0.49309600489162925
22.779832745567298	26.353832444979783	-0.7044346910042103	0.3424558954036731
22.93840191410351	26.521254865157854	-0.5838361432071214	0.18124594579499087
23.117044303892516	26.685528327991026	-0.43030274576515765	0.017997380264265676
23.324106823874207	26.842231249733544	-0.2355275851358835	-0.13820068401126137
23.565893842165437	26.98863915562943	0.003946342456289932	-0.28111769170160567
23.840461880915395	27.124032940326956	0.2747955616818849	-0.408044227115183
24.130203532302577	27.247107705096546	0.5381190461336166	-0.5169654211182079
24.406144205949968	27.352267211599553	0.7470758155795914	-0.6039105524994848
24.64817415176392	27.432328021970772	0.8845169949268143	-0.6656535883020152
24.85589419645887	27.486266557818112	0.9614645852205069	-0.704870795212968
25.03775563101531	27.520218012882907	0.9950012914758921	-0.7288741504720698
25.201949202605682	27.54284793203376	0.9974267811515417	-0.7438432416095033
25.332586180732605	27.561990198532957	0.9798118646272432	-0.7565001673540211
25.463079552164945	27.582612915847932	0.9455769572621554	-0.7701359717514135
25.593372536670426	27.608228970576814	0.8953818192600631	-0.7858612643233872
25.723368460822645	27.641638181875052	0.8301991620871729	-0.8063346374623467
25.852944071723496	27.684704114594393	0.7513036669922584	-0.8307597280210831
25.981883242739208	27.738758888360497	0.6603015609040424	-0.8595517068193574
26.10988203583481	27.80446810538054	0.5591208648615333	-0.8911901476567807
26.236479866639307	27.882024723712323	0.45004161097621853	-0.9236939591988023
26.36101448446574	27.971136404516482	0.33569956406940604	-0.9541142544970329
26.482549838241738	28.071042072473638	0.21908574049466245	-0.9790600795676292
26.599848138939393	28.18049919704319	0.10346006507582964	-0.9951095840887456
26.711410247629157	28.297843565177594	-0.007867513114530404	-0.9992616644806951
26.815636328176257	28.42115247499678	-0.11183072306839417	-0.9888058922947615
26.91103585517381	28.548468090796003	-0.20592335711397045	-0.9622213144337375
26.99645436426122	28.678114671577546	-0.2886213527580527	-0.9191387746587547
27.07129589187934	28.808819821309598	-0.35943903447108483	-0.860105989704613
27.135594486500718	28.939758248016815	-0.41865314429832307	-0.7862783071723051
27.190052721154384	29.07045939073839	-0.4673754980815522	-0.6991737359413931
27.23596497465595	29.200701675586675	-0.5073759823135167	-0.600512557954062
27.27515606562188	29.33040524065006	-0.5408974803030594	-0.4921412453262737
27.309970201566973	29.45955898086158	-0.5696868396482593	-0.37599769292350965
27.34328486997862	29.588155465647432	-0.5968142776696781	-0.25411209160722403
27.378340357375322	29.716241553775536	-0.6245089906251622	-0.1285179543463644
27.418603402193785	29.843894200278726	-0.6553602924551101	-0.0012351957236174484
27.46740846744107	29.97127249210311	-0.6915383049864231	0.12580584059583866
27.527582511062725	30.09862383212835	-0.7337496981047532	0.25076974349647624
27.60095377723094	30.22622276683476	-0.7814029804477669	0.37188804843355816
27.68799896267613	30.35431342897542	-0.8326114027370175	0.48737201401731506
27.78781333237169	30.48305697191313	-0.8836302826266013	0.5953759962690176
27.898341233607443	30.612479376618285	-0.9301146498159042	0.6939973985477293
28.016948638985692	30.742500124260424	-0.9668933581413638	0.7813746034986808
28.14099843010532	30.872988991684796	-0.9909147732267667	0.8558044802737195
28.26837661612296	31.00385926904265	-0.999812908525951	0.915848358878762
28.397611113977945	31.135094145696044	-0.9923392514607114	0.9603528886879995
28.527811874066803	31.2667581621612	-0.9679832672732048	0.9884383660161531
28.658526730028036	31.398985220903807	-0.9269168047450175	0.9994679479653831
28.789701601286993	31.531957871089777	-0.8698363547263377	0.9930210383943627
28.9213581866038	31.66583741430789	-0.7975539796126268	0.9688921175930031
29.05397670028956	31.800734951841815	-0.7108268410502603	0.9266723733353054
29.188547235627937	31.93666134115747	-0.6101148699111798	0.8671047349127562
29.326789401879438	32.07343462249615	-0.4952530377907285	0.7911294524044913
29.471436265345872	32.21065873516358	-0.3650228147165942	0.700158792246048
29.626420293114705	32.3477473276697	-0.21686316168370887	0.5962045525822416
29.796680197225342	32.48404085154102	-0.04841813933970019	0.4817770708824332
29.987199090917063	32.61886613665473	0.14153376911124513	0.35953159219444436
30.200596189992954	32.75166191847441	0.347875295976184	0.23281777947672921
30.433298153761918	32.88170454097856	0.5545829447068954	0.10478285487293922
30.6733805974016	33.007429824637974	0.7365303432300792	-0.02069333999943731
30.90475409102162	33.12589753095376	0.8719715717253909	-0.13867565832417736
31.116233301879284	33.233628305308876	0.9550917465335841	-0.2443751226740511
31.305674832496855	33.3286026553018	0.99356486032837	-0.3350944153119543
31.476476565217947	33.41128536963588	0.998098390455109	-0.4117762333014962
31.60733813645117	33.484381699254605	0.9816512406507162	-0.4773029483870735
31.738159873025637	33.55091303994155	0.9483219718826301	-0.5347110261566401
31.868911340262173	33.61406808537927	0.8988526882443557	-0.5869803805381649
31.999544862554327	33.6770737197384	0.8341381033318992	-0.6367923435978385
32.12998678757933	33.74283485527351	0.755365167351526	-0.6860528229309133
32.260122175961754	33.81374240229432	0.664011280469069	-0.7357165022691726
32.38976971452637	33.89162809680678	0.5618478207072402	-0.7859922939715727
32.518652234998534	33.977764803372835	0.45094399762001613	-0.8363096028448013
32.64636430877808	34.07286224791315	0.3336633465080602	-0.8844762039536217
32.772289798927545	34.17709594301589	0.21268999644811984	-0.9284136476800722
32.895607558676446	34.29002268839988	0.09094381595252647	-0.9640728711588871
33.015170264885676	34.41065020917673	-0.028428688246820936	-0.9887980112305461
33.129686640812956	34.53743584285002	-0.1424175023737864	-0.9993692706000559
33.23781308011564	34.668544910287864	-0.2484584427963274	-0.9934920308378158
33.33839499259538	34.802151379862565	-0.3443063216822406	-0.9700434383048301
33.430789254281194	34.93669690960039	-0.4295595846414919	-0.9289082244823538
33.514889623508104	35.07115316642359	-0.5037092578498469	-0.8707187560645286
33.59133294587115	35.20494336165355	-0.5681796812447852	-0.7973089380868329
33.66140377146942	35.33786667200497	-0.6244126920349995	-0.710328649937108
33.72695768280637	35.46994620272445	-0.6742367126342081	-0.611526123313014
33.790313187043566	35.601314822168	-0.7196195511436294	-0.502705740325331
33.854131457780454	35.732141043456174	-0.7624218705284992	-0.3857272690532177
33.92124513048029	35.862592947738555	-0.8041417970009627	-0.2625111910475003
33.994396439860076	35.992826391361675	-0.8455310648360124	-0.1350360888926378
34.0758674584659	36.122980185126536	-0.8858403165809143	-0.005331821341776174
34.16701221719884	36.25316140894281	-0.9244095759613349	0.12451918348737745
34.26817754368726	36.38345680202559	-0.9579792725461492	0.2523517233451443
34.37848165492653	36.51390317973208	-0.9837665683897809	0.3760127739306681
34.496253636901535	36.64450330988272	-0.9980759190230087	0.4934001533026523
34.61944738336557	36.77523179151634	-0.9980551083806487	0.6024779362125336
34.74616895100852	36.9060584668919	-0.9822536180709439	0.7013457041686771
34.87497539407603	37.03696421530543	-0.9499399016543345	0.7882863126249189
35.004909420267325	37.16794601209188	-0.9013921537284442	0.8617957841973694
35.135420753594815	37.29901714171007	-0.8373508719958707	0.920602455900071
35.26624696715753	37.4302023301281	-0.7588910156413364	0.9636787182597988
35.39733059766474	37.56152977874538	-0.6672994004028545	0.9902505660003748
35.52879541571611	37.693020570691274	-0.5639705479575663	0.9998086999818119
35.660992913570205	37.824740214189625	-0.4502776121095528	0.9921180260877258
35.79457535023007	37.95664776429979	-0.32743725691566794	0.9668513272620349
35.930678330377866	38.08869226078664	-0.19630131385323063	0.9247774946310839
36.07100353229496	38.22078917334187	-0.057274281656613905	0.8666250295673795
36.21783076097208	38.35282553026943	0.08935111976372012	0.7934546840356771
36.37375244368032	38.484670610873636	0.24294220978916434	0.7066443208953463
36.541061325533676	38.61615603912089	0.40093318814919116	0.6078784332653491
36.720471012987026	38.747050866892515	0.5578804290657572	0.4991399360601976
36.909965385511015	38.876910387481935	0.7041078584093146	0.38281232625533035
37.10427246327024	39.00487401439313	0.827831973310058	0.2618502210659771
37.29636516409933	39.12949645660365	0.9195494018263548	0.13989727228463025
37.48027722675366	39.24888338473052	0.9756700790765858	0.021010954118182584
37.65306633746894	39.36124348830582	0.9985539136157668	-0.09116281790924721
37.807411300102444	39.46559421457591	0.9937485527223444	-0.194397475654903
37.938297837184855	39.56217860959011	0.9712312937950076	-0.28800075075635223
38.069166122006116	39.65185270492102	0.9321258699715997	-0.3726698259450477
38.19999801119296	39.73655976775587	0.8771095011995245	-0.44967984076995343
38.3307598520608	39.81869697064786	0.8069766693198146	-0.5214565946700486
38.46139843263711	39.90095653238649	0.7230975291834256	-0.5899418877759448
38.59182772302692	39.98579847194382	0.6270984122457647	-0.655978623847065
38.721900031287674	40.07528616329803	0.5207847564393	-0.7208834161475931
38.85140100313252	40.17104661968328	0.4062198309167706	-0.7836839850479486
38.97998027016347	40.27419248146907	0.2857515943914968	-0.8437516951043215
39.107151308028335	40.38524442231774	0.16196368480396714	-0.8977291240269138
39.232154650950086	40.504126001030755	0.03772868300548223	-0.9434635219987568
39.354037907331836	40.63005009179055	-0.0839903955107433	-0.977454243399901
39.47165426642496	40.761610774133395	-0.2003106090491468	-0.9964966030463069
39.583809405659295	40.8969940297579	-0.30876925096299296	-0.9982321938634117
39.68950152973693	41.03432342103019	-0.40721652571267564	-0.9811698070818372
39.78818066288498	41.17201397156985	-0.4951942465501382	-0.9452480455477674
39.879887384961464	41.30902911158561	-0.5726196555182655	-0.8918897054816621
39.96542994171796	41.44482908696609	-0.6407024769673517	-0.8226137692919302
40.046240505152326	41.579297151464736	-0.7003484125704202	-0.7391442666244792
40.12424765366572	41.71255649270086	-0.7537805337669411	-0.6432693540135859
40.20175576907444	41.844853421991324	-0.8025027434033236	-0.5367866491986497
40.281261696751116	41.97645258010339	-0.8474040035254774	-0.42139798350404184
40.365196057901954	42.107592722294655	-0.888628854153607	-0.2991744853453682
40.45553383388522	42.238459695383455	-0.9265285314313904	-0.17211966387155506
40.55365017935228	42.36920043584199	-0.9586173118848258	-0.04227256057417141
40.65982313338167	42.499907863106024	-0.9834781774735135	0.08824801444574676
40.773499970701565	42.63064043939619	-0.9976152912440263	0.21728244408613873
40.893317762126784	42.76141855500124	-0.9983476492264464	0.3426559135134445
41.01762781544547	42.89224254580186	-0.9840972502035374	0.4622321685741101
41.144910900151515	43.023105153855774	-0.9538328195016901	0.573963535732696
41.273975192910115	43.153998721997205	-0.9074288467370073	0.675933993585905
41.40401584291643	43.284919696548194	-0.8454350771359772	0.7663958849082663
41.53455683257581	43.415869077193015	-0.7687267036878705	0.8437988698218049
41.665357992461075	43.54684998224411	-0.6786676480568913	0.9065646077424371
41.796343935834464	43.677864450146934	-0.576901303511006	0.9537696951404554
41.92757237280174	43.80890698086485	-0.4650710972599494	0.984649865625567
42.05924955970624	43.93995913822436	-0.34485112796021045	0.9986703496480958
42.19178914351737	44.07106627861306	-0.2178406391132648	0.9955862166935203
42.32589570644467	44.20241324103974	-0.08545898568094094	0.9753905800654203
42.4626498698057	44.33378768714139	0.051115398262517514	0.9384130790201297
42.60352418602333	44.46514515580948	0.19082359070671615	0.8852973086404763
42.75025246173156	44.59642784403372	0.3321516791679239	0.8169904299587336
42.904433083565664	44.727559140318164	0.47309223064070277	0.7347344815449199
43.066955696959134	44.85840486706414	0.6092236426768505	0.6400776158324868
43.23714884318901	44.98871323942597	0.7348096490910629	0.5348745922024278
43.41244086328735	45.11799064684241	0.8418722447233306	0.4214480725985687
43.588677721210466	45.245373739490795	0.9231736736464953	0.30283417364237
43.76150454445872	45.36961452660722	0.975243027161306	0.1824272835929453
43.927812959559546	45.48927284599239	0.9982888917108769	0.06377474736778715
44.08312008594231	45.60311337479356	0.994452039802803	-0.04998699246394308
44.21401406921514	45.71051103523955	0.9728603540577798	-0.15669098425986516
44.344898849865196	45.81151125695794	0.9346499259527122	-0.2554976024650376
44.47576346460913	45.907120270938556	0.8804774902417825	-0.3465214153318753
44.60658611148151	45.99901353593717	0.8112815758555535	-0.4312109426278391
44.73733003320456	46.089477807275806	0.7282258306486856	-0.5107813017610314
44.867928692490324	46.18081429447567	0.6326952164581565	-0.58729097655224
44.998281860991874	46.27524609398735	0.5266398321998716	-0.6606752828896035
45.12820838553487	46.37459211606309	0.41207223809009424	-0.732066065743359
45.25745313471259	46.48026608743986	0.29123631467510824	-0.7996378810886019
45.385592516920894	46.5931491929735	0.1666486046415325	-0.8620122032417026
45.5120254625789	46.71349562954894	0.04104099813604141	-0.9165127147639913
45.635934777721396	46.84084139779481	-0.08270788783714733	-0.9597347416677706
45.75629308831039	46.97400781254143	-0.20172888509038056	-0.9883267499957584
45.87197520026217	47.11126175583913	-0.31345953329681325	-0.9996034086705722
45.981975795408935	47.25065565839105	-0.4157401081023163	-0.9919423156786079
46.08568281086533	47.39043188440345	-0.5075153261515253	-0.9643391022002457
46.18299315849285	47.52938463495181	-0.5890344009611024	-0.9184581585290826
46.27458159453715	47.666857833900934	-0.6601769164836768	-0.855788964270682
46.36176822427598	47.802664632360184	-0.7232141896732869	-0.7780970602659776
