5.378384390497403	4.077100420855759	0.6175509305752495	-0.5932917496070561
5.510719551682803	4.183050420992617	0.7159009558476012	-0.5047177082295391
5.6418432109671	4.286704832021793	0.8010360721799002	-0.41280545558314585
5.7717531379867975	4.387481041153755	0.8718393830382987	-0.3191285514368236
5.900191500837134	4.483865635330831	0.9273929231714925	-0.2264386763104477
6.026645560311178	4.573502132931203	0.9671292053324527	-0.1383914278279132
6.150377798776246	4.653762158478249	0.9909973482479987	-0.05858825461747203
6.270492347025268	4.7223970565860025	0.9996013700661514	0.010001492450832278
6.386002957358873	4.778259116875998	0.9942643514632628	0.06581482140445714
6.495938390041482	4.821803430680541	0.976996506284984	0.10915875339092167
6.599429181001819	4.854736125567649	0.9503504965087595	0.14180856138963047
6.6957781924898825	4.87955770902201	0.9156396449540927	0.1663205174431359
6.784409361265368	4.899159525605372	0.8769561294105481	0.18567781862191324
6.865259632847321	4.915783351912866	0.8350058178732545	0.2019189236385358
6.938504650133227	4.931520662219067	0.7924707281664647	0.21727470233895907
7.0046908553035605	4.9476054527049556	0.7504423143433099	0.23296953699228973
7.064552776860179	4.9648099206952185	0.7096075287305257	0.24973982249345644
7.1189451564300095	4.983562872580794	0.6703380197125502	0.2677452016697499
7.168858985331835	5.004118693852846	0.6326619280268919	0.28748158016321235
7.2151711934848715	5.02651583679838	0.5960741237662189	0.30898587738855515
7.258727808270225	5.050815645550063	0.5604425752895529	0.33184596851713866
7.300450052203502	5.07715900492869	0.5255382341176853	0.35662785182029627
7.341047668490488	5.105512080316458	0.4905999073695103	0.3829273180909498
7.3812746703181595	5.136078723075834	0.4550743237208622	0.4109753816221715
7.42189438175944	5.169069421192118	0.4186809671679738	0.4407969361090204
7.463556260985369	5.204776239719403	0.38045187395162733	0.4726067112739983
7.507058435092585	5.243596370268341	0.3398388787613459	0.5063260245870844
7.553185835112189	5.286086149499277	0.29618625269488225	0.5426164160012723
7.602751045017068	5.332804674418357	0.24859541119685083	0.5812500447115835
7.656643349720785	5.384554058327936	0.19600965870266635	0.6224251226714455
7.715919416666951	5.442184518789564	0.13757708421703127	0.666407379887469
7.781600871417844	5.50661146387669	0.07229548693134366	0.7129965769083915
7.854698633777879	5.578778637512599	-0.0007165281295491684	0.7617481456017808
7.936106062927154	5.659528738276485	-0.08199431501401999	0.8116369746001584
8.026491547543232	5.749332427803152	-0.17159507579488442	0.8604281902664184
8.125850861952692	5.848382310883028	-0.26841281839953335	0.9068203971003177
8.233775126527995	5.956107237915882	-0.3706960214603472	0.9466811473306378
8.349053804477395	6.071478542977278	-0.4749985911479513	0.97722471608559
8.470141741642665	6.1929799918623925	-0.5777309108375244	0.9954510817923481
8.595365669105545	6.319192297351194	-0.675098609747516	0.9988691791405873
8.726267848181623	6.452200241566704	-0.7656469673585072	0.9853341905931132
8.857175680188224	6.587203109907426	-0.84313897585502	0.953885428780432
8.988100388609595	6.725599097229625	-0.9060760357070441	0.9036510389276704
9.119072804336149	6.8693980995841235	-0.9534147495364337	0.8326800371303579
9.250173254956536	7.021335814140244	-0.9844599015217816	0.7394366161400547
9.381595606393969	7.18461285782246	-0.9986438325765765	0.6202159742271962
9.513783940716047	7.362682383861779	-0.9955639306561398	0.47163744741468533
9.647679431142812	7.558226557026048	-0.9747830682761562	0.2913464754728714
9.785091221927054	7.771456206951112	-0.9354249793281639	0.08239346777553025
9.929004048847977	7.997485200911885	-0.875506973406771	-0.1429505578007916
10.083333200110182	8.22494596537057	-0.7904877506701695	-0.36245499737701975
10.25188248020673	8.439347518865903	-0.6768294105026897	-0.5522657967047325
10.436388473473059	8.630628855991834	-0.5304042689833285	-0.7005710344937137
10.636110906062877	8.797719779091132	-0.35163575469543423	-0.8097252990955871
10.847347821494411	8.945199132736063	-0.14761454292458281	-0.8867812400510481
11.063107586174553	9.077599255817447	0.06747032999946274	-0.9398734197572555
11.274675346301226	9.196141094211821	0.27535635751510434	-0.9735321361556398
11.474697827657252	9.298532138080342	0.4607905947916896	-0.9920236532026384
11.66025319087799	9.381492449684144	0.6165108572341023	-0.9986405928789872
11.832427696150292	9.443155802641288	0.7422186868210233	-0.9994228329876866
11.993829834232827	9.483512964586252	0.8403635839353834	-0.9981553924063838
12.14707631788294	9.50405896334035	0.9129786314148534	-0.9964789813368902
12.294221685737506	9.507606645269874	0.962775098755046	-0.9961451698904173
12.436580689775008	9.497689249389008	0.9914693247125086	-0.997078325773611
12.57497530331809	9.478659172072293	0.9997297646452223	-0.9983078286360129
12.702727469894514	9.45590772378151	0.9904421993570106	-0.999022351349143
12.829352502243637	9.434782760188622	0.965332200914541	-0.9996857933466918
12.954644684045359	9.420096816078814	0.9252962226556602	-0.9998529858775533
13.078319664321834	9.416200497355245	0.8715763125977654	-0.9997306196795864
13.199950117725434	9.426370132843433	0.8057930375104453	-0.9999499968926995
13.318924674167926	9.452467358583096	0.7299129425007173	-0.9991303980565134
13.434292712800872	9.495263318623355	0.6462167288201939	-0.997306588474161
13.544854298995038	9.554179892269474	0.558010379640141	-0.9915300102195393
13.648979295805466	9.627923807772016	0.46886544329808577	-0.9790919151355515
13.744654893032823	9.714602165235505	0.38236661470794103	-0.9578446651148732
13.82971506425532	9.8118611959931	0.3025769910492836	-0.9257690822592798
13.902027699154294	9.917277464207812	0.2328941790253099	-0.8809163410152263
13.959768204710137	10.028513655916365	0.17642291490878326	-0.8228323248373929
14.001674567506289	10.143551524225122	0.13503929709446447	-0.7522487110457284
14.02737418123928	10.260658223391468	0.10953532210817649	-0.6702477111664036
14.037468366106996	10.378347701796033	0.09948758856645634	-0.578612829070534
14.033568260791192	10.495273484901784	0.10336974641390909	-0.47965657021963937
14.0182808497137	10.610115683268969	0.1185868080253574	-0.3758943487773572
13.995202839405925	10.721487422533926	0.14143029608443705	-0.27054205097277517
13.968613392041068	10.828004663679856	0.16768806350256926	-0.16671641187497355
13.942457649347125	10.928510517428666	0.1934444029231241	-0.06700296219656168
13.919991363363758	11.022224575691705	0.2153660216158091	0.026632756401678077
13.904024292515071	11.10881718841833	0.23094599059880644	0.11296958622097
13.895683496337579	11.188679395798792	0.2390845744987785	0.1918791107954485
13.895523778351823	11.262665230674985	0.23924042031969892	0.26382501636299865
13.903702295780395	11.33199686200069	0.2312601809212788	0.32996066824619763
13.920040590169657	11.398103147416089	0.2153179882528768	0.3915580778990711
13.944329565908207	11.462515496950937	0.19161786866165534	0.4499378440640614
13.976420633322025	11.526815516233619	0.15997821068315465	0.506355146261197
14.016584630632728	11.592484387813306	0.12027522146114525	0.5618122224673241
14.065013321437931	11.661117619815805	0.07206938935465274	0.6171937777433021
14.12227812916686	11.734146477128784	0.014879017475147634	0.6729897601937466
14.188959669120703	11.8129433792319	-0.05175865644371825	0.729335596282655
14.265591697184961	11.898703384505477	-0.12805984178506752	0.7849038660299792
14.352365839822946	11.992361432449776	-0.2134372646325688	0.8395383554613972
14.44927562887237	12.094106670329882	-0.3070481615119324	0.8901015816583747
14.555469194414002	12.203772161363146	-0.4060318015558237	0.9346510255224375
14.669689035854173	12.320329687585577	-0.5074574601405888	0.9697361825279021
14.790167046665163	12.442531301885957	-0.6072843144920619	0.9922863636850459
14.915059444212543	12.56908664883171	-0.7014514363254016	0.99991470132822
15.04596178282827	12.701916371320161	-0.7883758697535419	0.9905690622580704
15.176870179831804	12.836580531899253	-0.8618328072393756	0.9633159766202316
15.307796716316842	12.97436630041459	-0.9205739254126322	0.9174651126290195
15.438774218767483	13.117109159955472	-0.9636007429651369	0.8518341006618413
15.569886445397493	13.267204827219622	-0.9901731814937158	0.7641102650784763
15.701335780280345	13.427552714848073	-0.9997918598231771	0.6512716442978543
15.833582689729417	13.601216516024968	-0.9921188681557027	0.5104078828423143
15.967598682341139	13.790543795288357	-0.9662656836860423	0.33955661108526825
16.105278472872243	13.995651326120658	-0.9217061454793365	0.14098740384662603
16.249803856106922	14.212440836998837	-0.8563627844891264	-0.07517530662562762
16.40555805022993	14.43127838334305	-0.7662521865850421	-0.2897683630107969
16.57706374144982	14.639291665948372	-0.6453329620346959	-0.4812814294292876
16.767484404817544	14.826834690083254	-0.4891723643821023	-0.6362526710784739
16.976945083504845	14.991692242016287	-0.29716435484788906	-0.7539033965869418
17.201603689762308	15.137331180552486	-0.07704865515028189	-0.8414362519251373
17.43300884341011	15.267394401123793	0.15356219661048837	-0.9044884787753116
17.659462883094466	15.381671453919799	0.37153085342138853	-0.9469474379854655
17.871519167242763	15.476279925482734	0.5583799662407394	-0.9728676773377665
18.065737298481523	15.546845525560306	0.707874586646545	-0.9865693803947357
18.24399562014781	15.591807181904857	0.821806912689497	-0.9930093002331435
18.409830968078907	15.612505417528329	0.9048659737219023	-0.9949568558793829
18.566468859257263	15.612494889919919	0.959723958697504	-0.9949558653068736
18.716199806214743	15.596870022840656	0.9909115413341423	-0.9934856772843036
18.860512130656073	15.571502178949537	0.9996559137614419	-0.9904258963328653
18.989549379631274	15.543207872828233	0.9898734029554475	-0.9860004197366464
19.117975857843234	15.518147278120816	0.963815283322824	-0.9819992550936201
19.245692055238496	15.501217692369012	0.9221743341058624	-0.9783067878386837
19.372512244819355	15.496693317076854	0.8659740762415171	-0.9773199882878703
19.498175236424515	15.507188521581579	0.796576547171014	-0.9796090696355003
19.622276450309556	15.534070499752557	0.7157208335702202	-0.9845712547829641
19.74419015680455	15.577703845035499	0.6255828635034841	-0.9913958910732673
19.863053087733228	15.637518668788767	0.528780614144685	-0.9973104235751641
19.977629439337658	15.712366022617651	0.42836264069796703	-0.9998617288811283
20.086357929865986	15.800490217144064	0.32767634470254076	-0.995232632681532
20.18730570802924	15.899735691487145	0.23085221229181627	-0.9815725425020279
20.278476860372876	16.00778259224441	0.14134268892346663	-0.9550565742540744
20.357734003280044	16.122372010853972	0.06257705203183175	-0.914918599561532
20.423306065095872	16.24146958086965	-0.002951873612290237	-0.860604577927756
20.474035087299672	16.36334283978848	-0.05364752404537448	-0.7924338195294058
20.509386270471754	16.48667440376653	-0.08887211169782194	-0.711485531463528
20.529560233592413	16.610442142626617	-0.10895323846271396	-0.619385401910889
20.535456870067854	16.73380735213479	-0.1148227398512916	-0.5181548509948138
20.5288721123717	16.85595699854003	-0.1082682838318324	-0.4101613327508745
20.51254270518085	16.976018456099755	-0.09201402115504298	-0.2980540429292952
20.489951769401348	17.09305179795823	-0.06952704413359953	-0.1846283270379578
20.464995841186504	17.20611865261212	-0.04461422434385807	-0.07255446921450077
20.44208496463259	17.31432674291111	-0.021718419567123698	0.035543750540757924
20.424852403394187	17.417197773363537	-0.0044971946616045545	0.137948355742797
20.415925167922328	17.514803634591274	0.004424168084103596	0.2337770411692579
20.417326162770575	17.607739210434197	0.003024094871575798	0.32295888337796935
20.43009995172386	17.697197814287218	-0.009741290924353618	0.40615656471629136
20.45486127511589	17.78474837516023	-0.03448632523429444	0.4846228779916278
20.491903058270065	17.872177570070455	-0.07146935357935796	0.5589244288587469
20.541340382287956	17.961470897513813	-0.12067917737960597	0.6307569043989204
20.60339260470086	18.054310556096105	-0.18199416059035328	0.6997959886480805
20.678031518146774	18.152179266441244	-0.2547885325368516	0.7663964129525889
20.764974707502994	18.256035757880355	-0.337674513076312	0.8285733608117332
20.863312602547058	18.36624217670293	-0.42857426022243855	0.8850859022094008
20.971607178467938	18.482559112643774	-0.5235789467001064	0.9331613806577018
21.087940465211624	18.604068804410844	-0.6188092878092563	0.9698569724876871
21.21015712028757	18.72971388286137	-0.7098733676396559	0.9926624785043107
21.33627848942603	18.858564653646667	-0.792746035813071	0.9997170754307447
21.46718372065388	18.99179328142279	-0.8654607765387943	0.9895224371173033
21.598100948867415	19.127070087894364	-0.9234007265636075	0.9612784913558904
21.72905273290288	19.265689650026133	-0.9655793591123126	0.914233637860778
21.860097963364655	19.40939477881751	-0.9912721422269178	0.8472024270867373
21.991380893537656	19.560307590963717	-0.9999927039027202	0.7575528121605201
22.12323845879159	19.720860127595614	-0.9911095910250249	0.6436801897513853
22.256404827567668	19.89308314149497	-0.9646977778023391	0.5029367364358032
22.392360218435883	20.078029367268204	-0.9201589377289031	0.33551124014676936
22.533792130761626	20.274278454277756	-0.8559541080211173	0.14548872359879622
22.684972288457214	20.476713061503435	-0.7687456290260808	-0.056323736560517916
22.85155333843335	20.676459762169355	-0.6518546376148836	-0.25327943346174475
23.039534606773458	20.86376354764699	-0.49875524092169593	-0.42897598915915713
23.2530013115631	21.03257136652421	-0.30400923844491295	-0.5744719311395633
23.491638062764352	21.18255621300957	-0.07023110729519438	-0.69035978916112
23.747780239785907	21.316164760741845	0.18475427715213347	-0.7804202173766208
24.005304788766647	21.432962252399406	0.42893018784772313	-0.8480434972470164
24.246693148816654	21.527412768681632	0.6323661412685012	-0.8939726382646258
24.46339925355723	21.593227336092305	0.783877571656088	-0.9214654998988867
24.657028734420706	21.629071728983114	0.888536230118329	-0.9348276844796112
24.832942302575727	21.639211267014193	0.9550622642212225	-0.9382617655557617
24.995970173541753	21.631093305248307	0.990377414915552	-0.9355123563823166
25.14953764927921	21.613197662565497	0.9994724984609052	-0.9293953683717107
25.279569733087204	21.593697744476184	0.9888043420214082	-0.9216522908668603
25.409292953846283	21.578893203326004	0.9615469597321318	-0.9157736656836901
25.538632415762308	21.572980332555044	0.9183007724958945	-0.9134257677876062
25.667472037428208	21.579059364490146	0.8599813613844707	-0.9158396453850587
25.795627581033045	21.59910285295171	0.7878336176159644	-0.9237985652079332
25.922824705664276	21.634056359996034	0.703445394635491	-0.9365158902914137
26.048634775339234	21.68417845663177	0.6087874751253972	-0.9530618944202497
26.172457899858212	21.749056774401698	0.5062160964527593	-0.9705975159844311
26.293403858070466	21.8278620248479	0.39853630477125657	-0.9862301598983375
26.41026409785667	21.91928174260281	0.2889637841187954	-0.9971766016073538
26.521566798359654	22.021550512444808	0.18093790368525944	-0.9990452091463369
26.62546091382764	22.132686299664027	0.07796515481673075	-0.9896318661963432
26.720134356783912	22.250469170352055	-0.016585883168515385	-0.9663535009870816
26.803847732396086	22.37288534624566	-0.10009637593858939	-0.927892069943884
26.875242927388904	22.49820711098246	-0.17080057005110522	-0.874065377341544
26.93349045007451	22.625129713180883	-0.2278335681598122	-0.8055469132688393
26.978428935790905	22.752721830288444	-0.27131449480825	-0.7236018498077376
27.01050552693702	22.88036057145533	-0.30211237611209835	-0.6298665680571434
27.030749384904233	23.00760879238533	-0.321295880829753	-0.5262306110741928
27.040907045939868	23.134083331051205	-0.33085145674549443	-0.4148034664657042
27.043337920036656	23.259418885962553	-0.3331382432302944	-0.297847495954489
27.041024545711604	23.38323998071988	-0.3309619918366901	-0.17771280616350088
27.037509703648723	23.50518250071798	-0.32765548849444703	-0.05672506041402611
27.036654919408832	23.624977828392332	-0.326851370728831	0.06299066762871197
27.04230369850275	23.742568453407287	-0.33216532413540945	0.17960750322016877
27.057994257149215	23.85822482737466	-0.3469258407327545	0.2918504012740054
27.08645201598135	23.972624879702234	-0.37355983306820395	0.3990375736116339
27.129521879215233	24.086799857204063	-0.4130808975755058	0.5008591165243453
27.188232468177972	24.2018537875851	-0.4657539075755598	0.5969419229610416
27.26259732845768	24.31886875133788	-0.5302957979159937	0.6866267979774296
27.351665023056423	24.438614421338364	-0.6034348084695033	0.7685452223030144
27.453565674618734	24.561315957358307	-0.681581566297138	0.8409904897370265
27.565766267653757	24.68681788448753	-0.7589969159219159	0.9020579967463889
27.68550424327056	24.814607045441154	-0.8312093930746457	0.9497102823385033
27.81025187974308	24.944202883317782	-0.8938154943680563	0.9822779187467938
27.938024257208493	25.075311463205516	-0.9435545836644768	0.9981963841886375
28.067567390494066	25.2080081158506	-0.978302225854078	0.9968566808340619
28.198522684886267	25.342821077142425	-0.9968054651363991	0.9775795583909906
28.329577087357336	25.48018294782816	-0.9982650544154699	0.9397843415428869
28.460880966447096	25.6210983843044	-0.9825920092483744	0.882796618257996
28.592773344464685	25.76657549901319	-0.9496068898151632	0.8056369147470024
28.725975095008977	25.917412032426142	-0.8994625657626867	0.7072721030457314
28.861915707091054	26.07391346673039	-0.8319106533598618	0.5888166758594835
29.003153888026745	26.23529493844178	-0.7456059723855508	0.4510972160708367
29.153950698407343	26.399560608168812	-0.6374458345695154	0.29924058701976314
29.32052051345952	26.563181606969952	-0.5006480459708795	0.13984220317500778
29.51091277704422	26.722020030440124	-0.3278862334604513	-0.018470316346078337
29.73307865763388	26.872497558448472	-0.11178371917658685	-0.16808944717120364
29.990603012809338	27.012980797373196	0.14489523007470148	-0.30448897170297623
30.275086550744305	27.142901470401235	0.41672563580812994	-0.4253580595314634
30.561848858960055	27.259152509024506	0.6565998744871531	-0.5273311847698946
30.822892724556805	27.35468333450046	0.8288466863996204	-0.6058193500993749
31.04779487871061	27.42458056838086	0.9327770277381643	-0.6598430935009253
31.241895319133466	27.471367678745626	0.984549600217728	-0.6943374296574483
31.414196191776835	27.50265377576175	0.9999456575176994	-0.7164564021702777
31.545777704948055	27.526586459437837	0.9914597455431317	-0.7330911056933246
31.676387930120868	27.549175990365917	0.9660352805636508	-0.748027373327681
31.80683796199493	27.574422109956757	0.9242489744055243	-0.7647201855927208
31.93706230024404	27.605498046712306	0.8669006637039052	-0.7841877371397294
32.06695260230952	27.644863077328786	0.7951016748191571	-0.8083108735179971
32.19636298710093	27.694144697857176	0.7102657499239258	-0.8360652501264169
32.32504060919161	27.754471940682933	0.6141434288356322	-0.8675489855682149
32.45262957932985	27.826348443738713	0.5088096258071263	-0.9011219794934896
32.57860592373958	27.90979730967938	0.396685719782689	-0.9339946188958554
32.70219034892602	28.004396672160617	0.2805712915632676	-0.9633920470427828
32.82233613924462	28.109201987308293	0.16357321531950308	-0.9859415318672513
32.937711716702296	28.222796145050317	0.04897890431396507	-0.9983814268268381
33.046798072805245	28.343390351814023	-0.060035690010303185	-0.9974410366281385
33.14800298909013	28.469043208276425	-0.16050537033177978	-0.9809319824662952
33.239981570490386	28.59787293565295	-0.2505441929924342	-0.9478797490379356
33.32175627228289	28.728404149888043	-0.32865384474596154	-0.8983599793133317
33.39308397234374	28.859527309976325	-0.3950745643735173	-0.8332529108598261
33.45430168838118	28.990601403449034	-0.4505058709013653	-0.753905713966097
33.50638694612347	29.12129498944839	-0.4963918498868115	-0.6619372142118533
33.550888854317535	29.251475469646955	-0.5346902119977883	-0.5591202196609268
33.589895661527315	29.381113832388653	-0.5669911268161704	-0.447332227726967
33.62602887848321	29.51020234407172	-0.5964656406647675	-0.32855455623455815
33.66231525322407	29.638788795763368	-0.6251327854478652	-0.20479451806970916
33.702110858011864	29.76693223801241	-0.6556018999674897	-0.07808592588922975
33.74880104306857	29.894754166344523	-0.6902708608593038	0.04959131243086119
33.80547142995033	30.0224565739826	-0.730247709804227	0.17635144611596357
33.87441876984739	30.15028035364641	-0.7754463110339719	0.3003670155705545
33.956726244047736	30.278460491183	-0.8244861234625773	0.419821575932142
34.05208382638976	30.407175836720953	-0.8748915035912662	0.5328654257844659
34.158947279942836	30.53651464031105	-0.9212071299839233	0.6375995224306514
34.27482035211851	30.666414366495363	-0.9598322521795583	0.7319242498344462
34.39706914225564	30.796780950965385	-0.9866738137487878	0.8141721066472352
34.523375461847394	30.927516640115478	-0.9989276960043099	0.8827726786482373
34.65202466742524	31.058575745757995	-0.9950464673052346	0.936428315538302
34.78192127805322	31.189985213607113	-0.9744557724038545	0.9741200541995354
34.912462588422876	31.321840849944007	-0.9372436560946378	0.9950859667226126
35.04339905093512	31.45428678824747	-0.8839211012706649	0.9987952735476513
35.17481887535741	31.587489269917196	-0.8152094851660859	0.9849356924784898
35.30693004855415	31.72156337933974	-0.731991236541678	0.9534338051185887
35.44047206765398	31.856548005655256	-0.6348114281541822	0.904464601471968
35.57677539633841	31.992344879352437	-0.5238243811781821	0.8381844285400298
35.71806804445332	32.12870604624976	-0.398640704565721	0.7562119974751654
35.867657378543576	32.265183149783795	-0.25764865007193044	0.6602156124163152
36.02994779610944	32.40119015561001	-0.09816285800813973	0.5524037494036746
36.209828945363064	32.53613977691699	0.08138612683531805	0.435365046608485
36.411040481126314	32.66948259139117	0.2788357992557595	0.31191537679574466
36.63301846088803	32.80065786274362	0.48351628711717437	0.18498107440654568
36.86788172629448	32.92859525167325	0.6737352632902756	0.058089372133376165
37.10104312485482	33.05106380846061	0.8260171144319871	-0.06429266769657348
37.31905811915639	33.164792236741526	0.9285603786425707	-0.17708518689985267
37.516031264798876	33.266904318340224	0.983134201040946	-0.27639368519301577
37.69330620339683	33.35666260592684	0.9998176704461588	-0.36149114064556304
37.82748601931445	33.43575118620984	0.9916907601189809	-0.43397997115432563
37.958333706213125	33.5067762620047	0.9663810418306764	-0.49672689530845593
38.08912947529613	33.57263949975159	0.9246038843719141	-0.5527212381978286
38.219835844088436	33.63658495950064	0.8671102338181327	-0.6048052090297472
38.35039432656353	33.70170812848331	0.7949445408360458	-0.6552998577797253
38.480713900261335	33.770677654086214	0.7094416776007731	-0.7057374164198706
38.61065300747848	33.845621797123435	0.6122259660780207	-0.7567952566136085
38.73999442930648	33.92810721090613	0.5052127094052202	-0.8083469227015859
38.86841590134166	34.019141675320796	0.3906068979000801	-0.8581253426137887
38.99538804651863	34.11923395600457	0.2709580377700743	-0.9054376614240656
39.120238375353296	34.22823811936133	0.14903986712212916	-0.9459350301456019
39.2419515817414	34.34548132080806	0.027938197063961636	-0.9771524997621358
39.35932896040352	34.46967051856071	-0.08925710026363937	-0.9956728251414804
39.47103473733026	34.599091346318914	-0.19970609967037234	-0.9986944017844468
39.57579411970661	34.73187475960719	-0.3010734885216908	-0.984498868520146
39.67267655643652	34.86629964224855	-0.3917778684889861	-0.952556910337742
39.76132175824829	35.001051601451856	-0.4717393067960114	-0.903143278738694
39.84198911092268	35.13534152661806	-0.541279885041524	-0.8373953968376938
39.91564619014547	35.268808220247735	-0.6015470852859841	-0.7571975071857405
39.98389722819396	35.40137528237394	-0.6545527144439327	-0.6642659366715635
40.04884274910363	35.533140946937124	-0.7021881742511709	-0.5603770346770751
40.11298787059786	35.66426916840967	-0.7463355304181887	-0.447358927832295
40.17909452732816	35.794935546508995	-0.7886157930673193	-0.3270984109081302
40.24995757184737	35.92530490323392	-0.8301318958673825	-0.20154446890830616
40.32808756656138	36.055525302068844	-0.8712363898655697	-0.07270305437765642
40.415342355840295	36.18572570576752	-0.9105691962120849	0.0573724225499726
40.51249299770976	36.31599891538651	-0.9462972748651596	0.18657928545659463
40.61918944217102	36.4464028257934	-0.9750854557830404	0.3127122076687569
40.73405494999012	36.576953270753314	-0.9939037974626193	0.433632028826718
40.8551794645177	36.707637544571725	-0.9995454050586695	0.5472678625371469
40.98058531592612	36.83842771495931	-0.9898910206528122	0.6516451174445343
41.10863144919841	36.96929972328113	-0.9639527987880248	0.7449499834924338
41.23816173327135	37.100243280505886	-0.9216497471751373	0.8255676091677502
41.368466499566324	37.23126411401903	-0.863528188663627	0.8921061715201373
41.4991707152165	37.36238117241676	-0.790542303166712	0.9434119830263432
41.630132270533885	37.493620320774326	-0.7039089704654005	0.9785803060882308
41.76139050511903	37.6250051931506	-0.6050013102590244	0.9969658508406913
41.89317697623608	37.75654618907415	-0.4952384420093179	0.9981962403358297
42.02599022466101	37.88832698734263	-0.37594205912670964	0.9821303039331676
42.160701637327996	38.020257667415564	-0.24817446720102565	0.9486902931098493
42.298724050676874	38.15227710570346	-0.11250560317606029	0.8987707753836205
42.44203936657825	38.284293895969945	0.030518453526007346	0.8332593033805589
42.593100898900445	38.416188124945954	0.1805718458979607	0.7533709588745833
42.75440434474918	38.547813952151344	0.33605746350439325	0.6606314841979437
42.92748579963855	38.67899014260783	0.4932256085369863	0.5568571104793691
43.111770462397104	38.809394137651935	0.6442633188257496	0.44421212922767905
43.30350786623193	38.93839921511044	0.7780882018380979	0.32533829842548556
43.496330903019405	39.06486076025721	0.8838818893933925	0.20353188586358467
43.68361218342345	39.18708267296054	0.9553729978413947	0.08269215680521141
43.8609796717263	39.30316865083564	0.9925236501872754	-0.03323860076335996
44.027143155954704	39.41168179671211	0.998591584621139	-0.14124219718277636
44.15803464750353	39.51229973956881	0.9842827230479148	-0.23997068301521646
44.28891400067473	39.60551171757283	0.9531604368609341	-0.329190188494472
44.41976722453445	39.69267288248124	0.9057613469329197	-0.41012657062511676
44.55056986515527	39.77603060529987	0.8427621978541231	-0.4847379015539963
44.68128075926428	39.8582038606666	0.7653338900632378	-0.5546885836749271
44.81182779130413	39.94172194621735	0.6750098491673111	-0.6221475856109573
44.94210127075518	40.028890883867845	0.5734573430581802	-0.6880823956204104
45.07192799786869	40.12156931633485	0.4626096765817544	-0.7520096088497159
45.201020017730364	40.22112880342265	0.34468386270451146	-0.8139303896797463
45.32897244466349	40.3283920729973	0.22214309226566165	-0.8713913707565472
45.45516640850449	40.443590968401935	0.09772423416902117	-0.9217862277640865
45.57874601039224	40.566291759286464	-0.02563565798124472	-0.9621436201314928
45.69865110617126	40.695379139376264	-0.1449789973653123	-0.9890394473526718
45.813688155439344	40.829203420404994	-0.25758772048086226	-0.9996388018859355
45.92273015870091	40.965870234364374	-0.3612060427304541	-0.9921615565767973
46.02499244094464	41.10360439403797	-0.45435450907827035	-0.9653550717761323
46.12017840753787	41.24109941477494	-0.537148461425045	-0.9204832450666296
46.20873324770932	41.37757887284746	-0.6093697160640318	-0.8588903762451692
46.29180702371813	41.51272418832599	-0.6730957762794862	-0.7822366502788792
46.37110606001928	41.64657253385878	-0.7297610747178916	-0.6922858609289306
46.44878923817221	41.77933031507634	-0.7803486714588815	-0.5908284111171214
46.52723063930261	41.91125323448788	-0.8268092708053054	-0.47960916427517286
46.60891962984891	42.04259983218108	-0.8700386882998515	-0.3605139596677164
46.69615332038365	42.17358888364689	-0.9096263861463605	-0.2355996562148782
46.790591468338896	42.304384562561	-0.9445744538567649	-0.10687113978285334
46.89303566286652	42.435104481684874	-0.9730485322847884	0.023588130703386223
47.003327079994065	42.565824485746134	-0.9925946671938142	0.1536356819837986
47.120461734556955	42.696582703872934	-0.9998923394529199	0.2810987581077784
47.242869215959345	42.82738739844869	-0.9927436454823912	0.40381516631007375
47.36892764593654	42.95823369943716	-0.9699549626802184	0.5196872648665025
47.49727758820137	43.089113593880874	-0.9309968710107842	0.626728936156312
47.626935990512585	43.22002143453108	-0.8761074932995065	0.7231052168801546
47.757283320960404	43.350956153860125	-0.8059070110465875	0.8071648085482925
47.88797866779801	43.48192000302553	-0.72182333835975	0.8773405538339564
48.01887653496364	43.61291586303618	-0.6253043829535041	0.932353800285647
48.149971863623946	43.74394235343138	-0.5179500490944873	0.9714125840397742
48.28139383207469	43.87498733907209	-0.40143464875042156	0.9938416713039646
48.41344498874692	44.006023742332935	-0.2774111278233954	0.9992548523185567
48.54667656718353	44.137339748147504	-0.14740034598210167	0.9875195860537982
48.68197539620034	44.268698941740695	-0.012702372764112789	0.9587993308438919
48.82062334613107	44.40006377731771	0.125603331121697	0.9135852423058739
48.964251267533626	44.53138325560434	0.26620057821888954	0.852675122827136
49.11456511217127	44.66259476199333	0.4074786132002607	0.7771638892056153
49.272886308913876	44.79359659803333	0.5463401548001973	0.6884459053931459
49.4393911165521	44.9242062498441	0.6775892819423911	0.5882345367616809
49.61243620488959	45.05406640863999	0.793863692150446	0.4785218513676433
49.788537383349514	45.18250756861445	0.8879767426463063	0.36209900505793946
49.96327808938202	45.30846381224358	0.9543912777072342	0.2421545182819867
50.13280750462838	45.430549930732774	0.991018081100785	0.12222743206238726
50.2949660668903	45.5473824465945	0.9990740497769457	0.005707273491754346
50.42586240863549	45.65801349648507	0.9866847773806042	-0.10468500495825991
50.556752880977236	45.76207089668001	0.9574412492226223	-0.20736661764892975
50.687629676748514	45.860052912846285	0.9118457854956987	-0.3021041807492297
50.81847766762741	45.953357491304665	0.850685553871954	-0.38947984726859464
