3.2559783588138904	5.368782732404183	-0.9931758803815547	0.6099653802224835
3.3834405812649337	5.499635235144546	-0.9706507064919256	0.7080644496606245
3.512650874895628	5.630554817692116	-0.9317858525557523	0.7941184743475245
3.6427912609302213	5.761541988940937	-0.8769676800909583	0.8666423402492747
3.773405704249556	5.892610332039535	-0.8068755307506965	0.9243825732147234
3.9042919759519683	6.023781428808569	-0.7228057310243019	0.9663302695515001
4.035435146054541	6.155077275903864	-0.6262083601443185	0.9917323875153896
4.166996728678626	6.286510496559836	-0.5185335230206327	0.9998955704574372
4.299374944382736	6.41816894289421	-0.40117931399982026	0.9906569829304969
4.433290141366303	6.549980413355315	-0.27535422628399797	0.9642685219142231
4.569933632821919	6.6818955988134086	-0.141915414040015	0.9211521808690101
4.711050201739134	6.81383442736163	-0.001337897938377719	0.8620587681322591
4.858904966545346	6.945690497452724	0.14592539974634744	0.7880671960932781
5.015925933464242	7.077346641746745	0.2988181328044023	0.7005623881489772
5.184042357457984	7.208640526424528	0.4541357256125654	0.6012335142946493
5.363437516871962	7.339322245367805	0.6057425260891252	0.492084807281195
5.551548299045459	7.468901198127388	0.743743361685983	0.37554734002194823
5.742935470179421	7.5964500180984205	0.857172409517279	0.25464676471598935
5.931027712319503	7.720486465294381	0.9381871583554633	0.13306700550043304
6.110691174270362	7.8391690858355565	0.9847900135573813	0.014802803796561386
6.279672904403228	7.950853047530239	0.999889690909814	-0.09667343708058167
6.412362505507503	8.054737654945527	0.9915651604504585	-0.19934453662441495
6.543247849448014	8.151031935386467	0.9661465384082955	-0.2925900667606268
6.674113672871482	8.240699474368016	0.924242247987721	-0.37704982844065826
6.804940336160133	8.325694235445345	0.8665854842085857	-0.4541884862574119
6.935692648618111	8.40844947526155	0.7941939402402958	-0.5263439794763004
7.066314800666573	8.491603723775551	0.7083617946870462	-0.5951352969618089
7.196713104865604	8.577551061939776	0.6106564760305782	-0.6617378737174269
7.32673527236219	8.668318979834925	0.5029171618837882	-0.7272175929589907
7.45615881913706	8.765474374657558	0.38723979372951167	-0.7900291590996098
7.58460358923086	8.870074594670998	0.2660209443623135	-0.84981617479399
7.711554718268913	8.982571175527031	0.14188733684520155	-0.903745001685728
7.836267200631228	9.102777922821048	0.01770278001381512	-0.9484009861626208
7.957732366949356	9.229838463213996	-0.10352109931160947	-0.9808817803490766
8.074800450493804	9.362270180420518	-0.21892093453211797	-0.998036906124139
8.186305558089103	9.498222166333237	-0.32610496129116334	-0.9970281821081031
8.291236543966397	9.635862606948972	-0.42342282890183447	-0.9773604046051592
8.389129647627309	9.773675645021333	-0.5097173271666691	-0.9392912320612878
8.48021408400758	9.910656797191637	-0.5860601792774685	-0.8839215665457967
8.565370771204238	10.04635517420341	-0.6526028056368938	-0.8128055535003091
8.64610554184801	10.18069144986515	-0.7115129039402618	-0.727603250491779
8.724412472786009	10.313837100683891	-0.7644201874152086	-0.6299873284508933
8.802661672672842	10.446059100576177	-0.812502598432942	-0.5220817229697886
8.883330723392211	10.577614883822376	-0.8565629833922728	-0.4057172015803175
8.968729019934392	10.708730562290027	-0.8974618282103826	-0.2827903683145933
9.06079963703348	10.839594150780297	-0.9341836878606221	-0.15527149342281277
9.16067337144148	10.970342535079622	-0.9650190287177789	-0.02521515393372425
9.268509925420885	11.1010656730278	-0.987327916932538	0.10525374168183577
9.383526756688454	11.23181283025936	-0.9987044814957242	0.23396682853618062
9.504345838191654	11.36260372062103	-0.9964519884691605	0.3587533361707331
9.629344341388194	11.493437798303015	-0.9787820862986756	0.4774852844175515
9.757050933173806	11.624307268240281	-0.9449217260913956	0.5881126781386073
9.88635097702272	11.755205205756353	-0.8949543629596048	0.688540669811689
10.016511790054466	11.886129196512757	-0.829577264515705	0.7771983251719113
10.147111441672022	12.017080708475753	-0.749894882632363	0.8525713969778483
10.27794635524216	12.148062583111942	-0.6572818251403403	0.9133702601423961
10.408965384856936	12.279074589318952	-0.5532937034903975	0.9585498886711881
10.5402475470668	12.410108012238162	-0.4395909786959447	0.9873287667367696
10.672025468706824	12.54114062635545	-0.31784999155361005	0.9992076372787237
10.804749064085371	12.672301841252883	-0.18965449902326892	0.9939713862066832
10.939169059317608	12.803637175766362	-0.056368122419225355	0.9716499361940156
11.076412660256587	12.934992250317613	0.08071417691539176	0.9326110806486166
11.2179766016827	13.066323687434297	0.22046604219228186	0.8775330478045357
11.36557060085472	13.197573120581646	0.3615443575689162	0.8072496761913345
11.520748459170223	13.328655792783115	0.5011338342368088	0.7230985268428858
11.684161152990463	13.459429130807496	0.6353987460419994	0.6268277208307964
11.854890678825578	13.589608300793344	0.7570712803596932	0.5203979180665156
12.030018648515679	13.718653144929188	0.8591562610012153	0.4062259141565165
12.20535123537575	13.845647737217648	0.9351858297874742	0.2872794624399737
12.37672269712332	13.96930569296679	0.9820359129630216	0.1670043984213986
12.541318364805976	14.088194231983449	0.9992132192600673	0.04894049277947455
12.683598335562555	14.201194531489161	0.9929084670441163	-0.06398075425999719
12.814491612944423	14.30778715432279	0.9692825035563634	-0.16972894774366837
12.945374664315096	14.40801478084435	0.9289771858737701	-0.2674321470085662
13.076235271409638	14.502994129722037	0.8726371803909162	-0.3576223535122672
13.207050753849373	14.594581310326678	0.8014417233895688	-0.4414507635080014
13.337779908021524	14.685007207564787	0.7166478642991289	-0.5206402855711952
13.46835459286513	14.77661359437559	0.6197763822804596	-0.5965767477574201
13.598662908372098	14.87155242164782	0.5126055187313747	-0.6698497799399779
13.728521341368827	14.9716129620893	0.39717082090154443	-0.740626914669301
13.857646935726423	15.078147451929201	0.2757586032024321	-0.8080994485997506
13.985622648607276	15.191953368207773	0.15089098243720195	-0.8695095118915914
14.111797803466832	15.313209984111964	0.025352448758309516	-0.9227234396772644
14.235328771311824	15.441358575081743	-0.09795791545546906	-0.9643216367957141
14.355175568530319	15.575133962650845	-0.21617887494584082	-0.9909939390232838
14.470226544334736	15.712749920171245	-0.32679703372206714	-0.9998496723510099
14.57948598082087	15.852270435876132	-0.42800293876679457	-0.9891987010619187
14.682336940642589	15.992023953334828	-0.5183422526627333	-0.9594523711902506
14.778867636203511	16.130822465427762	-0.598357497250574	-0.9115630713784708
14.86982402913933	16.268079064201512	-0.6685535068396264	-0.8470614768674923
14.956587943426179	16.40366938609909	-0.7306923259132059	-0.7675009771429107
15.041048524902862	16.53778344120656	-0.7853649946407817	-0.6747927035742818
15.125380874830498	16.670719107968644	-0.8347202885774645	-0.5710164347407183
15.211932237948263	16.802794235853593	-0.8793133252222713	-0.45797709759054406
15.302876609008788	16.934289694782937	-0.9186202365794813	-0.33753099666121383
15.399841669451536	17.065425458652424	-0.952740694582627	-0.2116177109152687
15.503856894574385	17.19636971191677	-0.9788824172643155	-0.0822585473252737
15.614910541663031	17.32722821130635	-0.9951831608250632	0.04843673178551561
15.732253955912944	17.458065130991965	-0.9992371365529792	0.17830592906412807
15.854611748902519	17.58891097682248	-0.9888324992558635	0.3051688824298208
15.98054187828178	17.71977509495913	-0.9626552410972727	0.42684166765437914
16.108766808087907	17.850657250916534	-0.9203209883820564	0.5411283186142546
16.238332599958564	17.981554768912236	-0.8622011684730562	0.6461574391549382
16.36861901240825	18.11246529830272	-0.7892005480275492	0.7401374145330174
16.49927162068499	18.243386650628626	-0.7025794191218706	0.8214646773470848
16.63012098085528	18.374314172105418	-0.6038386268832637	0.8887499086617625
16.76112627611053	18.505236584801867	-0.49464417279327244	0.9408418368830576
16.89235660094437	18.636131322153496	-0.37676092405093625	0.9768500435888476
17.024010724969127	18.766961007803303	-0.2519749507524355	0.9961671660441794
17.156469061153565	18.897673136598	-0.12197558364507827	0.998488850353042
17.290362152640363	19.02885411341148	0.011594925226185129	0.9837257993097107
17.426632261518336	19.16004655137372	0.14726515696391793	0.9520798646242163
17.566521148761407	19.29122069214437	0.28367160848642065	0.903991030706714
17.711447414658874	19.422334873374204	0.41923205029267613	0.8402297335966579
17.862690343880626	19.55332286670467	0.5510790190401906	0.7621711334181628
18.0207757138368	19.684065536050205	0.6755726649363225	0.6712756803731352
18.18499064159458	19.81432369501584	0.7868047602890197	0.5693526773700005
18.353089484030438	19.94364494801234	0.8791156868642479	0.4586380635091142
18.521738961587758	20.071265513310415	0.9464308982050056	0.3418741734785572
18.687526716702056	20.196102032267394	0.9864268197072656	0.22226914404507447
18.84800875386507	20.316906645032354	0.9999514102825569	0.103217373780931
18.979572011971342	20.432577989643868	0.9914339503985126	-0.012217698682577166
19.11046673661742	20.542465501554766	0.9659099167659282	-0.1217991190830432
19.24135341126951	20.64651152575305	0.9238971339845048	-0.2241319225690923
19.372221393284708	20.745433323132477	0.866122107365539	-0.3192914245684288
19.503051030834445	20.8408726185582	0.7935886299342902	-0.4080671538198227
19.633805636014156	20.934856418073206	0.7075698091211203	-0.4919512258546683
19.764423491284457	21.029637995073855	0.6095980225508495	-0.5720461956592868
19.89479955356391	21.12732281985873	0.5014595914410024	-0.6492889357624413
20.02476589416059	21.22974789306563	0.3851876092193314	-0.7237238573431063
20.154060392446844	21.33831839692788	0.2630577841667563	-0.7939961038581234
20.28226230720358	21.453923453891417	0.1376044622092959	-0.8587118618526136
20.4087809223522	21.576802308724005	0.011563713856862282	-0.9149434078906267
20.532804279337658	21.706454393219637	-0.11218235578843438	-0.9592756603657249
20.65332172290719	21.841641487079013	-0.23077701492417202	-0.9883853881393426
20.769248496614534	21.98056992610578	-0.34169497764585444	-0.999667771259904
20.87965051830705	22.12125886917531	-0.4431290553126961	-0.9914192161304933
20.983970279210755	22.261983843207922	-0.5342186367331297	-0.9631415380789073
21.082230662395062	22.401590298464928	-0.6142984005907273	-0.9164938338698239
21.17522474240465	22.53947473464127	-0.6851765092938611	-0.8530619031005003
21.26436051800541	22.67554640507354	-0.7469495030740688	-0.7746512499041446
21.351479266413122	22.809994151264377	-0.8020611667953844	-0.6830235162897198
21.438770044992488	22.943162094765082	-0.850999417925528	-0.5798997378391912
21.528457437242928	23.075404576003557	-0.8944468298564576	-0.4673979123666435
21.62254826530933	23.207020198082425	-0.9326183034324246	-0.3473661025788056
21.722600297368515	23.338248819515922	-0.9637794830877671	-0.2217284446708853
21.829318998100412	23.469259949193813	-0.9864580432400484	-0.09250624147093699
21.942617422946313	23.600167981094287	-0.9984758504124491	0.03819793435671119
22.06168305160141	23.73104012612888	-0.9973019667641139	0.168222981675108
22.185236984044593	23.861908903497195	-0.9810674090453658	0.29538761439678873
22.311921330211554	23.992786395950624	-0.9488166450269594	0.41753785488466105
22.440580226892493	24.123674869947184	-0.9004655204382037	0.5325937689964224
22.57037553570085	24.25457301539562	-0.83660601121251	0.6385322688157995
22.70077442244773	24.38547833823212	-0.7582972092148085	0.7334114800025164
22.831478818995198	24.516386636012786	-0.6669102800238518	0.8157406189460963
22.962352080545212	24.647288764866207	-0.5640306840351631	0.8841151038027111
23.09337112150716	24.778166395080465	-0.4513922362371871	0.9373684826014075
23.224614150831453	24.90898750257973	-0.33081501364588	0.9745971850211315
23.356283232744765	25.039703686298395	-0.20413125346439392	0.9951845895180429
23.488754607809984	25.170251541326458	-0.07310129319338456	0.9988219664087948
23.622641172674733	25.30138185433085	0.060656342088304525	0.9853927357546279
23.758848623254003	25.43251725850368	0.19558563121960984	0.9550686510505535
23.898538959131137	25.56363253196236	0.3301219865490438	0.908373662213654
24.042987752312076	25.694690227370515	0.4625004314978026	0.8461284544163464
24.19326829480098	25.82562743678742	0.5901591686507994	0.7693655103999071
24.349786650638343	25.956324351025717	0.7084854582132809	0.6794704149925984
24.51174454275645	26.086543321728154	0.8131318046704353	0.5784206868686373
24.67702513710054	26.215836412970955	0.8976129137373937	0.46843203742424105
24.84257073357903	26.343466579640427	0.9577480689882045	0.3522073345228836
25.005348703684994	26.468403625246008	0.9918442989408365	0.23288899606914815
25.16316442432887	26.589468442308863	0.9990445415170107	0.11379199651498972
25.294062348407632	26.705675570508646	0.9865375704086466	-0.0021366085155795564
25.424956975711545	26.816394783756504	0.9571775557678308	-0.11258568839480922
25.555843236275358	26.921533901194987	0.9114666557296474	-0.21616689100581496
25.686710412488207	27.021904307101472	0.8501898425329619	-0.31297508609872093
25.817538581814325	27.119107549229994	0.7744064196244081	-0.40352467017557425
25.94828904718473	27.215081864225315	0.685442347791459	-0.48940396812958004
26.078898852686123	27.312050076331985	0.5847422387405947	-0.57140678071178
26.20925764586188	27.4120496761903	0.4742927976721065	-0.650445078645942
26.33919083218484	27.516863061478027	0.3562296413576033	-0.7265022317930421
26.468429007234867	27.62784220341382	0.2328642294351863	-0.7978803757818638
26.59653315644933	27.745813812471777	0.10675979271031735	-0.8631423646694164
26.7228927896911	27.870936792631877	-0.019342501457828808	-0.9192911350776389
26.84668025649431	28.002605334434985	-0.14259419332955864	-0.962892361953787
26.96688694965583	28.139469465051636	-0.26023262150757787	-0.9906756297385856
27.082462823614904	28.279654093085483	-0.36989933551820564	-0.9998329156284704
27.192512497607122	28.42117856987037	-0.46956681445038323	-0.9888018108286227
27.296572512743833	28.562391144955622	-0.5586076941387208	-0.9583375450823215
27.394866633420946	28.7021969418211	-0.6375580081369615	-0.9095761250037907
27.488301810250075	28.840117402392174	-0.706309699291545	-0.8441611027462497
27.578351489188524	28.9761256092099	-0.7673183032796003	-0.7634771538363595
27.666964162093524	29.110519284188726	-0.8207900357339588	-0.6700188604795891
27.756269007402203	29.24364230843769	-0.8684636164871088	-0.5655978094887515
27.848446266448704	29.375852227634777	-0.9103605392380278	-0.4520195807629114
27.945349402869244	29.507452933915623	-0.9460354801329869	-0.3311409978748052
28.04825693351707	29.638679618983147	-0.9740904730616143	-0.204901047994053
28.157657607796548	29.769699369005956	-0.9929603542260835	-0.07533152865334015
28.273275544885536	29.900621568046553	-0.9999667622862095	0.055454854299293296
28.394136365055488	30.031507595913315	-0.9926662004338656	0.1852895645165464
28.518927076274686	30.162386851461683	-0.9700519437084938	0.31193077747483317
28.64639338081308	30.293271385462592	-0.931446737788305	0.4331896472671564
28.77550730115819	30.424163758171783	-0.8769791135453481	0.5470293062233689
28.905547456222525	30.555062800745795	-0.8072428938406738	0.6515104143805188
29.036068481137036	30.68596522445876	-0.723487781370948	0.7448513375173325
29.16683277553209	30.816864255829678	-0.6272698371929751	0.825458741692944
29.297742141074732	30.947746101218492	-0.5202511234408849	0.8919551511737287
29.428799470217378	31.078585229077582	-0.40422273273339315	0.9432051714266785
29.56010583867785	31.20934018839403	-0.28104354071574517	0.9783415166539962
29.691889229768435	31.339952174136393	-0.15256650455108103	0.9967901125412907
29.824556258708466	31.470348606048915	-0.02056041594968124	0.9982908426434464
29.958749004101627	31.601454041755687	0.11334375057933052	0.9827514801964206
30.09538994816969	31.732558572640105	0.24764809835979046	0.9502190326359731
30.235639978788324	31.863636411375673	0.3805293166696503	0.9012470619415864
30.380704041833013	31.994650004492264	0.5100837872550639	0.8368889691341342
30.531479810900013	32.12552974102636	0.633631251746013	0.7583121803012776
30.688104747149918	32.25613867850112	0.7462659965302476	0.6669988545173129
30.849498642063306	32.38620983350015	0.8437989705471368	0.5647916448553287
31.013411426139275	32.51525453880758	0.9196413539261723	0.4539708691356199
31.17690792985019	32.642500561948566	0.9712678023627888	0.3372980736385606
31.337247267116684	32.76690760528657	0.9965356001744099	0.21794170546735994
31.492656123578428	32.88735378015108	0.9967190511943522	0.09915961231667617
31.623553594959546	33.00293922413154	0.9781145298035778	-0.016205693606523613
31.754447014160554	33.11316097745058	0.9428058070450833	-0.12609798211278844
31.8853306619223	33.21819981091145	0.8913996983073742	-0.22932067302300463
32.01619188149511	33.31890692255037	0.824782629785427	-0.32597338734695114
32.14700725298241	33.41696180361727	0.7441111830465321	-0.4169849499470965
32.27773498825423	33.51439347168894	0.6508018881093289	-0.503282269372196
32.40830008424212	33.61330242566614	0.546524232800666	-0.5863472224252578
32.538586694778694	33.715696622300676	0.4331851854436351	-0.665791055907937
32.66838760964828	33.823230865713825	0.3129454545994712	-0.7419903035943877
32.797398967075885	33.93714826623527	0.1881895689966953	-0.8134834776333456
32.92516172686055	34.058105002853665	0.061520638223202084	-0.8777776568880018
33.051011865483936	34.18605218568342	-0.06424096375060477	-0.931647405198688
33.174061052536736	34.3201625488016	-0.1862383823782134	-0.971630289240292
33.29326299518957	34.458895291783584	-0.3017015926709287	-0.9946589535182628
33.407599265530195	34.60028145523275	-0.40839385065146955	-0.9986570257089038
33.51633076061424	34.74236666917329	-0.5049495010884426	-0.9828578422290122
33.619234876895504	34.88361845761862	-0.5910982092649016	-0.9470126498544418
33.71668514453907	35.023185204833005	-0.6665324354154479	-0.8930964859001419
33.809786563867554	35.160753088725265	-0.7331008896808233	-0.8231143295839032
33.90020809034068	35.29642533149711	-0.7912501675436674	-0.7389369879114898
33.98993194143246	35.430509443014245	-0.8431474239981258	-0.6424156749087749
34.081163528368336	35.56339483252574	-0.8882442865198341	-0.5353397003845435
34.17585619145373	35.69543491848141	-0.9279213639490023	-0.4194089439882687
34.27575909396177	35.82693593342718	-0.9600941097258937	-0.29674676456617716
34.3817644706058	35.95811075130876	-0.9842800294337106	-0.1693186818992843
34.49411430007936	36.08911175093172	-0.9979728098154447	-0.039177975398489905
34.612229392190734	36.22003243517715	-0.99828179366994	0.09154266232492538
34.73495446238052	36.35092309613467	-0.9840171761086668	0.22066633151231213
34.86102772527993	36.48180863508428	-0.954027486355848	0.34601937329973864
34.98929199286247	36.612698140112826	-0.9080236338801236	0.4654757019548268
35.118858894113565	36.74359324174166	-0.8464385592940358	0.5770012296948122
35.24913609819758	36.874492139718434	-0.770204775057406	0.6786929919668274
35.3797754519179	37.00539003247076	-0.6804655435633927	0.7688130074206038
35.51060116936299	37.13627643940531	-0.5790161804874421	0.8456773117685528
35.64155654036975	37.26713170266892	-0.467592698892114	0.9079413039587662
35.772677907427116	37.39792201193273	-0.34803675086709657	0.9546742779248083
35.90410330121201	37.52859556823977	-0.22223206433651804	0.9850993678341198
36.03610997682531	37.659083240961905	-0.09202903435814917	0.9987428780348001
36.16916884553817	37.78959801312615	0.040826454147811934	0.9954246553747568
36.30399645900838	37.92068851381977	0.1747265491549115	0.9750720168262983
36.441576412201705	38.05177030153954	0.30815443777562274	0.9380175247674362
36.583062126513	38.18281510412957	0.43907416386550224	0.8849090946347729
36.729527601879916	38.31377951439811	0.5653697257264683	0.8166886534529482
36.88161642558078	38.44457934097506	0.6840361186450626	0.734598599128572
37.0390951436507	38.57504668351328	0.789592158810738	0.6402072709823832
37.200507295332365	38.70486108314729	0.8781451647921966	0.5354484828355882
37.36341123186049	38.83346019193262	0.9437608458278017	0.42268238509053857
37.52498994386082	38.9599936627871	0.9845354166901895	0.3049414502848573
37.68285587401391	39.08339745997816	0.999489471660378	0.18542122451242882
37.820111064525385	39.202618992471855	0.9925535958981135	0.06722733218445796
37.951007748902455	39.31683409617187	0.9684245825758874	-0.04689505637164539
38.081899082938676	39.425656995908916	0.9274749471198622	-0.15504306807326432
38.21277761805176	39.52950187109128	0.8707025722085003	-0.2566266465349964
38.34362865096849	39.62958071456586	0.7990905890548413	-0.35183251995008946
38.47442346440503	39.727602730947524	0.7138889558191993	-0.44170037525693856
38.60511182576621	39.8256550168126	0.6166036384013006	-0.5274446923138569
38.73560961988953	39.92583053769313	0.508986278352097	-0.6095929749003387
38.865771624180546	40.030014668732704	0.3930332963237809	-0.6888769008130312
38.99537947580983	40.13976509962168	0.27096626681383784	-0.7640407169702912
39.12407517383413	40.25614862170869	0.14525092932445557	-0.8336112096957933
39.25132921424411	40.37962476851198	0.018566733578276453	-0.8951782742335662
39.37641323576175	40.50990267850646	-0.10626275736249713	-0.9454199798513261
39.498398993766706	40.64590117032303	-0.2264069435861323	-0.9809114802924435
39.61625594212472	40.78588675211019	-0.3392975599652408	-0.9982784162542965
39.72899696451663	40.92784926768565	-0.4429424421279176	-0.9957390570786588
39.83598155286197	41.06995210094601	-0.536311967754429	-0.9733989297636032
39.937202214862985	41.210859354924146	-0.6185768846511187	-0.9320918055431524
40.03333470252935	41.34985956015419	-0.6912241330757155	-0.8729983334889891
40.12564955938147	41.48683478086934	-0.754707478157034	-0.7981018407042084
40.21591965377902	41.62199204434868	-0.8110028948613658	-0.7096640328225223
40.30626649169907	41.75568542947349	-0.8601303860992361	-0.6095084628940646
40.398764295428506	41.88828882257599	-0.903866008383623	-0.49944518923714126
40.49542189362169	42.02014998158179	-0.9405155957276946	-0.3813010876014181
40.59756362632002	42.151535546626725	-0.9703687061790164	-0.2569834095614669
40.70598489572471	42.28264807747422	-0.9906982802748869	-0.1284824929442488
40.82054538488133	42.41361846006264	-0.9993668911506856	0.0021162435264034623
40.94044241425693	42.544526573176846	-0.9945541322302338	0.1326034421232887
41.06450356018927	42.6754150383278	-0.9745872966041385	0.2607749260656196
41.19147435136092	42.8063021197069	-0.9386571612520165	0.3844672371842316
41.32028363006524	42.937193751847204	-0.8867811014412186	0.5015802765530544
41.45015243076023	43.06809019961326	-0.8196220983974597	0.6101199281855263
41.58058435766694	43.198988667004315	-0.738293161907078	0.7082352506279433
41.71130090726891	43.32988266567475	-0.6442110276280241	0.794250843501134
41.84217307314745	43.460758970692275	-0.539003149018105	0.8666958513854027
41.97317621570371	43.5915931151893	-0.42440438749669207	0.9243313257674874
42.10437703445535	43.72234440192095	-0.3022619821412125	0.9661771649004604
42.23595206787285	43.85295225952356	-0.1745960109366599	0.9915389318936144
42.36823105732841	43.98334092766907	-0.043241301388145935	0.9999672195519701
42.50175389751938	44.11442045023167	0.09008555379511546	0.9911043644220483
42.637333751425224	44.245505276677534	0.2238134850512684	0.9652690927572347
42.77601532462818	44.37657403875208	0.35638747433295814	0.9229126079619392
42.91895594515932	44.50759450585647	0.48588481195417244	0.8647825898498802
43.06713681052232	44.63851220496762	0.6093667269274856	0.7919218304130966
43.22092239279555	44.76922274285937	0.7237421857892784	0.7056779887797919
43.37969762411592	44.8995150201993	0.8234708415061065	0.6077412265358724
43.54164374243685	45.028996705705325	0.9044501042797825	0.5002066230914347
43.70410664364815	45.15701285664244	0.9610898294777588	0.38564114973118224
43.8643790042099	45.28264034985699	0.9928435030139762	0.2670531694381919
44.02038780885177	45.40478640444691	0.9988037402992493	0.14769414396424912
44.15128602846989	45.52247349944834	0.9853382660063501	0.030599834442460838
44.28218140013236	45.63501088793784	0.9550384635741838	-0.08178824960099906
44.41306956597316	45.742285824525936	0.9084208703782793	-0.1880612100755579
44.543941376682206	45.84498891035058	0.8462835705837697	-0.2876406936938165
44.674777433118244	45.94440727117714	0.7696339094013992	-0.38126709244526014
44.80554373324937	46.042500794452174	0.6797228153352505	-0.4699520003013579
44.93617999972753	46.14135661143034	0.5783539057551336	-0.5546616613248718
45.06658281029123	46.243005339758696	0.4673714902091362	-0.6364455270761694
45.19659316213072	46.34924324435648	0.348848320900355	-0.7143591482016605
45.32593327138883	46.46145753438491	0.2251085845467415	-0.7881118824213384
45.454201072209116	46.58052853085113	0.09868512818881249	-0.8555888202530524
45.58080776357293	46.70666435366663	-0.02769605485047038	-0.9138001342099891
45.70494700145004	46.83929661683152	-0.1511963568933441	-0.9593038324081277
45.825628643273134	46.97708882744289	-0.2690522095015311	-0.9888086476355364
45.941817671820765	47.11815394786006	-0.3788908665757777	-0.9998198620444088
46.05266854644301	47.26046602915282	-0.4790100435015541	-0.9904078880089437
46.15771317174904	47.402350021924136	-0.568187629437626	-0.9610145947539517
46.2571640646062	47.542706713329174	-0.6471139834906452	-0.9131681934672214
46.3519297884852	47.68105526979861	-0.716258509304679	-0.8485630701501203
46.44350120430892	47.817388938396036	-0.7771081313129894	-0.768960241517807
46.53378690499814	47.95199490637492	-0.8304938326176247	-0.6760789855044707
46.62489426217811	48.085268571169884	-0.8779676864627872	-0.572155197476983
46.71896498248492	48.21758585007962	-0.9186844994602512	-0.4589881538734078
46.81768176651663	48.34925904627209	-0.9532744733159332	-0.33843144492891813
46.92229972986785	48.48053778686528	-0.9794312406825516	-0.21241217914300206
47.0331708266748	48.611593615177156	-0.9954027498927613	-0.0829579465944858
47.14990831670736	48.74253895786512	-0.99918287318842	0.047821347539531656
47.27155800999161	48.873439366511725	-0.9886730053298174	0.17776051814693264
47.39687622530892	49.0043273946119	-0.9625414841337048	0.30467909980655683
47.52465975253768	49.135216345132406	-0.9203343269604756	0.42640934602986225
47.65394692838749	49.266109840185656	-0.8623600688640102	0.5407363910412492
47.78407363548767	49.39700706056652	-0.7894897391472124	0.6458017618113867
47.91463573586954	49.527903934029645	-0.7029770452077828	0.7398148134327022
48.04541885959408	49.65879164118469	-0.6043352817827551	0.821171573598812
48.17633696273901	49.789652838156975	-0.49526023299498145	0.888483065235464
48.307399073371535	49.92045688238269	-0.3775721439349432	0.9406026465340878
48.43870857286004	50.05115584575564	-0.2531546580108333	0.9766533080682871
48.57049219690814	50.181683769212874	-0.12387022473936625	0.9960538994912107
48.70314966273882	50.311960359915226	0.008457964415242195	0.9985403339358833
48.837304386756976	50.443040338019536	0.14207629045165726	0.9839979991951033
48.973844201195824	50.57411823462648	0.275411096597799	0.9525972668961693
49.113855630893035	50.70517029610318	0.40682759057658513	0.9048807113592763
49.2584524039745	50.83615920355252	0.5343462142567793	0.8414111541302132
49.40848668423701	50.96701669671417	0.6544113382201708	0.7636474054489814
49.56399155608417	51.097609177674975	0.7636760606188421	0.673062821738369
49.72393013509575	51.22767034351074	0.8565094995922848	0.5714861011503081
49.886137964281204	51.356722781780036	0.9288420018146293	0.46117585819406004
50.04784559133869	51.484011645993	0.9759313172163386	0.3448660614988706
50.206550447295996	51.608542109764116	0.9981492053060641	0.2256710775785401
50.3593131501418	51.729228012891404	0.9951099597600152	0.10680595159107859
50.49021061997614	51.84522749398977	0.9743846532702167	-0.008942822905303231
50.62110405544667	51.95604510981178	0.9370139621380102	-0.11946299151190679
50.75198761265486	52.06182664922059	0.8836372705328505	-0.22353533307615697
50.88284866865241	52.1634621431762	0.81517209852544	-0.3212690979403847
51.0136638443365	52.262604093409344	0.7328041673363925	-0.4133937870989898
51.144390184100004	52.36122136146139	0.6379776429156951	-0.5009345240130355
51.2749525304584	52.461403172126936	0.5322463323316996	-0.5851438733518877
51.405232189937045	52.565115381385084	0.41772605564241866	-0.6656881857560006
51.53501988543955	52.67398644040046	0.29663089148467875	-0.7427835179617933
51.66400656988827	52.789232872235	0.17136034165802053	-0.8149045753485655
51.791725692678135	52.91148112950853	0.044523782580179375	-0.8795117084448749
51.917504432987236	53.04064019989719	-0.08109967081534451	-0.9333516854307571
52.040450972856924	53.175822106188804	-0.202677883523102	-0.9729615371418565
52.15952858235124	53.315426783459	-0.31756869496865964	-0.9953153046803873
52.27374266825531	53.45745199173497	-0.4236145842400524	-0.9984178842145427
52.38240411197588	53.5999466379831	-0.5191644085872584	-0.9813328199570187
52.485343415057606	53.741426901642754	-0.6041751909327933	-0.9442176673601038
52.58300401177955	53.881096516724746	-0.6791044382961936	-0.8893038419950319
52.67657229918168	54.018692741129314	-0.7444932957762982	-0.8184027489333396
52.767722452531565	54.15434604129762	-0.8022552120262395	-0.7334061640718974
52.85849043730673	54.288403018184184	-0.8529303303079065	-0.636095195945901
52.95097620442048	54.421261465690705	-0.8974391479562096	-0.528187498239134
53.047174751661025	54.553294397813985	-0.9355648218167076	-0.41178956889465745
53.14861497995474	54.68479194704327	-0.9665935233458467	-0.2887775495880548
53.25617039860861	54.81597090590179	-0.9881667874814627	-0.16111803684137707
53.369829763489605	54.946976873226546	-0.9988302877938411	-0.03087424079829354
53.48895751979409	55.07790251660186	-0.9962342076557618	0.09981856218727442
53.61243239415918	55.208798184252906	-0.9786095846393223	0.22878381019709335
53.73900225580641	55.339687419046776	-0.9450388517530641	0.35384890644199457
53.86756311755377	55.470578969263805	-0.895446866044519	0.4728920288732149
53.997291124508905	55.60147438171503	-0.8304302632202039	0.5838857235544141
