1.934290610454308	5.763727279756935	-0.35542772919081106	0.8677545608060597
2.0384672260320995	5.875713287152832	-0.45058789554003265	0.9176730512792246
2.151379373054375	5.993809071461241	-0.5483106544521078	0.9579696238540316
2.271064108337517	6.116942802800135	-0.6442619258044134	0.985767822860361
2.3955105469574325	6.243971693000653	-0.7341922179344296	0.9987684732138077
2.524103289237857	6.374978524090393	-0.8151028875806952	0.995301671631474
2.6550121826940734	6.509224918458249	-0.8836030835549397	0.9740986166478757
2.7859402220411313	6.6462246664704185	-0.9370035193672079	0.9345016984072668
2.916921920631095	6.787573355768298	-0.9743971790844623	0.8754245423603322
3.048045108182494	6.93534312515612	-0.9951366018916733	0.794408130398641
3.1795229171625503	7.092094045178614	-0.9988087775999417	0.6901361144281932
3.311831896921512	7.260288716317365	-0.9851426979812201	0.559151790915505
3.4459809699775423	7.441928414278277	-0.9537820757674981	0.40029766543286416
3.5839059834695712	7.637111835367528	-0.9036966393887319	0.21506765567020242
3.72892354867858	7.842543375423592	-0.8320516735703748	0.011430733963876534
3.8859177930131192	8.050437102762006	-0.7353539300807546	-0.19514824600455294
4.060410212495798	8.249992412436077	-0.6064774321926545	-0.3855770625035071
4.257057878111516	8.432154114477672	-0.4395948644272979	-0.5463172502816728
4.4775451832446125	8.59386299564984	-0.23260589686047795	-0.6739716231575628
4.7183329219862955	8.737265349363538	0.005940031416712156	-0.772742492390382
4.968807207257514	8.864714927918463	0.25357776015092975	-0.8470883312062869
5.2130404381452635	8.974217826416917	0.4799689548086469	-0.8999532843330577
5.438262481941577	9.059836986179198	0.663465900541973	-0.9338576551487275
5.640947970876356	9.116810901697438	0.8004874634664784	-0.9527838026160667
5.824421276947124	9.14530842216514	0.8962294061666315	-0.9607330496214266
5.99347027013565	9.149830675116162	0.9578751168450474	-0.9619945104481371
6.15194473389596	9.137136464858166	0.9912424305861328	-0.9584535212244203
6.3024816138034945	9.114998009227271	0.999393988057987	-0.9522781049341984
6.432277660929685	9.09131550163099	0.9884502562060116	-0.9445188681040875
6.56170206515415	9.07235569203621	0.9609988232200732	-0.9380975180250919
6.690671926217607	9.06257234322952	0.9176672542663751	-0.934784071900086
6.819060527185833	9.065246934527105	0.8593989044593155	-0.9356899083724497
6.946660539954202	9.082490849347321	0.7874727479958324	-0.9415301154293534
7.073155071123409	9.11530982389325	0.7035257886445827	-0.9523650841435851
7.198093827226207	9.163799903903508	0.6095656707875821	-0.965891159991063
7.320770327422317	9.227567249242064	0.5080505961689668	-0.9803864118655671
7.440227834273135	9.30558674759961	0.40185812388424325	-0.9927237165206878
7.555177332016239	9.39639042696258	0.2942741453581482	-0.9991084726820258
7.663950012421897	9.498152137197689	0.18888013699318393	-0.9970347713479213
7.764719396526307	9.608723525705841	0.08909927680880923	-0.9829989095729804
7.855587019552656	9.72584281261147	-0.001604329485287848	-0.9547091403034089
7.93468723539434	9.84756187414486	-0.08058201662854408	-0.911592965383368
8.000782529628019	9.972112380365877	-0.14620675524413565	-0.8535666567533005
8.053097861371677	10.098224307611442	-0.19774449781571948	-0.781362387080945
8.091483425257504	10.22498439853904	-0.2351994512259896	-0.6962885577793911
8.11649221446283	10.351726508172188	-0.2594272465460785	-0.6000537476517709
8.129266217272457	10.477945824667334	-0.2716920230777815	-0.49463999394436187
8.131699704773904	10.603164277123161	-0.2740285013800603	-0.38227298455832237
8.126333094527286	10.726897292165315	-0.2688758271252906	-0.2653478418369643
8.116407828594479	10.848623325137822	-0.25934622465864104	-0.14635495006617938
8.105673306512726	10.967842236000822	-0.24903962644745883	-0.027713808206377064
8.098075155897822	11.08418761390628	-0.24163137351741465	0.08845335185572768
8.09747435555565	11.197525757829323	-0.2410451388357556	0.2005110037302374
8.107027977834017	11.308188639874542	-0.250340294787458	0.30753366815482946
8.129156194004402	11.41697966308758	-0.27158638580682604	0.40887923792864955
8.16564955642989	11.525045438186897	-0.3066249670338292	0.504831816301897
8.21724943426584	11.633907583813695	-0.3552146703961234	0.5956971678671048
8.284234006696185	11.744863575247024	-0.4169972750135385	0.6810274518270207
8.366029174789634	11.8590539439721	-0.4898370499027374	0.7598240441359405
8.461287206276385	11.977061458489676	-0.5704087012357505	0.8309399089674874
8.56798719696011	12.098857778884106	-0.6545650927387778	0.8922581850173386
8.683621694995452	12.223993971805555	-0.7374491991271795	0.9414997928284943
8.805616747424793	12.351807268182124	-0.8141633236215216	0.9766016745323349
8.931720748828836	12.481720408685598	-0.8806631883003914	0.9959737778012603
9.060239721695442	12.613484703114219	-0.9339940545005314	0.9985203541289479
9.19116476987162	12.747739865477577	-0.972446763191084	0.9834018675553196
9.322138323253617	12.884424999721057	-0.9942811011792412	0.9497373084722421
9.45324042861365	13.02471438284456	-0.9991061193341827	0.8964201696242627
9.584663827133946	13.170002830662888	-0.9867620565639517	0.8228904790080751
9.716837845910744	13.321621565182408	-0.9572210326857737	0.7280716587381436
9.850654883672945	13.48051558313254	-0.9103647852243791	0.610168895415448
9.987864159089828	13.646924869412606	-0.845549667904744	0.47069564952606247
10.131537584759721	13.819428852448386	-0.760192364934315	0.3123836865749027
10.286650729367528	13.994681429108002	-0.650753651719842	0.14194520224793897
10.460093752177363	14.167463298419886	-0.5100034955198629	-0.030276426996233254
10.659913277174287	14.33210567645356	-0.32924424514103845	-0.19366828384224094
10.892919476277214	14.484770638626895	-0.10243022082602368	-0.34047904148417607
11.15936299692715	14.624529928937994	0.16298266093339484	-0.46813078888745835
11.446211662230061	14.751064158577282	0.43541341040717524	-0.5758596261236394
11.726716597311038	14.860027496423152	0.6674174418116195	-0.6612062279233396
11.97737717371071	14.94353594581915	0.8311173380560899	-0.7215840516520575
12.193476940608765	14.998231745716629	0.9311642174786153	-0.7582273366357701
12.38195935277035	15.028912163245465	0.9829260705492161	-0.7779277564927993
12.551133796890198	15.044635155282275	0.9995214787200246	-0.7875629041159187
12.688683352720338	15.05447942311852	0.992430003369385	-0.7935955328688735
12.819163539836186	15.064822708205302	0.9681743632351872	-0.7999339625065549
12.949448660265288	15.079720277899513	0.9273594731094241	-0.8090594475449957
13.079464861876312	15.102303548292902	0.87099345550051	-0.8217510405268815
13.209086893755174	15.134884075028658	0.8001939641508826	-0.8400610008321316
13.33815129735971	15.178822764255532	0.7163852955754348	-0.8628265900892511
13.466379605718814	15.234999585660242	0.6213366715866391	-0.8897839593890733
13.593377939303844	15.303675914467343	0.5171537654770799	-0.9189376268417017
13.71855991548537	15.384669305865007	0.40631146183618094	-0.9479627570860583
13.841109130989913	15.477317186740615	0.29163714045039446	-0.9730939116523971
13.95986443811755	15.580540074215847	0.17632788192840404	-0.9918395020883363
14.073465573973502	15.69275018508195	0.06365603231615004	-0.9995222241192611
14.180199882874513	15.812114138974378	-0.043004632768251214	-0.9941389049356557
14.278483042594877	15.936572012793924	-0.14079037901043878	-0.9735382697081347
14.366896245557488	16.064309984474058	-0.2276153986685398	-0.9367683774019919
14.444515185120927	16.193818683440433	-0.30247748936841473	-0.8839321976769178
14.510979337355863	16.324049687352478	-0.3651342460119579	-0.8158913299077467
14.566606558014813	16.45433886073817	-0.41625148725388933	-0.7339981639808737
14.612334107866795	16.584321881716786	-0.4572660201338187	-0.6398894462010922
14.649643066066577	16.713821859977944	-0.49020588956875777	-0.5353543744905509
14.680539345905991	16.84275885390644	-0.5167952418278094	-0.42227199868469467
14.707663964610164	16.97106571110486	-0.5399700730483805	-0.30280935036786294
14.73406873446692	17.098726280021328	-0.5618053530918756	-0.17902462914282363
14.763225918990864	17.22573218787597	-0.585916727393337	-0.05299252311916803
14.798697177314217	17.35220787381769	-0.61402333132914	0.07335809096095558
14.843842296127704	17.478323488149616	-0.6490675269837471	0.19818131071610598
14.901371359599615	17.604422438366715	-0.691774090916973	0.3198387096317844
14.972938659326381	17.730878787985365	-0.7415034697778697	0.4367335032542266
15.058825784057987	17.85801635183009	-0.796259009971519	0.5472138868728531
15.15793288016379	17.986040405164896	-0.8521945230226605	0.6495216111145617
15.268049670331441	18.11497736152882	-0.9047859158382857	0.7417983984985057
15.386430166647477	18.244715464036553	-0.9485591292947606	0.8222114584212386
15.51036231596185	18.375080589173802	-0.9803012975490983	0.8890977974976374
15.637684966274337	18.50596149770341	-0.9973260709768496	0.9410873519814194
15.76689639816433	18.63734198614488	-0.9981491701294551	0.9771140983159066
15.897091335542541	18.76931733855436	-0.9821492959961176	0.9963888798821177
16.027813312324867	18.902078700928072	-0.9491291507218247	0.99835049099509
16.159050814012712	19.03588658673666	-0.8997138838110263	0.982625859060931
16.290771182174172	19.1709639347309	-0.8345935477624418	0.9486014944111841
16.423546151529067	19.307500911915483	-0.7543583984363109	0.8966011813184414
16.558462622353023	19.445504358792892	-0.6592835723290436	0.8272086930913903
16.697419400448204	19.584716872369494	-0.5489367738803049	0.741413319888646
16.84345695501219	19.72457610383297	-0.4216314185490394	0.6408932533267199
17.000988533732293	19.86424109167627	-0.2740793791761636	0.5277582174195493
17.175682051823724	20.002762704679977	-0.10285100713660533	0.4053778166065156
17.37326245167203	20.139194018873543	0.09431578005484173	0.277331520632193
17.5966495065749	20.272811069999506	0.31252651053752317	0.1469378035500492
17.84150640621721	20.402795516790725	0.5334688649243005	0.017545181956636614
18.09318701760499	20.52730987822585	0.7272812765402679	-0.10671323876053694
18.332698980078543	20.642785438939722	0.8690784034983946	-0.22049617011770523
18.548292821825015	20.745312650909074	0.9546538400080076	-0.3191779050694414
18.73921870995703	20.833287557062498	0.9935568146213317	-0.4011070735651976
18.910316458697185	20.908211044790825	0.998091779331724	-0.46857248498560533
19.041164016794973	20.97373957548563	0.9816083837097876	-0.5254140885279991
19.171961432766977	21.03343987914296	0.9482636595789963	-0.575190142900341
19.302673572865487	21.090770634412294	0.8987923869057822	-0.6210451923551278
19.433246861788742	21.14903344764014	0.8340972951513868	-0.6655716392840938
19.563599609135437	21.211071393263218	0.7553761195755113	-0.710519749922725
19.69360621565857	21.279144876037908	0.6641202881374909	-0.7567249662777347
19.82307353821608	21.354924498564696	0.5621170423824455	-0.8041724265542529
19.95171048382213	21.439516322072908	0.4514528005460088	-0.8513792413814382
20.07905975275263	21.533513298193302	0.3345419297233977	-0.8967417651507351
20.20447317737573	21.636933060498794	0.21410094698651694	-0.9374901775546007
20.327047663297265	21.74922332646563	0.09312302235950815	-0.9706338422154046
20.44564960719634	21.86924669355336	-0.025280717153008257	-0.992468662048698
20.55892750786876	21.995408805164974	-0.13808372669449187	-0.9998662049516461
20.66548073522082	22.12586310449079	-0.24264124703696696	-0.9906990735143506
20.764137939606464	22.258795684732643	-0.3368873437534633	-0.9640308596337753
20.85424122651767	22.39270557040465	-0.42033423752681953	-0.9200218044830926
20.93573052710473	22.526592338088108	-0.4927034844784518	-0.8596184978393762
21.00928171785614	22.659890269853435	-0.5552126835285949	-0.7842454272528365
21.07618441419664	22.79239835716692	-0.6095217130947577	-0.6955509233218529
21.138281427820633	22.924132381584013	-0.6575077568048473	-0.5952857418561679
21.197893513181377	23.05520888143606	-0.7012031142568131	-0.48526595313121723
21.2577154996932	23.185777574456296	-0.7425557964379128	-0.3673495911001194
21.32066205214033	23.315990541919064	-0.783176185606278	-0.24344709788288116
21.389621494703878	23.445993442153295	-0.82407354626463	-0.11566568091585423
21.46703311482549	23.575922405569404	-0.8653841245448911	0.013968308632398419
21.554527038815927	23.705900854011027	-0.9060982865650021	0.14339729984449573
21.65261771195241	23.836025844666175	-0.9428022898596955	0.270536364772814
21.760482150326823	23.966334948371628	-0.9730894745649514	0.3932659095477501
21.876485953838113	24.096836743060194	-0.9931498245641242	0.5094968649846668
21.998521213657103	24.227503404052026	-0.9997684579189412	0.6172057623260767
22.124556132017837	24.358297472618403	-0.9909034954240507	0.7145025282665227
22.25298826822232	24.489192479119033	-0.9656508106872671	0.79968382121613
22.382734836335526	24.620182183345356	-0.923981009148665	0.8712658507452989
22.513157843870786	24.75128122342585	-0.8664560869278071	0.928001968827604
22.64394148683469	24.882520208775194	-0.7940189409984977	0.9688244734419591
22.774997768419773	25.013937377001387	-0.7078529737823764	0.9927601644575206
22.906435069998142	25.1455685415404	-0.6092670612116238	0.9995971506410211
23.038602051159966	25.27747792295496	-0.4995577987000812	0.9891315193956928
23.17215429249903	25.409623900351484	-0.3798694125760023	0.9614546437877187
23.308243149605687	25.541951711637612	-0.2509695758669258	0.9169827379735803
23.448632373962894	25.67436021918211	-0.11303889291810056	0.8564755683387693
23.59572908333757	25.80671662606655	0.03376195670118509	0.7810381816297929
23.75237315987679	25.93885772379583	0.18926715743543257	0.6921102035706936
23.921212339986255	26.070590029347336	0.35145142560666975	0.5914422746225982
24.103332006845072	26.201675368443933	0.5150866919052288	0.4810475450803372
24.296896887342516	26.331668407924465	0.6702746516588131	0.3633061815018616
24.496349061274042	26.45968615284843	0.8040694194139192	0.24139512414057013
24.693827351519225	26.58420519284835	0.9051880379644506	0.11903102560310981
24.88247309141241	26.70319319937292	0.9688141967983503	0.00034412960778553467
25.058907818208255	26.814741310220516	0.9969915607117498	-0.11093982379795296
25.22314320035547	26.91776190447328	0.9954325778419044	-0.2124863416749408
25.354028940752702	27.012588742120712	0.9751350408472385	-0.30411254544634797
25.48489607631054	27.10036348630603	0.9381880888062036	-0.3863250492730362
25.6157250261399	27.182969033061372	0.8852356705621529	-0.46106492394274046
25.746483162190668	27.262998596777777	0.8172089097211263	-0.5306411296118778
25.877117731811296	27.34317523713128	0.7353199682637237	-0.5967276649746885
26.007539031763358	27.42598081141394	0.6410600350255505	-0.6608932585350933
26.13760533167572	27.5135380038362	0.5361952369655572	-0.7241514477196803
26.26710490115137	27.607486526420168	0.4226683241192238	-0.7854062899117445
26.39568549824762	27.708937908801172	0.3029612185185599	-0.844374090070804
26.52287029467874	27.81841336512266	0.17965066733516616	-0.897520121737196
26.64790117185268	27.935859200345984	0.05559978361273291	-0.9428213174370073
26.76982807655964	28.06051827979947	-0.06623327143781353	-0.9767647629298336
26.887495502295934	28.191019930356532	-0.18290030487324618	-0.9960995097007501
26.99968965640309	28.325567085435456	-0.29172767234527763	-0.9983909909016337
27.10537886212597	28.462277654985293	-0.3909271765245644	-0.9823735549625016
27.20394953466892	28.599546892662637	-0.4797556129066571	-0.9473128095904351
27.295337392413813	28.736301592996064	-0.5575863181358361	-0.8947752049097154
27.380285948559862	28.871943826728852	-0.6260460563853616	-0.8262749411445993
27.46015739810477	29.006319053583475	-0.6864118680500539	-0.7435131551414529
27.536857429487043	29.139528601025486	-0.7398823028194542	-0.6482622300323062
27.612649100264882	29.271787802820462	-0.7885699473754524	-0.5423230468172928
27.690036156293935	29.403349250757	-0.833756287059443	-0.4275235836592847
27.771521347472852	29.534444628500356	-0.8762264121944191	-0.30568178552048453
27.859336539124136	29.66526920508167	-0.9146848766526061	-0.17885446786594908
27.95487312776986	29.795960424471687	-0.9492609962615742	-0.04913743859534045
28.058787292437845	29.92662516843332	-0.9763872218461229	0.08136774207908297
28.17053976332299	30.05731803931792	-0.9941724727461184	0.21049919580557808
28.288917869581997	30.18806605239876	-0.9995419812390847	0.33608786965865256
28.412270170988506	30.31887029542472	-0.9901951622185616	0.4559946913441453
28.538968892890793	30.449721054255672	-0.9648710702462439	0.5681637724646438
28.667704449306942	30.58060842469824	-0.9232724924269428	0.6706693178116521
28.79757333981044	30.71152748966728	-0.8658299729032307	0.7617531862414361
28.92802925357801	30.842479191180075	-0.7934659081469828	0.8398541028634737
29.05878727625238	30.973468287138033	-0.7074258096771976	0.9036308584157065
29.189742109246023	31.104499270261854	-0.6091708898290744	0.9518185945482609
29.32092868068904	31.2355717409825	-0.5002967770704586	0.983560537365595
29.452531962450053	31.366674146925334	-0.38244571079688655	0.9984531995437365
29.58494041782632	31.497821439133094	-0.257198973898729	0.9962330320159016
29.718831988393802	31.629211072044615	-0.1259598331193616	0.9768805924120534
29.855267821118286	31.760637986135343	0.010130943050442851	0.9407090350189384
29.995720523327027	31.892057888333422	0.14994890415410025	0.8883461037811371
30.14197615917378	32.02341051126528	0.29239386173612425	0.820725825375169
30.29580487000838	32.154613908380554	0.43544662722530714	0.7390816389984199
30.458313281354386	32.28554168899395	0.5752690676789367	0.6449469586753682
30.629112251800645	32.41595849199692	0.7057566828323216	0.5401911543864086
30.805770280838715	32.54540134677539	0.8192240284435404	0.4271142847926318
30.98409219973791	32.673043789918175	0.9079992002838729	0.30855594431673916
31.159399833121583	32.79763929399294	0.967132843919531	0.187955068508226
31.328158753194383	32.917692845165426	0.995680436143654	0.06896016132940345
31.488847890732785	33.03186733152436	0.997077378614894	-0.04511477082440419
31.619742445866084	33.13944189070984	0.9789457694710806	-0.15205106411665587
31.750628615709942	33.24042377622947	0.9440990306436592	-0.25096877052319966
31.88149633413128	33.33573431651957	0.8931401603698812	-0.3418033544991033
32.01232499749823	33.426964981677926	0.8269557834935326	-0.4261526932774077
32.143081074218706	33.516436862705525	0.7467071845740425	-0.505040812595696
32.27370120351893	33.60645066012225	0.653827176994401	-0.5806811923763353
32.40409028851572	33.69929462513586	0.550005500356134	-0.6534897599856552
32.53408328034779	33.7968729856346	0.4371970970736899	-0.7242572662491604
32.66343638116975	33.90066713125424	0.3176032040003175	-0.7915314706796606
32.79174696791768	34.01164498263576	0.19370454243241358	-0.8543098432527152
32.91845472398394	34.13015083094008	0.06820178851774557	-0.9097725621323277
33.04277491521337	34.25583389755383	-0.05601517902754727	-0.9545360715079185
33.16369730088141	34.38763047072842	-0.1760039094006176	-0.9851975230857819
33.2800815787886	34.52389078800265	-0.2890456437926762	-0.9989438801275312
33.39086463224325	34.66268788822779	-0.3930380897555519	-0.9940431346415775
33.49532387438299	34.80222012719809	-0.48687096539509567	-0.9700284440049686
33.593301079412555	34.941140958932024	-0.5698072185144785	-0.9271435699718786
33.68530343317999	35.07869681589914	-0.6429965382867828	-0.8668793576840172
33.772507250157375	35.21465991361873	-0.707030923410747	-0.7913545744165421
33.85666295828989	35.349107437437866	-0.7640957064857751	-0.7023815358721859
33.93992878080638	35.48230485230369	-0.8150461015847072	-0.6017624806415759
34.024613291185254	35.6145601365845	-0.860910163562438	-0.4913068168098543
34.11296004292186	35.74616242832031	-0.9026772276549121	-0.37286119486375235
34.206956088227564	35.87735594201237	-0.9387271849602996	-0.2483309669252632
34.307778980407356	36.0083166995883	-0.9689293418299203	-0.11969441275059028
34.415942689828626	36.13917480655746	-0.989625801428351	0.010852146558494062
34.530851413191904	36.27000055256969	-0.9991624826855635	0.14115471171930116
34.651370628064406	36.400832954444	-0.9951080077221678	0.26903518815790994
34.776053311022	36.53168573092724	-0.9757356192018496	0.39233010814349695
34.903511563413936	36.66255977676478	-0.9402752089623456	0.508939556783471
35.032647126212844	36.79345197539358	-0.8888015700511092	0.616872337772724
35.16271058891954	36.92435952965277	-0.8220142322421584	0.7142843811776568
35.29325246989262	37.055280682191245	-0.7410348938061416	0.799510757817387
35.42404013151325	37.1862128415828	-0.6472675788804364	0.8710928274642681
35.554988935215285	37.31714890478297	-0.5423099602420907	0.9278022629007989
35.68612866102558	37.44807263331068	-0.4278851809679183	0.9686460202195013
35.817609983603845	37.57895452368528	-0.30570094222166366	0.9926328128483817
35.94975271006018	37.709749818217865	-0.17757246394164283	0.9996659080880328
36.08310873735303	37.84093952317551	-0.04517703993215671	0.9895865146139312
36.21853620414739	37.972151132811995	0.09005331663719351	0.9625267367820205
36.357220175507834	38.10335613956071	0.22681074599177875	0.9189547240251086
36.50058675611116	38.234514998779744	0.3636844401293837	0.8596391652150983
36.65003935937575	38.36556940490007	0.49816447997429847	0.7856451581471371
36.80643190418539	38.49642275812211	0.6271268065810958	0.6983356647589893
36.969534415214405	38.62688229668714	0.7451051625237355	0.599404421164979
37.13755940759694	38.75657480948703	0.8463302882904818	0.4909436268004198
37.30736782010294	38.88483810141344	0.9239183647012228	0.3755378268685736
37.475334491901584	39.01067083988755	0.9745920322266111	0.25628448177955876
37.63852492959754	39.13282340916481	0.9980972320862127	0.13661182052764637
37.794535818083425	39.25006849585301	0.994960043313154	0.01982662261365108
37.92543175276592	39.36164511310353	0.9740374815017041	-0.09156259451370086
38.05632125959271	39.46729239150164	0.9364761962689556	-0.19605448238338935
38.18719599164541	39.567603434990644	0.8829205404638708	-0.29320931946050854
38.31803892031811	39.663901049421995	0.814294905986809	-0.38372543105908163
38.448819041601155	39.75816653153446	0.7317952959771031	-0.46892844163072145
38.579482749816655	39.852618967266565	0.636851250243205	-0.5500701866177151
38.70993847228429	39.949431291664425	0.5310788794716339	-0.6282381615831379
38.840040050009534	40.05051951675203	0.41664468318063486	-0.7033736330032281
38.96954592223336	40.15741235951799	0.29576998467402077	-0.7753288253482536
39.09810294775176	40.27114364114252	0.1708991747521988	-0.8420382745138895
39.225171164587515	40.39214073639958	0.04470757532512595	-0.9008594701227
39.349986784538736	40.520117960814794	-0.07995791513681563	-0.9488797141661507
39.4715972240278	40.65402385209761	-0.20025494957428858	-0.982571119230506
39.58892402329655	40.79218108379469	-0.31358571307753674	-0.998476093470053
39.700904159171984	40.93263776028972	-0.41767962031338285	-0.9952884942395028
39.8068791180625	41.07355368931159	-0.5112861454453819	-0.9726133968332281
39.90676497020874	41.2135691217687	-0.5945306991191359	-0.9311740557390551
40.001143722744786	41.35194405011637	-0.6674873730077602	-0.8719374163014992
40.091223027623165	41.488492494641	-0.7319445490062764	-0.7970859833616961
40.178784973461546	41.62336745161252	-0.7884260965264094	-0.7086916329911461
40.26591031785869	41.75686465550378	-0.8390971943291315	-0.6085768447981845
40.35487451078891	41.889337510415935	-0.8839437405807115	-0.4985426880126871
40.447735158577196	42.021101473590456	-0.9234318134314164	-0.38042799504367025
40.546176383591465	42.152415894704205	-0.9565325323111897	-0.2561381559161279
40.65116268510179	42.28347196910788	-0.9820590553906623	-0.1276688786333726
40.76287558266537	42.41440087924066	-0.9966156124654031	0.0028981479948523878
40.88056927743491	42.545278403370155	-0.9987480229412937	0.13334589389684182
41.00308347303579	42.67614616762827	-0.9863721123848368	0.2614769094313407
41.12906626029093	42.80702076728018	-0.9582526059917301	0.3851266708338664
41.257298654755154	42.93790634809055	-0.9140508092937232	0.502193537199038
41.38685771090425	43.06880217304963	-0.8541678402997036	0.6106824050305684
41.5171354554638	43.19970600441583	-0.7795333982529086	0.7087424013434691
41.64777915675018	43.33061415175037	-0.6914327900407811	0.7946991027323482
41.77861515985652	43.46151906211602	-0.5913934016507707	0.8670827057575229
41.90959269911602	43.59240526911454	-0.48108846876129086	0.9246538179318259
42.040761624744896	43.72324464189901	-0.36224320921086817	0.9664282825356875
42.17228557988638	43.853991547128686	-0.23687136298919395	0.9917014855520606
42.30448514315521	43.984585053437684	-0.10677102203948162	0.9999281470450991
42.437903514390996	44.11570806272208	0.026385322083307815	0.9909029705827057
42.573372249065905	44.246843014732	0.1610892936011497	0.9648959371265377
42.71199884869011	44.37796586420245	0.29590034958860334	0.9223599383411711
42.855064286519635	44.50904200868541	0.429111545747156	0.8640458721596891
43.00374267005321	44.640016963153855	0.557951835632287	0.7909997052076942
43.15862039625201	44.7707919846811	0.6794001923721563	0.7045685497627464
43.31926440045636	44.90116658915557	0.7877439043230754	0.6064364456993527
43.483863152143634	45.030760681862475	0.8782225799689618	0.49868854442103117
43.64955504423369	45.15891990634333	0.9447628388838909	0.38389123392954105
43.81322521071891	45.28468875646969	0.9853252744896093	0.26508642105671293
43.972434902195126	45.4069080893937	0.9996902702565242	0.14559892516925144
44.107378453109874	45.52448122753393	0.9921695012905757	0.02859342712825969
44.23827427196782	45.63664635567739	0.9672861469286528	-0.08341619126032752
44.369163516485315	45.74319617761052	0.9258551971564264	-0.18894949277661288
44.5000377234396	45.844750608144636	0.8686286723418148	-0.2874118912309969
44.63087896808069	45.94256902367266	0.7965995256046758	-0.3795803097914486
44.761655840438685	46.03863078129455	0.711027716697727	-0.46650436050854244
44.892312054101964	46.13506670421065	0.6134317501402496	-0.5494602569447324
45.022753384608016	46.23399833672198	0.5055796280223044	-0.6293297691102866
45.15282783094735	46.33729231686035	0.3894813446619644	-0.7059099563240836
45.28228325313223	46.44643382129544	0.26739603076323526	-0.7789052573002718
45.410749347450384	46.56240593135033	0.14180558342501223	-0.8463651839481626
45.537676096608095	46.685557819141216	0.015407238216383928	-0.9054190973286771
45.662290437062275	46.81550013525566	-0.10894226395011566	-0.9526659177123782
45.78360746398458	46.95107960000707	-0.2283810575412078	-0.9847405773033117
45.90054518409215	47.090539038476535	-0.34033606013120565	-0.9989525994542048
46.01214780787345	47.23187935631647	-0.44291173968790987	-0.9937777125201919
46.117850229935634	47.37330129210967	-0.5351986214016466	-0.9690010382596366
46.21768629443864	47.513536450899956	-0.6164428471958218	-0.9247511961132713
46.31231614163605	47.65197935154552	-0.6882520384004418	-0.8633614822203806
46.40309889157198	47.788514769971215	-0.7509148337743934	-0.7867681842254217
46.491852922889464	47.923326698677286	-0.8067383661477033	-0.6968326173056536
46.580739084845014	48.05676352527884	-0.8556959833265404	-0.5953727117816622
46.671872184538934	48.18918443227405	-0.8992917088470843	-0.48420369496256743
46.76726604131411	48.32091799646065	-0.9366745468498163	-0.365092607577971
46.86837135905372	48.45222223644003	-0.9674140926605371	-0.24004125410249225
46.97598569280035	48.583285091554025	-0.9886361077428063	-0.11113620031702391
47.089925542383426	48.714225134295546	-0.9989333322459226	0.01952615004211735
47.20941270176377	48.84511606090579	-0.9958916637149787	0.1497905208428022
47.3332215454263	48.97599512666958	-0.9777427259999134	0.27747627700092936
47.460048364628136	49.10687763041136	-0.943605746460606	0.40042455173546665
47.58878116399057	49.23776775442167	-0.8934481141550565	0.5165449955931098
47.718612092481074	49.36866501406941	-0.8278977774865519	0.6238580744281316
47.84902675071046	49.49956672667526	-0.7480412222783975	0.7205317609302857
47.979736754858735	49.6304673415185	-0.655272940716059	0.8049132851811748
48.1106088108239	49.761355453509346	-0.5512002248634608	0.8755574030471037
48.24161813662247	49.892209405258484	-0.43757875188358436	0.9310357287569778
48.3728368928908	50.02299349646652	-0.31625115140421367	0.9705108924122472
48.504454832842704	50.15365481477549	-0.18907497233628937	0.9934165757373539
48.63682613937376	50.284124979772386	-0.05782192843381695	0.9994145205409062
48.770527706368455	50.415227772215026	0.07574037416352121	0.9883481273983175
48.90641271967761	50.54633619470492	0.21004913684788537	0.9603469340259656
49.0455819200453	50.67742675730442	0.34357599798379307	0.9158971869256713
49.18924930394305	50.80846456289621	0.4745451459178224	0.8557818004848778
49.33844451490058	50.93939071786176	0.5999831232576941	0.7810793235551867
49.49353452876283	51.07009430855812	0.7162670544778229	0.693173972512166
49.653814018257776	51.20035292832754	0.8183741946937527	0.5937952297035307
49.817333858498166	51.329750777627176	0.9010479184199458	0.4850869362904189
49.98126095976191	51.45759802729454	0.9594075133715657	0.3696749711765581
50.142738834830915	51.58292334145189	0.9923894602497326	0.2506370717052759
50.29962679133993	51.7045874928313	0.9989276769642639	0.13128563000156382
50.43052488752137	51.82159469615073	0.9859555249613585	0.014674428245138139
50.561419906250336	51.93325539634029	0.9561394048492433	-0.09677815153180838
50.692307141423434	52.03948987822976	0.9099884458218488	-0.20174008944534935
50.82317668954866	52.141055624472536	0.8482939505488014	-0.3000085927710759
50.954009133791246	52.23940492360923	0.7721210670625948	-0.3921061437831192
51.084767720072286	52.336459490726185	0.6826937568285791	-0.4795495813515038
51.21539274438572	52.434401811167575	0.5816389946089877	-0.5628152455584405
51.34577413917392	52.53523642974242	0.47092956558179994	-0.6432793399117596
51.47574763912992	52.64076844609954	0.3526402276845047	-0.7202553741998847
51.605038331453706	52.75236732583482	0.22908991112144875	-0.7928454945787919
51.73322691412083	52.870888059867525	0.10282545246812289	-0.859240195597431
51.859714202646984	52.99651546131085	-0.02342000157162403	-0.9164470073605895
51.983683663421886	53.12866386545321	-0.14680320461801843	-0.9610282553996536
52.10413625309229	53.26599127698302	-0.2645609851246776	-0.9897028586335153
