5.47651483454661	0.20477696290720482	0.6917185467169695	0.9787361567516828
5.612487501047492	0.3356565891394431	0.7830467099774202	0.9437757553220123
5.750266892633523	0.4664824299803246	0.8609037933240633	0.8927259023775491
5.889829086692075	0.5971926290204832	0.9232781891764544	0.8265094686117259
6.03083882164388	0.7276698199473746	0.9682988955210938	0.7463664787707003
6.172658977446788	0.8577115751231592	0.9935390199585585	0.6538744955909486
6.314500986551819	0.9870083195165669	0.999016512535704	0.5509609794409169
6.445400598294101	1.1151395423690214	0.9863977141881622	0.43988500161901517
6.576300006157197	1.241606196281134	0.9569267974122699	0.3231569201474193
6.707198777708042	1.3659135231457806	0.9111047296744524	0.20337127056536405
6.838095721322877	1.4877228745935156	0.8497107961001781	0.08293897105637546
6.968987837805159	1.6070194391184507	0.7737904405625098	-0.03619928317513827
7.099868228350964	1.7242411440961976	0.6846398409936936	-0.15276779981860406
7.230722322075767	1.8403151035229048	0.5836015589552931	-0.26615606616908527
7.361521600451523	1.9565904648836427	0.4726715428849181	-0.37620223581713885
7.492213527417893	2.074687120411402	0.3538038694959307	-0.4828173496126026
7.622705382525648	2.196318595983996	0.22912484189794188	-0.5854728991120165
7.75283590908802	2.3230725692820298	0.10092807892518074	-0.6832676311531121
7.882345433566166	2.456155939118351	-0.028345140643106975	-0.7740146149842556
8.01082506041843	2.596050658323117	-0.15612401430430561	-0.8544789248924028
8.137681858423136	2.7422251639945343	-0.27977218084996336	-0.9208912190163433
8.26217333692502	2.893050203563114	-0.39675432350087614	-0.9691905818950876
8.383513713839308	3.0460822584347813	-0.50488425203501	-0.9949519117964198
8.500981625753138	3.1987699002199337	-0.6025440743795885	-0.998204314693758
8.61439701091514	3.3490290196771797	-0.689095274673022	-0.9781561213447653
8.724080583172611	3.495781766760252	-0.7642007409775403	-0.9374991192589948
8.83101927698783	3.6387561032256173	-0.828439314667476	-0.8787993020293712
8.936627972057895	3.7782704019570645	-0.8828906545807749	-0.8038944136424541
9.042534128719575	3.914998475370722	-0.9276907248877877	-0.7152363379411704
9.15030923486291	4.049641174218606	-0.9621280024001134	-0.6149852421260438
9.26114973007286	4.182810677494188	-0.9861767180971032	-0.5049240315915974
9.375835700781982	4.315009027953569	-0.998462939328259	-0.3868334215608263
9.494560243737567	4.446606322670712	-0.9973727427825985	-0.26256888480660756
9.61698247883781	4.577855399271344	-0.9814782995047459	-0.1340924646527821
9.742411740218984	4.708916398028295	-0.949879760209141	-0.003470297939760064
9.870038077343603	4.839882697001341	-0.9023590462752806	0.12714041626784003
9.99911969290244	4.970803601318583	-0.8393514652541222	0.2554945694231001
10.129081116488365	5.101700629745127	-0.7618165893439804	0.37942991706420426
10.2595311637609	5.232577120932404	-0.671092992012288	0.49684285367633363
10.39023373383402	5.363421234231868	-0.5687837398732655	0.6057296623956766
10.521063288256071	5.494202659115109	-0.456681466861663	0.7042236701665556
10.65196767430436	5.624865014614549	-0.336718880409291	0.7906317275202995
10.782947324314048	5.755316608540521	-0.2109276826041217	0.863473885046671
10.914052407742645	5.885423971437316	-0.08139453868796512	0.9215289947091151
11.04539572261054	6.015014003929653	0.049788660326095746	0.9638846383239544
11.177175862195403	6.143890065246725	0.18057332638973997	0.9899826100609477
11.309700224949099	6.271863618156086	0.30898499499610144	0.9996444356484522
11.443393882837468	6.4020254957466936	0.4329031635512585	0.9927567454203158
11.578807948799358	6.532957657006016	0.550502566011791	0.9689223316966469
11.7165218422946	6.663864709723542	0.659771501073293	0.9283119325697473
11.857006932565477	6.794714490033755	0.7584705538701516	0.8717900071896998
12.000415472426605	6.925439627001677	0.844064652825116	0.8004770558601528
12.146402077993212	7.055906753163992	0.9127109025095773	0.7157201851089376
12.294088980342394	7.185875084384256	0.962738081219928	0.6192187836328065
12.442208246249054	7.314952887035984	0.9922559664646671	0.5130570879693459
12.589389871696724	7.442581953578726	0.9992770665850872	0.39969797537323176
12.72028930360264	7.568093620144744	0.9876953751822526	0.2818727556077236
12.851188136141337	7.690786840308774	0.9592412552981269	0.16239615381167322
12.982085225040711	7.810098822067237	0.9144000622344282	0.04385394387325428
13.112977687926222	7.925838782351311	0.8539368451053155	-0.07177428231439187
13.24385897133758	8.03836044844565	0.7788854180494367	-0.18331592260783597
13.37471526794893	8.148580805683714	0.6905349167312458	-0.2902366495504927
13.505518557313486	8.257878554796797	0.5904159196505224	-0.392813415664401
13.636218466571096	8.36800033073467	0.4802335552051662	-0.4915334275913295
13.766728259207303	8.480769192435568	0.3619605052690016	-0.586519223156487
13.896902251355883	8.597877539997949	0.23789536668708994	-0.6769824819891421
14.026493010607533	8.720705001603028	0.11041243777710939	-0.761968796015716
14.155126312559414	8.85011285965888	-0.01794755694492895	-0.8391697348238902
14.282255434192527	8.986186334440285	-0.1445157133440935	-0.9053159981667032
14.407145256138982	9.128072672270386	-0.26659728526952653	-0.9559252196422785
14.528865792127176	9.274051568946557	-0.3816204220215548	-0.9881946783799581
14.646555204695641	9.421877552650814	-0.48754847469079565	-0.9999089109646306
14.759641088096869	9.569345461665552	-0.5829522710885252	-0.9891579827118513
14.867964117635175	9.71488905317826	-0.6671585961118673	-0.9577646390956831
14.972101798399802	9.857654280391932	-0.7409501347479428	-0.9075854468172083
15.07324025613083	9.997480975347932	-0.8050922883962628	-0.8402724096457802
15.172995021317073	10.13470090842214	-0.8598605155291226	-0.758100765556426
15.273158221411874	10.269829268873243	-0.9068195829855465	-0.6633695399745414
15.375568617871515	10.403404037523167	-0.944880516029059	-0.5578926292568693
15.481630999866614	10.53589530508298	-0.9740347860450245	-0.44346821684481863
15.592299940626628	10.667683312785556	-0.9930556652976965	-0.3219347705591414
15.707888284659658	10.799045118059293	-0.9999976451053738	-0.19522015993935907
15.828049992653007	10.93016643013042	-0.9926394553026512	-0.06535466965847037
15.9519537862749	11.061161930449995	-0.9701833917014294	0.06553362777531307
16.078639620684203	11.192097877395566	-0.9319151846444378	0.19521471553794767
16.207189915831847	11.323007560782758	-0.8778627836949593	0.3215041987975644
16.336875163970248	11.453904804701272	-0.8086533764147925	0.4422669230530688
16.467192877888753	11.584791707002363	-0.7252587846493252	0.5554508021367025
16.59783651943454	11.715660521013879	-0.6293441599215508	0.6591255207178612
16.728644681434723	11.84649165876299	-0.5225978477101154	0.7515178223476362
16.859550145582517	11.97724813911447	-0.4068642478430534	0.8310448217841977
16.990553673735963	12.107868818659774	-0.28409826111175773	0.8963484385710457
17.121720880259286	12.238263342014411	-0.15631686629855973	0.9463325745639752
17.25319980988312	12.368312923146677	-0.025542970515760648	0.9802016793624232
17.38525272838474	12.497880793243768	0.10625088002374543	0.9974943541810157
17.518289188222067	12.626833585510342	0.23717809186734407	0.9981011245684809
17.65288045440407	12.757810821476955	0.3654244256097762	0.9816450013484433
17.789783722832016	12.888774125468908	0.48895630045180094	0.94826433698353
17.929775246076492	13.01970211943384	0.6057165459933972	0.8986953153053613
18.073450493990705	13.15055191887849	0.7133277423842442	0.8338217148828589
18.220964304633828	13.281235283506918	0.8088496454556604	0.7548332840377282
18.37178841295544	13.411577857542627	0.8876034266134971	0.6632525905848159
18.524655333920837	13.541265191332169	0.9474186216110757	0.5609783725955858
18.677803253139558	13.669787995554499	0.984905985082605	0.4503278057321274
18.829451335341535	13.796438207767	0.9993686035591054	0.33401158396526787
18.966700902387036	13.92038295923843	0.992916252318605	0.21498391949832865
19.097599390147924	14.04081549585693	0.9692994134147715	0.09615586160706076
19.228495510031035	14.157127249237815	0.9290027823971408	-0.01994717731962187
19.35938551071035	14.26919809630833	0.8726550284573986	-0.13162125425441898
19.49026117988929	14.377566762619441	0.8014263303952294	-0.23802722225429485
19.621105339703107	14.483342438942747	0.7165487976112507	-0.33913549689681194
19.751885084994747	14.58815274337007	0.6195036775252958	-0.43572381056296566
19.88254363112017	14.693908363166091	0.5120070437818655	-0.528300624065857
20.01298162124077	14.80248538761108	0.3960009012817397	-0.6170161123337052
20.14302978520509	14.915587804520154	0.27364866431961943	-0.7018249820289416
20.27242534394382	15.034573600765281	0.14731871801278118	-0.781397120729249
20.400763391649285	15.160248011810461	0.01957597027723258	-0.853372827068164
20.527450613915114	15.292681270072356	-0.10685332681361587	-0.9145718452369413
20.65168936228024	15.431079417602017	-0.22918422885978057	-0.9614543149911403
20.772539437700566	15.573835184329036	-0.3447908515159797	-0.9907907987503892
20.889086577749186	15.718840273611368	-0.4515352629133086	-0.999658401192869
21.0006168931629	15.864028376921928	-0.5480473541304934	-0.9873596563900044
21.106940288218663	16.007823079290176	-0.6338196238068805	-0.9550452805863439
21.208579097077866	16.149319705116344	-0.7087577202649759	-0.9041309881336991
21.3066561085482	16.28826793338292	-0.7745932559835111	-0.8360003508621507
21.40279552575291	16.424925409728253	-0.8314772321388424	-0.7534464286541354
21.498893460109137	16.559692504582497	-0.88102727278606	-0.6583611757999934
21.59693359575766	16.6930396176804	-0.9229371909957668	-0.5525586112901159
21.698602400294487	16.825391045348315	-0.9570853845023528	-0.437846504636045
21.805134698281126	16.95709300139706	-0.9826754075257339	-0.31607933306299474
21.91713984643731	17.088402153059622	-0.9969750645272537	-0.18919805801910833
22.034388992651092	17.21948967178261	-0.99864200906904	-0.05923093261226688
22.156163709370702	17.350465262835673	-0.9859597942695287	0.07162349910994022
22.281426136354664	17.481390055960755	-0.9577182034154855	0.2011735333870371
22.409103081886162	17.6122945528724	-0.9135106385537548	0.32724421248451585
22.538295060942307	17.743191757903546	-0.8536623070964725	0.44770263522579046
22.668355567100676	17.87408475470276	-0.7790578402808533	0.5605015647613489
22.798875779772445	18.004969736299625	-0.6909714472532423	0.663718376396213
22.929627572881117	18.135835201182868	-0.5909444031126336	0.7555896665128454
23.06050574443797	18.26665820625779	-0.4806706849593622	0.8345430803841908
23.19149032083557	18.39739857487042	-0.3619754620045507	0.8992282843870267
23.322635552780156	18.527992270091506	-0.23696318708367453	0.9485487825040957
23.454084327722736	18.658351735658776	-0.10761202790833961	0.9816964793175336
23.58610213465328	18.788370471757343	0.024141341045017205	0.9980784346990511
23.71912202549989	18.917971843405137	0.15645354885885493	0.9975013075707784
23.853776595691826	19.048984183016653	0.2875794950933623	0.9799027479000846
23.99091081514439	19.179984683842676	0.41581681505620005	0.945546327230737
24.13144554913872	19.31095005922908	0.5391461251645293	0.8950355587701102
24.27616730407137	19.441838081049152	0.6547277194406451	0.829269107906054
24.42539635493531	19.572564824622805	0.7598053959634015	0.7494482913994709
24.578706611754868	19.702960406259894	0.8501565398061555	0.65710476036096
24.734763904925188	19.832708827327796	0.9214432296197193	0.5541491927402888
24.8915510830436	19.961284460547926	0.970794173587515	0.4429237279586651
25.046891079764492	20.087927128387136	0.9958608717375171	0.32620015884212356
25.19907636428423	20.2117202034583	0.9976970946505015	0.2070296160795895
25.32997496159138	20.331764376695244	0.980381390740628	0.08842801428935408
25.46087136670682	20.447374399994775	0.9463248303773938	-0.02700437530726253
25.591762050477907	20.558328736144606	0.8961128444287603	-0.13749242412044338
25.72263924206306	20.66510123665601	0.8306089764112361	-0.2422709489450449
25.85348709179663	20.768824294945382	0.7509446204423771	-0.3412959201030855
25.984274357729543	20.871125735866375	0.6585082541021479	-0.4355346679112825
26.114947924565406	20.973992214558475	0.5549316558776336	-0.5256315098271707
26.245414214467132	21.079367137881718	0.44208235816763636	-0.6120361445125098
26.375515669011246	21.189031914870455	0.322057922621967	-0.6949380486796655
26.50500859025466	21.304427647862525	0.1971714731206341	-0.7732276413709407
26.633515614443755	21.426476075300894	0.06994752024696163	-0.8447423075604528
26.76047427803447	21.55542176988548	-0.05689926705359145	-0.9064535686736666
26.885105705068902	21.69069591521181	-0.18054031826266184	-0.9548799083123232
27.006451937365775	21.830916737399377	-0.2982203799239414	-0.986707943620857
27.123522188982808	21.97412540602725	-0.4075755598080766	-0.999465377288651
27.23553223497493	22.118231055855723	-0.507003566350335	-0.9918927925782107
27.342144205479798	22.261495322982906	-0.5959131241493765	-0.9632778084586466
27.443567367535305	22.40289453357008	-0.6740829590897819	-0.9159759448480604
27.54078616001226	22.541989238679925	-0.742479991579559	-0.851782126943736
27.635318361798678	22.678839548981546	-0.8024618122872872	-0.7726331907698822
27.72906311671059	22.813788153734503	-0.854616969317157	-0.6801780611511824
27.824029074927058	22.94728388608465	-0.9000691812859125	-0.5764912450467188
27.92217133785994	23.07974852543459	-0.9381854820180568	-0.4635280617210708
28.02497611638544	23.211523618327394	-0.9690127554974058	-0.343129618029821
28.133418896953575	23.34287414466801	-0.9897292680431617	-0.21721525480101472
28.24755793754389	23.473980191032066	-0.9991590855907259	-0.08780772119765237
28.366874890430555	23.604960532540908	-0.9952313098372191	0.042987333053266824
28.49037742984936	23.735883956596854	-0.9762788317204638	0.17300638962246503
28.616908851283284	23.866785824976063	-0.9414326231991699	0.30007012096833097
28.74541940530795	23.997681706019304	-0.890636485612146	0.4220298093623649
28.875107244314215	24.128576439931077	-0.8244971291746858	0.5367735309944554
29.00543827800312	24.25946868624343	-0.7440955266761203	0.64220396167319
29.13609795265118	24.390351652960792	-0.6508351740728135	0.7366337307560029
29.266926744808707	24.521210470082373	-0.5463428721583268	0.8184515699092159
29.397869956762893	24.652017701383077	-0.4324048673245364	0.8862616429230477
29.52895465370397	24.782728182388443	-0.3109137708551441	0.9389134787757629
29.66029546732958	24.913275669967412	-0.18376616261842535	0.9755324658894783
29.792125028483923	25.043571481645973	-0.05297031149178609	0.9955485213431852
29.92483887836146	25.173514640474767	0.07958967214025488	0.9987194868467527
30.059036376386995	25.304550990686177	0.21217587391969367	0.9848970551498233
30.195551351977073	25.43558116609744	0.3431294856489592	0.9542139886846823
30.335362373998855	25.566583764107918	0.4706868239138815	0.9072017793814695
30.479415493514814	25.697522566143757	0.5924991371389855	0.8446869138285593
30.628303634713312	25.828328795440466	0.7051849982556576	0.7675793637133412
30.781916265405272	25.95886243194588	0.8055290607276343	0.6775668855528654
30.939160484460917	26.088850394151162	0.888058003860245	0.5765128659442252
31.098024520993416	26.21781746558986	0.9497889136343912	0.4666671969540877
31.256083126338382	26.345034658626435	0.9867686971790683	0.3507322018382911
31.41125086511089	26.469570875217045	0.9998531577887367	0.23175004462861837
31.54387029992787	26.590438077678932	0.9917580803473195	0.11282682320394409
31.67476765028645	26.706826127042174	0.9664872498722148	-0.003286408162670952
31.8056607872944	26.81830854061278	0.9247164099558278	-0.11449063854259132
31.93654349042333	26.925050213100665	0.8671647159496898	-0.21959795428249024
32.06740270126759	27.02800715134078	0.7948258513692784	-0.3187161903968532
32.19821410729857	27.12880245762954	0.7089570255807028	-0.412420753689241
32.328932431107965	27.229343718114606	0.6110687920568706	-0.5016777259703453
32.45947918793958	27.33166748707499	0.5029148495716934	-0.5876292912515647
32.58973089073535	27.43768790383006	0.3864774092548843	-0.6696734337023679
32.71946682929858	27.548979513282696	0.2639835254431455	-0.7478974620732881
32.84836080393326	27.666696990285793	0.1378731854109316	-0.8206398876030239
32.975923015391174	27.791377606772624	0.010792742689496678	-0.8852481631817586
33.10145741623625	27.922805167925315	-0.11445437463687182	-0.9384001489808247
33.2240633625583	28.05994638068702	-0.23504207011917852	-0.9766400275242064
33.34272909301313	28.201075282646038	-0.34838352266610617	-0.9970456462933854
33.456531724663925	28.344127480969973	-0.4524925209500025	-0.9973716780569157
33.56484522523127	28.487202895902225	-0.5462758055047822	-0.9769712209390383
33.6675908006769	28.628955240182357	-0.6293006000537688	-0.9373527256705596
33.76544129226734	28.768657590274977	-0.702035358503244	-0.8800883057117815
33.85967085943975	28.906153411711095	-0.7660845400182242	-0.8068715605364436
33.95204528490157	29.04167857750916	-0.8218554669096036	-0.7195214966859211
34.044564011746324	29.175629972013706	-0.8710642361317517	-0.6203198316599104
34.13933266202956	29.308417132405527	-0.9134185071786939	-0.51106422112345
34.238136787954566	29.440400319391415	-0.9492875330299468	-0.39357775097301606
34.34234764186443	29.57187157550048	-0.9764690213205196	-0.2697468363850041
34.452481766847896	29.70303872015703	-0.9940554867818696	-0.14155609423915713
34.568411149374704	29.83404471213123	-0.9996579315465862	-0.011078204446793706
34.68933456228373	29.96497538948284	-0.9911525269221712	0.11954148343823559
34.81408958118224	30.095876850776083	-0.9671206571048123	0.2481231966152715
34.9414865772748	30.226770568830343	-0.9270063309535932	0.37239071355434417
35.070535390603034	30.357664628032353	-0.8710331778165807	0.49025605742571676
35.20052754870656	30.48855998339307	-0.8000149758130302	0.599723513152838
35.331017919367646	30.61945321097061	-0.7151706528003631	0.6989278329917774
35.4617599881609	30.750335565678885	-0.617993437829682	0.7861762108888279
35.59264225207675	30.881189512420153	-0.5101693580277242	0.8599781983305732
35.72364819054659	31.011983827815968	-0.39352034203949604	0.9190744795212373
35.85484647088574	31.142669023334747	-0.2699488602670653	0.962465864567907
35.986410120986285	31.27317565012696	-0.14137232194393082	0.9894421171835162
36.118658079760195	31.403418219765943	-0.00965108343807175	0.9996071689210687
36.25210534306507	31.5342203458109	0.123467977403766	0.9928081557362582
36.387506944816074	31.66527406588266	0.256240410155932	0.9690149880308143
36.525828623009374	31.79631176861344	0.38695560443098104	0.9284287422799645
36.668140577689	31.92730492910514	0.5137423965568362	0.8718667527394781
36.81533892412274	32.0582014298705	0.6341635753945569	0.8004644478923686
36.96775040129875	32.18889820991974	0.7439255670114404	0.7155432762705347
37.12472831204886	32.31919203455622	0.8393279746541866	0.6187639492663708
37.2845883309587	32.44870297212142	0.914873026707653	0.5121888657282643
37.44489155377337	32.576807770305635	0.9677762069239638	0.39833571197029094
37.603109932867284	32.70262181298732	0.9949056637519765	0.28015702750115845
37.757426438449926	32.82512486494214	0.9981685955826618	0.1608192765198858
37.88832469239537	32.94337086551482	0.9821308044780555	0.04332347833717283
38.01922017364606	33.05670791991753	0.9490416737851374	-0.06991080613390724
38.150108648976946	33.1650508281989	0.8997550722075719	-0.17734055265645818
38.280980747527124	33.26899393860537	0.8351212627333178	-0.27840000427483214
38.41181753142108	33.36986151652042	0.7562608088150871	-0.3737655537173322
38.54258559320107	33.46954041249374	0.6645526890359276	-0.4640814401571747
38.67322267430068	33.5700256621575	0.5616264868576429	-0.550559739492678
38.80362683759478	33.67334076140679	0.4493499859646769	-0.633843213029525
38.93363442758371	33.78124948083308	0.3298206579740338	-0.7132115972070705
39.06296754296123	33.895124728139336	0.20537920445000268	-0.7881350514692527
39.19121906271644	34.015819618297556	0.07857480184920082	-0.856434556158727
39.31779387031397	34.14349949382084	-0.04785419913231808	-0.9150730834370036
39.441882690524835	34.277533693850614	-0.17106636143383025	-0.9605891258753905
39.56250449554915	34.41651585302441	-0.28831364551001426	-0.9897154491581052
39.67865455426199	34.55850476603106	-0.39726330122421194	-0.9999690473847318
39.789534560181316	34.70146062537646	-0.4963594111693703	-0.9892559047469858
39.89470914474927	34.84376009049578	-0.5848764287247695	-0.9588442104723601
39.99450054486483	34.98434911050494	-0.662505071392623	-0.9099863662883539
40.08988754298797	35.12279483328215	-0.7310615224398369	-0.8444353328028482
40.18241964909079	35.2591582540256	-0.7906534484304186	-0.7635780946629749
40.27398040249729	35.39377783508494	-0.8436325086471332	-0.6699639285939396
40.36673647613434	35.52705594740515	-0.8893280743663767	-0.5654089917653562
40.46261030294659	35.659368665623	-0.9293384739220141	-0.4517245895817491
40.56334464782933	35.791045652451956	-0.9613215374891934	-0.33075773541559605
40.66984318200881	35.92232810063717	-0.9850454005926201	-0.20444910261134142
40.78241646423249	36.05339136464668	-0.9981694298074548	-0.07482717186644913
40.90058238260791	36.1843459135356	-0.9981194995161645	0.05599353800576704
41.02329132287849	36.31525413431236	-0.9832114281766644	0.18584379487064814
41.1493154745878	36.44614762713174	-0.9526041845337035	0.31247213565054766
41.27753234050977	36.57703995117833	-0.9060163654417429	0.43370924894726115
41.40706483376785	36.70793478295052	-0.8438369368185107	0.5475136621890965
41.537319740505716	36.83883090242131	-0.7668998604293031	0.6519475030767446
41.66794369898048	36.96972295068569	-0.6767284000041233	0.7452298227597844
41.798756989476836	37.10059940821443	-0.57490584199678	0.825767749707524
41.92969453882641	37.231438240684774	-0.463180544505833	0.8921852103692712
42.06077941613887	37.3622019231143	-0.34341195222566645	0.9433512744777277
42.1921272099077	37.49283381404169	-0.21751076872404213	0.9784087631811196
42.32397753254805	37.62325859000548	-0.08736833254277204	0.9968015080010937
42.45674281825687	37.753389053862975	0.045212232630688354	0.9982953920376456
42.59105530384809	37.88445168773866	0.17855176784295387	0.9827808320465796
42.72780095916542	38.01550857034811	0.31103096678732745	0.9502987277661572
42.868047720660726	38.146536415353566	0.4406779674540302	0.9013765655797527
43.01284575025709	38.277498020812594	0.5654795780283977	0.8370785235355842
43.162883166047635	38.408320696402924	0.6825972172330692	0.7585729269316885
43.318082101080435	38.53885902565158	0.7870193838885993	0.6673475688142836
43.47725435353278	38.66883278304994	0.8750913032643648	0.5652566834221414
43.63823830385623	38.797744005219265	0.9409300603238773	0.45459076581895874
43.79841542218526	38.92483192500981	0.983008894216149	0.338101401079984
43.955429208610326	39.04910208304491	0.9991561963741247	0.21890851345592455
44.09638664580382	39.16952832508557	0.9932037515895241	0.10016572324547676
44.22728388768636	39.28527454382018	0.9699661089827804	-0.015356265274545854
44.35817672541227	39.395897872033686	0.9301529458133877	-0.1256551630686666
44.489059020325556	39.50166066438322	0.8742163676732032	-0.22958953903646007
44.61991719693228	39.60347643040004	0.8033169673599408	-0.3272755409174676
44.75072618090375	39.70302841306221	0.7187548818568479	-0.4196288434759868
44.881441671191965	39.80231618896526	0.6220196248715811	-0.5073592866219188
45.01198283014608	39.903369653586296	0.5148487720131726	-0.5918483139567934
45.142225019118285	40.008133406071764	0.39921052369324783	-0.6727295494417771
45.271952163679096	40.11819517671483	0.27731527889242835	-0.7497786173093968
45.40083409920033	40.23471398589484	0.15159714768245633	-0.8215651389219187
45.52838199639492	40.358242586263636	0.024695224363727612	-0.8854725633384191
45.65390033791886	40.488593354585404	-0.1005907742868705	-0.9382028910847038
45.77648459155783	40.624774150821224	-0.22143087033841757	-0.9763035218433419
45.89510874009694	40.76510148284652	-0.33522185587436804	-0.9968250537213931
46.00882090626087	40.907538534827	-0.4399479362280434	-0.9976501514916181
46.11697227667568	41.050175391195665	-0.534443054433158	-0.9777123757175747
46.219421269567725	41.191647853345074	-0.6178135209976461	-0.938598399217825
46.31679390713135	41.33118212849041	-0.6914177759438077	-0.8818341005375054
46.41033738515477	41.46859395848534	-0.7557009480928509	-0.8092581272022221
46.501773888279125	41.60406459530572	-0.8125028077907259	-0.7223385684925344
46.59316738494304	41.737991596022944	-0.862021462184421	-0.6234870344355081
46.686582038169746	41.87076237645647	-0.9058257968483122	-0.5145284566124797
46.783997201768734	42.00273797571092	-0.9423410931286657	-0.39727840806531733
46.88673316691802	42.134198823383414	-0.9716739115317843	-0.2736290170143592
46.995566787057896	42.265358177495536	-0.9916987619034568	-0.14555671664259903
47.11042846631155	42.39635754310863	-0.9995772387192592	-0.01513331844109179
47.23050066896207	42.527281669123106	-0.9939074371204089	0.11549585193701664
47.35465069253121	42.65817807538585	-0.9730688712969022	0.24415246418248335
47.481661734321115	42.78906860569576	-0.9362856828021835	0.3686537015056249
47.61048745243134	42.919961139594626	-0.883595286330191	0.486749882735126
47.74036227036661	43.050856827498166	-0.8156743749324356	0.5965051326306517
47.870795653321146	43.181752864162185	-0.7336475566226267	0.696049702232273
48.00151116924853	43.31264219460246	-0.6389423980234961	0.7836857752568238
48.13237943292593	43.44351046640329	-0.533090102827616	0.8579170925567998
48.2633729979876	43.57433073690998	-0.41797063221904246	0.917476736311131
48.39455287484851	43.70505876545496	-0.29555012142067727	0.9613554193009175
48.526084770578514	43.83563118341109	-0.16773527805333632	0.9888297643095625
48.65828016065392	43.96596791520295	-0.03638202054768275	0.9994871706985371
48.79164856544874	44.09673974901873	0.09676403947102279	0.993170527107379
48.92694433721897	44.22780871694136	0.2300829907398433	0.9698516398594994
49.065155208049646	44.35886304818645	0.36198909906976606	0.9299205005043693
49.207382238540475	44.48987349402792	0.49039520702512274	0.8738018350224013
49.35460249365727	44.62079069576463	0.6127483311278149	0.8027816818253136
49.507223989217515	44.75151666836573	0.7259453725932654	0.7181960147525763
49.66472219977489	44.881854180193976	0.8245044936972268	0.6216937324293232
49.8254170091321	45.011435247891164	0.9047169884083931	0.5153200215468536
49.98680278860668	45.13964094870649	0.9609533800162947	0.40158167618289686
50.14626656044271	45.2655908652123	0.9927213939497166	0.28342298884908185
50.301748191547354	45.388227816522786	0.9988610531338831	0.1640461780820765
50.43264655942279	45.506586997812704	0.9856236769455655	0.04647588524212348
50.563542349763324	45.61996305007797	0.9555473593848393	-0.06680965874137221
50.694431605855385	45.728195572601834	0.9091448580345796	-0.1741549225878909
50.8253053805388	45.83179818856954	0.8472105369084084	-0.27497581038767216
50.95614583618133	45.93209290012304	0.7708116825060858	-0.36996738039014504
51.08692148304596	46.03097053549503	0.6810784611167561	-0.4596801541904965
51.2175719659247	46.13043247557929	0.5798368992739933	-0.5456280069194422
51.34800187167889	46.23254987153239	0.46894496787655615	-0.6281854453358728
51.47805034613394	46.339111627514846	0.35047401131722977	-0.7071961916233724
51.60745627852067	46.45154622126539	0.22673058418773215	-0.7820381679004638
51.735831216462174	46.57076824187496	0.10023313458105736	-0.8506212461617718
51.86260180139452	46.69702942826037	-0.026305700730340636	-0.9099742733098342
51.986975789555785	46.829804003008306	-0.1500542643767612	-0.9566559131937971
52.107971470210835	46.96778588512826	-0.26824331411822017	-0.9873535862068208
52.22455323853288	47.10909786853254	-0.3784781830729288	-0.9995354505076697
52.33586595285747	47.25170198269728	-0.4790208222255301	-0.9917786614186509
52.44148267406843	47.39386275148228	-0.5686707264139286	-0.9633820782415081
52.541536899141015	47.53448601206705	-0.6480046143855096	-0.9164324906158205
52.63692092815162	47.673069057074336	-0.7175352156678408	-0.8526277144975788
52.72911400167586	47.809595288846495	-0.7785957124460232	-0.77384991072762
52.820004933169095	47.944342327753276	-0.832198194287995	-0.6818183252475195
52.91168325084348	48.07770790454813	-0.8796034545173754	-0.5784074493957523
53.006260124038256	48.210088641532806	-0.9203164430377726	-0.46566711682993484
53.10542971884465	48.34180527036422	-0.9545472013528794	-0.34544340578257354
53.21040530041406	48.47311180520196	-0.9805043863361584	-0.21965812707416607
53.32157370270075	48.60418584957956	-0.9958936857315082	-0.09033162320528763
53.438517483165946	48.735142023145315	-0.9990125336742874	0.04042927884707411
53.560298663025094	48.86604852308885	-0.987804100718588	0.170461868988914
53.68569411491883	48.99693973138742	-0.9609703022104413	0.29758594037250574
53.813519634942985	49.127830115871085	-0.9180810520708789	0.4196506292585227
53.942827991748544	49.25872391749547	-0.8594611699782935	0.5345798789144572
54.07296470341412	49.38962039058557	-0.7859932133606751	0.6402618502748287
54.203531065888136	49.52051536289978	-0.6989401134627133	0.734929467376491
54.33431524971036	49.65139952057486	-0.5998233832372641	0.8170172689113728
54.46523190340127	49.78225460130006	-0.49034651986414624	0.8851248884491543
54.59628913071555	49.91304861580667	-0.3723374442559117	0.938093598490894
54.727587487250375	50.04373184309873	-0.247671722886194	0.9750340784478423
54.859348159571155	50.174235534863946	-0.11822566442557567	0.9953530740138777
54.9919608890334	50.30447387540571	0.01408018255445487	0.9987754514174245
55.126034704950804	50.43554563627892	0.14755213233528264	0.9851702360051016
55.262438234585595	50.56661541042729	0.280604207894055	0.9546901438138214
55.40223527642897	50.697660247416	0.4115939345080524	0.9078628207601283
55.54651830030286	50.828643879154356	0.5384400925476787	0.8455113823785689
55.69608336490781	50.959500891669116	0.6577198140230738	0.7686168789629713
55.85099828389356	51.09010184482903	0.7662027957445932	0.6786932289379979
56.01029118091774	51.22018707544215	0.8581258161828281	0.5776743487587758
56.171862174927035	51.34929176913038	0.9298393211711242	0.4677958498758442
56.333010082816095	51.47667836520717	0.9763629918785727	0.35176466945739665
