3.323802937756186	6.001589681168887	-0.9832703226411391	0.9601399877103703
3.4541526437337486	6.133238922521935	-0.9515026264656221	0.9883166783130737
3.584953123339854	6.265402236749791	-0.9032213260306423	0.9994415121372107
3.7161912594494337	6.398237172929692	-0.8392071045513226	0.9931131994498401
3.8479717515565754	6.531874773466883	-0.7604439699166323	0.9691585165666006
3.9808405787360437	6.666388383219729	-0.6677220057379836	0.927309825823021
4.115875957868753	6.801751795754172	-0.5614838612072883	0.8682083163550841
4.254914684605942	6.937773104932969	-0.4415041497223527	0.7929190236296291
4.400801903567748	7.0740769758879845	-0.30654734424760266	0.7028740107594544
4.557509575185124	7.210137824672072	-0.15418449249583882	0.6000506111815008
4.729798560212354	7.345396082072511	0.017398127044206922	0.48685766069446124
4.922073276788312	7.479288507582992	0.2080563570722263	0.3659627718073565
5.135796676551371	7.611306343510985	0.410716574696623	0.2402475253235647
5.366102176872145	7.740655184831092	0.6078476742216816	0.11305275003856696
5.600602437463507	7.865622669384911	0.7757634688567888	-0.011633377427921435
5.82465833979746	7.983264565315096	0.896337012745914	-0.12890731211333153
6.029253496663121	8.090410820491924	0.9678566767017371	-0.23415285043507914
6.213284804269168	8.18531745307161	0.9973616191332123	-0.32517542520266274
6.380338477485702	8.268751204052494	0.994797338427016	-0.4027901985082723
6.51119768678375	8.343345376271197	0.9736683413564254	-0.46991318098614104
6.64201463739513	8.411873263017071	0.9359275603285078	-0.5292904927511977
6.772757120252446	8.477451379749194	0.8822452660028037	-0.5837755760983285
6.903374367971764	8.543217417851483	0.8135856826853309	-0.6359114078693314
7.033787505301159	8.611979721058018	0.7312035194780696	-0.6873862737747111
7.163871497504649	8.686041786879683	0.6366021683145189	-0.7390493713573019
7.293429233400758	8.767157947853788	0.5315803539218625	-0.7910608632588452
7.422163891190811	8.856508739811268	0.4184336643250391	-0.8427641614167184
7.549648748007975	8.954710248341122	0.29958233640903825	-0.8910984859374065
7.6751983858873505	9.061870721072829	0.17779015598814835	-0.9345464449624961
7.797946455246282	9.177435304553983	0.05599831633552526	-0.9694522657558614
7.9167629065258796	9.300278160141241	-0.0627399722829934	-0.9922242164828016
8.0303189037632	9.428795617836341	-0.17537468911558463	-0.9998738230994694
8.137304420199074	9.561110684509412	-0.2794097889246107	-0.9904459737805609
8.236661969811546	9.69545300156336	-0.3733449994478594	-0.9631862327136563
8.327836512718566	9.83040879610633	-0.4560969553177431	-0.9184041536196859
8.410995209598072	9.965023783954573	-0.5285348395857881	-0.8571744523792594
8.486939963098626	10.098839605919638	-0.5914508092301489	-0.7809853284385542
8.557122810678829	10.231725763508287	-0.6464169367967246	-0.691522476974333
8.623519283172488	10.36375212746218	-0.6955446342467282	-0.5905532072490839
8.688530559665663	10.495082242712906	-0.7406949556118337	-0.47982694022965894
8.754868812832854	10.62590061649517	-0.7835300046404644	-0.3612408396400546
8.825346272050947	10.756380561219645	-0.8252511373845162	-0.236850367416626
8.9025369940845	10.886674697126502	-0.8663381624790838	-0.10864626281014916
8.988434047075588	11.016915716762117	-0.9062085256667708	0.02132738987181028
9.084092279570337	11.147209661065782	-0.9420724913449796	0.15098092723719053
9.189289409287175	11.277612988580554	-0.9720377332448833	0.27817689283382874
9.30290227131268	11.4081558000271	-0.9924711265393523	0.4007824288135803
9.423101493296308	11.538829806259107	-0.9999473495457508	0.5166946496347588
9.5478905956982	11.669608570178765	-0.992354738834519	0.623901841173154
9.675566271425081	11.800467764303413	-0.968700743162268	0.7205408674664737
9.80489598356958	11.931394808991017	-0.9285348466787017	0.8049373749315158
9.935096978452941	12.062391516774905	-0.8724059300545198	0.8756326811172109
10.065742621099654	12.193472893691554	-0.8012673672435153	0.9311628468597799
10.196652765161904	12.324663225357106	-0.7163187526480396	0.970681359010894
10.327831384602218	12.455986327641327	-0.6189314936895686	0.9935523851883692
10.459464283090476	12.587454995533495	-0.5105452168977895	0.9993378325173501
10.591982826826335	12.719155326387346	-0.39253312437038534	0.9878727391227363
10.72615498776578	12.851007852379636	-0.2660605548146022	0.9592915445909949
10.863236535563509	12.98295812177429	-0.13192402657519184	0.914053450159912
11.005047014821248	13.114920531273684	0.009466495682453674	0.8529480200510747
11.153901173363844	13.24678899135234	0.1575889688104915	0.7770898835026532
11.312248845012647	13.37843716615277	0.31138319506092477	0.6879035701614312
11.481940017050647	13.509694150420017	0.46724237139368624	0.5870858722375527
11.662896869523548	13.640295335510373	0.618599429571059	0.4766016358775902
11.852215064652619	13.769704312433438	0.7553021560028911	0.3591608545982562
12.044133726451445	13.896921187111246	0.8663402384040648	0.2378768900056728
12.232013634456202	14.020390374107546	0.9442159098410523	0.11648699122123703
12.410949715534423	14.13825623800542	0.9874604164836338	-0.0010885802642137399
12.579043940415355	14.248973866364826	0.9996019866866359	-0.11154021863702632
12.70993734103906	14.351808490441998	0.9893145125399121	-0.21289342749737034
12.840820845403659	14.447049983727197	0.9621331614533863	-0.3049112400824308
12.971683216751936	14.53589160275262	0.9185305183736376	-0.3880673316259914
13.10250242177058	14.62026790072465	0.859268312327347	-0.4643339185751495
13.233242147110428	14.702743428910097	0.785391474179074	-0.5359010629582394
13.363843800345844	14.785937703842635	0.6982209407489702	-0.6039430277447186
13.494203232456046	14.872184866227887	0.5993553096632356	-0.6703241055879867
13.624166065040809	14.963488461939079	0.49065749068700587	-0.7352549700713626
13.753487933640317	15.061355936619318	0.3742613842420651	-0.7978095032478854
13.881783327369723	15.166766659185518	0.25258439115641307	-0.8566905427515388
14.008492035994353	15.280109028328884	0.12830687052374046	-0.9095796272294836
14.132845164375963	15.401105508938292	0.004318933724220161	-0.9530932365613838
14.253830984375142	15.528807893784798	-0.11637498520687838	-0.9837481372466798
14.370261748776974	15.661685495549822	-0.23089930942892103	-0.998546619139598
14.480957083717222	15.797877622654344	-0.33689153119805915	-0.995478459100863
14.585005129338448	15.93555807905189	-0.43291972723149996	-0.9737594161198675
14.682007996177484	16.073268697520135	-0.5180591629088276	-0.9337342207329313
14.772262308296014	16.210072188640893	-0.5931391227831233	-0.8765544744550215
14.856716128711598	16.345566748092633	-0.6587227429112401	-0.8033271194338134
14.936920492625873	16.479737073680614	-0.7169069892729893	-0.7163901577390167
15.014945905376742	16.61275893483149	-0.7692787906372557	-0.6175550780484544
15.093190174396467	16.744887240866724	-0.8166294071154888	-0.5086194937927251
15.174087173629417	16.8763737760829	-0.8604163748426916	-0.39142682277759366
15.259960787511506	17.007444986090142	-0.9011142439199019	-0.26788030856871636
15.352704985223829	17.13828423910438	-0.9371370105590062	-0.13996012077280084
15.453298695867044	17.26901952369152	-0.9676522763685065	-0.009733663607379282
15.561883004023283	17.399740502868013	-0.988921373361757	0.12067198480121426
15.67752732187692	17.53048896602795	-0.9990441410812123	0.2490758223603757
15.798818185021767	17.661282469563222	-0.9953899589222661	0.3732005126403603
15.924137733150248	17.79211948740108	-0.9762502776152451	0.49096646048543185
16.052041702882985	17.922991829512142	-0.9409234260363232	0.6003574770270698
16.18145244858749	18.05389285718994	-0.8895454273720982	0.6995006795010382
16.311671272307404	18.184820438488718	-0.8228478868092185	0.7867004587637714
16.442301117251912	18.315776416585713	-0.7419575571615866	0.8604655347431519
16.573155637992514	18.446763692450002	-0.6482639915087375	0.9195313146715853
16.704197145314474	18.577781630224518	-0.5433319548259743	0.962879602039727
16.83551891131816	18.708820607923542	-0.42882399429517987	0.9897573702724254
16.967373032087448	18.83985713107889	-0.3063548234374114	0.9996954037393623
17.10023769706253	18.971101396246116	-0.17753206569857183	0.992502197380909
17.23489991053078	19.10244487801926	-0.043830831393502794	0.9681475758461666
17.37253553299685	19.233804953253337	0.09359220650725647	0.9268944950602613
17.514709118140505	19.36513650665675	0.2336848161528275	0.8697280148687505
17.663161600270943	19.49637730328995	0.37492480987144744	0.7976783318140053
17.81937158852008	19.62743807605509	0.5144196309065516	0.7120716133453993
17.983830564617268	19.758164734135892	0.6478642579127363	0.6145425974393991
18.155396434924977	19.88825027737956	0.768523614692671	0.5070959014567277
18.330978956480354	20.017115378857756	0.8682029842681226	0.3922077501275009
18.50625812888478	20.143798466773646	0.9411878156833573	0.2729106256795101
18.677168519357423	20.26697848783564	0.9848067071753954	0.15269762938638226
18.841097446713135	20.38522615431896	0.999734356586706	0.035102986532929106
18.975887524445007	20.4974458928759	0.9920102364274738	-0.07698668122047934
19.106780066252014	20.603164722384786	0.9669382958277188	-0.18176912090554537
19.23766166951521	20.70262566658127	0.9253630602720169	-0.27840225323443113
19.36851889702267	20.796913350676157	0.8680065212952136	-0.3677200253666191
19.499328556449402	20.88801913884324	0.7958697854636704	-0.45058432432508
19.630045732749323	20.97813504549629	0.7102280249069648	-0.5291968319865967
19.760601506271776	21.06965792912401	0.6126174864267486	-0.6043656264413525
19.890874200253055	21.164692700060208	0.5048377522573221	-0.6773158857929403
20.020680313255642	21.265011000947766	0.38893655324586507	-0.7473796044050584
20.14971515948984	21.37191805658394	0.26722979759043264	-0.8141243747281623
20.277545252146087	21.486160385727352	0.14226267615780774	-0.8751190960811778
20.403529343414554	21.607841776135245	0.016811838076072876	-0.9272686392466616
20.526782243985437	21.736351784023135	-0.10618803258246173	-0.9676153945044241
20.64625488589337	21.870370415090438	-0.22388150462509487	-0.9925743961926197
20.76080959824948	22.008093798478797	-0.3337562864757513	-0.9994678252211434
20.869455950758073	22.147600919608227	-0.43404712320526745	-0.9872990893746894
20.971670101071258	22.287233313830363	-0.5236330979206877	-0.9560983190395586
21.067581134776102	22.425854729479347	-0.602724906896307	-0.9068588513486042
21.157984356491394	22.562915109644845	-0.6722847107135208	-0.84079870294072
21.244287331493314	22.698344291233386	-0.733677050141178	-0.759904019481015
21.32841673124393	22.83233503898312	-0.7879283013459644	-0.6662681255752083
21.412579889540435	22.965176256468713	-0.8369759557787241	-0.5616952471987029
21.499129604703803	23.097183963774082	-0.8811344625545626	-0.44799552770216033
21.590197654318878	23.228632754984012	-0.9202624660871943	-0.32703460820407787
21.687411122480142	23.359739575127612	-0.9539636310939238	-0.20075870582370947
21.79172079791003	23.490666386540653	-0.9799028535206178	-0.07119831206828887
21.903101572080008	23.62151650781318	-0.995654163510115	0.0595324170805127
22.020727912755696	23.752349605431235	-0.9990710433769394	0.18924417403825
22.14330413160595	23.883194265761745	-0.9879711445458413	0.31568683441307316
22.26938575787494	24.014058587647742	-0.961076809392515	0.43672859682762954
22.3977047208716	24.14494154955625	-0.9180367289896103	0.5503065689094491
22.527323666279226	24.275840185623217	-0.8592462827355721	0.6544823846322094
22.65763816072937	24.406752213643326	-0.7856255337760056	0.7474778321447277
22.788305628312578	24.537675535796392	-0.6984444436284927	0.827704787393762
22.919165071250653	24.668605502449505	-0.5992100414183571	0.8937911083287329
23.050182584991248	24.79953069644086	-0.4895915861014043	0.9446041912482932
23.181434984492295	24.93042829044744	-0.3713534155563117	0.9792735786601856
23.313131943677472	25.061260651977097	-0.2462363929490144	0.9972129455087214
23.445669723824043	25.191974152565386	-0.11598790956111087	0.9981397549328336
23.579699776192864	25.323161325194672	0.017743194336164236	0.9818674949874022
23.716197764231147	25.45435882516814	0.15356576517494275	0.9485305122918036
23.856454703981356	25.585536121196842	0.290150842554945	0.8989388922546471
24.001904943878824	25.71664890633525	0.4259014021440955	0.8339754907184135
24.153789926060774	25.847627216997072	0.5576236854741721	0.7548191877624636
24.312548771103398	25.978346798462088	0.682013371763997	0.6629538505690378
24.477381673420236	26.10855453965076	0.792446085790871	0.5602186305717689
24.6459046110009	26.237777804543963	0.8834868144590403	0.4488853300576688
24.814727036806637	26.365225562442056	0.9497509212784871	0.33173809349575545
24.980426255623435	26.48978482690651	0.9879462103945381	0.2120261551732395
25.140665668006395	26.61020385713438	0.9997511282891636	0.09315200172847092
25.27156347674961	26.725400854363723	0.9900565904382259	-0.021848916215755493
25.402457758661956	26.834752507278022	0.963453604729953	-0.13081523228364306
25.533343411168925	26.93828573313277	0.9204009440095644	-0.23251259551682696
25.664209319195326	27.036792705876454	0.8616419469061063	-0.32698099004246106
25.795034405849805	27.131924073398462	0.7881971190693464	-0.4152851597706036
25.925781384424923	27.225786625352022	0.7013550509214026	-0.49861649034670186
26.05638410909315	27.320597539653214	0.6026653073893673	-0.5784750587650642
26.186736770989274	27.41847629244027	0.49392769356610955	-0.655264961705027
26.316660315565343	27.521219842751027	0.37719609405650945	-0.7295426821611846
26.445892288463845	27.630202448557736	0.2547558852684337	-0.7993267487327076
26.57399237700006	27.746267478076756	0.1291662879833037	-0.8633732612659109
26.700351352369314	27.869602435788586	0.0031841071200720064	-0.9187612852388136
26.824141779279508	27.99964886382407	-0.12029703386590218	-0.9620676686203131
26.944346186682687	28.135117889405038	-0.23842612087319343	-0.989995005301353
27.05988859314984	28.274187160470042	-0.3487078918762598	-0.9999953921137461
27.169861183779496	28.414877830007594	-0.4493876657676865	-0.9897873015730163
27.27367500933378	28.55553319314336	-0.539672728904495	-0.96025053793264
27.371466309085047	28.695006569261174	-0.6190783203256184	-0.9124312965878585
27.464069576917645	28.832736532383443	-0.689177741197563	-0.8479333957815139
27.552918521376025	28.9686578296759	-0.7505019463931786	-0.7684148727340787
27.63988673773769	29.10298812759487	-0.8052613415669077	-0.6756671351968179
27.727197383959975	29.236080209164005	-0.8536673902938474	-0.5718512461311982
27.81703371080437	29.368266842541672	-0.8968938748091219	-0.45877709667453065
27.911414111151565	29.499846128633827	-0.9345422007800106	-0.3382969174404872
28.011815540153957	29.6310515761144	-0.96546150477845	-0.21234415840686882
28.11894190641912	29.76205079123609	-0.9874649402833913	-0.08294490926919723
28.232610327030738	29.892952836614924	-0.9986896470265447	0.04779116769478513
28.3519754657473	30.023822476654377	-0.9966332389289279	0.1777003103544426
28.47574760678329	30.154690544564875	-0.9794697038072909	0.3046013974540765
28.602576149498532	30.28556811221323	-0.9462868542122849	0.4263271095165767
28.73132213888372	30.416456949354476	-0.8970354579310743	0.5406562028151404
28.861165747600108	30.54735567762561	-0.832332123786695	0.6457301669351507
28.991589631296392	30.678261726184832	-0.7532522946605407	0.7397577606605799
29.122307228222343	30.809170614122014	-0.6611780475946858	0.8211349848853062
29.25318980839872	30.940072863209984	-0.5577025566046966	0.888472147012823
29.38422072257629	31.070949581597663	-0.4445644236377978	0.9406191135180665
29.515485363231612	31.201768027425288	-0.3235846827105668	0.976689972615288
29.647195767666656	31.332479135313203	-0.19659136279248918	0.9960869531406814
29.779742376938074	31.463019210710954	-0.06533473654167178	0.9985210266464843
29.913756598732604	31.594151404740966	0.06855839084267323	0.9838936764058197
30.050161495041017	31.725287837584627	0.2035161530849551	0.9523948853085897
30.19013423847079	31.856402241894546	0.3380334660858057	0.9045307659496629
30.334958431459334	31.987455625310222	0.47032696767656645	0.8409321449339762
30.48572260253407	32.11838187442964	0.597481911216282	0.7630383717765794
30.64273949444218	32.24905513609232	0.7153910135466444	0.6723114241070414
30.805110376198506	32.379225281417526	0.8188531680254301	0.57056748200634
30.970614637013067	32.50842680176362	0.9023355414650263	0.46005342673139377
31.13615389228056	32.63589791861238	0.9606484999280354	0.3435093519458562
31.298736469863456	32.760592261175766	0.9929120101256691	0.22410394187851457
31.45625180491445	32.881328910909886	0.9987335610350107	0.10515675637065906
31.587149570423552	32.99713418054508	0.9849888244461875	-0.010404468831768597
31.71804376848855	33.107412578908956	0.954415583728085	-0.12038213289740403
31.848929166042495	33.21219151369007	0.9075352911110597	-0.22345803952956123
31.979794317130477	33.31227121353508	0.845151875274444	-0.3197310032953524
32.110618057438614	33.40930379403372	0.7681718315554159	-0.40995793225944877
32.24136099207228	33.50529880266606	0.6780819373871101	-0.4954553931403098
32.37195589470557	33.60243579484645	0.5765788615965077	-0.5773611214910536
32.50229160238738	33.70275311245127	0.4655190302435446	-0.6560835828892181
32.63218279491845	33.80799516546567	0.3470042654273331	-0.7319164115234196
32.761353831708824	33.91948526790814	0.22336083468021573	-0.8030633422361588
32.88935943395206	34.03800199018032	0.09716318811469626	-0.867724444820523
33.01556613045865	34.16365299667658	-0.028824293402099996	-0.9230756880577765
33.13913341280172	34.29577292724264	-0.15174643419885742	-0.9656768727755436
33.25904945039412	34.432959793337275	-0.26885194581181243	-0.9922186089712203
33.37426956321537	34.57331293786338	-0.3778103935357507	-0.9995039879749352
33.48387064864556	34.714884381244886	-0.4768476738585091	-0.9871563120877993
33.58748510774838	34.85603481295137	-0.5649977325503415	-0.9554202353643386
33.6853969759959	34.99570830668479	-0.6430666942469602	-0.905475827525547
33.77854770261062	35.13346954402734	-0.7113014657449168	-0.8384474340624513
33.868434805746375	35.269361997638306	-0.7717793004961735	-0.7568313478643378
33.95705417195933	35.403657426164436	-0.824670415972423	-0.6625543569278294
34.046523930620985	35.53670363720018	-0.8720617519068015	-0.5574308874459438
34.139038493845995	35.66886042945192	-0.9133016981216314	-0.44326875717298214
34.236366220870444	35.80042510002629	-0.9486878734696196	-0.3219342451426063
34.33979487429209	35.93163159401576	-0.9759122439245149	-0.1953711609121064
34.449692971485845	36.06264012635715	-0.9937930811231278	-0.0656209710215534
34.56573563560219	36.1935568369335	-0.9997419576417746	0.06518889924291331
34.68693164857608	36.3244411196736	-0.9915283636127892	0.19482637778617948
34.81197759556535	36.45532091362738	-0.967709785389128	0.3211016848349982
34.93960886136616	36.58620633320696	-0.9277519392041566	0.44187521173625194
35.068816191650804	36.71709937888006	-0.8719081773369538	0.5550922746781499
35.198903699491936	36.84799874576755	-0.8010100807436924	0.6588232727063825
35.329448211443534	36.97890100435687	-0.7162804213473541	0.7512983802004705
35.46022511399087	37.109798973413874	-0.6192060268626239	0.830937821848885
35.59114421801321	37.24067806773769	-0.5114585668133285	0.8963793140886754
35.722215094036315	37.37151163731269	-0.3948353566547095	0.9465043089902547
35.85354646671807	37.502256949395566	-0.27119704071953166	0.9804640183564755
35.985376831466745	37.6328541130916	-0.14239272208641535	0.9977043779608792
36.11812717278647	37.76323015730826	-0.01018164115795413	0.997905681652143
36.25246067582479	37.89433509909372	0.12382167499650328	0.9808198905402972
36.3893379198621	38.02543788823315	0.2579983947210921	0.9469358445121495
36.52992062997671	38.15651287299071	0.39071044503593305	0.8968480935810025
36.67539643059964	38.28751928602747	0.5199867868194699	0.8314466634437903
36.826623786692096	38.41838385849496	0.642792316581242	0.7519191330688088
36.98364909123256	38.548963252196494	0.754437829910702	0.6597695233149602
37.14530220363474	38.67897728413196	0.8502710438444774	0.5568677437256756
37.309261391937234	38.80791904696796	0.9246702690634252	0.4455262284653176
37.47257250224422	38.934993135872894	0.973989621953979	0.3285424857492396
37.63257471294055	39.059149863837476	0.9976780884088794	0.209104328669643
37.78752943125976	39.17926041773127	0.9956192941046892	0.09047841565315623
37.918426702439824	39.29446969233744	0.9755653345352919	-0.024545364820727233
38.04931958926653	39.40430045244937	0.9388475373985872	-0.13395292869123385
38.1802019323797	39.508992147039685	0.886095254645429	-0.23674327897220057
38.311060710080596	39.609511973604015	0.8182165968019033	-0.3329533333812995
38.44187080187594	39.70751813962311	0.736389493548263	-0.42374863303904753
38.57258964199252	39.80509839124747	0.6420500218703664	-0.5097536511513112
38.70313721760927	39.90431442975303	0.5368888188506975	-0.5925947107890143
38.833392085338666	40.00716780692812	0.42274487995100624	-0.6720053619730887
38.96314412177703	40.11527815002098	0.30191658203802646	-0.7478498702479978
39.09207202159546	40.22983922717115	0.17685487041428055	-0.818825568765413
39.21970026896227	40.35145769893411	0.05017487195582045	-0.8823927956088367
39.34534667655784	40.48002581962269	-0.07533915996164782	-0.9353012194706191
39.46811041333755	40.614649304917116	-0.1968526722925901	-0.9740952184323612
39.58694602859377	40.75373397163909	-0.31172496201712874	-0.9957554523776628
39.700849560345155	40.89529156557487	-0.4176295202295865	-0.9982856607597391
39.80913017230185	41.037380935431955	-0.5132234037313457	-0.9805029406873763
39.91157235627344	41.17854602414873	-0.5983286545040192	-0.9430357555912818
40.00863609014228	41.31797321982241	-0.6731065563053151	-0.8878298332126358
40.10149496694021	41.45538596487119	-0.7387363870152944	-0.8166808997297673
40.1918339762533	41.590910066482955	-0.7964226068559117	-0.7314657713392344
40.28167300080883	41.724874107230015	-0.8476133398869033	-0.6338501790897495
40.373195621560036	41.857676309514055	-0.8922599826909515	-0.5257903316804772
40.46836964689426	41.989668450754884	-0.931353481214266	-0.40927105211116654
40.56886279424256	42.12113940739919	-0.9628607980329387	-0.28616782893323095
40.67550179551217	42.25229750065653	-0.9859304571661509	-0.15845447303655885
40.78842270215246	42.38328970032725	-0.9983580592678493	-0.028192564623634148
40.90700438033623	42.51420653466505	-0.9977004116013868	0.10248088651104342
41.03010812070874	42.645096837493156	-0.9820891951067339	0.2313883647080884
41.15644549003987	42.77598308128579	-0.95052081316722	0.3563571421821843
41.284871646736214	42.90687332772551	-0.9028551610682198	0.47526614647174087
41.41452720869181	43.03776883827887	-0.8396431498441995	0.5860895893807594
41.54484850640796	43.16866753716473	-0.7619218171564992	0.6867985007152246
41.67550876575293	43.29956424749314	-0.6710546930704717	0.7756715276689177
41.806346769592004	43.43044811645274	-0.5686295148338356	0.8512689091532145
41.93731449564999	43.56129821117579	-0.45639223002355095	0.912301747555712
42.06845616424997	43.6920788534744	-0.3361902356213895	0.9577347349484586
42.199919908595426	43.82273647763685	-0.20990699436873797	0.9868129197057627
42.33199699748412	43.95320060006912	-0.0793857715058232	0.9990862056025036
42.465176741157684	44.08384791961885	0.05364060732794804	0.9943835558695806
42.60019837939607	44.214937018102944	0.18757841414382698	0.9726590521124067
42.738062116277774	44.34601493557321	0.3206839041541545	0.9342719275865637
42.87990940456387	44.47705432864053	0.451245066781254	0.879891546630033
43.02680001024731	44.608008119955684	0.5770189770210427	0.8104824200000637
43.17932219409485	44.73878733731425	0.6943312416528216	0.7271955305275645
43.33714352458152	44.86921462293947	0.798700343143032	0.6316792991991348
43.49874326274816	44.998947251527056	0.884976897649819	0.5260671968074631
43.66159605582203	45.12739686142468	0.948840915213056	0.41281689559072077
43.822859242849695	45.25369040401731	0.9868321212572668	0.29484904686362723
43.980273881184026	45.37676150537091	0.999936458036033	0.1753694570971897
44.1119734033487	45.495557663397705	0.9914871039267391	0.057497964078299275
44.24286982488983	45.60931475006972	0.9660042394256938	-0.05618428820407616
44.37376054999622	45.71770141701689	0.9240297952955417	-0.16379167235489311
44.504637604081594	45.821134138543684	0.8662875277347291	-0.26473687491542547
44.63548529273903	45.92088121219968	0.7937767411130718	-0.35946669066951864
44.766274412341	46.018742099898894	0.7077624303661296	-0.448786330462257
44.89695123147074	46.11676995242031	0.6097666838376816	-0.5342689340884266
45.02743102925527	46.21708510553211	0.5015540449451539	-0.615967892903784
45.15755960690301	46.32153348778841	0.3851394496863048	-0.6947686143121027
45.287108255624716	46.43165095344573	0.26276337346565887	-0.7697935452897783
45.415722900660505	46.54846190241401	0.13689407091250838	-0.838741047966338
45.542847901570326	46.67237568338577	0.01023883549377619	-0.8995202549415243
45.667740434171044	46.80304350280602	-0.11436718131290304	-0.9487917363199354
45.78946413063575	46.93932905373095	-0.23409573655990085	-0.9829026892379601
45.90696863368732	47.07947110841846	-0.3463787662258702	-0.9986050045533109
46.01926714744979	47.22146529832337	-0.4492540743059745	-0.9947576007490085
46.12579695508252	47.363483382293985	-0.541794688593116	-0.9711423966506699
46.2265921943863	47.50423205265072	-0.6234787311893737	-0.9284458104418978
46.32235319916336	47.64306211217098	-0.6953481424444122	-0.8678999797372924
46.41438157824043	47.77989384927736	-0.7583749810546141	-0.7920511382164976
46.504505966423686	47.91492882037546	-0.8140382109100026	-0.7027698372544535
46.59483429527099	48.04852435625614	-0.8628698490075829	-0.6018818616472237
46.687462241031724	48.181057558092	-0.9061753100590382	-0.49119768652124585
46.78435893507645	48.312870809979145	-0.9424636057621625	-0.37255125835046743
46.886823524688836	48.4442263489389	-0.9716936192266363	-0.24784329120996895
46.9955809614206	48.5753212507349	-0.9917009788975807	-0.11906339320757028
47.1105028267196	48.70628484276655	-0.9995795740519304	0.01159108198435746
47.230696991959064	48.83719052752439	-0.9938889645332651	0.1419638515127585
47.35497444869073	48.96807831875579	-0.9729982576956508	0.2698750668435428
47.48208811281392	49.09896548830545	-0.9361412759949967	0.39316434111300613
47.61098362860571	49.22985746458268	-0.883370064112668	0.5097373966170103
47.740900377282486	49.36075427927825	-0.8153719637298918	0.61760839583063
47.871357263202235	49.49165298214421	-0.7332762184342974	0.714936818944851
48.00208677173546	49.62254685738068	-0.6385107032454631	0.8000595630819839
48.13296742418137	49.753422281103674	-0.532584077289995	0.871519753977463
48.26398027531478	49.8842533794166	-0.4174133923157985	0.9280936660214084
48.395198347328616	50.014997867456216	-0.29493038022882995	0.9687669868769322
48.5268070275061	50.14559542626531	-0.16702203064505017	0.9926582450330474
48.65915428677856	50.27597086323046	-0.03550846946146377	0.9996706054019774
48.79280087571729	50.407053150468464	0.09791104704890297	0.9896267096355795
48.928574125678175	50.53813930996181	0.23167326699551283	0.9626334158120329
49.067534050586744	50.66920724091934	0.3642269381131335	0.9191610135802515
49.21084050795376	50.800223527279506	0.4933713952301271	0.8599761389019884
49.35943585064512	50.931132496941856	0.6165668041923928	0.7861400128617348
49.51364568364249	51.06182355140478	0.7303872142294122	0.6990213190201289
49.67277428947791	51.192076257576055	0.8290296950247638	0.600334006874006
49.83491863024901	51.32148349060798	0.9085036972462893	0.4922017671995957
49.99739826446619	51.44937183314086	0.9639089373196759	0.37722335711016763
50.15750484756701	51.57479821512608	0.9937788362332594	0.2584382958135714
50.313260742119226	51.69667018932606	0.9984994946623288	0.13910417211590875
50.4441588444327	51.81401263813936	0.9838230550231927	0.02225149844695897
50.57505389169105	51.926163299568074	0.9523362698340924	-0.08971869110452282
50.70594123091155	52.03305698186645	0.9045384518892451	-0.19546315069052395
50.8368110906548	52.1354431556484	0.8410447994956474	-0.29461986091114073
50.96764362577116	52.234716969288385	0.7632328780197577	-0.3878044597003245
51.09840254365955	52.33280127147308	0.6724678070183384	-0.47629062026942026
51.22902687195595	52.431813536421686	0.5703643273704604	-0.5606748859108239
51.359406912246094	52.53374751121225	0.4587846738163893	-0.6421626693465985
51.489376967802684	52.64038720164475	0.33981876373170156	-0.7199858380026438
51.6186579545801	52.75308798181094	0.21580047889682735	-0.7932871170574642
51.74682778733338	52.87268580329093	0.08928716762736079	-0.8601551709300943
51.87328215654016	52.999335062588564	-0.0369790298709898	-0.9175666218700516
51.99720178155983	53.13240706471886	-0.16015269613344313	-0.9620724029277395
52.11759323481152	53.27051256469857	-0.27748151411134636	-0.9904100275205749
52.23343424732554	53.41173554469066	-0.3866274293214901	-0.9998536363196079
52.34387715592203	53.55406957679566	-0.48600809296255326	-0.9887783842089128
52.44848609301999	53.69588412596614	-0.5744621654190296	-0.9581278473767237
52.54756038372204	53.83610617206413	-0.6525221536564889	-0.9091123319616882
52.642048229477005	53.974293914549904	-0.7211601688546442	-0.8433544864808024
52.73347505345201	54.11048264246163	-0.7812681921850515	-0.7624087788872606
52.82375615861201	54.24498729763642	-0.8343063489385574	-0.6687237931937975
52.91503427050297	54.37818442813718	-0.8811245353706397	-0.5641085725397278
53.009393061837585	54.510445750464584	-0.9215604780171489	-0.45036944609241525
53.10852980690967	54.64208335659187	-0.9554119560881269	-0.32936378398462507
53.21359498189459	54.773339784840076	-0.9812000793432524	-0.2030286331107748
53.3249491424762	54.90438468853194	-0.9962112904255893	-0.07339638414468908
53.44209758482583	55.03532475067232	-0.9989000984605547	0.05741551754758227
53.56406241418622	55.16622306551819	-0.9872154171648675	0.18723917848612212
53.6895998261196	55.297110554882494	-0.9598808227554946	0.3137957429874627
53.8175233589254	55.42799977388777	-0.9164912430797911	0.4349599282974562
53.946891954891505	55.55889371321249	-0.8573927847013643	0.5486738725806679
54.0770623009031	55.689791187622184	-0.7834821800526377	0.6530007585319562
54.20764664449909	55.82068788775337	-0.6960304385958473	0.7461614681803079
