0.9163292347579431	5.508832851777795	0.6084432705859684	0.7145670769902501
1.006291363777895	5.505988989992562	0.5349819309297231	0.7125564938029183
1.0918137319676422	5.513733657692307	0.4606650322969593	0.7180319000794945
1.1744953171199088	5.532552979682274	0.3858433797296445	0.7311835978417532
1.2561237443962086	5.562545046558548	0.30949988506450415	0.7510144451133405
1.3384728319646801	5.603989329592059	0.23014669616001643	0.7778389774855397
1.4235359887173082	5.65693771381469	0.14666046652843823	0.8101808423703091
1.5129701852337394	5.721623084316002	0.05778810099475713	0.8463253069266765
1.6080853168443214	5.7982246647031195	-0.037264459719997964	0.8843383493081922
1.7097969625047131	5.886483802429827	-0.1385037966759236	0.9219498351187757
1.8183793372351071	5.9857392560977205	-0.24503626370513817	0.9557185874635156
1.9334237545847648	6.094731845904147	-0.35461225532922347	0.9822938352141747
2.0539588119866043	6.211707314265106	-0.46438872928793906	0.9972131886283043
2.178593335996249	6.334900261342249	-0.5708150922924203	0.9983758612249455
2.309494297809042	6.467627900375548	-0.6730840947322774	0.9829211700122132
2.4403982675261764	6.602189627820033	-0.7638721174438767	0.9494155822995427
2.5713115275865293	6.7399933442902675	-0.8416334890425902	0.8971172623981616
2.7022518036256757	6.883166467136922	-0.9050184945234635	0.8249423395355807
2.8332660467483786	7.034639033988775	-0.9526835084858105	0.7306404860792333
2.964472857781264	7.198102555875963	-0.9840665194799825	0.6095587749356789
3.0961550888374303	7.378008011037181	-0.9985730063585432	0.45798445969920765
3.2289352124321113	7.578393077292773	-0.9957204466617928	0.27198387878492886
3.3640615418032684	7.801118675977755	-0.9748774176290659	0.05282818242966604
3.5036763730442524	8.042394114157084	-0.9348253566121717	-0.1872992718907292
3.6506188136898388	8.28977150272658	-0.8730639398584576	-0.4220785016856037
3.8072986924569356	8.524806791284576	-0.786105696103309	-0.6213665518149518
3.974425590259181	8.73370963826216	-0.6725331681104052	-0.7705635304417449
4.15073818495833	8.914339333617972	-0.532525633023684	-0.8723450538965501
4.333582407929693	9.072198976694855	-0.3697904199573852	-0.938044441328063
4.519266545555482	9.214128428683917	-0.1918960173283032	-0.9774553061915472
4.703288586631603	9.344632657806079	-0.00909440711584105	-0.9963976568636479
4.881450270603846	9.46529049772885	0.16818947098543552	-0.9987276797743114
5.051175768025794	9.575703306456333	0.33218474509609086	-0.9881635602579708
5.211956123062294	9.674931765110282	0.4790029819099165	-0.9688391336595191
5.364726853496469	9.762505629070974	0.6067611343119871	-0.9430743176691181
5.511119365900748	9.838692019170766	0.7161836206904671	-0.9151150301534161
5.652581185676552	9.904499792014438	0.8076163700810035	-0.8867163286302161
5.790227039254654	9.961431662343333	0.8807081005548649	-0.8590026902820798
5.924716706858056	10.011406940404886	0.9360497331236424	-0.8324461436841164
6.056259425048162	10.056680090816197	0.9739053144518974	-0.8068209423465021
6.184629393248077	10.099775694666862	0.9946653503040881	-0.780411687413568
6.309201708994142	10.143264313474887	0.9991829394870677	-0.7524386156810497
6.4280307111367545	10.189630128814265	0.9891145162459416	-0.7212836896378135
6.541059300070905	10.24094061196002	0.9667570237872527	-0.685007666913214
6.646584973253801	10.298443161235703	0.9343796689121725	-0.6419094730142776
6.742881593318734	10.362360038031674	0.8958062404576552	-0.591652992761974
6.828569321719866	10.431959699727035	0.8545593303973307	-0.5342156736514874
6.902877624255832	10.505710659913099	0.8138648481449429	-0.4703585088363838
6.965902499751577	10.581556235385658	0.7756811549725847	-0.40210060292680905
7.018500960574453	10.657537142325928	0.741311030075327	-0.331479536991187
7.062165255612251	10.731944470967942	0.711295483505757	-0.2605018651253324
7.09873554517505	10.803428080833369	0.6854406372074521	-0.19094345667168736
7.130073259332618	10.871033478951322	0.6619920795515399	-0.12421550337307448
7.157904766166368	10.934324200399933	0.6411187921046038	-0.061209794176692554
7.183598441983217	10.993104739763298	0.6210173881447208	-0.002467923224366514
7.208236342438061	11.04761262573634	0.6015528297661396	0.05200410507600814
7.232582537725426	11.098196042665984	0.5820632637960493	0.10239731675831584
7.257149814692802	11.145361425414794	0.56174748844944	0.14915574669877624
7.282321184340679	11.189748255456268	0.5409321619640587	0.19292205727376405
7.308284385354268	11.231891644084937	0.5187960035014687	0.23404373161812786
7.335424197388842	11.272450930509386	0.4954394691166669	0.2732206164316634
7.363902975994098	11.312024965746245	0.47055007074830596	0.3111725860123889
7.393923075052154	11.35115974741922	0.4438063663004454	0.3479876929459824
7.425850432151968	11.390538910877906	0.4150508808148265	0.3846171067018639
7.459948925312227	11.430726883789967	0.3837619783989894	0.4214937380775085
7.496648147856123	11.47234334266477	0.34963210671448425	0.4586930783696387
7.536438743273102	11.516147761982998	0.3122000587355633	0.4971744721781994
7.579835777967736	11.562847737193104	0.2705986903170497	0.5373043562994335
7.627651500635872	11.61320085574894	0.22429863629806768	0.5789435923425631
7.680602786526512	11.668212809071157	0.17245317048896647	0.6227991549434009
7.739563602567741	11.728864921059627	0.11413930906881588	0.6690286581715974
7.805504173612784	11.79616600370003	0.048445569766892065	0.7174995637048074
7.879387634835615	11.87108816254846	-0.02538928768199433	0.7677811066353406
7.962033054614938	11.954447225906176	-0.1078019961127106	0.8182309155157902
8.053813515072443	12.046834865433043	-0.19844280137848086	0.8677150038495027
8.154717787296033	12.14823131878411	-0.29612898487998945	0.9134372621360167
8.264066713557588	12.258001923147352	-0.39849169284486474	0.952671769252013
8.380611493200698	12.37495658116455	-0.5023865996543808	0.9816507100737257
8.502667800600788	12.497663228290493	-0.6038761947369516	0.997473882878008
8.628542978564353	12.624776871557504	-0.699096339025634	0.9981657168887118
8.759445907289198	12.758070538477405	-0.7863348766819049	0.981588355159117
8.890356095369835	12.89357117593907	-0.8601386004567722	0.946639661363159
9.021287830795284	13.032799130568458	-0.9192541903974665	0.8927503746914083
9.152279536089381	13.177883878692471	-0.9626776085015263	0.8184614015485303
9.28342838929236	13.331570353476316	-0.9896612949779902	0.7210379602012027
9.414967174857297	13.49713011631408	-0.9996918864558314	0.5970429981159733
9.547419763670367	13.677904092811156	-0.9923990407543019	0.44309749960014655
9.681876677016392	13.876229094723149	-0.9669732834983409	0.25791720838140875
9.820396282262303	14.091428997993626	-0.9223799483054684	0.0457078547399329
9.966277344363059	14.317419540899591	-0.8565364431745881	-0.17924117877820478
10.123634406878645	14.5420483075335	-0.765417970564175	-0.3937167465190981
10.295982038470136	14.75122995204209	-0.6437552847856179	-0.5759967281227515
10.48490866470538	14.936788670115515	-0.488647770691035	-0.716813792014102
10.689137763846006	15.099023343747458	-0.30160211418062105	-0.8199075953454302
10.90420145782379	15.242758937286728	-0.09120015659714809	-0.8933060518839259
11.122279473820342	15.37188519949282	0.1263617221292864	-0.9436330077785793
11.334248244240113	15.486579267950447	0.3320786020725668	-0.9751140397335711
11.533189936140396	15.583807084063377	0.5118409748861755	-0.9922565483558784
11.717121570129208	15.66026650646304	0.6602212895650363	-0.9985020549466186
11.887791712269635	15.714542304147471	0.7782171252009251	-0.9997933814703021
12.04802972412953	15.74712999523588	0.8683231363666747	-0.9987699457244303
12.200481872398445	15.760180996534736	0.9335366632078912	-0.9983600712963089
12.3470103571014	15.756766108886085	0.9755554329201603	-0.9984673178661344
12.488884118967913	15.74115620896841	0.996647831602857	-0.9989575560214514
12.62687453708482	15.718349944088086	0.9980998384600218	-0.9996738002820533
12.754511877926852	15.693873413989778	0.9823426656623632	-0.9995574997885912
12.881074971237203	15.673228983330157	0.9508719034987322	-0.9989091492125134
13.006351005183003	15.661285472457097	0.9047555973449425	-0.998534056177369
13.130049666511663	15.661890463101663	0.8452479303902951	-0.9985530562670006
13.25171441222612	15.677735593343874	0.7740715548592397	-0.9990506819700267
13.370662828855364	15.710159599537079	0.6933999525608769	-0.999931022905214
13.485967943752426	15.759201411657454	0.6058613939795463	-0.9983908357397548
13.596264149398156	15.824125752726099	0.5146698917780402	-0.99300869815822
13.69988191649877	15.903322231783777	0.4234504622274349	-0.9807902916662438
13.794785378136888	15.994739069842655	0.3355664437849563	-0.9586950024292207
13.878778548028803	16.095919185835427	0.2554693871668792	-0.925422555188561
13.949756642634929	16.204516069814535	0.18630959156120774	-0.8790764847157795
14.005947190510696	16.31830522844483	0.13081997130045156	-0.819119663673717
14.046249298813006	16.435347860183587	0.09074706387486481	-0.746555072215513
14.070438361348486	16.55404743156159	0.06666931434227667	-0.6625949110601148
14.079012402054628	16.673097888536343	0.05811628249876968	-0.569049315158176
14.07370944845871	16.79123338788755	0.06341328009027965	-0.4682761942248539
14.057163362330936	16.907220905718248	0.0798832245928743	-0.3629953105369589
14.033070067499613	17.01974490208134	0.10386564712423431	-0.2560707197312178
14.005543918071329	17.127501074787503	0.13121821327117594	-0.15060877460824185
13.978670144095538	17.22934674955037	0.1577567605760885	-0.049380339261611145
13.956018416283737	17.32449219010653	0.18012592802585026	0.04570251046017027
13.93998408230857	17.412732053756734	0.1958580013910748	0.1335383420565033
13.932066553436686	17.49443073611643	0.2035835795772632	0.21389805839654008
13.933001417720796	17.570492359003616	0.20267137992037093	0.28748450933723324
13.942780528911948	17.64222359578378	0.19312935117362898	0.355399241543064
13.961239035579789	17.711140568034995	0.17497043135932197	0.41895048670492324
13.988346939921973	17.778819930817452	0.1482006742582096	0.4794423481622506
14.02411180673248	17.84690689612896	0.11278268385032814	0.5380269832307848
14.068673812571708	17.917070386014057	0.06842574303491347	0.5956793883699136
14.122395475408313	17.99092214466741	0.014761748429187588	0.6531828556345135
14.185812338271829	18.06990495194688	-0.04861339604680448	0.7108210779393311
14.259382611995091	18.15533502038369	-0.12190106539850515	0.7684830072082459
14.343437793816783	18.2481947892515	-0.20472566804901393	0.8241668076116131
14.437831711850283	18.34896177211877	-0.29606044787079644	0.8772420531065802
14.541978564325	18.45750484511631	-0.39365274989512133	0.9237964391303514
14.654521995803545	18.573066440570297	-0.4944046986842136	0.9615643224426478
14.773752191517069	18.694451441724695	-0.5943161678396467	0.9875099071804679
14.89781044797574	18.820349239391806	-0.6892565603253968	0.9990827468430824
15.026790841128685	18.951376303091116	-0.7766277970637345	0.9943581872945155
15.157697475549032	19.085533822836737	-0.8520747120346772	0.9719310024484276
15.288618837260385	19.22244870496553	-0.9129587239931871	0.9311645190153863
15.419582047677842	19.36378691032725	-0.9582471786529861	0.8704149022935471
15.55065789925117	19.511835864954477	-0.9871656689367706	0.7882052287729235
15.682019129862429	19.669355694046935	-0.9991852089722603	0.6823078807591001
15.814060273077226	19.839233888504648	-0.9939557876627979	0.5487533290811687
15.947633967765467	20.024069726665235	-0.971125575912384	0.3858264150669942
16.084409928497656	20.224582548661495	-0.9299608840831102	0.19447910251242012
16.227288050851726	20.437814835029656	-0.8678223766285659	-0.017451099042305247
16.380578550033274	20.65543221718556	-0.7818716687498914	-0.23283634288152824
16.54907338958243	20.86519501025658	-0.6663253813010662	-0.4302512218919023
16.73654032610073	21.056401649196776	-0.5158028523764393	-0.5938928333151947
16.94402630664379	21.225140882224736	-0.328371512654799	-0.7204667445717852
17.168697733561686	21.373927601274307	-0.1098031850278555	-0.8152537206043253
17.40272912042115	21.50657906686228	0.12364684936190379	-0.8845158913158905
17.6342360179946	21.623588534383995	0.3478851193765893	-0.9329706240541787
17.852084851024234	21.72113307797752	0.5423088647167528	-0.9633702092576701
18.0515875403336	21.79455643431286	0.6978708424474592	-0.9805213266904786
18.23390122548034	21.841628973469934	0.8161339545091113	-0.9883834309015904
18.402739635067324	21.863673211313976	0.9016526761325768	-0.9918313422319496
18.56152365117291	21.864174635881632	0.9583445165597225	-0.9919097694137088
18.712842155569724	21.848582127917847	0.9903863754479707	-0.9894709649852048
18.858373607909037	21.82328073473123	0.9997230753353239	-0.9855136061116894
18.987588547913372	21.795155929040416	0.9901800941617805	-0.9806520809028652
19.11625820441521	21.77033454850052	0.9642944145295	-0.9752383551207028
19.244270570462522	21.7540102639211	0.9227387809277374	-0.9716779085065052
19.371477143201957	21.75000972073475	0.8665008991654055	-0.9708053605933948
19.497628950422126	21.76097553161364	0.7969113146418074	-0.9731970846549132
19.622329089115794	21.788306379363213	0.7156836184357248	-0.9791581437052918
19.745011892522825	21.832240594918865	0.624933671706908	-0.986915006499307
19.86482781885395	21.89230120782264	0.5272532797478173	-0.9946379266301453
19.980635453760726	21.967306517608176	0.4256818632249186	-0.9992512260578609
20.09092539738823	22.055594501330795	0.323379609214089	-0.9978748557133293
20.193935108584228	22.154994833948123	0.22438353334616723	-0.9861426165944283
20.287514997007815	22.263307884106098	0.132417295085941	-0.9627722032044319
20.369656214788517	22.37826513749562	0.050662683475806755	-0.9257558486316931
20.438631806779213	22.49777294390726	-0.01826753335209521	-0.8742863500114421
20.493152754597578	22.620138900034483	-0.07271329906593925	-0.808605314704926
20.532518512282405	22.744063777223786	-0.11189790377335718	-0.7296741541052376
20.556812393239067	22.86853054358749	-0.13599499625767386	-0.6391219427829173
20.566811797320998	22.992736392385744	-0.1458696665770837	-0.538904543509566
20.564169212489887	23.115928960284002	-0.14326004566522846	-0.4312963607351229
20.551300125786895	23.237343409658145	-0.13055148948900858	-0.3188402688062108
20.53142532842877	23.356142899816493	-0.11080975052300891	-0.20426818419455006
20.508578523433428	23.47141207007846	-0.08806808174230037	-0.09036402419614945
20.486866617379032	23.58235131924743	-0.06645608933515278	0.020392993089676043
20.469966156396637	23.688474420666125	-0.04958126986314474	0.12618824591346964
20.46111900247888	23.789662186687593	-0.04073993599038858	0.2256521579545642
20.462700077477127	23.886443178169532	-0.0423199708883123	0.31874317081249604
20.475943277421614	23.97992288607501	-0.055554458876351104	0.40573425103238403
20.501634065721923	24.071667675342905	-0.08115558097167286	0.48783635404143005
20.540277948151207	24.163385043497048	-0.11962163234238143	0.5655583153689916
20.592040605939598	24.25701639490125	-0.17078376801942158	0.6403647733606517
20.657111244150236	24.35415309835237	-0.23447466391606128	0.7115724951458676
20.735214852504054	24.456242872094833	-0.3096786434872207	0.779492096443983
20.825772610086098	24.564118478246872	-0.39421133065070385	0.842565481039053
20.92765863512413	24.677844046536357	-0.48575681062694637	0.8979846296895376
21.039006400853566	24.797060474849946	-0.5797933475894425	0.9437675711583781
21.157698590167	24.920797504286604	-0.6720703894887549	0.9771730333155131
21.281557402484403	25.048057710610163	-0.7583201362170546	0.9959706433398843
21.40871187939667	25.17811019600071	-0.8348021691862892	0.9985751607027302
21.53962071255812	25.311895104076644	-0.8995140171806403	0.9837483716730082
21.670548472508504	25.448057132866214	-0.9488751193434378	0.950664783322242
21.80152918300848	25.587978977181937	-0.9820421345007191	0.8978300412648637
21.932650327718118	25.733522298919407	-0.9981628278815996	0.8244927972390682
22.064122397328134	25.88679225508198	-0.9970724418118602	0.7289199938988299
22.196416793999706	26.04986022299649	-0.9786290102102809	0.6078193407866677
22.330535777627148	26.224472458155866	-0.942512262971589	0.46073853049819863
22.46840488082677	26.410720273466705	-0.8878354696928208	0.2885257936157642
22.61336924103577	26.606030033797587	-0.8124439390507352	0.09730661800387008
22.770437563727068	26.804167648733433	-0.7110769950528735	-0.10041482008791168
22.945946357823175	26.996143911843568	-0.5775973067285236	-0.28832327629893817
23.145854456242994	27.173629118301616	-0.40400223880677244	-0.4527443677906743
23.373491943120793	27.332932480514682	-0.1873392455756368	-0.5886356307331028
23.626279666036066	27.475021000151823	0.06428651448809057	-0.6969202930846942
23.891763596531803	27.601268470444612	0.3237482267388383	-0.7815958264126198
24.150071636673886	27.70839717884062	0.5545488663984549	-0.8440750150751152
24.385280701923687	27.789220558466923	0.7332808022648333	-0.884269044820553
24.593754952293274	27.83942863230139	0.8578155083836057	-0.9067797939347286
24.780075054250343	27.86121321703567	0.9380149114935334	-0.9154300727326143
24.950162700267224	27.861743939488345	0.983212726018809	-0.9156408133657707
25.10852490342499	27.849734334714636	0.9992394719567079	-0.9108720086897953
25.247045115599995	27.83400185610366	0.9931835789012595	-0.9045959844810434
25.377025316810123	27.82127999564993	0.9701193619748135	-0.8988213306978978
25.50668384687495	27.81621902939743	0.9308089586764678	-0.8965240780261943
25.635923464950388	27.82206693611249	0.8760382498270434	-0.8991785354271704
25.76459516821845	27.84097104626133	0.8068504738142119	-0.907392259627234
25.892466859725932	27.874140828269983	0.7249081024802202	-0.920563401769249
26.019171471823896	27.92205421497065	0.6320642227667499	-0.9381458145799093
26.144191789620347	27.984502354101696	0.5305419235754478	-0.9578426221925477
26.266772930587145	28.060828116125368	0.42297294152680726	-0.9768323405129202
26.385866848021227	28.149925449520524	0.31232029931476096	-0.9922328135418422
26.50015201345536	28.250209131522723	0.20191030822781914	-0.999242347908385
26.607882164745725	28.359816459530347	0.09546301017469563	-0.9958954576034037
26.70728229711538	28.47663531507344	-0.003742278147241584	-0.9792760880956384
26.79655937126155	28.598632548458202	-0.09284155431650418	-0.9476224816997476
26.87429845726709	28.723924955132784	-0.16986788136255815	-0.9003931566959148
26.939492904463055	28.8511089362955	-0.2336905004726733	-0.8379839604582819
26.991795882994648	28.979158136079878	-0.2841485784395316	-0.7614720377016974
27.031505441538606	29.107390153103058	-0.3220071229691593	-0.6723656702660822
27.05947338377966	29.235366879992046	-0.3483172936230057	-0.572441129789242
27.077222417233067	29.362750702935614	-0.3650142710078642	-0.46369120462041963
27.086788396498108	29.489265760198343	-0.3738684970644083	-0.34825014520100217
27.09095415949744	29.614605961965417	-0.37769101647489955	-0.22839106900027942
27.093033739764174	29.738485171879617	-0.37959924695669656	-0.10640208457779614
27.096744550310884	29.86068407286754	-0.3830043003276474	0.015543631752279
27.10594405051015	29.98113539938173	-0.3914457954593084	0.1355457167893882
27.12426345457096	30.10002725485226	-0.40825574783113544	0.25211721980009094
27.154742332719398	30.21788221796138	-0.43591888661540756	0.3641367120595197
27.199614611161376	30.335514286514424	-0.47589380309498397	0.47082215669244654
27.260095261940553	30.453882702842566	-0.5281425183514226	0.5716052250063784
27.336277365769266	30.57386353586886	-0.5912781738518577	0.6656107342367745
27.42713479045727	30.696075798418228	-0.6617587286091019	0.751536480253425
27.5306597236704	30.820672294294763	-0.7357843605872271	0.8275988247462989
27.644192485749187	30.947506201608	-0.8078999308138903	0.8918462569441199
27.764909579846297	31.076170382844857	-0.8728613022433286	0.9423873059850583
27.890292756088016	31.206267556861345	-0.9269770507074115	0.9776713531020192
28.01843603124104	31.3376093541752	-0.9673082590954671	0.9965696699718588
28.148079303279367	31.470282608139744	-0.9920222836346274	0.9982929153468857
28.27904954981993	31.604804118393545	-0.9998519016678991	0.982203928639564
28.410142325551874	31.741564037227626	-0.9905279758291805	0.9471690420518701
28.54154086053477	31.881414821329212	-0.9641536321759759	0.893177160320679
28.673649633909253	32.02513572285537	-0.9209117632718	0.8197562721205884
28.807300337361887	32.173236900455045	-0.860879342738441	0.7266156728493093
28.944080846006344	32.325696666928096	-0.7836293921536499	0.6136251267938273
29.086818796046565	32.48173589762851	-0.687607792252371	0.48376071525123976
29.23999719475811	32.63938697838037	-0.5686121163134559	0.34022710267895734
29.410172509709877	32.795821067324994	-0.4213149000289879	0.18972921452154712
29.605349980911452	32.94771642248907	-0.2374226502523813	0.038980780060462225
29.832958023141174	33.09255276474516	-0.01216417856527929	-0.10559070048815093
30.094737996161676	33.229167959853186	0.24701195212110294	-0.24002291277208096
30.37903223387007	33.356540163757224	0.50864502857385	-0.3613759561121374
30.659003861708634	33.47076039761961	0.7268897662456425	-0.4651682760658039
30.91008359116391	33.56517268300949	0.8746840617849527	-0.5465465949238448
31.12598125188391	33.63637805328854	0.9578108905542193	-0.6046417479405328
31.313380799996146	33.68765985088236	0.9942899366482066	-0.6447638225499199
31.48091530212386	33.72598986935717	0.9978237783571543	-0.6735108644636134
31.611646178904433	33.758465432013985	0.9807116248842844	-0.69710349176647
31.742267307779752	33.79004549330784	0.9469308568320832	-0.7194302942229147
31.872726900873104	33.82439947909346	0.8971207449018805	-0.7427629943711402
32.00294618298206	33.864523164168105	0.8322265921239225	-0.7692928988945935
32.13281598526381	33.91262298460781	0.753494493102446	-0.798858092212783
32.262149214595176	33.970317182939255	0.6624910264521306	-0.8321241077601629
32.39067945393153	34.03857343971635	0.5610955166808835	-0.8680152884540053
32.51800560392465	34.117845919355084	0.45152005535697837	-0.9048864962700722
32.64355139536678	34.20808265179971	0.3363095273120691	-0.9391087319925527
32.766423929830395	34.3088052556439	0.21841365481088293	-0.969153180012439
32.88556706334964	34.41890199508864	0.10093810702136549	-0.9900886626172104
32.99953597244114	34.53689494164377	-0.012804680724011839	-0.9993522832772057
33.10679571905396	34.66093903686476	-0.11976811170235138	-0.9942076890223688
33.20587626312822	34.78910209510612	-0.21729589439937633	-0.9728895833534998
33.295653729611715	34.91963192912615	-0.30399702221413605	-0.9348155279923405
33.375465111858915	35.05121935486932	-0.37890743335699506	-0.880371341558774
33.44536349355333	35.18296660448042	-0.4425431909544703	-0.8106305353525914
33.506017048948955	35.31439358957644	-0.4960735162128569	-0.7269238955748255
33.55869499035639	35.445302952213595	-0.5411899024064157	-0.6309949083698286
33.60524927851014	35.5756519326912	-0.5796877164217354	-0.5247912344958371
33.64805850083513	35.70545967708436	-0.6138695940216232	-0.4102101887178841
33.68993387772246	35.83477865350688	-0.646469314680797	-0.2892166887855658
33.734044247502695	35.96369507560963	-0.6795515489023716	-0.16380401712767062
33.78369949582346	36.09231605681782	-0.7149437344628077	-0.03597577744502207
33.841978903526204	36.22078346005015	-0.7543865641133101	0.0922902311386504
33.91136696772978	36.34929280840571	-0.7980883972330642	0.21907556809106005
33.99329099131893	36.47804461292564	-0.8449684383046006	0.34247845976076696
34.087850430094434	36.60720169308755	-0.8912795770334017	0.4605791373408013
34.19371524561202	36.736812775598786	-0.9342427472158032	0.5713941602956769
34.308735569355726	36.866873701880124	-0.9691379809200948	0.6729792573909177
34.43036697797583	36.997308272567544	-0.9918818860744596	0.7634693228060221
34.55627581917522	37.12803247463813	-0.9999609512186756	0.8411848840388128
34.68469573779085	37.25900000887297	-0.9918780795877578	0.9046959331143439
34.81446809243448	37.39021705678295	-0.9670150732017565	0.9525250175454638
34.944933313211145	37.52174573675997	-0.9256376922048752	0.9840279943651272
35.075795761484585	37.653686560250094	-0.8683558716255952	0.9985733920796726
35.20704472130119	37.78615768479761	-0.7960212117834125	0.9957483656166857
35.33890208732155	37.91926251951609	-0.7095966211731821	0.9753830366793095
35.471915734637285	38.05303699037041	-0.6099701437779028	0.9375885198038847
35.60718179617009	38.18742739661141	-0.4976566198730611	0.8828155020878237
35.74652444945094	38.322256945475495	-0.37252900294619684	0.8119244141336645
35.89270887804825	38.45722051718231	-0.23335024381682573	0.7260512756049784
36.049501693437485	38.591936071983596	-0.07869894362286672	0.6270128138565508
36.221262519500314	38.72596463523823	0.0927670860574946	0.5172867564601271
36.41159455150107	38.858882200237694	0.2793677820203222	0.39935505700792906
36.621008917407835	38.990222347947636	0.47287944073929494	0.2759178095462006
36.84418740025824	39.119171702313146	0.6559648105019988	0.1500932343551939
37.06964887937079	39.24404664391515	0.8083156786987861	0.02584451311378857
37.284889861210814	39.36213033803143	0.9149927591137842	-0.09204558653804246
37.48253842904699	39.47058854362547	0.9761632639393063	-0.19927072337957336
37.66188989145262	39.56792116350777	0.998831022556318	-0.293514381962714
37.81366148995702	39.65462128648811	0.9931604546466059	-0.37521028654768523
37.94452492192499	39.732800931003375	0.9698731207815773	-0.4463312435857101
38.07534851130175	39.80484915873778	0.9300320047461383	-0.5095391615419165
38.20610088289927	39.87378171635423	0.8741007478812504	-0.5675706062512216
38.336731860069946	39.94269134057409	0.8033169855497122	-0.6229134314298125
38.46716284884348	40.01434277074874	0.7190221418458664	-0.6773864964960492
38.59727191601004	40.091018329413515	0.6227973634474542	-0.7318092019176916
38.72686758454958	40.17446667772464	0.5165096778786142	-0.7857798179550034
38.855641755293824	40.26591198091965	0.4023285011761544	-0.8390981289542941
38.983164433268236	40.3659987993707	0.2826943656197154	-0.8889932312096391
39.10876452591382	40.47483557294496	0.16037059039133894	-0.933543375292521
39.231575074451804	40.59187609419206	0.03830787823298141	-0.9691282135614315
39.35047013356511	40.71598767395772	-0.08043903989213862	-0.9922037962601418
39.46413875683865	40.84555408423824	-0.19297730368864624	-0.9998476958290982
39.571279651526694	40.97872054560714	-0.2967389863134723	-0.9901826870173661
39.67090773577916	41.113702400890176	-0.3901547921647869	-0.9625382810725007
39.762563029074904	41.249105782533825	-0.47284510528329965	-0.9173040560154033
39.84645019483399	41.3840399005724	-0.5449689539873774	-0.8556019865255824
39.92347431119176	41.518070574126156	-0.607731496956099	-0.7789603517019832
39.99514889872515	41.651103522226485	-0.6629913288049378	-0.6890824953218508
40.063497748033754	41.78324262024319	-0.7125491188696045	-0.587735364797112
40.130952370686465	41.91467031952864	-0.7582137133736059	-0.47656502000947476
40.200236197897844	42.04558720493326	-0.801571540705005	-0.3577036604244228
40.274076951279675	42.17617214583588	-0.8436867681865009	-0.2330790220196186
40.35492159771962	42.30658260143853	-0.8839651140837089	-0.1046832158201764
40.444438491727375	42.43693871598197	-0.9221227645005997	0.025421158360891708
40.543413308457424	42.567338472016175	-0.9557617857208064	0.1551307826080229
40.6514752074338	42.69783868452117	-0.9821272188114513	0.2823046700062149
40.767324250308	42.828458641111084	-0.997034200210912	0.40479814250698976
40.88904909141561	42.95918394360092	-0.9984817093591917	0.5205050454191668
41.01479570217457	43.089994389557205	-0.9845402174544218	0.6274247867988195
41.1430229590502	43.22087107055682	-0.954359451640193	0.7237059014554659
41.27264354606371	43.35180530874261	-0.9079576204833153	0.807685175958548
41.402989642820195	43.48280081932925	-0.8459573695622533	0.8777403702931159
41.53370829651486	43.61387223489424	-0.7692877583527107	0.9326777064132692
41.664666101574056	43.7450393683673	-0.6791865577031758	0.9716518510713752
41.79590053289284	43.87631862578854	-0.5772679731489188	0.9939669358438292
41.92762925430506	44.007714331387646	-0.46502042380579545	0.9992017583676696
42.06031922712015	44.139332484762136	-0.34384486400413455	0.9872079046429633
42.19478269651006	44.27107354172833	-0.2149196611068992	0.9581369475371755
42.3323106242881	44.40288521655244	-0.07907358794675179	0.9124648979757246
42.474724153514614	44.53468942626741	0.063180195014796	0.8509924218571827
42.62427644684907	44.66638616820994	0.21107273865978415	0.7748404918197556
42.78318972390994	44.797864110630016	0.3631366183284295	0.6854288146459186
42.95294157601697	44.928953301095156	0.515132861082319	0.5843299846713231
43.133016350897265	45.05936608510992	0.6601974736086171	0.47380058176400086
43.320149425905605	45.188525117096454	0.7882862534404513	0.35643814069706503
43.50867871335324	45.31538856386827	0.8894867559077819	0.23539764868768248
43.69255879509301	45.43840618477093	0.9578686123669795	0.11440733086095659
43.86761667113205	45.55580970585088	0.9931481442698578	-0.0027144419447148994
44.03241567658535	45.6661950036486	0.9984259979869214	-0.11282886253825977
44.16330830048556	45.76900812517265	0.9834578776621148	-0.21413566162496794
44.29418999382055	45.86456803730096	0.9516887238126968	-0.3064393130702991
44.42504860181401	45.95417632593606	0.903497769026216	-0.39023121293029817
44.555860074343855	46.03980389707554	0.8397891483072234	-0.4675494423941533
44.68658530887164	46.12400655798701	0.7618265054757714	-0.5403141295054346
44.81715914784046	46.20930938561612	0.6710113974079603	-0.6098248794389172
44.94747022917548	46.29796953811516	0.56901751225166	-0.6777175862006497
45.07735368667436	46.3918879775159	0.4577761476328933	-0.7435021427671971
45.20653311517183	46.49247877541637	0.3394975485571907	-0.8071218924811743
45.33461826449105	46.600608106542836	0.21663414835036893	-0.8658084746314727
45.46098434060752	46.71656745838326	0.09193307497180797	-0.9177324844387587
45.584814981773754	46.83994775966857	-0.0317006369278073	-0.9594854655875249
45.7050669401228	46.96966137481488	-0.15131479943675513	-0.9876469291740958
45.820561168825094	47.10406864570931	-0.26418674621554433	-0.9993775047852409
45.93018347820661	47.24126993504828	-0.3682152878348214	-0.9928941263554921
46.033146062568115	47.37948596152189	-0.46161824416642855	-0.9673924150239266
46.12922822360104	47.517364176299566	-0.5446321573312543	-0.9232312730909942
