4.306072054327697	3.7908329250083304	-0.3950340213456494	-0.7961960211332926
4.440932418903758	3.9211719107394454	-0.26801660255030807	-0.7108717779527466
4.574731807483107	4.050218550963341	-0.13717709238344827	-0.6145291000381687
4.707615395202876	4.178306163090356	-0.0047704449085881956	-0.5088006187037666
4.839779777888428	4.305580082354668	0.12703878098025148	-0.39548545663292434
4.971420220175223	4.432016029688116	0.2560866072200725	-0.27657754643213683
5.102694013456057	4.557329429381297	0.3803414496016301	-0.15436239113936218
5.233702339311775	4.680820120511433	0.49781121711727133	-0.031548092495774345
5.364483899782274	4.801166425428315	0.6065691947933618	0.08861671531743452
5.49501706068169	4.916295366211175	0.7047994443149361	0.2024185247840495
5.625225030465644	5.023430205194656	0.7908523474801542	0.3060232522315989
5.754980409092747	5.119377255037975	0.8633027737537227	0.3956500532804824
5.884105073627502	5.201063793235981	0.9210052833829654	0.4692994413233185
6.012355540156455	5.266031989775562	0.9631430725722285	0.5256341287772383
6.139399074358082	5.312909483347295	0.9892801798622246	0.5647978252485029
6.264772463390019	5.341629693244514	0.999421733731725	0.5885137992792152
6.387836795200787	5.353283379467503	0.9940918004638308	0.5977205032444646
6.5077395137191365	5.350493838263374	0.9744225943541178	0.5955166958333284
6.6234254879574195	5.3367119925236	0.9422233744090014	0.5844811800522757
6.7337013824144965	5.316116259242553	0.8999732834637499	0.5674496510394317
6.837396849566702	5.293134505956597	0.8500664922519596	0.548445015831033
6.933588070268315	5.271571233326347	0.7954836389844806	0.5304012042564235
7.0218314597348455	5.254357937054578	0.7391088937417309	0.5155874337802241
7.102259414987669	5.243346566125407	0.6828521203493462	0.5061110430298627
7.175546325280761	5.239254206020011	0.6273787619928437	0.5025891560914082
7.242753520791417	5.242353135224062	0.5736524249677482	0.5052560959515029
7.3051770967138525	5.252410601558757	0.5214701374962405	0.5139115559808884
7.36420074683555	5.26909981820609	0.4702847986263994	0.5282743032977185
7.421220078131335	5.2921153186118834	0.4192997106508386	0.5476022044295576
7.477581906402651	5.32140622072234	0.36756821592283045	0.5718241557579756
7.534632789789977	5.35702253847647	0.3138989661462125	0.6006745325031764
7.593743362861339	5.399201318849118	0.2572455211219413	0.6339968253018451
7.656259389863333	5.448349814142464	0.19638430992871153	0.6710312754912915
7.723435456553743	5.505168290936436	0.13015480031076201	0.7119762673894288
7.796557180447916	5.570339246918379	0.05738667720813394	0.7561679944694946
7.87680857382186	5.644546068741909	-0.022811923287434484	0.802692400288673
7.965140271106253	5.728286790866219	-0.11089491384408867	0.8497168515921634
8.06196601524701	5.821828169763474	-0.20639765427901072	0.8950523537801016
8.167166783691952	5.924809742723743	-0.3080817111409282	0.9360812427155765
8.279986589511005	6.036322329403146	-0.41309982942256057	0.9695568871538514
8.399142184087076	6.154864399108974	-0.5183341205255808	0.9916990917254304
8.522996630080533	6.278910989451878	-0.6199364791309863	0.9998657625193549
8.653573042775855	6.411107571782155	-0.7167923559498048	0.9917614430455335
8.78447753618016	6.545227532646031	-0.8016744150501052	0.9655943152508024
8.915392456722614	6.682196564717273	-0.8728810489948835	0.9210326725557306
9.046337542524633	6.823846209016404	-0.9292009941997248	0.8569631949092513
9.1773647517695	6.972686723810968	-0.9694368776742943	0.771523740139103
9.308604082676633	7.131841754789593	-0.9930076261288665	0.660665729733596
9.440364907183397	7.305040243897987	-0.9995104827130643	0.52158791309083
9.573323442511619	7.495583672864276	-0.9885357917643509	0.3506334860240832
9.708843877970304	7.705116678271367	-0.9594509118004673	0.14824506796178047
9.849333618575761	7.930986893628552	-0.9108894365590716	-0.0768987030610621
9.998254797627649	8.163821714614022	-0.8398375285482507	-0.3048699907948979
10.159278225067439	8.38873390970413	-0.7418501678650772	-0.5093767549328475
10.334694349681762	8.592428998037752	-0.613509579404065	-0.6728961426047445
10.524430120752747	8.770546219901183	-0.45368209057571474	-0.7931372175104732
10.725875773386669	8.926470310377601	-0.2663286385167329	-0.8782799311992883
10.933877857268145	9.065774056960608	-0.06165584368443646	-0.9358684353593953
11.141144595259233	9.191770292649704	0.1449915177869394	-0.9725788321656574
11.340340848316746	9.304145567908629	0.3378100731833454	-0.9925881118394253
11.527131523252192	9.400404410295058	0.5066271020428272	-0.9992345342067483
11.701058980590954	9.478231217906451	0.6481745451836811	-0.9983212687901413
11.863910209036135	9.536667734960366	0.7630350215984976	-0.9934107296056426
12.018178306615868	9.576301174089199	0.8531300279873177	-0.9880700485384912
12.165973341133462	9.598786193592987	0.9204823098903003	-0.984553195106817
12.308770154321332	9.606510183442728	0.9668333244681784	-0.9833450956339792
12.447512282243816	9.602554702332682	0.9927550382424442	-0.9839637674262559
12.58274199121436	9.590931164123097	0.9994858472103079	-0.9857817903207298
12.709372015681884	9.576279405026323	0.9894029343632536	-0.988073453410053
12.834366925377072	9.563226955085495	0.9639334515699358	-0.9901149705792253
12.957368904291727	9.55625541888953	0.9242144822908395	-0.9912053797287789
13.077925814992707	9.559399144081857	0.8717767652409211	-0.9907136736518055
13.195407394794637	9.575784413754821	0.8085768464665704	-0.9881508743681064
13.308927065117386	9.607307865872409	0.7365233924900487	-0.9832203311351209
13.417311829300179	9.654523255757278	0.6589521823667868	-0.9732903797569024
13.518959312346702	9.716941019949894	0.5794240972470871	-0.9571922527811263
13.611985198165232	9.79311826428879	0.5011403501723134	-0.9327063629387979
13.694309228846022	9.880964071747208	0.4284828206580506	-0.8973995645118328
13.763786262021616	9.978147202920688	0.3647281185367711	-0.8504951874308311
13.818722201631738	10.082204770830158	0.3130484513766331	-0.7911792591737565
13.858066903074363	10.19084302602744	0.27535537754561545	-0.7204261828639488
13.881784686170205	10.302014868661578	0.25258308652351846	-0.6392307364218973
13.890687815854811	10.413945222314249	0.24395914089283266	-0.549175654136383
13.887045782649874	10.524862508124283	0.24751287751150794	-0.45329689397629724
13.873909279241776	10.633162740610299	0.26014454611554355	-0.3544091706122919
13.855039300788565	10.737308502727894	0.2782622866809568	-0.2553516665677448
13.834250253925815	10.835928060212789	0.2982225933975475	-0.15889185273809
13.814987966789467	10.927952136327432	0.31656134321239643	-0.06755877374483982
13.799671872180095	11.01287848504852	0.3309695917510208	0.01729281402590347
13.790169033044808	11.090661940826935	0.33990915967455704	0.09489788527900378
13.787126019905887	11.161849804557752	0.34277180127674756	0.1654384478281717
13.790663108504909	11.227351533775673	0.33944437003937133	0.22961369066271098
13.800632418027451	11.288299025804283	0.3300659812906246	0.28843693900038614
13.816765211318842	11.345937434457039	0.3148894430612	0.34307492732101935
13.838787422550391	11.401544556725463	0.2938662956812867	0.3947159277063308
13.866678371759821	11.456365252828904	0.2670871987600814	0.4444588377901731
13.900452676564662	11.511656743768636	0.23443101714211512	0.493309499892729
13.940333369315166	11.568656324389218	0.1955171824155405	0.5421077357180865
13.986736579954357	11.628625904800131	0.14979094640297855	0.5915245091746624
14.040315033779644	11.692802024327172	0.09665402066261587	0.6419819296504933
14.101733471396454	11.762479521473589	0.035410160070634994	0.6936835417178989
14.17173211400723	11.838868097020326	-0.03454243436988077	0.7464770997722983
14.250979190158121	11.922985972091913	-0.11353631434994908	0.7997843872131531
14.33989767011777	12.015527421347004	-0.20127137026645403	0.8517808395552222
14.438426691814623	12.116663323364659	-0.29663170939408146	0.9003404034294606
14.545893202870747	12.22596833155117	-0.39724483658574183	0.9421684733363387
14.660980121797897	12.342408770856153	-0.4999625648056256	0.9745517930922023
14.782018706505976	12.46462654557338	-0.6008469217033497	0.994365367778983
14.907251431419551	12.591282782356851	-0.6959312456714186	0.9992176186043125
15.038153905425446	12.724280060618117	-0.7835911537641618	0.987071185930271
15.169062703958723	12.859246398139545	-0.8578591323860911	0.9569934416635948
15.29999035412037	12.99754455820428	-0.9174741550832712	0.9082614305586147
15.430970753843509	13.141106710118578	-0.9614240037555402	0.839129836475595
15.562090852235833	13.292513759599606	-0.9889538826375195	0.74737592080321
15.69356067523794	13.454865559253614	-0.9995476780428013	0.6304330566461669
15.825853791684494	13.631290424333924	-0.9928461020755603	0.4845262638904698
15.959970105323501	13.824239803096749	-0.9683936387508114	0.3078339849268783
16.097819962228684	14.033722191463783	-0.9246677900216015	0.10321652409805526
16.24261086577786	14.25490704463852	-0.8600237122018926	-0.11744609366614898
16.398604745711637	14.477165102959574	-0.7708251035644842	-0.33332431627785153
16.569844087456865	14.686860266198625	-0.6507476136366575	-0.5222350286609098
16.758854686095702	14.874660308895645	-0.4965991041768032	-0.6721806571096558
16.965121272802566	15.039246014863545	-0.30851681798554514	-0.784260405242001
17.184632372900367	15.184669513321563	-0.09394187356420852	-0.8658023379640865
17.40931038382	15.314878371227218	0.1301593544398165	-0.9233859271134852
17.628862687097048	15.430049094111578	0.3428302872521635	-0.96116691118244
17.834909431262258	15.526781458659206	0.527791505325246	-0.9834311850944124
18.024650054138704	15.601259763382073	0.6784783724595235	-0.993898720411867
18.199702081616635	15.651783566933968	0.7958200225259593	-0.9982356432048183
18.36320618066383	15.67908410596353	0.8837078155626747	-0.9990930328078007
18.518147983555203	15.685925399797695	0.9452146978545881	-0.9993078876939263
18.66661872588986	15.676185630718145	0.9831566273365235	-0.9990020044754588
18.810023332152504	15.65487771378162	0.9987584556084386	-0.9983328167197589
18.945795316770553	15.627984470601058	0.9948833181132927	-0.996413323848858
19.073877955338684	15.601722832038325	0.9744732329374313	-0.9939422918540173
19.20109989627083	15.581408436251632	0.9383949805721262	-0.9919753214948959
19.32729961702261	15.571524356764305	0.887614235756188	-0.9904293651367932
19.452190359825096	15.575672307889675	0.823451221197415	-0.9910781409204752
19.57536647709951	15.595831221367913	0.7475958301268681	-0.993387933509889
19.696187032039074	15.632866531044836	0.6621847076286878	-0.9968726907512127
19.81375952855736	15.686523537474345	0.5698192117378029	-0.9993266725620403
19.926828881740498	15.755790410293692	0.4736188237484494	-0.9984979602585009
20.033802617970984	15.838993673334015	0.3768954782992531	-0.99127530268105
20.132759442992423	15.933991992369368	0.2835095868526529	-0.9741009911517899
20.221510341198965	16.038434554328155	0.1974768281083763	-0.9455319250832497
20.29796782403135	16.149990550920254	0.12206904229168193	-0.9038264806071824
20.360331944758848	16.26651120048458	0.05998081959261886	-0.8478594531567092
20.407304963553866	16.386173384343298	0.01303870170491072	-0.7784431193759701
20.438401393886274	16.507501962598436	-0.018037272034839524	-0.6967606458034578
20.453880472055694	16.6293306994345	-0.033506167389272985	-0.6044629689970927
20.454914817747564	16.750628883048062	-0.03453983264328419	-0.5036782339614924
20.44359483081787	16.870394957855215	-0.023227292496355405	-0.3969130083169038
20.422959570438522	16.987562536248888	-0.002605606894288355	-0.28697015909090456
20.396706367149807	17.10101448096121	0.023630325888458318	-0.17676497149515016
20.369229633908194	17.209591329022256	0.051088983732558976	-0.06909777333435396
20.344413258395498	17.3124123410432	0.07583734009520775	0.03363060805017048
20.325737784748544	17.40897715805806	0.09442687312131218	0.1298302853758888
20.315356305921057	17.49940507001962	0.10476057855613202	0.21875179573240983
20.31466460066371	17.584435705449987	0.10544910073066081	0.30087201447696776
20.32415315005674	17.66528381840173	0.09600421565593523	0.37687216501371756
20.34406393278524	17.743521463502805	0.07618505818212368	0.44799635674497507
20.374420784509287	17.820943533704995	0.04590124809749753	0.5157724476362949
20.415373607847958	17.899324277822515	0.0049753653181209435	0.581373250387615
20.46710356600188	17.98046985635039	-0.04672056260561816	0.6453437680916538
20.529960561283787	18.066003129175343	-0.10935172392984246	0.70806252641438
20.604128414200957	18.157373933837288	-0.18272079151473677	0.7698311430824795
20.689668444298853	18.255562795776655	-0.2659615611401973	0.8283075604023392
20.78605973889511	18.36099171643822	-0.35750975048444394	0.8827026352068168
20.892315625694525	18.4734392790622	-0.4544118924584385	0.9300726553307569
21.00684953386339	18.59203847059838	-0.5532014022757349	0.966856479458808
21.127661114248223	18.715645371300806	-0.6495426523892758	0.990824822871239
21.252827022373147	18.8431043575091	-0.7393235201321636	0.9997973848092884
21.38335527940175	18.975736985297395	-0.8205519901407332	0.9920337820649499
21.51426593509141	19.110459613977124	-0.8880050824496344	0.9659119035923643
21.645199137132344	19.248282631018682	-0.9402897505976993	0.9211456616285579
21.776195052494653	19.39096757403695	-0.9765165741753805	0.8565810945899319
21.90735497138663	19.540765658436285	-0.9960543779045212	0.7704739983175742
22.038918596286155	19.700246224606023	-0.9984997541832251	0.6591403631827145
22.17142799179267	19.87216495535827	-0.9835723271824448	0.5209389367880801
22.30600130927951	20.058283574213352	-0.9508216507570859	0.3540866212202501
22.444758919680012	20.258281318942338	-0.8985687456542155	0.16128630875466357
22.5912781301986	20.46786290719351	-0.8248589428291595	-0.047479404269381645
22.7504683909411	20.678056126289185	-0.7251950099567168	-0.2548121596936659
22.92754805726352	20.87744360600263	-0.5925872725288825	-0.4411630054906216
23.126376942842448	21.057597930913538	-0.4218748765573198	-0.5948379258305176
23.347579818915477	21.216835005273683	-0.21262366380010977	-0.714594568701443
23.586453759390828	21.358092832502013	0.02449273446842493	-0.8061140013597303
23.83191148859664	21.48355374387977	0.2665860244983711	-0.8737924256783955
24.0691575233391	21.590879937559635	0.48567611610340583	-0.9205333888669331
24.28757296371284	21.674435979481935	0.6632818237383535	-0.9501917487687569
24.48492164587362	21.72994943125353	0.797066627955652	-0.9658294888275172
24.664674444701795	21.75781867140529	0.8920067390081339	-0.9725085502088472
24.831231811660036	21.762067784628417	0.9545851309630969	-0.9734353130764647
24.988065227096012	21.748862348074155	0.989141012250648	-0.9705551101714082
25.137564264517785	21.725557621037	0.9998485297032129	-0.9646044143775694
25.26724152442386	21.69976336880598	0.9907325815293514	-0.9574092311146836
25.396510736484945	21.677927871446556	0.965112498116309	-0.9513183235849688
25.525295890825515	21.664688258664427	0.9235964740346387	-0.9468903692096098
25.65345395123296	21.663861056643906	0.8671159740955112	-0.9466102106071059
25.78078204790927	21.677687578578904	0.796931052942307	-0.9512512950390729
25.906972756271877	21.707267233908784	0.7146525718268334	-0.9595023983874189
26.03151020562823	21.752991676064852	0.6223163140562484	-0.9714557469982079
26.153722612424602	21.81429522159187	0.5223396932040861	-0.9841081933783719
26.272618473475845	21.890192342513753	0.41760904992747716	-0.9944394975169494
26.386855724082086	21.979214852169093	0.31139003788571273	-0.9996252143600813
26.49481023796478	22.07943710997712	0.20712257898468034	-0.9956314370985772
26.59455592210155	22.18865781147787	0.10872792823947464	-0.9803213014047332
26.684159022965016	22.3046804071801	0.019365784501508745	-0.9512315358146876
26.76182590054399	22.42543623437266	-0.05825000040667839	-0.9070250284592786
26.82609302771479	22.549220597157117	-0.12223930306429244	-0.8481016714670848
26.876197951753575	22.674677761171356	-0.1717436813276237	-0.7751835603072705
26.912042285251253	22.800826710397278	-0.20690538754013327	-0.6895921578889321
26.93409854818968	22.926973690753538	-0.22842692368900042	-0.593041036455917
26.943544441414875	23.052547873386438	-0.23764381292684966	-0.4875560178497951
26.942248765845267	23.177013533654378	-0.2363795494073963	-0.37541055506549215
26.93290442740257	23.299785576721334	-0.22726175288206535	-0.25908999379489206
26.91891046231441	23.420234329350656	-0.21360705415311337	-0.14117992946234345
26.904126079314075	23.53775491464492	-0.1991811002157365	-0.02417407404633878
26.8925138700996	23.65189746038088	-0.18785041463789318	0.08978642110526688
26.88775050723462	23.762521513500428	-0.18315212884982743	0.1991694767890022
26.89297549156283	23.86989050861241	-0.18830084466022953	0.30305103866256744
26.91044548600094	23.974842631689377	-0.20534730071082435	0.40107259097096726
26.941773704690128	24.078610426527828	-0.23591600552184344	0.4938112888187673
26.98769633571224	24.1827929979662	-0.28021245661075045	0.5816076171884851
27.048560352645417	24.28893853798419	-0.338051121409906	0.6643059876280883
27.12405778196811	24.398437371621814	-0.4080670218962378	0.7419800329134775
27.213323724649257	24.512154763188263	-0.4878909124234768	0.81336234482971
27.31480027064862	24.630363965996693	-0.5736810388629988	0.8764326697612217
27.426321501697732	24.75270072709158	-0.6611487720531524	0.9285656289851402
27.5453743554242	24.878485649419897	-0.7455137205600173	0.9677663629488782
27.66958502853681	25.006966295899744	-0.822262938886543	0.9920973044910666
27.797002183392333	25.137623785295673	-0.8878012475182616	0.9998466604179191
27.92791472349093	25.27118256877162	-0.9401306645153225	0.9901161677727847
28.058853413461538	25.406867422788	-0.9764016433280438	0.9622235500173573
28.18986413866191	25.54584709000268	-0.9959907579848221	0.9154359511382049
28.321060976116726	25.689571321787437	-0.9985325079345244	0.8487337607563824
28.452709301234105	25.83962332905387	-0.9838701290579639	0.7601113831965189
28.58539389844706	25.99754480077742	-0.9519210370386108	0.6485555852099767
28.72030335725502	26.164221621408615	-0.9020370572843487	0.513304241373062
28.859691909858107	26.33925863438535	-0.8331604072202714	0.35616585806419176
29.007396405203593	26.52014854866827	-0.7428008069220222	0.18233846196035916
29.16915628183577	26.701916410744456	-0.6254342090243368	0.0016200783088160674
29.352320342334437	26.877874170780185	-0.472983195318486	-0.17339899099760744
29.56429451510495	27.04202168254811	-0.2770218428104259	-0.3319000243922354
29.809313917438292	27.191716769240017	-0.035792730140760065	-0.4688579319037437
30.082854010096632	27.327200764697555	0.23541607858597763	-0.5839355596069797
30.36648103466031	27.44744017119247	0.4978434609159825	-0.676987514148349
30.633703948426856	27.54621612479302	0.7090029685997683	-0.7460703010671164
30.868847259395377	27.6161886052302	0.8536965137919728	-0.7907389781027947
31.07295420716405	27.656870788354944	0.9412980445207603	-0.8151176513063416
31.253728234492634	27.675083431791194	0.9864003715270695	-0.8253529916087264
31.418198746564627	27.680438195443756	0.999928639877795	-0.8283623201784456
31.54872233401005	27.68171492232797	0.9909991798398221	-0.8290798290990411
31.679072356966824	27.68515419883228	0.9652864725369837	-0.831012671277543
31.809189954775267	27.694675348265942	0.9233150390779201	-0.8363634708396447
31.93899070875184	27.71323934432417	0.865919185372255	-0.8465633387407475
32.068347799038314	27.742887340618687	0.7942466895584797	-0.8616529143271408
32.19705220505195	27.784947881666696	0.7097784793990626	-0.8823296092059016
32.324816610481214	27.839975964293817	0.6143203934265569	-0.9069971299265429
32.45119894942692	27.908074298293645	0.5100408265419452	-0.9334110656042156
32.57553393185168	27.988908950174398	0.3995045908087781	-0.9590718210863411
32.69689463897972	28.081654915538397	0.28565589190632423	-0.9813748187510274
32.81411225585013	28.18498617898325	0.1716945130088952	-0.9955317769350784
32.925601069270115	28.297268471883065	0.0610815848323009	-0.9992797256263355
33.02969711728711	28.4165275160423	-0.04294598424904511	-0.9895292762690415
33.12478027418618	28.540693878703035	-0.1375723383511498	-0.9643898937060676
33.209428006893354	28.66799584992875	-0.2207615305339421	-0.9231567823204033
33.28276792876876	28.796978761396343	-0.29162490439592703	-0.8661325881569717
33.34450129042942	28.926650755843134	-0.35005067486675556	-0.794310660159995
33.39499648799708	29.056383936993083	-0.3968294957531835	-0.7091249476357624
33.43521858084087	29.185822219615837	-0.43350549435304503	-0.6122677008046766
33.46666540510013	29.31477370464244	-0.46152021116617475	-0.505593752211144
33.49147223479764	29.443094875402537	-0.4835562426439407	-0.3911052164921009
33.5122323773244	29.57070056264631	-0.501422430594763	-0.27087116766833136
33.5321588348917	29.69748617280743	-0.5185711488963145	-0.1470393784489905
33.55476703031597	29.82344008465373	-0.5379416973303046	-0.021675855736280596
33.58371078922798	29.948659450785	-0.5618765804890526	0.10330062727527276
33.622471331366654	30.07333251252385	-0.5936550893492569	0.22612541793435234
33.67385202522691	30.197884049959587	-0.6342471242512515	0.3453239153097056
33.73966546336959	30.322784175927758	-0.6837673915907273	0.4594814107988372
33.82040930000661	30.448495465473965	-0.740124675632255	0.5671502785235139
33.91517821068534	30.57530460512163	-0.800423950696323	0.6666915184330345
34.021927057983184	30.703317828960323	-0.8595429845280556	0.7563249332203014
34.13790165175754	30.832415677957087	-0.9128502779484092	0.8341984997745879
34.26029746105133	30.96239849388411	-0.9557811611923338	0.8986061040784848
34.38672688735249	31.093088305183876	-0.9850561947540049	0.9481171051903204
34.515460922068584	31.224422130033183	-0.9986791351934263	0.9816309991292242
34.64541375866225	31.356484175401015	-0.9956685064453015	0.9981331774507595
34.77601985781105	31.489505001711926	-0.9757429155933741	0.9970155491806894
34.9071860245441	31.62383312943908	-0.939030734372529	0.9780535612762056
35.03874940409868	31.7597913407228	-0.8860316495502973	0.9409957787522837
35.17119769914762	31.897673255569064	-0.8172445533280385	0.8857971997298008
35.30548471845907	32.037575456530966	-0.7329468932655312	0.8127652547053259
35.443332636519784	32.179277480565645	-0.6325515071115397	0.7223450402626034
35.58764187813411	32.32218896897931	-0.5144726820809427	0.6163962960183994
35.74281145976051	32.46529275427999	-0.37593605590741674	0.49791169177696604
35.91471838399888	32.607219792929754	-0.2118743310904737	0.3704295284424119
36.10996280757851	32.746651295526235	-0.018340635489206995	0.23770692607461713
36.33339882246243	32.88255066201817	0.2035669121604169	0.10394062750525818
36.583095879174955	33.014133391713266	0.4391042327608091	-0.027392497174957512
36.84551618594106	33.13983060340412	0.6569613834032961	-0.1524349279622959
37.098862561780706	33.25602552448411	0.8247916577764236	-0.265948566496223
37.32699035853503	33.358101200280494	0.9314257442205623	-0.3628444637688731
37.527040058708835	33.443767712374886	0.9848560725578599	-0.44112157338694497
37.70420552740755	33.51463636916736	0.9998400298257585	-0.5034913070508478
37.83505128241516	33.57489942645778	0.9905074868959908	-0.5545900722295297
37.96584667494476	33.628831014916386	0.9642853351442309	-0.5986793986222788
38.096558821111735	33.6800779373687	0.921653820674361	-0.6390774807677875
38.227139413679375	33.73211186851139	0.863393025940131	-0.6781022884515132
38.35751143871128	33.78791049034728	0.7905831301049784	-0.7179208674709925
38.487559607196765	33.84985534833369	0.7046018280197401	-0.7595944937523277
38.61710874301973	33.91970205198857	0.6071257733262259	-0.8031961888732654
38.745892863751	33.99862663567972	0.5001365140821081	-0.8476840555113916
38.873504242548144	34.087278091424565	0.3859378173421858	-0.8910197834538996
38.99932639673757	34.18578468103292	0.26717668700173536	-0.9315568061343862
39.12255576641139	34.29366405693464	0.1467513834772728	-0.9650886134917381
39.24205094485045	34.40993591200767	0.02783889932031201	-0.9886862889147249
39.35647025405958	34.53309278630933	-0.08641154908794904	-0.9992328743362634
39.46439012235877	34.66130900825318	-0.19322257516291957	-0.9941728773659761
39.56450427862045	34.79272602269172	-0.2902337086920006	-0.9720991780748198
39.65594452542296	34.925698739441444	-0.3764244954486716	-0.9327608073105409
39.73838107356683	35.059058427441876	-0.4513023692040935	-0.8768130624649169
39.81220127732224	35.19208123474485	-0.5158663980865268	-0.8051909297091961
39.87839979049172	35.32446181216041	-0.5713894974061434	-0.7198057581327197
39.938610201227846	35.45612859210595	-0.6196892291402646	-0.6224423817429596
39.99498282722476	35.58714175993246	-0.6628667772244199	-0.5149030840291369
40.050099836359415	35.717617084478036	-0.7030769229641426	-0.3990545070934086
40.10686411256863	35.84768636467145	-0.7422864826914402	-0.27682353408468
40.16830047606407	35.97748505814228	-0.7820011311036449	-0.15018605248651762
40.23723614297437	36.107150949853626	-0.8229825683080139	-0.021150643451034342
40.31589437646845	36.23682077990766	-0.8650305720518193	0.1082537506068702
40.405513162180235	36.366619013332915	-0.906666194775287	0.23598172062943643
40.506103487204705	36.49663642351055	-0.9441332613722365	0.3599682595121008
40.616381453781834	36.62689525946748	-0.9744730128484455	0.47812334723066807
40.7343630898313	36.757383790964056	-0.9939327912135087	0.5883775687998313
40.857815501047014	36.88805996320149	-0.9994626187696929	0.6886209335398897
40.984753063554884	37.01888121242701	-0.9892391485230996	0.7772049356328706
41.11370505743779	37.14982468379019	-0.9625375400412521	0.8525727948790408
41.243729669362544	37.28089495168905	-0.919438816826675	0.9134064501913459
41.37430409587956	37.4121220461504	-0.8605570991526741	0.9586353095383753
41.50520148906912	37.54355322565688	-0.78684660732106	0.98743887609242
41.63641606170378	37.67523966706895	-0.6994663899769628	0.9992502801688949
41.7681700186036	37.80723587729772	-0.5996453248234722	0.993765058751169
41.90094608868334	37.9395592980169	-0.4885523403597287	0.9709561599031328
42.03566393364273	38.072162171610046	-0.367038739810959	0.9311111612919218
42.17383322930701	38.20495032884726	-0.23536123441279652	0.874686331209094
42.31769196089723	38.337783286979054	-0.09362497930845859	0.8026726645794762
42.47017593674342	38.470471563734286	0.058636514224065475	0.7166829119417713
42.63450016255513	38.60278970350109	0.22104859303537921	0.618438173144814
42.81306088117916	38.73450549717869	0.3906691015060256	0.5099364868512558
43.00591263571068	38.8652686258487	0.5597462768666823	0.3934948494383572
43.209056341682164	38.99442190505877	0.7153530007056433	0.2718856647073574
43.41460768073368	39.120691657871205	0.8430899764608438	0.14859223890456374
43.61375031478264	39.24208206626911	0.9326364142413033	0.027807798374677856
43.800584880541486	39.356334789634204	0.9833482164508345	-0.08627670804150463
43.97353631078954	39.46182129046408	0.9997248606459836	-0.1907160214173322
44.109156992095016	39.558311655648296	0.9919276152449903	-0.2842879501047799
44.24003379823404	39.64656780044325	0.9667953354940771	-0.36781271343352634
44.37088309589493	39.728381603451254	0.9251723821526184	-0.4423942415896925
44.501678385337115	39.80610515755223	0.8677936448590673	-0.5106200746838205
44.63237766139701	39.88258311554158	0.7956811169893987	-0.5748488751803926
44.76291368858934	39.960546119964285	0.7101384300393312	-0.6370191542942273
44.8931811653459	40.04236769117709	0.6127451304919527	-0.6976103699880752
45.02299979604234	40.129951202320036	0.5053675662316295	-0.7575517377568637
45.15210777743244	40.224696333623235	0.39014206840879817	-0.8159353092714479
45.280103237852984	40.32745818444353	0.2694891413280359	-0.8709160609993056
45.40639271433717	40.43850615335684	0.14610787137568346	-0.9197671363601295
45.53013350134983	40.55748226107123	0.022944871625422702	-0.9596862527480549
45.65027136017993	40.683362887313784	-0.09697849634392705	-0.9871600005816928
45.76557956597566	40.814584932341326	-0.21079022360120137	-0.9991796996072755
45.87483856898032	40.949292182304696	-0.31615317872021126	-0.9937214324753915
45.977091397838436	41.085681361324994	-0.41125816697297524	-0.9699682623069246
46.07192371062361	41.222296307979356	-0.49567423832489255	-0.9279496309551944
46.159530163036884	41.358231704449054	-0.5696901804472333	-0.8687372663024371
46.24081623500682	41.49307339721551	-0.6347160794993416	-0.7942787776816832
46.31733703559946	41.62675463671204	-0.691801762596117	-0.7062969253971139
46.39113522100625	41.75940250355828	-0.7430044178375645	-0.6065718812785368
46.46460708838511	41.89123607585576	-0.7900419487641708	-0.49690878174537234
46.540337925056456	42.02248645291686	-0.8341754464294435	-0.37915713293289877
46.62085639156396	42.15336068654781	-0.8761139949197898	-0.25523102750825744
46.708328564215606	42.284031169767694	-0.9144609632045557	-0.12711665350947274
46.80402120660963	42.414618981948074	-0.9491228671978686	0.003116107224761643
46.908422022508546	42.545219493021555	-0.9764044105669734	0.13328771840297707
47.02080141933643	42.67587621215233	-0.9942388773028118	0.26121771553298256
47.13977707825429	42.80660659786154	-0.999501050734497	0.3847466274559216
47.26360155854906	42.9374045354893	-0.9899174638260597	0.5017616770497896
47.390623905866505	43.06825609285481	-0.9642855387317361	0.6102509880008988
47.519557018915776	43.199149989666864	-0.9223605335188847	0.7083493042133678
47.64953617752252	43.33008220638544	-0.8646049544174403	0.7943731232936703
47.780052279442565	43.4610561890554	-0.7919540512227401	0.8668471229557124
47.910851059096196	43.59208012447455	-0.705652775628115	0.92452470866397
48.04185525587887	43.72316211608814	-0.6071506179628777	0.9664052623555407
48.17313337609495	43.85430391055627	-0.49801724109478873	0.9917503419202767
48.30491973704346	43.98549434054056	-0.37984719204514833	0.9998995903449076
48.43768802822917	44.116908562482685	-0.25413451937651294	0.9907152019351357
48.57224406915089	44.248398907907706	-0.12212641424600182	0.9644619281684019
48.70982185164244	44.37992464884	0.015125764061026965	0.9215821391117381
48.85209233584761	44.51142984326071	0.15667977289658375	0.8628305653998736
49.00101649341885	44.64284025835442	0.3015001852676732	0.7892695722929546
49.158425611081036	44.7740555991917	0.4470855519205085	0.7022612053977637
49.32519728022671	44.90492321752052	0.5895174761082188	0.6034686152119232
