0.2869147709151566	1.613751778772223	0.9586562376854952	-0.042927194001278146
0.41780552680931204	1.7232522434954138	0.9135697958938548	-0.1517912348821944
0.5486827677229991	1.8281134307044524	0.8528804046110136	-0.2544408041121132
0.6795310860195295	1.9295578855091378	0.7776336209475134	-0.3509755317466115
0.8103200563384364	2.0292660645892684	0.6891383258085343	-0.4423909491632653
0.9409967983535714	2.129290487987018	0.5889552775832989	-0.5298090321887812
1.0714729793109996	2.2316750613924	0.4787857945317633	-0.6135086287787719
1.2015939728821678	2.33823935400925	0.36079745933307605	-0.6940637564607495
1.3311262019472447	2.450476669427879	0.23731521622771656	-0.7705343230823649
1.4597091124766797	2.569374873960327	0.11082381970337493	-0.8405451072828851
1.5867803608510669	2.6952889374484297	-0.015973519059104106	-0.9018853399168123
1.7115914126182725	2.8277931202566795	-0.14027586260413683	-0.9511568618228491
1.8332087555348895	2.9656584261920584	-0.25933300754537475	-0.9842519527340334
1.9505584326909227	3.107060972221239	-0.37066722094829485	-0.9989155120876241
2.062747522788314	3.249951054525392	-0.4722182399002822	-0.9937430065227489
2.1693158273876456	3.392522342660305	-0.5631431072808577	-0.9686699074894467
2.2703990574042523	3.533548699705818	-0.6437631457929749	-0.9238341740082407
2.366735646101724	3.6725296776905125	-0.7142103634723602	-0.8619122372200407
2.459753751410351	3.80940325888474	-0.7762193768051948	-0.7848160046649949
2.551323387230287	3.94443164860247	-0.8304003355866363	-0.6944273648902062
2.6434937545273787	4.0779999839525845	-0.8783746867311725	-0.5925810722323558
2.738368553862228	4.210512356271922	-0.9193598263702991	-0.4810604064643923
2.837634367690121	4.342309705841645	-0.9539020307149271	-0.3616224013768862
2.9425753964500885	4.47366754700471	-0.9799923909712529	-0.23638952461021007
3.0536086303080396	4.604771776947111	-0.9956600894548499	-0.10736977708651861
3.1703858852269517	4.7357447789595035	-0.9990957315012994	0.023340434108457504
3.29200969310672	4.866659929918843	-0.9882430637824438	0.1535836267791718
3.4172797668244894	4.997555137194681	-0.9617881390835399	0.28117967489003465
3.5450177635055575	5.12844703759478	-0.9192800087290476	0.40397251902754616
3.6742713886668694	5.259341050040426	-0.8610257800319627	0.519875903046299
3.8043768613128894	5.390236967366162	-0.7878962124590257	0.6269147631315753
3.934926362964082	5.5211306206955655	-0.7011475112751562	0.7232614824484032
4.065700393943738	5.652012419550199	-0.6022980563641243	0.8072678266499816
4.196606758618419	5.782863622177213	-0.49305111800092394	0.8773657290174803
4.327646069611918	5.913651783458273	-0.3752376257755226	0.9323022404923433
4.4589089982086065	6.044326641888576	-0.2507566464297217	0.9713026866190023
4.59060105497013	6.174818662544943	-0.1214752883669663	0.993742230849744
4.723088984516421	6.305041009477968	0.010692965200779274	0.9993136087204642
4.856950681356944	6.436103454598462	0.1439954925451324	0.9878518686622226
4.993018819840881	6.567165454839307	0.2768241945092636	0.9594748368036738
5.132324313399215	6.698205553896302	0.40753032152967056	0.9146757820590743
5.275943559445047	6.829189834723769	0.53416403007124	0.8542435155347774
5.424697210450809	6.960056917453797	0.6532921139477391	0.7792633642779343
5.578701061324478	7.090687335730211	0.7616968519865428	0.6911306446058224
5.737084987872311	7.220842204250809	0.8541947615807031	0.5915938832391711
5.897902698757353	7.350089063714791	0.9264840797693901	0.48281887859252415
6.058566340885524	7.477734766989708	0.9744084697750244	0.3674244159930021
6.216626739790602	7.602836759376704	0.9976760713170862	0.24851177487575113
6.370337098570194	7.724338504877604	0.9957383965119373	0.1292630167197037
6.50123491201027	7.841357765548768	0.9758412958609655	0.012615563892642357
6.632129176700222	7.953313135977277	0.9392755899327516	-0.09912220471549589
6.763014570714537	8.06026413743076	0.8866675634137198	-0.20473703638351143
6.893879966656604	8.163064383008496	0.8189214500476155	-0.30414284965984467
7.0247040451206	8.263223573876262	0.7372095314105351	-0.39771802478018126
7.155445564922335	8.362610182272295	0.6429631627584527	-0.48689466341196563
7.286037846191801	8.463342519517402	0.537858688770144	-0.5721083312813136
7.416361279322103	8.567355654497483	0.4237581622629298	-0.6540914436677416
7.546227039906147	8.676346185949486	0.30286764062033944	-0.7326386100701199
7.675345682190306	8.791570960221359	0.1776446970768935	-0.8060213095616787
7.803262225286279	8.913726772292872	0.050686043241679905	-0.8720332861020393
7.929323947801019	9.042802758696565	-0.07524340976216402	-0.927797393168261
8.05268349242919	9.177976568009337	-0.19734017473525992	-0.969570319299196
8.17232555617486	9.317691917611164	-0.31295360989982274	-0.993862726271739
8.287216556225875	9.45996471041109	-0.4197340734036108	-0.9988949392803967
8.396640798629825	9.602811997927034	-0.5161814270814445	-0.9839235241481125
8.500407274797531	9.744683112137345	-0.6020903227409015	-0.9491104869643605
8.598939918805453	9.884702147936967	-0.6777792530141183	-0.8957027925743174
8.693330924037856	10.02261124430372	-0.7438689713642532	-0.8261494265898999
8.785230725827745	10.158522727245455	-0.8021359743656407	-0.7423497053588949
8.876652582036035	10.292778254458314	-0.8531640920213485	-0.6461580833475542
8.969677102325546	10.42577777583555	-0.8978921778111133	-0.5393907887060501
9.066272002552614	10.557898297842762	-0.9360370806693905	-0.4238092132064677
9.167966834413406	10.689449169017495	-0.9670535053226469	-0.3013031229485028
9.275677063802577	10.820661738260403	-0.9884489199723037	-0.1739677407644753
9.389405865371982	10.951687578085634	-0.9988891183871278	-0.04385783888065746
9.508548318746145	11.082624250840693	-0.9960565651644404	0.0868971830597482
9.632010938163264	11.213525590975568	-0.9782004819157675	0.21612294072944735
9.75856079111309	11.344417429865821	-0.9444103640785426	0.34164501946992065
9.88710377003042	11.475309862517996	-0.8946126583004754	0.4613358321473648
10.016819131673671	11.606205099078881	-0.829404541315327	0.5731584896192465
10.147168887602891	11.737101068079964	-0.7498568992054075	0.6752056670284177
10.2778414351548	11.867991488139857	-0.6573605139140202	0.7657335759499707
10.408682953055115	11.998863223218233	-0.5535272589244882	0.8431923028591486
10.539647150064434	12.129691857715017	-0.4401258483494923	0.906075565368951
10.670775781273925	12.260437369444094	-0.3190256050234952	0.9533511253455733
10.802209970322519	12.39104083840153	-0.19213203560120756	0.9843464942184653
10.934226669281964	12.521425625588288	-0.06130726113442457	0.9985884759990781
11.067290489491016	12.651764775649541	0.0716339844703672	0.9959037769089911
11.202097831685501	12.782831209935566	0.2049722333159431	0.9761878704745017
11.339595298621536	12.913888162703337	0.33710871519487257	0.939758659530757
11.480869861584422	13.044909202147114	0.4662890127306572	0.8872534215602064
11.626928313368714	13.17584988219597	0.5901833694302118	0.8196044891178011
11.778327389755402	13.306625710457274	0.70488783360294	0.7380450553007749
11.93472813302656	13.4370693139538	0.8069800566986347	0.6441343121426929
12.094728512284615	13.566857521001465	0.8903838455622648	0.5398149355224333
12.255979843412804	13.69543824974908	0.9521077197834751	0.4274770211339238
12.415821599933569	13.82198508044753	0.9882224217540747	0.3099789764139644
12.57211179303974	13.945477655254246	0.9998196948820587	0.1904976133204909
12.703010477715187	14.064883650389879	0.9903979344621031	0.07219846368368249
12.833907108454532	14.179406898364645	0.9640617153007631	-0.042212169918294955
12.964798313748956	14.28870431196988	0.9212643933223057	-0.15088414704871866
13.095676595348843	14.393192062091492	0.8627423691474856	-0.25320032509608853
13.226527168812337	14.494071088953618	0.7895064547779744	-0.3492282169917866
13.357320580634324	14.593009476733195	0.7028327949351887	-0.4400504798852186
13.488006243430762	14.692085481051958	0.6042510861875032	-0.5267318509025072
13.61849805725919	14.793358934470133	0.4955353807208815	-0.6098059857940299
13.748648456208109	14.89869546067813	0.378702106487718	-0.6898822558740487
13.878233864251964	15.009629226954399	0.25599235752338667	-0.7657633864398534
14.006893101376091	15.127197995168675	0.1298858598403292	-0.8357414937142549
14.13408595509706	15.251820333675003	0.0030789592495569697	-0.8974191631009873
14.259076390081328	15.383150574807427	-0.12159625265389451	-0.9474483899059549
14.380936038547368	15.520045824202008	-0.24131481425847126	-0.9823776730371375
14.498646402068667	15.660722845093106	-0.35353233303343895	-0.9985163865316629
14.61121375229528	15.803170413610568	-0.45626794020666106	-0.994980445400629
14.71809388908974	15.945551925851483	-0.5485950420626731	-0.9715796845777408
14.819339626216115	16.08657560147845	-0.6303313829208034	-0.9291327296373872
14.915675563133403	16.225602793560196	-0.7018870265323907	-0.8686801012798527
15.008402177353776	16.36257006833212	-0.7649520574532589	-0.79290737869954
15.099368661881321	16.49770067831813	-0.8201016610023487	-0.7036900604081242
15.190628890540925	16.63135792301538	-0.8688354088032119	-0.6028614115994256
15.284301501530965	16.763935232444886	-0.9112443852449811	-0.49222678371463013
15.382223440096528	16.895776720174453	-0.9471343858797376	-0.373622610098539
15.485731348010296	17.0271546530898	-0.9749291021538976	-0.2489563530265359
15.595378666141208	17.158264111210492	-0.9933453513061187	-0.12018879403279996
15.711016380434813	17.289237823269836	-0.9999041151935033	0.010471335488719586
15.831787758249321	17.420151618192758	-0.9922877583452948	0.1408653539583169
15.956467819268667	17.551044792072872	-0.9691988478820152	0.26881220543644213
16.083832857027364	17.68193503441936	-0.9301563279198654	0.3921513819172938
16.212873450583277	17.812828364903694	-0.8751587982247404	0.5087885297335263
16.34286577268917	17.943724961939413	-0.8049822940136809	0.616737170874811
16.473358256966975	18.07462148358906	-0.7208999203815296	0.7141556208737038
16.60410359319668	18.2055100145264	-0.6243930147000007	0.7993791600514214
16.734991861728066	18.3363745869083	-0.5171354615086509	0.8709491318448399
16.86601059778242	18.467186422600555	-0.40093611320393874	0.9276408247573249
16.997236331136392	18.59789952927655	-0.2776820029602859	0.9684913937384029
17.128856082156332	18.7284490941119	-0.1492706697634003	0.9925434709466071
17.26121840817135	18.858755992875427	-0.017529647212382087	0.9997110663089027
17.394881333142617	18.989826299915034	0.11583517595784507	0.9898300902044811
17.530663640565066	19.12089872931828	0.24924353362484372	0.9629999623075658
17.669604987288945	19.25195184307644	0.38083728543704587	0.9196886814907529
17.81281138022128	19.382954511375864	0.5087739127082381	0.8606594044190959
17.961183279953392	19.513849488253168	0.6305296793232377	0.7869712678515662
18.11500326190272	19.644524324049186	0.7418155239057428	0.6999917988024078
18.273512594548777	19.774757844475943	0.8383951843892186	0.6014336247212044
18.43484919438462	19.904139883851556	0.9148002752113624	0.4934212990146991
18.596405404051236	20.03200253881997	0.9680746146545376	0.3785472375319016
18.755548123209078	20.15740929416146	0.9950932953899022	0.2598423839692977
18.910457249479002	20.27929978631967	0.9980873577138066	0.14053002825336253
19.041355306542222	20.396713440135596	0.9815666620080119	0.023623257555589715
19.172250231187434	20.50902543557229	0.9481658486937793	-0.08851293728504073
19.303137265187758	20.61620719327512	0.8985819096227815	-0.19456228111570062
19.434006439880992	20.719022235726797	0.833670419157925	-0.29414518514493293
19.56483747244466	20.81884818166634	0.754557640531385	-0.38785744973013075
19.695593383260963	20.917600666547997	0.6626299369029072	-0.47693732311173537
19.826212027357617	21.017379512721053	0.5595216859490921	-0.5619091107108567
19.956581157865994	21.120157432872453	0.44711371202937616	-0.6439149837473205
20.08653060457716	21.227698275413456	0.327513905110832	-0.7222747971907054
20.215779120483955	21.341333999087453	0.2030691024723313	-0.7958440836772366
20.34389347998936	21.461866620913973	0.0763547265899116	-0.8627545977593358
20.470259484286558	21.589405533829673	-0.04987440478914331	-0.9199479288510375
20.594051017123633	21.723266582371306	-0.17276910109388646	-0.9639653401018586
20.714277943909288	21.86200678624711	-0.2895900210503166	-0.9915706987971487
20.829938092197285	22.0036755925916	-0.39803359231720303	-0.9996065815946868
20.940169070212715	22.14629075890027	-0.4965232966638857	-0.9875040099521895
21.044635813919246	22.288228597707278	-0.5844485599407134	-0.9558206893634253
21.143685031345857	22.428471935639294	-0.6615603929163243	-0.90581960441178
21.238315636557438	22.566615191619206	-0.7297285470015175	-0.8387192904552742
21.330085054562176	22.702767695466683	-0.78895066028482	-0.7569792509369575
21.42091473914715	22.837226583796397	-0.841660065605644	-0.662599527192915
21.5129823255483	22.97038731483793	-0.8874224317649211	-0.5573859909759783
21.608249419969663	23.102619226548303	-0.9274305075063032	-0.4431534696879911
21.708445692951884	23.234241229256536	-0.9598311238998689	-0.32175857059122825
21.814522063705958	23.365488649017014	-0.9841436734662253	-0.19514901111347427
21.926791705350574	23.496530592728483	-0.9978832352846646	-0.06536109172992638
22.044748358645	23.627472548155875	-0.9983166670423844	0.06547390721406132
22.167309298497653	23.758373655158003	-0.9842165267859251	0.1951221781370924
22.29324896918142	23.889263836892933	-0.9544202807576364	0.3213966378330336
22.4214197684836	24.020154813687284	-0.9086198970393494	0.4421594805543478
22.550928586040722	24.151049537208014	-0.847232377397298	0.5553575358976857
22.681172799851197	24.281946664220573	-0.7712033600787376	0.659062168393562
22.811793993780256	24.41284133849643	-0.6816736565635618	0.7515039803084302
22.942607435808277	24.54372273111797	-0.5803584100304722	0.8311032562765464
23.07354766527536	24.67457003233206	-0.4690521597961714	0.8964985028309951
23.204639511415966	24.80534758736527	-0.34960567644262514	0.946574268680254
23.33600263946754	24.936001220285466	-0.22392016886473656	0.9804890756748583
23.467884179028058	25.06645855540232	-0.09387568063034461	0.9977020309722631
23.600708977321734	25.196635509662343	0.03873857469316499	0.9979267615789772
23.735130876239104	25.327707986266788	0.17226270327917143	0.9808758347439558
23.872080369189945	25.458775019591258	0.3051536020500439	0.9470348258364103
24.01265774289684	25.58981130267507	0.435480640319459	0.8969983197270146
24.157926936895873	25.720777438354382	0.5610447639617859	0.831655293196675
24.30857498265493	25.851598544572145	0.6790330793553389	0.7521933337014015
24.464498329515074	25.982123993879725	0.7845510922606931	0.6601210005129288
24.624453810689445	26.11206358597524	0.8734399283134835	0.557316843902306
24.786190640071727	26.240903609511907	0.9400861515711793	0.44610067554794597
24.94700992670686	26.367860353997578	0.9827196046980473	0.32925947655405785
25.104507364640448	26.49191448875285	0.9991132987709068	0.2099481243418693
25.246102206589093	26.61202439145148	0.9932722998821912	0.09133984512924981
25.37699931862841	26.727351932294145	0.9701250323695927	-0.023798710641734645
25.507891803320536	26.83746703016942	0.9303998453265413	-0.13349589389181732
25.63877321272051	26.942663303965464	0.8745878487964904	-0.2367840375640618
25.769629908614373	27.04394752901954	0.8037651534855339	-0.33371171825514845
25.900435625236042	27.14298197047435	0.7192742611868025	-0.42543192669387137
26.031146135116604	27.241827423004366	0.6226039388780329	-0.5124212079862105
26.161677513100415	27.34249486843589	0.5154937021218482	-0.596190156666516
26.29190169325268	27.44693785751397	0.39991469671882224	-0.6766107850742651
26.421604557751408	27.55674042073618	0.27807540336230274	-0.7530289980569156
26.55044614031121	27.67304271062493	0.1524188060993928	-0.8242061248360857
26.677930982025153	27.796380605805624	0.025589728363501603	-0.8875191036152008
26.803356754297937	27.926549249899026	-0.09960765721888358	-0.9396682029112962
26.925813299055847	28.062544025393322	-0.22034254016337956	-0.9772065929534259
27.044271363169965	28.20267719868183	-0.3340163574627023	-0.9971963751128394
27.157778497288582	28.34491640410287	-0.438623684082475	-0.9972974460436236
27.265662173711778	28.48737556865301	-0.5329334051135028	-0.9769335597412132
27.367811301426634	28.628686468689423	-0.6161907727412888	-0.9374437537918471
27.46485272083241	28.76808417791882	-0.6897314164839173	-0.8803485866544809
27.558038526039542	28.905387530943074	-0.7538873092936709	-0.8073408970497689
27.649089345966836	29.04078349629166	-0.8107445513132259	-0.720154310578828
27.7400931820915	29.174658321228204	-0.8602308058690337	-0.621087460113993
27.833109762762238	29.30739190155478	-0.9041910491960111	-0.5119465352524984
27.930146581948314	29.43934224959094	-0.9408865552540977	-0.3945486397035127
28.03253155115448	29.57078592835333	-0.9706606514288536	-0.27078920500277515
28.14107847138177	29.70193441708826	-0.990927292381474	-0.14264662209936252
28.255689277939258	29.832926126915105	-0.9994144551534203	-0.012196053808615248
28.37558196619967	29.963845619912643	-0.9944120364032484	0.11841691283113265
28.499613641735255	30.09473937029896	-0.9742643459292397	0.2470132929441296
28.626552580229326	30.225628508864812	-0.9381664638361286	0.3713427551402703
28.755337817007327	30.3565205723563	-0.886134361583124	0.48927148259882247
28.885191242841955	30.48741640678323	-0.818830013530466	0.5988200589919026
29.01561410050945	30.61831327055469	-0.7373672413992746	0.6981219059784771
29.146324845896803	30.749204412360342	-0.6431651300583031	0.7854830330774404
29.27719127812501	30.88007606554032	-0.5378546724620925	0.8594115009832114
29.408184830937863	31.01090290409814	-0.42313880136208465	0.9186452635580908
29.53936620319101	31.141642468662727	-0.30095640580478245	0.9621795120530754
29.670902128953532	31.272232567245666	-0.17329180976020525	0.9892946107841168
29.80310669765452	31.402594883798084	-0.04199586654372884	0.999581311567196
29.936494356154082	31.53343117353201	0.09119151386362753	0.992882411192403
30.07182794755541	31.66450559093513	0.2246573292809369	0.969182598072879
30.210106164723964	31.795565410948495	0.35682157654019886	0.9287251078964526
30.352460735892958	31.92658101938808	0.48577758552127825	0.872235192153892
30.499883323217094	32.05750153441812	0.6086692351898753	0.8008933481925549
30.65277879268778	32.1882288485637	0.7224887017571011	0.7160165083719291
30.810617980763283	32.31856407335146	0.8219483918005387	0.6192600543444747
30.971703677040434	32.44813552620032	0.9028298739674854	0.5126772099419525
31.133490161053423	32.57631877734323	0.9599054648452322	0.39878441370648626
31.29331820557895	32.7022231865096	0.9924021902844	0.2805397630259346
31.449093253144632	32.824779360908074	0.9989583795945713	0.16116047069530545
31.579991608309562	32.943016858198924	0.9861083922375402	0.04367725277156776
31.710887360584564	33.05622513329073	0.9564118294774074	-0.06943024119011668
31.841776511613297	33.164243637789575	0.9103754854830068	-0.1765434312368445
31.97265014278747	33.26761092711161	0.8487879577159114	-0.2770721255226112
32.103490246833665	33.36763797076174	0.7727111782796313	-0.37172521997197994
32.23426512130476	33.46622946690519	0.6834037530940908	-0.4611318512803375
32.36491473657776	33.565403999176844	0.5824015088070448	-0.5467378805635268
32.495343009871966	33.66723556493347	0.4717092531405934	-0.6290199549201149
32.625389914155946	33.773518392395296	0.3533945050292424	-0.7077457913393228
32.754793482885354	33.885680796290146	0.22976213596809172	-0.7823477511070444
32.883165372371955	34.00463945888461	0.10332874591985723	-0.8507443280956336
33.009932497181204	34.13065020571009	-0.02319436617515079	-0.909970855147223
33.13430252773854	34.26319464965854	-0.14697581017376696	-0.9565893180944722
33.25529218601108	34.40097623770642	-0.26524446202499297	-0.987284917601362
33.37186150522746	34.54212620821459	-0.3756007506919627	-0.9995165743032324
33.483147686582335	34.684610520292004	-0.4762036158989197	-0.9918914083488555
33.588722096817186	34.82668641469149	-0.5660206538965484	-0.9636068306593184
33.688697914072016	34.96725715475982	-0.6455423571608973	-0.9167732839275844
33.78395974304082	35.10581135688896	-0.7151277267659782	-0.8530792036469025
33.87597664168733	35.24232174483857	-0.7764009846177659	-0.7744032316501678
33.966645061948455	35.37706239592817	-0.8300604090936885	-0.682500302150901
34.05804313461104	35.51042247490807	-0.8777495739136106	-0.579163950889784
34.15231788538617	35.64280074833577	-0.9185747129846615	-0.4664842838249057
34.251153537410374	35.774514714957036	-0.953230507436247	-0.3463088182521791
34.35581980601916	35.905819418346105	-0.9794073994783656	-0.22055755233780783
34.466687059184935	36.03689086102861	-0.9953921029940316	-0.0912517436205082
34.58339174164971	36.16784503378447	-0.9991874571706332	0.03950351325541374
34.70499927549547	36.2987500765078	-0.9887024289622562	0.16954561065715001
34.83027905704608	36.42964031194212	-0.9626046802613244	0.2966941614217256
34.958033649609725	36.56053013993658	-0.9204357770168619	0.4187978436675919
35.08730181079007	36.691423758922255	-0.8624997793969262	0.5337799127477841
35.2174173641533	36.822320460144475	-0.7896647915239603	0.6395648746556903
35.34797326005431	36.953216209434196	-0.7031833884765105	0.7343155144508431
35.47875228114067	37.08410210294646	-0.6045691008291768	0.8164964138862838
35.60966578620157	37.21496052202906	-0.4955188969401303	0.8847057131118612
35.74071969525556	37.3457604042921	-0.37785546669090225	0.9377828246649833
35.87201272155059	37.4764531829395	-0.25346692962799267	0.974836026975594
36.003764176945566	37.606971950544725	-0.12422598563698792	0.9952690519397623
36.136362594087906	37.73723536671206	0.008041784085362318	0.9988027081532004
36.27041604817915	37.86831004597732	0.14156502438683194	0.9853055257970863
36.40679419822131	37.99938329722353	0.274758791312644	0.9549304547951997
36.54656604238253	38.13043212571852	0.40598433652402177	0.908203321974087
36.690835001778865	38.26142036703388	0.5332732280866532	0.8459454712494939
36.84042066232951	38.392282720047376	0.6531398034338071	0.7691772864432965
36.99540638548371	38.52289136921606	0.7622117891907874	0.6793231145374627
37.15483848832314	38.652988957221844	0.8551246092318154	0.578358648551688
37.31662390205108	38.78211258751513	0.927593793469047	0.4685161700746877
37.47804357436117	38.909527039713666	0.9751829030500089	0.3524991047261267
37.636596455664325	39.034254209398654	0.9980366672197766	0.23339641878710943
37.79044792663782	39.15521528590272	0.9953446846038867	0.11441289681780246
37.92134552124914	39.27156785430321	0.9749287186703508	-0.0016585926177446755
38.05223929438379	39.38279940190202	0.93785868523783	-0.11261953570284407
38.183123483694885	39.48896860683067	0.8847691162699742	-0.21720518470665492
38.31398603090173	39.5909872307857	0.816572593052378	-0.3155266260222928
38.444804478038854	39.69047001724935	0.734449737806487	-0.40810521340701916
38.575536030134934	39.789331469069324	0.6398402670412734	-0.4961846308674861
38.706108651327774	39.88968196393292	0.534374825101051	-0.5807192290388887
38.836403325181294	39.99347909092345	0.4199817552245304	-0.6617389935133504
38.966217843069714	40.102372393357946	0.29896539239626996	-0.7393165440732922
39.09524987155158	40.21759363873997	0.1737166613386107	-0.8119436592153375
39.22304126803301	40.33979264774252	0.046836070740474904	-0.8770978442737619
39.34892797833105	40.46890593440601	-0.07890398133368207	-0.9315351122501014
39.47202474055114	40.604071200304745	-0.2006721014887785	-0.9717880559611055
39.591296152682574	40.74370530962313	-0.3158172368850945	-0.9948118271485025
39.70574201991823	40.88580931886297	-0.42211885908206936	-0.9985834563356764
39.81466389103248	41.028420829209985	-0.517985724547834	-0.9824091285859674
39.917901305906405	41.17002133421342	-0.603328683213111	-0.945922916357103
40.01585778891697	41.30981009480221	-0.6785227414683981	-0.8915352048406028
40.109702613066126	41.44751345617858	-0.7441633079892227	-0.8211051781594436
40.20110183592757	41.58325549367721	-0.8021020090907318	-0.7365269985252847
40.2920830740713	41.71738079437491	-0.8529116266848877	-0.6396511871577749
40.38473796609596	41.850285746745186	-0.8974992355331888	-0.5321506533074001
40.48105207638664	41.98234668772539	-0.9356487943721136	-0.4159895287272754
40.58256382894553	42.11386256842717	-0.9666826361190395	-0.2931545820425798
40.69015599759422	42.2450530081637	-0.9882225023597082	-0.16560859686353852
40.803825328302956	42.37606573933322	-0.9988417878677045	-0.03541177338000313
40.92294742258283	42.50699511564453	-0.9962002855756504	0.09530265293146734
41.04641053366554	42.63789268762993	-0.9785335188544068	0.2243588705396462
41.17296863466259	42.76878278666082	-0.9449247181485473	0.3495836377638748
41.301520440078505	42.899674624260605	-0.895298010303319	0.4688531097425486
41.4312424959874	43.03056997656424	-0.8302493101019707	0.5801365300514723
41.561596600026775	43.161466652356715	-0.750847925916689	0.6815348494058541
41.69227199322413	43.2923584816082	-0.6584824788660845	0.7712557893745465
41.823116179993846	43.42323274137118	-0.5547621426024187	0.8475965885486187
41.9540853970307	43.55406607411445	-0.4414517053776282	0.9094299920162708
42.085224948357904	43.68481918172015	-0.32041540429005394	0.9557096842421083
42.21668127412409	43.81543410524947	-0.19355198739695062	0.9856707648863912
42.34874039074187	43.94583572729663	-0.06271914616129236	0.9988549074096151
42.48188076777029	44.07632112965615	0.07030387602958534	0.9950917728672305
42.61681837143751	44.207393946009354	0.20379547505356904	0.9743042516533487
42.75451924395495	44.338456386863555	0.3361655521755485	0.9368318735138258
42.89608876131126	44.46948105739654	0.46565860799482583	0.8833291742945495
43.04254204754781	44.60042197581654	0.5899362482386827	0.8147457641499064
43.1944250913982	44.73119177103272	0.7050088461537831	0.732332574894351
43.351358849334346	44.861617681663596	0.8074115828474975	0.6376680444410138
43.51188087335349	44.99136666903929	0.8909402670060156	0.5325910494895247
43.67359122743201	45.11986383861182	0.9525777001067708	0.41972922495906045
43.83377168265841	45.24625834380878	0.9885389221512019	0.30198483342843696
43.99025896645584	45.36951377637404	0.9997499544451388	0.18252677705566636
44.121157588556	45.48861072227505	0.9900506171468191	0.0644338241303664
44.25205407300984	45.60278182575904	0.9634423373490835	-0.049655661536886476
44.382944887574624	45.71167115958967	0.9203828549661223	-0.15783663708008402
44.51382220562756	45.81572836606059	0.8616129541857431	-0.25954659959809007
44.64467057794662	45.91619528971727	0.7881479410266496	-0.3550585215192729
44.77546039355559	46.01481079636516	0.7012680291666376	-0.44528408952702025
44.906138733816505	46.113632139715975	0.6025083268973124	-0.5315685310705803
45.0366195599009	46.214745201024265	0.49364639135871496	-0.6141193097431907
45.16674967581499	46.31999317941048	0.37670660873845274	-0.6936796309641615
45.29629963731557	46.430900383445774	0.2539383994824873	-0.7692972660871075
45.42491178257208	46.54848221459345	0.12781981221295555	-0.8387524632268162
45.55203056187675	46.673132004286984	0.0010622159431384443	-0.8998635609673474
45.676912052363505	46.80447720598031	-0.12349659363810946	-0.9492773060692241
45.79862270573529	46.94135201352311	-0.24303227334435626	-0.9832190978177252
45.916110510896296	47.08197311615985	-0.35497876787746024	-0.9986835815887946
46.02841892890648	47.22432069422693	-0.4574070300299351	-0.9944889284565781
46.13501698584064	47.366572353232	-0.5494191426105302	-0.9704686693541318
46.23597153869623	47.50745545829435	-0.6308886480858289	-0.9271658522587973
46.332000104049115	47.64636919386459	-0.702168412287977	-0.8662168150913472
46.42443963759067	47.78323815154362	-0.7650254009688551	-0.7900017289210948
46.51514814398252	47.91829020149854	-0.820019018103333	-0.7003933728259137
46.606185531344984	48.0518884595064	-0.8686471478521988	-0.5992241358305971
46.69967454844675	48.1844236760254	-0.9110246044198917	-0.4883008039210763
46.797457267030154	48.31623662764382	-0.9468997776817791	-0.36946277171369785
46.900864978236385	48.44759590547634	-0.9747561635910491	-0.2445554253993068
47.010462510072514	48.578695952271374	-0.9932660600308864	-0.11570422134122621
47.126078757110456	48.709664300895184	-0.999931254625868	0.014968316957549188
47.24684545289346	48.840575195852104	-0.9923695100810608	0.14530629908291895
47.37152513593772	48.9714668469811	-0.9693884309933234	0.27312851386983056
47.49889302555015	49.10235642860814	-0.930449751130948	0.3962758803745813
47.627936719661825	49.23324960216289	-0.8755981645074709	0.5126566717368715
47.757932190429116	49.364146424182714	-0.8055093797875663	0.6202882752563391
47.888426668048965	49.495043517553285	-0.7215066064506368	0.7173338951758186
48.019173427882784	49.62593308507254	-0.6250698301121413	0.8021346645397855
48.150063328321714	49.756799390245874	-0.5178713345346485	0.8732385596315958
48.28108501516482	49.887614021871364	-0.4017180202798297	0.9294281185495759
48.41231683280786	50.018331528544586	-0.2784943106511788	0.9694940828961924
48.54395232971338	50.148888576838765	-0.15009060098821422	0.9929681069029151
48.67634454854325	50.27920628699305	-0.018329516203211913	0.9995689950018206
48.81005968105056	50.41028038490989	0.11509043097238672	0.9891219419826883
48.94592701312976	50.541356357305915	0.2486054551734967	0.9617360358454059
49.08499793986559	50.672412231698246	0.3803476674239539	0.9178883676188825
49.228386399047075	50.80341635012893	0.5084713969586169	0.8583511271729762
49.37699349309757	50.93431042424368	0.6304377814346447	0.7841925591826328
49.531090099749576	51.06497998575075	0.7419215160495835	0.6967897500103803
49.689890787632514	51.19520006898021	0.8386490116281318	0.5978661176335506
49.85149774353195	51.3245540255216	0.9150869740848668	0.4895592634785566
50.01327129409301	51.45236485324142	0.968336642999192	0.37447695088585253
50.17256012727748	51.57768550307733	0.9951954301661541	0.25566610748446644
50.32755150860731	51.699448856948436	0.9980506846739154	0.1363601659258069
50.45844952201154	51.81669209436882	0.9813119824993213	0.01957380488106184
50.58934432277787	51.92879909206029	0.9477704183599035	-0.09234235423137246
50.72023103792489	52.03575316965645	0.898052082349968	-0.1980939727454033
50.85109945425231	52.138338313858924	0.833014868843537	-0.29739960575738444
50.98192921006068	52.23797495699919	0.7537872055557866	-0.3907940011758444
