0.6856807112003949	6.000715505633538	0.7738650922663458	0.9598961406267477
0.807924995734103	6.012035678621349	0.6908316108369131	0.9630538487271945
0.928773108966779	6.031650581218779	0.5986122983228271	0.9685253319711404
1.0486775775054755	6.062779286851261	0.4985043364235924	0.9753273442976123
1.168249628515404	6.107952065645103	0.39157444650575113	0.9843615930453669
1.2883847904067172	6.168549024751173	0.27853486539635575	0.9931523028622935
1.409865916745279	6.244859676794585	0.16016001638764588	0.9987963608709602
1.5357786040553765	6.3506933532229315	0.034994686549120996	0.9975867321797836
1.6666783213967802	6.482037991774072	-0.09568857122564473	0.9800282854546262
1.7975781088378466	6.613988810839822	-0.22473933533870472	0.9454194090026833
1.9284781509869726	6.747207136894017	-0.349959797399974	0.89384280777719
2.0593790571742905	6.882893148198614	-0.469217408735468	0.8250959422981043
2.1902827079672553	7.023063915862632	-0.5804815545226982	0.7382939899426736
2.3211945512525047	7.170866970306988	-0.6818591407542642	0.6310755696095499
2.452129500921289	7.330909050139981	-0.7715471885343006	0.4993252068600277
2.5831263917072813	7.509434570593697	-0.8479010200633196	0.3376035862971344
2.7142802409865814	7.713828851685672	-0.9097947772914805	0.1396415712406871
2.8458001885673485	7.950706276546803	-0.9561798473842115	-0.09652734150649134
2.9780751518646653	8.220533435496185	-0.9861940370753215	-0.35830401576351245
3.1116247957389276	8.50964504923102	-0.999058841669127	-0.6093883958895594
3.246752530005951	8.789588935291263	-0.9940439647590349	-0.8048067123177534
3.383228466828499	9.03623893154317	-0.9706969702116833	-0.9251910118417144
3.5205360536255688	9.245017142018243	-0.9290012688996688	-0.9836534404254025
3.658259614238635	9.423981652119297	-0.8691750956925219	-0.9999749914550548
3.796091127154732	9.582803808832379	-0.7929737620496418	-0.9870529796714784
3.9337237518574057	9.72903880781806	-0.7019977458697265	-0.9538176327298314
4.070811849093778	9.86765805247784	-0.5982598787868663	-0.9034393772256983
4.207076203098905	10.00181702616243	-0.4840411093948684	-0.8378355884446094
4.342357311852028	10.133370270299077	-0.36157761716478654	-0.7589805875940692
4.476606331705306	10.263311739274231	-0.2335219871065004	-0.6682576069260269
4.609898902778436	10.392152066461774	-0.10226624521513478	-0.5671973851967873
4.742394623696197	10.520140622478806	0.029985904286284802	-0.4575034328652935
4.874282992249951	10.647359432379986	0.1611115981189865	-0.34105397343828525
5.005738192543716	10.773703727044825	0.28903651872342107	-0.21994718030101118
5.136890819028506	10.898763851211875	0.4117205638475563	-0.09661274048155427
5.267815393562456	11.02164342908199	0.5271689268744953	0.026051992095634042
5.398528495680239	11.140779448970125	0.6334652781485834	0.1446309263763165
5.528992352608391	11.25386340132722	0.7288196520083006	0.2553740655037131
5.659119864601559	11.35796257699743	0.8114071913060305	0.35438729165757377
5.788773036208395	11.449855385708245	0.8800481055625977	0.43865945778369586
5.917764412966007	11.526636104208617	0.9336951149134893	0.5062007441921752
6.045840384209854	11.586196730147504	0.9716328449604809	0.5566126783434704
6.1726506560889	11.627527228461274	0.9935382369784131	0.5906565273522641
6.297708816271722	11.650817944105558	0.9995438805922132	0.6090567759922809
6.420332416822147	11.657737946764914	0.9903185967126632	0.6145237513942574
6.539646125558392	11.650925840401783	0.9671512220570414	0.6091420167683992
6.65456113537522	11.634061148822628	0.931678284754678	0.5958184880699672
6.763857294326458	11.611431789197136	0.8862850378301839	0.5774806724313589
6.866366760645242	11.587526742356065	0.8343836220997735	0.5577125246664165
6.961278899802715	11.565995396928185	0.7785145258700088	0.5399072963049698
7.048279950069314	11.549393361284721	0.7211122622326837	0.5257856498180759
7.127615703099563	11.539446394559839	0.6638352164674095	0.5172252858023548
7.200067046726959	11.536865443838101	0.6080067779656657	0.5150041184559874
7.266790274284656	11.541624970149494	0.5537753631070083	0.5191001689299477
7.329131342552219	11.553473508085577	0.5008551028057622	0.5292970259811764
7.388515735932888	11.572085555354949	0.44862354824829104	0.5449435195130888
7.446356789765336	11.597300317529648	0.39623417184022747	0.5657947292112414
7.504057273511372	11.629064348555957	0.34266214951472873	0.5918708907219308
7.563021129302742	11.667409474724295	0.28674303531279605	0.622164500691076
7.624570373659126	11.712772093590624	0.22730506516565918	0.656959235714489
7.690075705753616	11.76562390789989	0.16309841758933322	0.6959065929632247
7.760887360878934	11.826587516437016	0.092913678230198	0.7383571419528293
7.838241464529235	11.89638059872037	0.015729814872995077	0.783480448407939
7.92316085953742	11.975658111766498	-0.06910868274078787	0.8301512408466711
8.016359058437953	12.06477722433907	-0.16158898057062548	0.8767884819852254
8.118112697189924	12.163541226606917	-0.2609831299146262	0.9195165596141475
8.227801249917464	12.271369005963766	-0.36514103781026325	0.9564004530569499
8.344401624323211	12.386978006319671	-0.47085415009060927	0.9837110317966075
8.466415468988167	12.508768991498904	-0.5746494900423125	0.9981909869068208
8.592573921139557	12.635729766056059	-0.6730048331467176	0.9974125564030206
8.723476395447427	12.769011514909813	-0.7638012501871618	0.9792020476731589
8.854385158583398	12.904528193289366	-0.841570728041542	0.9429287145903997
8.985312620698405	13.043828828014524	-0.9049690616724346	0.8877438204758887
9.116292383572176	13.189116695535562	-0.9526391644655605	0.8121486604384422
9.247411083328144	13.343253611260051	-0.9840278737546478	0.7127780082600721
9.378879495271068	13.50980587959184	-0.9985585314975467	0.5869934784098845
9.511173195654651	13.692314743883735	-0.9958095830575189	0.4302596274651818
9.64529793042894	13.893548862560548	-0.9753024911097978	0.2411674567225354
9.78314746156772	14.113147871278526	-0.9360832963684569	0.02400326908030079
9.927736600747096	14.34487925815893	-0.8761520508592265	-0.20613218587270044
10.082751070776482	14.575688612733206	-0.7908444831580335	-0.4245852139814467
10.251381468227644	14.790450663063737	-0.6772051633182412	-0.6075083785496829
10.43446299360846	14.980195160974457	-0.5320613378166524	-0.7463014910847258
10.63058136512081	15.14551676111844	-0.3568375376714324	-0.8458752438051605
10.835802234821893	15.291811035429774	-0.15901610856801013	-0.9142262902323482
11.043633945055042	15.423765700151751	0.048028041744969975	-0.9594141884964347
11.246571709650985	15.542747977588538	0.24836789716826646	-0.985928488104492
11.43878226830462	15.647095018765867	0.42879486078198903	-0.9980883965717734
11.617972431005763	15.73408878792168	0.5828894204087257	-0.9991795125666614
11.785242571047787	15.802170600141116	0.7097768008924253	-0.9950745206833265
11.94286402427388	15.851219008470697	0.8117212613344703	-0.9893631534911611
12.093161743595351	15.882399519492298	0.8896726644601236	-0.9844862492407915
12.237898895486135	15.897778781758074	0.9462091430109609	-0.9819993589168767
12.378233625690866	15.900015709373193	0.9823433342939616	-0.9815114685401373
12.514876582642986	15.892596511339734	0.9983827994252673	-0.9828913506566311
12.647221859470744	15.879857893615686	0.9963312327663578	-0.9848837817261287
12.772904466578144	15.866522406133502	0.9783529662620069	-0.9869695684387825
12.896698191511815	15.857114371256072	0.9455805968406652	-0.9884410672621846
13.018180833926765	15.855895497101974	0.8993858508713363	-0.9886317098253763
13.136795494687773	15.86642950542369	0.8415527004165513	-0.9869840989211798
13.251769166061349	15.891188733418879	0.7740380013673769	-0.983111539418805
13.362056129343989	15.931353461178144	0.6994848071152874	-0.9746764742242972
13.466190636526274	15.986982778952632	0.621485961981195	-0.9608585826677223
13.562429342973012	16.05699661989189	0.5434767931283987	-0.9392452838288554
13.648722753867402	16.139614159105754	0.4690939862404927	-0.9080720430964133
13.722998061909614	16.23254289608512	0.40223900239573834	-0.8651478827586792
13.783349049906501	16.33333944436671	0.3463248951862604	-0.8106705707851092
13.82847741456062	16.439671386063544	0.30376530274423486	-0.7436963435472324
13.857876073768129	16.549354023064588	0.2755385995811468	-0.6661149096447763
13.872290364612947	16.660416751700044	0.2616989238969169	-0.5795359119205271
13.873332931730758	16.77113715939237	0.2606979179546283	-0.48602880216002464
13.863810919515185	16.879822048472295	0.2698403421185042	-0.3882626753829294
13.847421030420215	16.9848200730925	0.2855768602737778	-0.2896032959596528
13.827878030902903	17.084718879278448	0.3043407924108809	-0.1927920353873056
13.808559589638664	17.178382703156043	0.32260868478680194	-0.1001627836364577
13.79261864412848	17.26502174722375	0.33760474681888636	-0.01372881016284555
13.781776320424054	17.344510927940398	0.3478044027138032	0.06569656481758013
13.776951905183136	17.41721331994605	0.3523428556038857	0.13796370839538105
13.77858173599749	17.483893113044076	0.3508096313683323	0.20361590695012607
13.786559020606035	17.545616056672976	0.3433051922645849	0.2635998826021861
13.80062950247942	17.603578136158188	0.3300687240224842	0.31904445258568803
13.820512152192396	17.659019051462526	0.3113645983313513	0.37112359188770166
13.845984345393152	17.713173288542404	0.28695627290316034	0.4208157184996552
13.877195058156103	17.767261629235783	0.2569897523741151	0.46914551999983833
13.914180597314921	17.822555143704975	0.22103591283544893	0.5171593999236384
13.957366529015694	17.88023344379845	0.1787946318133558	0.5655861895860714
14.007183895127337	17.9415649463157	0.12959869348511757	0.6150307044377277
14.064334023110455	18.007783585206045	0.07274556169340672	0.6658287284302156
14.12961849748576	18.080082646557685	0.007543477971743553	0.7180166110614173
14.203770931146558	18.159600836729904	-0.06654529786542403	0.771245729449303
14.287407024833085	18.247221009426692	-0.14960304242683292	0.8236195521886762
14.380688722367982	18.34343404960086	-0.24107349395367955	0.8745420996407244
14.483360768086074	18.448183291236333	-0.339152739598642	0.9200950125998539
14.59440274190059	18.560723697274923	-0.4412916840458786	0.9581213732467739
14.712354995549797	18.679857158897224	-0.5438492954318837	0.9852272338816539
14.83546694832837	18.804166216523925	-0.6427861192566043	0.9985745094219558
14.963068902991754	18.93349781943089	-0.734977556399269	0.9960404244876793
15.093973267673773	19.06722704052389	-0.8170694984295144	0.9759238464095528
15.224887864459967	19.203464770683315	-0.8851940891184749	0.9375940396966647
15.355832175198803	19.343823614312296	-0.9381961341484308	0.8801137318944604
15.486857563540005	19.490507804813646	-0.975174738049921	0.8012751971027787
15.618092709229945	19.646367788662072	-0.9954825799893321	0.6986884868846642
15.749839741469566	19.81461239513263	-0.9986848445385172	0.5691139383871232
15.882762914880075	19.99824850216714	-0.9844294110282943	0.40952006539286684
16.018207514407358	20.198891706541012	-0.9521485920884387	0.21954710197063781
16.158598585171948	20.414737400454083	-0.899919157638362	0.0056111541869313195
16.307680915014483	20.638357080852842	-0.8250904313889829	-0.21617517209038883
16.46983542528326	20.856986755046552	-0.7233905288182175	-0.4228535445770285
16.64857318051577	21.058042591167403	-0.5892609270438209	-0.5951892185669205
16.84507959043874	21.235498164985735	-0.42014248232892015	-0.7277892448050381
17.057477195178713	21.39117915572744	-0.219373278580912	-0.8249489376216133
17.279907008289943	21.529741729633415	0.001146658727237713	-0.8950297904964022
17.503103756105176	21.653735696870147	0.2223608117527497	-0.9431809314543771
17.71696966431007	21.761567905275662	0.42429928683125606	-0.9733262857104956
17.91561476766731	21.84937660096876	0.5945294134222063	-0.9895952275091935
18.098335297229717	21.91397236524202	0.7307946141724411	-0.9966770272453104
18.267763322402704	21.954786054344517	0.8351641456269404	-0.9988580134910628
18.42708658324008	21.97348277810794	0.911717877661953	-0.999445195178107
18.578873973122985	21.97321367090494	0.9631843058656022	-0.9994367437069588
18.72491253699052	21.958358129818738	0.9922107062648587	-0.9989701966376794
18.86634622955883	21.93420592190563	0.9994726904288702	-0.9982116822387018
18.994857986553722	21.906941812393523	0.9890430904680836	-0.9960155026040145
19.12257225007307	21.882438235068523	0.9625331416989629	-0.9937098915731761
19.249349930456233	21.86568545453218	0.9207218556295793	-0.992133574977052
19.37499617099602	21.860796560845607	0.8647098629226309	-0.9913814089743996
19.499173570683574	21.870835203776142	0.7959647617079972	-0.9926181294772154
19.62138868291257	21.897354602988933	0.7163484766617056	-0.9951134149020842
19.740884448780882	21.940813524858317	0.6281944556286795	-0.9984191979242396
19.856656075836618	22.00057211953099	0.5342858854462258	-0.9997040480048708
19.967299831524564	22.07537388410148	0.4375648747705953	-0.9960137575359325
20.071039042089065	22.163314553550464	0.34208722084652365	-0.9848413397852565
20.16586047418799	22.26213857925349	0.25172810405255425	-0.9630983751992365
20.24954889111962	22.36952471833254	0.1699098072282574	-0.929226516697818
20.3201865187257	22.48309737867611	0.0999525933798289	-0.8811663124105098
20.376076860949638	22.60086619599289	0.04424626109669868	-0.8194705368797582
20.416242034505995	22.721166328839992	0.004107509949141659	-0.7448140177125464
20.44042973755251	22.84266548579401	-0.020064281367851277	-0.6585204176617615
20.449408552243924	22.96421353560058	-0.029037189402046693	-0.5624913639561446
20.444700927041822	23.0848039972985	-0.024332661081809637	-0.45902434422462046
20.428812491041413	23.203400660698406	-0.008454677189881793	-0.35077109553254954
20.405088372756435	23.318899110758345	0.015253834331916991	-0.240609043694336
20.377658460951086	23.430121428017024	0.042665701540943235	-0.13141616364731
20.35074786743974	23.53599434391876	0.06953188159592139	-0.025933486592034573
20.328125552051443	23.635774894413068	0.09205009382376894	0.07373804781150199
20.312667770509382	23.729207866278717	0.10743674189056686	0.16641357765346612
20.306162099443906	23.816698704874963	0.11391247521946996	0.25197968727172865
20.30943904582959	23.89919912980284	0.11065060865517273	0.3307430262695744
20.322995558316414	23.978100640989812	0.09715648040136318	0.4040621522572121
20.346885493427536	24.055044204142565	0.0733764817713362	0.4732410417743014
20.381088498134975	24.13183517289049	0.03923792078561221	0.5394683223954697
20.425839854423703	24.210236790524377	-0.0054839961026225716	0.6035647052228017
20.481294259664836	24.292097141664172	-0.06090192100929349	0.6666749014974321
20.547818233285497	24.37894029294028	-0.12711303053113335	0.7290885042578946
20.625688208393267	24.471999759436443	-0.20381344075968874	0.7891480153213715
20.71471656104538	24.572133834958457	-0.2900111530351219	0.846811274537748
20.814374277316148	24.679551899889763	-0.3837521786856585	0.8987598513533949
20.923380411973902	24.793852704986683	-0.48207496986891807	0.9426811565948832
21.0400181949398	24.914069854298454	-0.5806300451762476	0.9757056833373089
21.162340080207176	25.03892088053618	-0.6755514498700481	0.995110933105494
21.288481867383503	25.16735473375744	-0.7628986137997433	0.9989129423667724
21.41938636323285	25.300710632580937	-0.8408011322142559	0.9854977206986788
21.55030129832222	25.4362430056556	-0.9043621040790312	0.9540293717061028
21.68124641753678	25.57534758260637	-0.9522440161412653	0.9035636311542902
21.812274294819115	25.719934894643323	-0.9837921027805975	0.832128795114862
21.94351696480663	25.872476540927906	-0.9985041010575242	0.7383887380136206
22.075281483988103	26.03562801869779	-0.9960224517244514	0.619063138606846
22.20824424228391	26.211939130704526	-0.9760493566889757	0.4719039701744197
22.34377491399883	26.402757342547424	-0.9380284031015234	0.29617128811876847
22.48438234445475	26.60678658346707	-0.8805830461090258	0.09655354981761693
22.634018187011513	26.81828714702372	-0.8001000010461622	-0.11446934340235188
22.797847909292265	27.027026091902204	-0.6916981418897167	-0.31779328226768044
22.98082700599312	27.221754169002143	-0.5487529454626926	-0.49514615660705824
23.185939312871156	27.3959032158215	-0.36719743956678247	-0.6383354321743474
23.412437816385275	27.549610748703152	-0.14887918779247344	-0.7483148368833381
23.65370571538222	27.686276318668163	0.09158635489556748	-0.8316432924402826
23.897205342842344	27.807048569002358	0.3288674190216055	-0.8923614609305113
24.128781766348073	27.90834667101573	0.536943324552201	-0.9335033133977255
24.340340038847412	27.984510103569864	0.7018067936794694	-0.9578447838696205
24.531733331280293	28.032498968587873	0.8243653223906979	-0.9706535449312674
24.70697074699757	28.053687252018374	0.9104070511623317	-0.9752748654941228
24.870252903869314	28.052766999333603	0.965469877962122	-0.9750741516104755
25.024678230129567	28.036163722200094	0.9937708017666975	-0.9714528546668345
25.172354041425585	28.0113156400818	0.9987559361475128	-0.9653220600447907
25.30188540502725	27.985746452863637	0.9853139760277635	-0.9581896575905551
25.430976645213246	27.96544044196361	0.95549839775779	-0.9525253929917884
25.559540000643903	27.95480837116969	0.9099987350495855	-0.9492390643535799
25.687420788270835	27.9572693369919	0.8498282913184979	-0.9500725496793606
25.81438404969114	27.974839124082052	0.7763395365920702	-0.9551471104064323
25.94005088107729	28.008497745262463	0.6912666527404803	-0.9645360217654455
26.063887881174118	28.05822820853541	0.5967371395246869	-0.9762652815321207
26.18510010204873	28.123421789744153	0.49533621158891983	-0.9881656331621538
26.302611609785785	28.202877372254427	0.3900872380181938	-0.9972152100115541
26.415024050885823	28.294939981442752	0.28439358313528046	-0.999352853248175
26.52053905582888	28.3976569005585	0.18195282603277832	-0.9923349432715932
26.617252189464594	28.508820199759455	0.08613610434838799	-0.9722563278635048
26.7031500469764	28.626184083115877	0.0003872536167690556	-0.9382912672502518
26.776496180058132	28.74780958783049	-0.072870689719673	-0.8895515439405729
26.83614830591662	28.872014003490673	-0.1321936195630748	-0.8262355024414224
26.881454943227205	28.99759472668826	-0.17693509646083583	-0.749281707036197
26.91247929246492	29.12365546822904	-0.20733180005491342	-0.660166884190012
26.929940377157443	29.249527745222196	-0.2243695623656749	-0.5607308797232149
26.935225418374706	29.37464660975036	-0.22952647430144144	-0.45309361747130217
26.930457222623744	29.49844951764086	-0.2248738775534935	-0.3396107457245015
26.91855202275296	29.620318641581928	-0.21325730451508462	-0.22281688622884332
26.903061959527957	29.73960481778512	-0.19814277869646543	-0.1052875910484013
26.887893442432624	29.855717221052924	-0.18329328105707432	0.010580047350138027
26.877002451418196	29.96824339043892	-0.17253814556720432	0.12279444573792515
26.874030031403926	30.077097403727024	-0.1696028038757157	0.2297990340111924
26.881834564097357	30.182755434261587	-0.17730998189484837	0.3310920330589426
26.902293158933592	30.286223281915742	-0.19739261672074526	0.4269107739759537
26.936675276590186	30.38886333658666	-0.23094118249939377	0.5171056799721727
26.985697888828522	30.492308085016493	-0.2782936763502038	0.602684607300924
27.049502012463478	30.59813156985467	-0.3389369652913582	0.6838114609233917
27.12775440480256	30.707618651759333	-0.4114590565703704	0.759168650541324
27.219398357930476	30.821590056888358	-0.4931187445443152	0.8281145989937397
27.322804448390713	30.940163008350194	-0.580300049877471	0.8885130653185092
27.43577157154484	31.06290768080505	-0.6682362080834977	0.9378954648426003
27.555837088333266	31.18905015853257	-0.7524317118814897	0.9739161118057327
27.68068906815076	31.317847823643113	-0.8285033083627114	0.9947102515621826
27.80847379123649	31.448836262600928	-0.8930083918566986	0.9989664505348557
27.939388692773516	31.582743508797996	-0.9440166937072725	0.9856779709664028
28.070333928120675	31.718988096564765	-0.9789056280722755	0.9541521679287897
28.201361680256475	31.8588079399182	-0.9970725942561695	0.9034387815466012
28.332600654620673	32.00373121587854	-0.9981700974941908	0.8317854107615259
28.464351798231565	32.15549645432064	-0.9819552135260557	0.7384980968964294
28.59726448886467	32.315552328474304	-0.9480858191365018	0.6216394082220603
28.732665492508254	32.48470452957515	-0.8964256884623528	0.4811866493437942
28.873004914527947	32.66224843841117	-0.8256786194325726	0.31872073264922407
29.022392944034987	32.845282279233324	-0.732885049118646	0.1409133082255473
29.186795479965063	33.02821391528223	-0.6114988007549422	-0.0414637579593519
29.373670715992617	33.20406130134334	-0.45396300215185037	-0.21552493411606982
29.590031207725822	33.367052946613846	-0.2523111246146986	-0.37118839966768163
29.83916608903666	33.51505930770793	-0.005960196607205803	-0.5038552881481677
30.11447631643149	33.64863998588454	0.2659902801088373	-0.6143289817730826
30.39583662916741	33.766249947672954	0.5231068986884286	-0.7026070701705669
30.657917106325623	33.86110773039196	0.7261214405438913	-0.7670346035306755
30.887847061750943	33.92637457925182	0.8633666092319083	-0.8072851552131431
31.088046864447925	33.96261664650123	0.9464096589363791	-0.8277964761766445
31.26621716787941	33.97726831650734	0.9883537497855066	-0.836030581732804
31.42904530432946	33.97994258085405	0.9995879973049269	-0.8375334940224399
31.55953140262879	33.97938707488147	0.9893085471028302	-0.837221304707954
31.68983297697343	33.98158656331201	0.9622848490638019	-0.8384573972420486
31.819888892168294	33.99039428202125	0.9190666775681786	-0.8434072552125474
31.949611706989543	34.00868038580866	0.8605135466869729	-0.8528009889118924
32.07885554376416	34.03848705815666	0.7878074780278382	-0.8679713238952788
32.20741725902825	34.080929680372655	0.7024504849906366	-0.8881381392139549
32.334976115818186	34.1365709523613	0.6062941297807793	-0.9123218804180449
32.46106686540474	34.20541577696818	0.5015484936345282	-0.9382055089499117
32.58499932546312	34.287035245880126	0.39081911090666066	-0.963239538359609
32.70582567652858	34.38051669288289	0.2770808836363641	-0.9840848660999167
32.8222914277434	34.48450674360417	0.16361736908410696	-0.9970688075999805
32.93284567436206	34.59727555661931	0.053841745558607344	-0.9987514277357645
33.03573636781578	34.71685826532619	-0.04898126189444158	-0.9868475793778329
33.1293385520348	34.84120646159776	-0.14207375569668557	-0.959556533037174
33.21230089886703	34.968542052017405	-0.22356477279831882	-0.9162630736279476
33.283789347967236	35.0974659168274	-0.29260560546521297	-0.8573266795086629
33.343565525278045	35.22702089858312	-0.3491703762515623	-0.7837796857045078
33.39204613517378	35.35660593308129	-0.39412224117900563	-0.6970801708940294
33.43023039764478	35.48587891138883	-0.42906172163697115	-0.5989388844573682
33.459644369049684	35.614650457007976	-0.455265451223918	-0.4912290870129844
33.482491136681766	35.742760631877516	-0.4756187218763473	-0.37598269575931664
33.501411860019644	35.87011256232641	-0.49211028855899774	-0.2552913403946502
33.519644886319114	35.99660196663223	-0.5078016391534694	-0.13130761059959745
33.540785615410336	36.12219130717922	-0.5259953600720181	-0.006120180330655858
33.56851213111599	36.24698089808473	-0.5493081332743627	0.11836711404665355
33.60628100126584	36.37120217774511	-0.580540893912777	0.2404537718943599
33.65688749615512	36.49528045154062	-0.6208447214333612	0.3586926614139937
33.722088571430184	36.61971263859411	-0.6705849390535172	0.47172463783843627
33.80234203422036	36.74500987847434	-0.7281238314930574	0.5781727096942929
33.896752938735574	36.871524929803755	-0.7891328290817801	0.6764676210649043
34.00321701603221	36.99930642921112	-0.8500203648731137	0.7647905101515582
34.11900663385583	37.12826453988199	-0.9053473957620156	0.8413153025994983
34.2412928036353	37.258174192930916	-0.9503564193728955	0.9043210821897257
34.36765964989586	37.38883761797685	-0.9819897565696262	0.9521402296895894
34.49635889057868	37.52019026778229	-0.9980792245770993	0.9837847054317514
34.62629250581635	37.65232530796171	-0.9974676793130105	0.9985306411450543
34.756960904772754	37.78549937553834	-0.979899813525728	0.9958103078004628
34.88812358146146	37.92005793825137	-0.9454868445872798	0.9752095499988296
35.019679488145144	38.05635925785908	-0.8946877861826614	0.9364633269323968
35.15211344447353	38.19472346865465	-0.8279697312348278	0.8795036995271975
35.286376619947	38.33526503618358	-0.7455812270314068	0.8042158643794657
35.42421125587989	38.47779514329593	-0.647139237712445	0.711505210966926
35.568537972435394	38.621677768601955	-0.5309135118762115	0.6035161286918748
35.72377985253482	38.76578051628796	-0.39339952851609017	0.48302119140703875
35.895933252566934	38.90867300360879	-0.23020404026661484	0.35330251870167645
36.09183735952236	39.04888091313556	-0.03645415983245659	0.21912432137462318
36.316533261339345	39.18529796292907	0.1871069659141034	0.0844686539746681
36.568406293888465	39.31710874846332	0.42601786930132163	-0.04716952798480132
36.8336198844662	39.442768695508825	0.6480393037716266	-0.1719413142856768
37.089559878830265	39.558548530843105	0.819563634394961	-0.2845153824432195
37.319482544123794	39.65964615036159	0.9287289103975537	-0.37982112007194846
37.520575770221065	39.7437817222074	0.9838450013801048	-0.4561135908723143
37.698324355835965	39.81278917963332	0.9999752684966162	-0.5163723470785906
37.82961093531608	39.87111939100026	0.9913584046975811	-0.5653690108581874
37.96040147910903	39.923221549419594	0.965804246473369	-0.6075318088260478
38.091106056331114	39.972805173056	0.9238190185033306	-0.6462338096625684
38.221675406999516	40.02336813421285	0.8661739741357947	-0.684155407968389
38.35203626516313	40.07788122315242	0.793938350617404	-0.7227180987402707
38.4820694192137	40.13870762625343	0.7084833386161262	-0.7633415123124053
38.61159949845642	40.20758338578045	0.611478214502003	-0.8060739432819438
38.74036080541422	40.28566215283527	0.5048974059629067	-0.8496436494710873
38.86793652935264	40.373586667994644	0.3910467713958071	-0.8924374848559222
38.99372026091569	40.471453052104835	0.2725593383199254	-0.9323977756832331
39.11689696349715	40.57877895542617	0.15233959780712591	-0.9656268637572469
39.23633552865607	40.694570499954786	0.03355055566380893	-0.9889129690845994
39.35067720525906	40.81732534041634	-0.0806451586854942	-0.9992657637464817
39.45848763242485	40.94521537282344	-0.18746318379023424	-0.9941050310326934
39.55844276496838	41.076377850551125	-0.2844138328477269	-0.9719974264809386
39.64967182007181	41.20914881056679	-0.37066863800673033	-0.9326711364741589
39.73179817036191	41.342363564968736	-0.4454379242740264	-0.8767586695739765
39.80520074320607	41.47527741096627	-0.5098417352926977	-0.8051842690925414
39.87084497573633	41.607575024257464	-0.5651420846562683	-0.7198567286691839
39.93033739710323	41.739175493728425	-0.6131535067018501	-0.6225517255992363
39.98580727493081	41.87013117539601	-0.6559852259789196	-0.5150716685276365
40.039827142246956	42.00055145982174	-0.6958142260994914	-0.3992847630665676
40.09530744627169	42.13056329791825	-0.7346451792344711	-0.27711961491621245
40.15530284607333	42.26029894644927	-0.7740361023471448	-0.15055283823567378
40.222694618332504	42.389894807155535	-0.8148103634468158	-0.021591802923664586
40.299780649412284	42.51948816008298	-0.8568293668176741	0.1077382069942707
40.38788390048745	42.649205803109275	-0.8989272249378375	0.23539771353969347
40.48712940022576	42.77914687434959	-0.937707075797322	0.35933340460094704
40.596349082576346	42.90934608576482	-0.9701038052494283	0.477469027616347
40.713591676151374	43.0397943127123	-0.9918880471702634	0.5877645443875567
40.83656863341729	43.17044483235536	-0.9998701107642568	0.6880550314818596
40.963222045471284	43.301250936563875	-0.9924107321744119	0.7767051412554926
41.09202154088242	43.43218738908867	-0.96858542248146	0.8521541253291918
41.2219711378487	43.563257004301924	-0.9280787503449486	0.9130795501558135
41.35250776366202	43.69448970702294	-0.8716505099597827	0.9584072310125569
41.48338140216207	43.82593514971476	-0.8002180927232381	0.9873132199555397
41.61456976617172	43.95764868687352	-0.7149115127780485	0.9992259004039552
41.74628048842048	44.089688010602	-0.6169386018585786	0.993834045158827
41.878976411491664	44.222075385182016	-0.5074594543845685	0.971102121713777
42.013553496737224	44.35476760566348	-0.38735404629431663	0.9313075539996541
42.15149663077875	44.48767072329779	-0.2570207740576276	0.8749229521158327
42.2950316706092	44.620631623957124	-0.11618099168349909	0.8028791620214772
42.4471220496078	44.7534546450377	0.03559779294424064	0.716825883709523
42.61104014947165	44.88591497486261	0.19815733892590176	0.6184856029445934
42.78944323531224	45.017754881290166	0.3689974630160545	0.5098813422149887
42.982655589429825	45.14863610516321	0.5405139896215411	0.3933276876190407
43.186859102639595	45.27792670366086	0.6996597641862321	0.27157890957670827
43.3941141757252	45.40437705614658	0.8315728126573217	0.14809838600491992
43.595296099819166	45.5259886863921	0.9258017164048744	0.027086959942499177
43.784068395558926	45.64044111274347	0.980164369157161	-0.08719348564864651
43.958599511082795	45.74602655376525	0.9992557616015827	-0.19171124996543873
44.102290696719265	45.84245809098633	0.9926482227074863	-0.285210763592245
44.23316780594521	45.93055817210437	0.9686827831046386	-0.36855910832999006
44.36401778094316	46.01209846378173	0.9278984790276579	-0.4428677810120075
44.49481441919877	46.08946486400697	0.8712871131811133	-0.5107701627780783
44.62551626471818	46.16551835216552	0.7998858236855875	-0.5746420807018663
44.75605693828821	46.243004112033226	0.7149860871747007	-0.6364445571423017
44.8863324504763	46.324310816902425	0.6181557867547242	-0.696732159534774
45.01616580788715	46.4113562638578	0.5112488994968992	-0.7563746338388646
45.145297594399054	46.505554572740635	0.3963911173437227	-0.8146275181423532
45.273334618499916	46.60777371480503	0.27598793462178506	-0.8694554660308481
45.39968334735243	46.71830806811851	0.15273354491416924	-0.9184236502182257
45.523515721670066	46.836817525913816	0.029558297840118868	-0.9586123018563417
45.643783755617875	46.96230272564768	-0.09052074638017879	-0.9864959721748459
45.7592591330695	47.09321973702309	-0.20462302176622843	-0.9990367883802937
45.8687089942915	47.227719411520845	-0.3103869283930194	-0.9941691335148187
45.97115197195895	47.36399077666231	-0.4058081279968889	-0.9710317302044937
46.066156273408524	47.50055179001467	-0.4907107792760718	-0.9298879571281123
