4.859857233111592	4.088807448480941	0.14686578762554817	-0.5838680170264547
4.992718979854382	4.212796000793649	0.2765363074244957	-0.479025998981761
5.124746128746718	4.335547647290576	0.4005765514916001	-0.3679836457228777
5.256181239973829	4.456822823355984	0.5171565690886467	-0.25275965744786466
5.387167628383885	4.575849825683611	0.6244899084685864	-0.13607302047570052
5.517736745316076	4.691106620831328	0.7208620448901736	-0.02126835908592815
5.6478151231501545	4.800204101922867	0.8046956972271763	0.08765882022333962
5.7772317510265365	4.90003467923187	0.8746277652530869	0.18654205547739935
5.905723256498935	4.987227431128684	0.929589486902224	0.27126367527172324
6.032937544708698	5.058818727537597	0.9688186406998336	0.33937467588623643
6.158401373797175	5.112973748599319	0.9921974816267524	0.38977417228079614
6.281504582144261	5.149385708686293	0.9999472158344859	0.42318592043565384
6.401453198885325	5.169305486584514	0.9928105944538257	0.44100723731663427
6.51726634972492	5.175566568790169	0.9723447213033398	0.4465849848020099
6.627825878215928	5.171843829687879	0.9407330405428922	0.44326854556922846
6.7320104885071625	5.162198416927224	0.9007408069666524	0.43467583347824823
6.82889074780501	5.150387882534217	0.8543957381208395	0.42410551883503195
6.917823362046018	5.13970842358223	0.8051443505463522	0.4143060081225737
6.99873295685071	5.132349073113981	0.7543816952057727	0.4075530411347725
7.0719670065879825	5.129702401017019	0.7043657389518718	0.40512444510915413
7.138323430440309	5.132207072180147	0.6558045528018773	0.40742274055694927
7.198836087974801	5.139904680564654	0.6089792662073858	0.414486094249624
7.254659638599134	5.152603240699528	0.5638067259530366	0.4261278751033476
7.306972163130428	5.170018393317222	0.5199253025346592	0.44164233738481107
7.356936734159718	5.192031492670708	0.47675601671706175	0.46125292634231285
7.40564815266885	5.21845180986317	0.43336096404501845	0.484686604647627
7.45420660822579	5.249254090333296	0.38903114962347385	0.5111950610073946
7.503681580538159	5.284714695349692	0.34301557366561874	0.5414822994918135
7.555120336402028	5.325032810613858	0.29432886888389087	0.5748231444374378
7.609559909639264	5.37077346572222	0.241951619068129	0.6115381093986618
7.66810150282287	5.422571732911744	0.18479851168444275	0.6516980319636081
7.731917500287766	5.48116220524982	0.12175022558646714	0.6950041935264211
7.8021726031788665	5.547381654710381	0.05177494854798777	0.7409883635798229
7.879932836304459	5.622055703643232	-0.02593413049345409	0.7889101642284961
7.966038889177844	5.705849768462848	-0.11178939666340014	0.8376689731276643
8.060961403469046	5.799105062274953	-0.2054173980699053	0.8847379756983222
8.164576967903852	5.901606459855047	-0.3055951364647905	0.9279547787286134
8.276168024213655	6.012561465835904	-0.4095958998971201	0.9632005145553844
8.394367763867885	6.130592326590746	-0.5142252523479032	0.9879027275944057
8.51756614494434	6.254194495349406	-0.6156462598750405	0.9990895263782774
8.646247044134123	6.384378694090935	-0.7116129447083834	0.9944171829971189
8.777150942840045	6.518177066041967	-0.7971846329373047	0.9721460873716814
8.908064038096807	6.654561728654595	-0.8691511940095975	0.9316780838215124
9.039003858719301	6.795214616466089	-0.9262889162186451	0.8715354639980286
9.170017190455036	6.942518320383611	-0.9676254423317745	0.7900111259938991
9.301221428516856	7.099520685975241	-0.9923129712773775	0.6848855501421276
9.432893400515622	7.26961003919595	-0.9997451298066118	0.551443573932971
9.56565670936032	7.45624400426502	-0.9897349357894799	0.3871616275435894
9.700777417897354	7.661285984959577	-0.96170101224873	0.1914795784077129
9.840548463268856	7.882930646965844	-0.9143778685679625	-0.028929969063801173
9.988405510156955	8.113100846596797	-0.8452741431183451	-0.2561710730792658
10.14821886902084	8.337938558710727	-0.7491626482482052	-0.46509646367414714
10.32290951558867	8.543706173731248	-0.6228198934710976	-0.6362975372545033
10.5129810677043	8.724495366998438	-0.46388159359345593	-0.7644749973245478
10.716245237840349	8.882574557812687	-0.2755752598081592	-0.8561781271087414
10.927671784818086	9.023323118271344	-0.06783783513521896	-0.9200623675702937
11.139660173362707	9.150238825094766	0.1435256127466984	-0.9621083619321225
11.344048069388872	9.263080294918005	0.34129755246296145	-0.9864786753001898
11.53563545177202	9.359100350701238	0.5139455867333703	-0.9977589630879365
11.713396342345426	9.435532296502181	0.6574274145944614	-0.9996622537146864
11.879258604826832	9.491330195957655	0.7729879837180028	-0.9976766671317954
12.035834727966673	9.527038135163862	0.8621163993397538	-0.9943168059396775
12.185462440920823	9.54457765220185	0.9282210916360556	-0.9926664630765927
12.329737730171622	9.546485043358048	0.9717881458595103	-0.9924869912373782
12.469746144762311	9.536476039585557	0.9948470853750269	-0.9934287667667012
12.60612404873637	9.51901334715418	0.9987515198406536	-0.9950718809848376
12.733187233570176	9.499109121631852	0.9856780262864608	-0.9969447259705266
12.858894113470406	9.481711006611736	0.9570917097867588	-0.9982119839641802
12.982969133404557	9.471563837421256	0.9140490776335135	-0.9985306618245038
13.105032830206664	9.472790937996635	0.8579804415052712	-0.9984921240039134
13.22456091746028	9.488271738827924	0.7907113858748592	-0.9979644460304486
13.340803312296325	9.51959446251699	0.7145103462822594	-0.9950172021935366
13.452616979123325	9.567291607029592	0.6322094912614107	-0.9894792235150189
13.558583693223348	9.630618546799168	0.5466569321596664	-0.9785041727203362
13.65687321527546	9.708054119883927	0.4618330664617376	-0.9596712110405434
13.74538078187106	9.797499194529884	0.3817005364470171	-0.9312226198342538
13.821956744477207	9.896575349267739	0.3100056327982057	-0.8903133585970969
13.884511184287211	10.002885837310705	0.24996527825953474	-0.8372349262804444
13.931648928434951	10.114151423376985	0.20399107977784525	-0.7716021511632372
13.962728360497508	10.228391608379319	0.17349968445876116	-0.6938796928844271
13.977993588250314	10.34390608290192	0.15842487698277846	-0.6062320794661007
13.97888752258619	10.459153059225452	0.15754209369072958	-0.5108130562953339
13.967836628646198	10.572684001453498	0.1684551374579442	-0.4102417973311824
13.9481830783258	10.683053014885223	0.18785777988202673	-0.3074442990750279
13.923721203918705	10.788859976482044	0.2117266064276207	-0.20515837536814785
13.8989442209222	10.888724688363858	0.23590290214497495	-0.10660570520339312
13.877020913774635	10.981798282521874	0.2571569546172011	-0.013766942583445256
13.860467140508282	11.06768560816472	0.27305082382124457	0.07202728489063422
13.850857766656693	11.146564773328372	0.28227712701342095	0.15034408390655024
13.848829170785606	11.21915805474895	0.2842248543940088	0.22161885239156512
13.85439223792139	11.286564807712438	0.27888355486025357	0.2867718542442049
13.867350496708745	11.350090116708088	0.2664418675805923	0.34698146351716236
13.887441736293184	11.411143172287073	0.2471265232740949	0.40352365255865236
13.91446235179278	11.471166316695077	0.22076098914609701	0.4576445130534472
13.948577363524379	11.531538734154994	0.18747305363996664	0.5104199497184568
13.989812224382597	11.593748907930538	0.1467536679312068	0.562857910463477
14.038735539709265	11.659120901150317	0.09822624623187909	0.615616319992743
14.095832510615402	11.729077930199672	0.041307238941457845	0.669188412403934
14.161752133081682	11.804946139969458	-0.024569018712510875	0.7237070363947461
14.237156443003597	11.88787095125063	-0.09977717658465753	0.778265683342887
14.322433647204045	11.97876693014161	-0.18419273852089274	0.8318983685559993
14.417589015760056	12.078092694988586	-0.2766247120528341	0.8828325848301081
14.522160753191075	12.185527588099262	-0.3754678536960267	0.928246960444815
14.634958800161428	12.300332217668638	-0.47742145275851816	0.9644796024051006
14.754301303016364	12.421217865420902	-0.5785365650158185	0.9890664448065853
14.878399986496147	12.546800102021734	-0.6749853692648552	0.9993853764650948
15.007972421448668	12.67827772977368	-0.7646679015211781	0.9934090979207786
15.138878647299013	12.8124875717976	-0.8423059141909562	0.969719599680313
15.26979867735006	12.949512196686701	-0.9054855666100704	0.9273342439041974
15.40075821208288	13.091099762701027	-0.9529963597649982	0.8650717833007872
15.531824869430721	13.239613217705436	-0.9842200185875812	0.7814872423664199
15.66316363883463	13.397892186836378	-0.9985930411052133	0.6735166751082319
15.795156075620953	13.569061336031245	-0.9957345371737869	0.5379925027347071
15.928623905622633	13.755786584393729	-0.9752718103805986	0.37215213387802226
16.065192452537712	13.95899544189222	-0.9364695011742572	0.17718603819088116
16.207682904702974	14.175649010695498	-0.8776390082448156	-0.03845675435210219
16.360145823796948	14.397018214216592	-0.7943929708766664	-0.25687395046552164
16.52719022599401	14.610180428341346	-0.682737484553611	-0.45534739326344653
16.711995261407896	14.803839751015024	-0.5368833453650593	-0.6180860933408209
16.915332053241947	14.974276472502098	-0.35536494310743133	-0.742388035982493
17.134373501965936	15.1243726450493	-0.14382207490842652	-0.8341536725917249
17.361919664257513	15.258342554930199	0.08302518977390264	-0.9003797025427467
17.58730049163851	15.377311603439352	0.303622598059652	-0.9454708342206932
17.800606158976414	15.478384768264172	0.49827009384181925	-0.9733267590401301
17.99705587351969	15.557180959297517	0.6577830767515371	-0.9881859324995905
18.17744032481561	15.611295549330126	0.7821778790569752	-0.9948430159519863
18.344969928324378	15.641163817623676	0.8753237969217095	-0.9976534059589747
18.50284587509931	15.649266647058326	0.9400321460546437	-0.9981565978449234
18.653553377633997	15.639926125211366	0.980649922116211	-0.9975369479724221
18.79870801112293	15.618330995231869	0.9984030912475126	-0.9955050009945283
18.937450528674123	15.590872842859259	0.9956685028734586	-0.9929213856245334
19.065882824653496	15.563874316113015	0.9762170297843711	-0.9892328319644559
19.193561685891794	15.542897565217622	0.9409480382687725	-0.9859518849161598
19.32033413757591	15.532503467195225	0.8907759771056245	-0.9843261572047355
19.445967271986284	15.536030105899382	0.8269485400783796	-0.9848777542992766
19.570080407715878	15.555564057491383	0.7510909955333165	-0.9879330349352977
19.692103785003713	15.591916056811181	0.6652470926297964	-0.9930195445816185
19.81123741797047	15.644839952414014	0.5719048572959395	-0.9979993038991422
19.926352652416014	15.713382251720168	0.4740430773886112	-0.9998298136040782
20.035909451056654	15.79602447936096	0.3749622405308231	-0.9956528266049329
20.138033860781935	15.89070739254713	0.2784454298701254	-0.9831868253351161
20.230741215752776	15.995043419488727	0.18846974468041325	-0.9586101055514251
20.311781392057934	16.106792896476026	0.10831904141390436	-0.9211047942692665
20.37939790294467	16.223691177062022	0.04092740382841943	-0.8696530331891406
20.432178352148338	16.343936792256617	-0.011818324086079966	-0.8043259665401665
20.469335788539976	16.466080371412502	-0.048951316690044135	-0.7260453161286543
20.490898128592164	16.58895430845648	-0.0704690483774978	-0.6363613290358681
20.49764380758372	16.711604586855664	-0.07718368516624088	-0.537206411549697
20.49135508366743	16.83311142972673	-0.07092390064114938	-0.43096872326560554
20.47463337713051	16.95253857209104	-0.05424542029497926	-0.32036380316234786
20.451027380346584	17.0688507036011	-0.03065495256874137	-0.20827550678996187
20.42469498735167	17.180974010057366	-0.0043398821742501375	-0.09758340138712085
20.399587441878474	17.288014589534647	0.02075114645682485	0.009248906450210547
20.37953831095175	17.389314675613246	0.04078708818787016	0.11029413502129368
20.367386318276086	17.484796084447428	0.05293108675098043	0.2044969869296716
20.364871678238735	17.575011566366964	0.05544407254807361	0.29182356180480584
20.37302565352592	17.661033160121992	0.047295461302650596	0.3729717453824836
20.392327962891624	17.74433638729	0.028005849840720975	0.4487223397229179
20.423007279709314	17.826724066112433	-0.0026532847798340473	0.5207471764135174
20.465115359286514	17.91009532450977	-0.044733663819632404	0.5901689151015744
20.519004216453293	17.99616028604992	-0.09844579790503957	0.6571113971762248
20.584769778088134	18.086672075047705	-0.16360363734422204	0.7226752742232331
20.662514782341074	18.18292907732571	-0.2397472000129752	0.7855414208420101
20.751892206024788	18.285839856501017	-0.3253674636872614	0.8452290923978675
20.852204353261723	18.395532407620816	-0.4184651951547946	0.8983812015403714
20.96194486689161	18.511626743994235	-0.5152635570326438	0.9430060700748295
21.079261870925905	18.63310538071839	-0.6119529809811641	0.9761900634907942
21.202104389095076	18.758836834770666	-0.7041801634087752	0.9954027395805636
21.32859686787428	18.887865856061058	-0.7880386901969968	0.9987968538088275
21.4595025622883	19.021366751878013	-0.8615513919518204	0.984896888047202
21.590421122437878	19.157116727311617	-0.9203512013812274	0.9528971250303736
21.721376497287054	19.296509656822874	-0.9634381099095726	0.9015902859413772
21.852431354075133	19.44145423557729	-0.9900730175748527	0.8294848255772309
21.983739998048044	19.594316139405095	-0.9997673292474244	0.7350662548701706
22.11565621009311	19.757575124525623	-0.9922234793278863	0.6150084037974002
22.248949345713157	19.933531753811863	-0.9667774487994227	0.467647503358009
22.38516577065448	20.123076004485213	-0.92301572751237	0.2928070021671316
22.52709161635051	20.324423625929175	-0.8593643863303105	0.0957349844568547
22.679047654855943	20.531594697972942	-0.7725056621915843	-0.11097834066398747
22.84648993473585	20.734684044690372	-0.6556521280443156	-0.30917929877168887
23.034872101587013	20.92352473668488	-0.5027677949720997	-0.48219917577978494
23.247302516553003	21.092494290740962	-0.3094714779346762	-0.6224069240211625
23.482515320276914	21.24208164528536	-0.0793118688311426	-0.7322186436065622
23.73256104008263	21.375243108783277	0.16972492356628383	-0.8159930238840375
23.98242235807776	21.491713480886034	0.40802777571154225	-0.8777681665936602
24.216760217848723	21.58640114087523	0.6087183761784859	-0.9187549367884688
24.428398548690296	21.65347208495032	0.7617904557487265	-0.9430916507886751
24.618881781910027	21.691277425166767	0.8706040014399989	-0.955042117732377
24.792980273631215	21.703078172790395	0.9423856796215861	-0.9583338798284669
24.955097461161312	21.695355260838877	0.9839845657222143	-0.9561796104851802
25.108328567956985	21.67578600136299	0.9992333059250122	-0.9506489771533155
25.245325828377688	21.652426310752972	0.9933453515082693	-0.9427374656798437
25.374914291985124	21.6323162731265	0.9705797920263777	-0.9359265538373058
25.50409121647742	21.620164764831845	0.9316870364506542	-0.9318110542402387
25.632748622896194	21.61958824778565	0.8775083905963786	-0.9316157981770584
25.760706936891797	21.633044849016933	0.8092152774425335	-0.9361733095248146
25.887682446802028	21.661857668353974	0.7282906368340359	-0.9459316986479269
26.01327126607831	21.706341063854076	0.6367255330675643	-0.9592440476813571
26.136853309900886	21.76622250413277	0.5368171172599646	-0.9743414879792756
26.257568499872136	21.840627905054088	0.43125459187620124	-0.9882268550581488
26.374238235952188	21.92821568299702	0.32325963712398587	-0.998017221376808
26.48540577266391	22.02720400025142	0.21629904466694447	-0.9988676580122466
26.58916525533292	22.135615475810592	0.11409378828792971	-0.989173717463971
26.68363641636364	22.251256572260502	0.019888047309392493	-0.9661338589915673
26.767031287842755	22.371992498094016	-0.06344935295722069	-0.9282466043786736
26.8378093535383	22.496057995371814	-0.13383394707804944	-0.875159186249525
26.89508289713186	22.622000682659927	-0.19035715879018184	-0.8074644026955382
26.93848906128678	22.7488226291139	-0.2327109942314622	-0.7263585478885907
26.968420004258725	22.875793164255647	-0.2617045620101457	-0.6334749341287544
26.985789161583465	23.00239922956632	-0.27838131058353666	-0.5307139631680474
26.992263054681338	23.128177660648397	-0.2845971266686643	-0.4202225312925598
26.99013155868065	23.252677755580194	-0.2825506011968696	-0.30431989610523885
26.98240860623755	23.375408714727676	-0.27513551860363533	-0.18544638400703836
26.97268362321656	23.495876692458342	-0.26579821491703115	-0.06601198288788879
26.964910512332317	23.613674585375055	-0.25833497341221806	0.05169565340213132
26.963005661579402	23.72862343739443	-0.2565060581411849	0.16583643900498277
26.970419465877423	23.84090827638976	-0.2636243165540051	0.27522416192720034
26.989891618268913	23.95115356888631	-0.2823202258341341	0.37933542003839027
27.023323450381845	24.060422588588487	-0.31431011109151635	0.47803242916281585
27.071807916062916	24.17010921339796	-0.3599207089372518	0.5711188308986853
27.135769754422206	24.281557974058916	-0.4188139707860595	0.6587706555581083
27.214800851419863	24.395912793139942	-0.4891621283834259	0.7403107738222098
27.307721542124394	24.513836361175834	-0.5678273230185928	0.8143073876355406
27.412584813022665	24.635415627090474	-0.650846424681287	0.8787256986741284
27.526888361531352	24.76030280811066	-0.7332907242902078	0.931318403615842
27.64800044095528	24.887873623628924	-0.8101325965802808	0.9699920926229175
27.77356796120872	25.01753772358717	-0.8771640832230035	0.9930989312707466
27.90178650431725	25.14899712919599	-0.9312815016892835	0.9994894738143608
28.032707805731388	25.282860395558014	-0.9706990938493181	0.9882896536707488
28.163671262746554	25.418929889753333	-0.9935261960623385	0.9588587825629362
28.29474739128722	25.558293198974603	-0.9993589016561133	0.9104938182552866
28.426105729526814	25.702214624341625	-0.9880311600251734	0.8420874261847001
28.55812870302688	25.85198020869664	-0.9595265328672753	0.7519409762032283
28.691630287373957	26.00867431513032	-0.913771959261989	0.6402085864786249
28.828186052410405	26.17248958760611	-0.8502493975384426	0.5061888259627367
28.970653022296855	26.342438724996992	-0.7670956452094558	0.3531742641183132
29.123651370249235	26.515567624782747	-0.6601699576244084	0.18686224285342193
29.293870708777543	26.687178500933097	-0.523582879808708	0.016348292878167768
29.489322144226673	26.851773646157863	-0.3481971032791216	-0.14762404744124152
29.717347393035396	27.005301207964774	-0.12742590945769788	-0.2971155235087619
29.9799314628086	27.14641637906811	0.13435679826507077	-0.4285016278226903
30.266181693421448	27.2749110438658	0.408554506060773	-0.5406948609017254
30.55012709128907	27.38710648184468	0.6478086930594213	-0.6314344484903904
30.806254842260696	27.475290798526412	0.8194963475645258	-0.6971110379650307
31.026997391517778	27.535095026499874	0.9250361039154875	-0.738716996519835
31.21867714717408	27.570362620525433	0.980377976084337	-0.7620360386399516
31.389869145790193	27.589764659338265	0.999181652225436	-0.7745462191890939
31.532606640016194	27.602365049362543	0.9929599938875394	-0.7822678168155869
31.66312289598492	27.614877505445907	0.9694841740182129	-0.7899355279744271
31.793453588188807	27.631400800096525	0.9295636758960651	-0.8000611060327429
31.92352682422359	27.65510608800773	0.8737896482571772	-0.8141259057286784
32.0532320325215	27.68835338378126	0.8035097255941867	-0.8328105841811633
32.182397126128606	27.732689707846845	0.7201394805719412	-0.8564627507496634
32.31076867950689	27.788989155575457	0.6254186107056269	-0.8841640073861705
32.437967059871745	27.8575989216772	0.5214281966157529	-0.9139948990586607
32.56342132223126	27.938416562886243	0.41061916583217745	-0.9436874506156037
32.6863288295198	28.030851609814036	0.2958005031009299	-0.9702942438580632
32.80561326708614	28.13383531550405	0.1800874843705	-0.9897943995414024
32.91985267942312	28.245890961759468	0.06681026617689641	-0.9991067332285825
33.02743876272212	28.36515535315336	-0.04068911532851734	-0.995393105972602
33.126777127755375	28.489607263525926	-0.13954428293008497	-0.9764468106640618
33.21642974073722	28.61741950041076	-0.2275935160088224	-0.9412596754277974
33.29544688726915	28.74705465835805	-0.3037984254902548	-0.8898942183748574
33.36343567455081	28.877440433612747	-0.36786274245347594	-0.8231858979663247
33.42069022635538	29.007893631111504	-0.42040616432949	-0.7424720396156566
33.468135573654045	29.13804036872259	-0.46282992547519175	-0.649378385935461
33.50724685506391	29.267703447349103	-0.4971318879058527	-0.5457005822397992
33.54001484831162	29.396808607660816	-0.5253320375618671	-0.43335038075029353
33.56899676592844	29.525313501112677	-0.5497088993823847	-0.3143390977965368
33.59723565655241	29.653195618826057	-0.5730608955647789	-0.19073697059670533
33.62815294962467	29.780477321734313	-0.5981437100606953	-0.06460317380755728
33.665295424600586	29.9072588250666	-0.6274871954692324	0.06208774504122376
33.71201315926954	30.03373448772946	-0.6630285039876127	0.1874873982292351
33.77099096476979	30.16019520069385	-0.7059589240880966	0.3098690345972787
33.84386008659107	30.2869979433464	-0.7556304081672451	0.42760088883229047
33.9308825452209	30.414452337354604	-0.809962199294684	0.5389984998836918
34.030941306498015	30.542749910705872	-0.8641308555925235	0.6422758984543403
34.14175291520847	30.6718720168223	-0.9143795475204961	0.7355328650906625
34.26059274970459	30.801722525945483	-0.955863530549532	0.8169492269333753
34.384818453614606	30.93215289690671	-0.9847576990493844	0.8848771489744527
34.51230868710249	31.063058142070858	-0.9985801373867105	0.9379464233955461
34.64160652501187	31.194427180893236	-0.9960267398487291	0.9750888799577062
34.77184341590353	31.326352983130633	-0.976653828312193	0.9955105261210104
34.90258860044091	31.45901563026117	-0.940587800095191	0.9986467614625124
35.03384148248982	31.592656939751674	-0.8882594328363247	0.9841274237826108
35.165594506385524	31.727479350121747	-0.8203934968024247	0.9517835733703229
35.298425577177476	31.863626716806845	-0.7376144192883741	0.9012514624597937
35.43343808043989	32.00110194733135	-0.6402192328986981	0.8332630358202402
35.57255017037796	32.139655801773614	-0.5274606125309703	0.7489719852962606
35.718815697203034	32.27876361738765	-0.39795465565978094	0.6500304289243672
35.87661138724491	32.41765712013157	-0.24905158637769192	0.5387864831390865
36.05144492213762	32.555409671722636	-0.07676465725448187	0.41797068573001833
36.24878188906777	32.69122397726724	0.12015981724614885	0.29110049683767936
36.47119550076448	32.82440442419347	0.33603532181967793	0.16153073040448931
36.71377709362236	32.9541422122453	0.5523449290515947	0.03255921746992893
36.96220258467217	33.07855808054966	0.7402573335193519	-0.09166041690016366
37.198378090269124	33.194176429867845	0.8771786849193624	-0.2058797091121518
37.41136043947103	33.29725857263877	0.9584228629986107	-0.3055378893478456
37.60055611995906	33.38628607668629	0.9946653682582285	-0.38883679037983043
37.770549430776605	33.46260115191095	0.9972169904695243	-0.45789953070531275
37.901398218892155	33.529696336804776	0.9792793721273986	-0.5164519219404843
38.03219740172068	33.591008321349555	0.944646517594063	-0.5679112347717998
38.16291196247742	33.64992521722366	0.893943445597515	-0.6153443467176765
38.29348817202995	33.70971124435771	0.8280922036875545	-0.6613020961463147
38.423843677384426	33.773189180975805	0.7483090839523499	-0.7075130420022973
38.553851349556346	33.842613074708005	0.6561035104802873	-0.7548058800578302
38.68331533098256	33.919654447879	0.5532804196043715	-0.8031670167778938
38.811940607009255	34.005420754655425	0.44194358162075764	-0.8511419745831708
38.93926632954225	34.10049957115415	0.32452258132764633	-0.897021222332822
39.064635932331484	34.20490241434857	0.2037512631145869	-0.9380316421670449
39.18713742541193	34.31806283452487	0.08263765631314221	-0.9711723261025526
39.305630623157384	34.43882576966376	-0.035698953491977346	-0.9927705553072835
39.41876836504477	34.56558139478247	-0.14824036681444858	-0.999746801666101
39.525171944547964	34.69647932242887	-0.25246932934602506	-0.9900350240340512
39.623689921126406	34.82973077891889	-0.34629089735437635	-0.962757619821998
39.71372232740034	34.96384775393981	-0.4293348794148021	-0.9181270975525204
39.79525633917947	35.09786206867192	-0.5012835767362613	-0.857125054982601
39.86902738777242	35.23123185013907	-0.5636390402286504	-0.7811991883169643
39.93635850493309	35.36378470774967	-0.6179103326770514	-0.6920048455990937
39.99913391852452	35.495551175797246	-0.665980044588489	-0.5912975533473687
40.05970341262337	35.626657752763855	-0.7098665598849072	-0.48086543232290385
40.12077952974755	35.757261197054916	-0.7514873995183464	-0.3625396512706197
40.18528744714684	35.88751843733487	-0.792410852972675	-0.2384148487208161
40.25603509172383	36.017575623919825	-0.8335474068747685	-0.11047809605089728
40.335373282443946	36.147569577043654	-0.8749445109614736	0.01924139459730303
40.424816970751486	36.27762234539281	-0.9143314006095573	0.1486814293871183
40.52459569751239	36.407808534218276	-0.9503962438946315	0.2757326915470671
40.63393591924363	36.53817925096989	-0.9783017709672728	0.3982885859564303
40.75101343749727	36.668724791135155	-0.9954994696105768	0.514245170910091
40.87375896878559	36.79942008733406	-0.9989619047193314	0.6215872956681154
41.000223480842216	36.93023160619262	-0.9868194401427168	0.7184358833452578
41.12889478012413	37.06113655743389	-0.9583004395639156	0.8030992747035725
41.25876525512283	37.19213116718331	-0.9134684478569438	0.8741050047664595
41.389250227656305	37.32323082571598	-0.8529501505100401	0.9301524573637568
41.52006875598468	37.45446548095232	-0.7777358533915055	0.9700403473417728
41.65115784902719	37.58587255632715	-0.6890440867913478	0.9932837501445667
41.78264695030439	37.71748091373741	-0.5882081862268115	0.9994231084527967
41.91490850901321	37.84935548213501	-0.4763528265331773	0.988270185128757
42.04863433292184	37.98144733968268	-0.35483714787613924	0.9599336043475071
42.185013916706	38.11370116713503	-0.22445160893824123	0.9148468939341887
42.32584188874057	38.24601965937154	-0.0855125557272304	0.8537837797829362
42.47353594575603	38.37826947010268	0.061994312875712464	0.7778624789494444
42.63090085685098	38.51028928003861	0.21753654804213074	0.6885321658769895
42.80033446663814	38.64190903954088	0.3789912968357129	0.587521125889504
42.98272438984053	38.772868691204835	0.5405708837449489	0.4767511872340618
43.17589324596341	38.90269900350618	0.6919070079931158	0.3589224159694516
43.37402318001903	39.03047733163413	0.8202818554282851	0.23708173082595937
43.569454440506156	39.1546493771848	0.9155404440242364	0.11497620134224708
43.75584387346418	39.27320871117606	0.9740083931546193	-0.0032983700631431957
43.93024537450101	39.3843346473294	0.9983652831432472	-0.11414771625210587
44.08805948996428	39.48704942233469	0.9939872772806713	-0.2153325284628581
44.21894438765545	39.581726672816956	0.971785015318596	-0.30676954474191076
44.34980981866611	39.66954302332309	0.9329866682211381	-0.3889025270085798
44.48063521040925	39.752395236348015	0.8782661277278259	-0.46378702579298325
44.61138689482945	39.832903462622355	0.808544389713022	-0.5336827080221569
44.74201024354082	39.9137709430513	0.7249169665315456	-0.6000655931188348
44.87241022706305	39.99743589097904	0.6291546919123931	-0.6647065448365232
45.002441765386926	40.08597431020944	0.5230598166155057	-0.7284398341828828
45.13188763717744	40.18096976048917	0.4086961432853549	-0.7897649476488258
45.260375054015185	40.283502770406265	0.2884308755481515	-0.8485446151869913
45.3874049087276	40.39405225422593	0.16485882082699596	-0.9017271383138135
45.51223238866593	40.51248601170139	0.04083420817404515	-0.9462949088284572
45.633865024045406	40.638001536057175	-0.08064765873436439	-0.979188511917418
45.75114337577763	40.76917266173055	-0.19670402096269385	-0.9972081224798459
45.86286432007372	40.90418051648524	-0.30480351328406363	-0.997966116953633
45.968024774037	41.04115234322006	-0.40293859971142465	-0.9796803688910689
46.06602387041865	41.17854062598831	-0.4905968332037199	-0.9430375838521434
46.15694567938779	41.31529821231144	-0.5675529558263802	-0.8890440614538089
46.241599608945165	41.4508849103191	-0.6353349645290609	-0.819210451533795
46.32141143567543	41.5851861761134	-0.6946823246310758	-0.7352504253341109
46.39831087948375	41.71831803847821	-0.7477489853902912	-0.6389482656202187
46.47460271481421	41.85051654952076	-0.7961673310072245	-0.5319520243354314
46.55282097035261	41.982042941035246	-0.8411908045823379	-0.4162682478044603
46.635461279472025	42.11312673600744	-0.8827642228353412	-0.29386108104115816
46.724553810049144	42.24394838715039	-0.9209037254484236	-0.1666994387022092
46.82147815503871	42.37464885461421	-0.9543334577326494	-0.03682772601024533
46.926683889009105	42.50532680354618	-0.9803874580588559	0.09364201805621174
47.03958085751486	42.63603607619455	-0.9960058878597957	0.222547270350056
47.15881518341827	42.766797050933036	-0.9989031477623098	0.34771560451991346
47.282749272264894	42.89761059956597	-0.9869225941672236	0.4670143527717739
47.409809063602765	43.028467602768025	-0.9589339307609599	0.5783979835371325
47.538750591738605	43.15935906308213	-0.9147391003784242	0.6799541833998302
47.66872845873055	43.29028082955456	-0.8548368953861663	0.769940682613957
47.799239274638495	43.42123414047598	-0.7801961408502068	0.8465793852619092
47.93002692885291	43.55222413471236	-0.692095618407776	0.9086985899927187
48.06100663029598	43.683254810718516	-0.5920205525559231	0.9552733104349866
48.192230860834144	43.8143234810448	-0.48157589874888	0.9854970535607309
48.323904071969466	43.94541504861995	-0.3622835286852497	0.9988416957465343
48.45644186762376	44.07658897380029	-0.23592392265296022	0.9950665706526687
48.59055545653656	44.207970873660265	-0.10389929203241008	0.9741784194864729
48.72734100125768	44.33938494170769	0.03263338881300859	0.9365173885137552
48.868300607045185	44.4707844959957	0.17268586018061222	0.8827375228875005
49.015221981260034	44.60210799387781	0.3150156139699791	0.8137982373027751
49.16980557563653	44.73327293096332	0.457223506765718	0.7309565055190167
49.332975031999226	44.864148919333026	0.5956620947906306	0.63568133191117
49.50417919632367	44.99447893908682	0.7237927330265108	0.5299126284935599
49.680769035265804	45.123764005727324	0.8335226695924925	0.41615041730592134
49.85843373000604	45.251131248361766	0.9178411333893056	0.2973061836509679
50.032635500106366	45.375304540697144	0.9726138843716527	0.17680824741934945
50.20009846752384	45.49480329008727	0.9977865906404333	0.05825184112895976
50.359480225052096	45.60836486330676	0.9950942392082345	-0.055235026318195775
