4.339671929674995	5.922744943186583	-0.36410382601989544	0.9353819318599073
4.4709594577218335	6.053404736047694	-0.23903195962100424	0.9732826857702636
4.602697038592472	6.183870507261579	-0.10943496792950225	0.9945939445710226
4.7352642564598515	6.314055118937325	0.022860227717533488	0.9990305152723006
4.869253971441569	6.445116673037991	0.15614530991767656	0.9864421225779847
5.005512913891505	6.57617613667215	0.2888202206398909	0.9569613502125454
5.145077501444556	6.70721147521448	0.4192326936657673	0.9110996877160186
5.289012308125664	6.838187568239724	0.5450361868762116	0.8496640499059201
5.438078513004445	6.969041550409648	0.6633279261042608	0.7737575251433411
5.592340534943582	7.099647073956991	0.7707005234427781	0.6847961950431891
5.750853134226257	7.229754722234138	0.8612021654884943	0.5844017103531892
5.911620853740764	7.358911422260593	0.9316144007418035	0.4749968461412296
6.072039750437755	7.486399540743269	0.9773471195632306	0.35927323797038313
6.2297024897000925	7.611266131618007	0.9983203404300741	0.24028676232897936
6.380054016180522	7.732465216115975	0.9948241041973511	0.12120503023185958
6.510951676982925	7.849155321916171	0.9737219979046279	0.004823137099040293
6.641845577429747	7.960787901988211	0.9359848179299959	-0.10656257341775473
6.772730057631241	8.06743825443808	0.8822575501548339	-0.21173722580545767
6.903593328081007	8.170010312030108	0.8134626290913486	-0.3107755995181966
7.03441341618634	8.270087529091033	0.7307896652671928	-0.4040164152660088
7.1651471332698495	8.369534814968864	0.6355943841136267	-0.4928540054101154
7.295724014133377	8.470468018154241	0.529605464596221	-0.5780007234145897
7.4260238688932985	8.574819772443988	0.4148917346247205	-0.6596894402248772
7.555847252657663	8.684246369520869	0.2936309306130531	-0.737862235853161
7.684893080299397	8.79997871760485	0.1682163943537553	-0.8109948020368265
7.812704256346691	8.922665924118734	0.04125022356248428	-0.876553060072049
7.938617766774623	9.052238710344234	-0.08449446052609588	-0.9312842543511529
8.061750477223073	9.18782243364124	-0.2061873417076304	-0.9717177750595022
8.18107220832464	9.327818265232263	-0.3211818130592504	-0.9948155430163166
8.29559291835716	9.4702144222013	-0.4273724279179328	-0.998573041008975
8.404623756478658	9.613046703694966	-0.5230515641793423	-0.9823227267773982
8.508026987736013	9.754800790662845	-0.6081100867865812	-0.9456838093137129
8.60622176954988	9.89469063378909	-0.6832405514138796	-0.891168860778442
8.70039803798329	10.032459464483875	-0.7485417689370563	-0.8206148162369586
8.79221952822756	10.168238951157907	-0.8064187560825927	-0.7359253080921362
8.883730917818333	10.302388180704964	-0.8567666654213124	-0.6389507569858016
8.976972043137486	10.43530605140519	-0.9012034668879512	-0.5313358018994313
9.07394936733637	10.56737852716894	-0.9386372674863626	-0.4151101199980839
9.176097718498049	10.698901807601487	-0.9691605283923722	-0.29222730688713094
9.284305893248463	10.830099120057877	-0.9897985442607318	-0.16464808199632439
9.398501432752814	10.961117357431437	-0.9991747700695766	-0.034434262856356875
9.518021655773783	11.092050627626719	-0.9951651920371588	0.09628018163279414
9.641760890568953	11.22295080502495	-0.9760739455360241	0.22531965213250185
9.768495085043684	11.353842483140383	-0.9410457955264651	0.35051141221122517
9.897150536705464	11.484735066185523	-0.8900522719167833	0.4697323687729696
10.026929125630048	11.615630385365149	-0.8237228164761636	0.5809526785732592
10.15731198740574	11.746526067728256	-0.7431502502811926	0.6822743007183301
10.28800131553651	11.877415407621903	-0.6497407287223407	0.7718584609702691
10.418852625008222	12.008284747615402	-0.5451175043138161	0.8480946250928709
10.549827017590946	12.139109102097878	-0.43105701190358614	0.9098149889298416
10.680973184258978	12.269847050249398	-0.30943264282233085	0.9559759107913008
10.812440560198926	12.400438151485282	-0.18208636686749963	0.9858163160596936
10.944517635535625	12.530801108118375	-0.05102306472869914	0.9988829185826307
11.077683400242902	12.661263474095014	0.08197906922226283	0.9950100174540342
11.212652870759873	12.792329825444687	0.21527137853496559	0.97411615252175
11.350385047623906	12.923384882587992	0.34725891270020826	0.9365422895204634
11.491969007572076	13.054401322831255	0.47617679755586473	0.882944797769047
11.638392641502033	13.185332830845292	0.5992404757624333	0.8142751580497667
11.790141667128529	13.316092084290819	0.7132404151454843	0.7317858596780388
11.946825320920057	13.446502577831867	0.813947474094536	0.6370400214076706
12.106959932267987	13.576228176014823	0.8959358806547038	0.5319128594398883
12.268167845382939	13.70469045770552	0.9555075046269395	0.4190381271757523
12.427801803262986	13.831043495072516	0.9900962301883575	0.30130151715487835
12.583731221960818	13.954254699718858	0.9994547798326254	0.18186764377934528
12.714629807025355	14.073332332750587	0.9885805698762582	0.06378866039084562
12.845526195673225	14.1875245645982	0.9608206265055859	-0.05032449599577194
12.976416769295795	14.296495852466215	0.9166509071848874	-0.15857849493697596
13.107293527649922	14.40071698735249	0.856829842165972	-0.2604252747159808
13.23814068439085	14.50144161067725	0.7823896199694096	-0.35616185846906356
13.368928158937026	14.600416724042214	0.6946263476661144	-0.44664929997643477
13.499601803941559	14.699686146818378	0.5950903029905568	-0.5332729872631651
13.630074527157062	14.801328683935939	0.48557266554511647	-0.6161022874624356
13.760189355952546	14.907166897715614	0.3681118216239499	-0.6958714811481279
13.889711431615721	15.018707013645772	0.24491185390479756	-0.7716739771434962
14.018279993924493	15.136931525011272	0.11858765987640119	-0.8412116491384865
14.145336502111945	15.262201530533948	-0.008164186663176252	-0.9021313526375038
14.270126765024301	15.394108454251745	-0.13253833864575176	-0.9511414416297367
14.391712984371175	15.531446201378852	-0.25178020972715826	-0.9841607915970306
14.50901365625383	15.672412499042355	-0.3632850786760204	-0.9988835070397122
14.62112539158556	15.814967136997968	-0.46509782285496376	-0.993870458266547
14.727558855185983	15.95730272997721	-0.5564220440185627	-0.9690167477115038
14.828419365875824	16.0981798788834	-0.6375005191913	-0.924524873392927
14.92443323893889	16.237069019995463	-0.7080786198883151	-0.8628442772070584
15.016995086782334	16.373888106637583	-0.7706248976800844	-0.7859716142075168
15.1079933979742	16.508890089012834	-0.82494868440331	-0.6957792536538212
15.199453275208631	16.642442762608255	-0.8733266472034064	-0.5941041107178762
15.293522614048655	16.774945731505117	-0.9149059282616435	-0.4827511432950692
15.391940336258237	16.906735607051182	-0.9504253256765571	-0.36345184361467087
15.496076228568766	17.03808710947212	-0.9771853967424589	-0.23829327566423628
15.606338938747745	17.169184227472492	-0.9943766344158239	-0.10931892986020131
15.72250306161821	17.300151947492445	-0.9995433691654207	0.021378279922810835
15.843680369468574	17.431063334941296	-0.9905422624726008	0.15164095664701094
15.96865210041338	17.561956061643944	-0.9659718377542308	0.2792885052275702
16.096206541158285	17.692846554972224	-0.9253084513997077	0.4021638332060459
16.225355770316032	17.823740112888004	-0.8688058256585723	0.5181791849329485
16.355406095046312	17.954636618969893	-0.7972975062283983	0.6253576531949704
16.485928242276735	18.08553236093719	-0.7120130605277756	0.721869507205699
16.616688942400906	18.21641873961834	-0.6144502736474723	0.8060640948523041
16.747587647863586	18.34727869101535	-0.5062955223225167	0.8764780759590122
16.878619193375638	18.478081957995332	-0.38936641963235497	0.9316450480589105
17.00986999138118	18.608781539284124	-0.2655519743397339	0.9708848546494777
17.141541081322583	18.739311205573433	-0.13674390479397022	0.9935655177960012
17.27399528586987	18.86959010183811	-0.004761174703129752	0.9993708146980413
17.40781002306904	19.000660131644192	0.12867770936831846	0.9881355843007414
17.54382237067324	19.13173058777016	0.26187770058276216	0.9599784672108722
17.683074894310934	19.262780370082606	0.393197321535433	0.9153888622049449
17.826671025462794	19.393775759827445	0.5207015296066966	0.8551518468483515
17.975473643500443	19.524656420242092	0.6415966699705945	0.7803487124993462
18.12968202590149	19.655303992122807	0.7515211680081022	0.692370676177398
18.28843693161907	19.78548564402774	0.8465508937401275	0.5929583944136382
18.44980687639246	19.914772616485568	0.9207397099591991	0.4842707645506312
18.611161057602136	20.04247660913167	0.9714038451079916	0.36893619218925006
18.769935030121477	20.167647933050173	0.9964470002321348	0.2500119009304009
18.924352369056187	20.289218521414252	0.9969009458305929	0.13073502064670373
19.055250263093026	20.40626404319988	0.978536069716813	0.014078937295937535
19.18614474056372	20.51818946982224	0.9434600256508318	-0.09763480056745102
19.317030651911452	20.625021492329115	0.8922754815263186	-0.20316288840112512
19.447897215769895	20.72758839942632	0.825863929189308	-0.3023698649946559
19.578723568077002	20.827376270936927	0.7453761112016573	-0.39568285573053286
19.70946975032765	20.926266281406487	0.6522228324571322	-0.48455855039432355
19.84007126892546	21.026387697077304	0.5480608619212366	-0.5693583795046858
19.970410243592962	21.129685655339323	0.43479393317884907	-0.6510610332802238
20.100304639686073	21.237890684265288	0.31455631205003143	-0.7294475672331641
20.229473411661594	21.352292297684766	0.18970681243092996	-0.8025593974315229
20.357458127815	21.473627593820662	0.06285250043441526	-0.8687404353141599
20.483623826148463	21.601930789846143	-0.06322822075109365	-0.9249214896454686
20.607129967062942	21.73643465101061	-0.1856849026473132	-0.9676385098541538
20.726985298031327	21.875627068458734	-0.30179080579560974	-0.9930690096047956
20.842144195853145	22.017549080249122	-0.40923395781050603	-0.9991708764951723
20.95182734408751	22.160220473402894	-0.5065564123788057	-0.9853252809436361
21.055785666607175	22.302057246381814	-0.5934061916430504	-0.9519632539704473
21.154423928899373	22.442110658518875	-0.6696144338576473	-0.899770833303938
21.248763773231957	22.580080063173046	-0.7366368872476163	-0.8311521548572016
21.340430625273854	22.71606908751339	-0.7952904905676988	-0.748184329424349
21.43139818319559	22.850392856595537	-0.8472474522044144	-0.652724984704689
21.523817850330513	22.983449740968727	-0.8923408479355388	-0.546584089116551
21.61962522429693	23.115608613075057	-0.9316283214633516	-0.4315817452390228
21.720493945865684	23.247183464712943	-0.9631919264126135	-0.3095834730969092
21.82729891242245	23.378403227309114	-0.9861420841968453	-0.18248922533370732
21.94024245628929	23.509431644413137	-0.9984012631774881	-0.052478711991533394
22.058767497898792	23.640368510536195	-0.997576299474338	0.07831052507469843
22.18178777949068	23.77126904441902	-0.9818197059448658	0.20770493464981044
22.308047667758956	23.902159932210427	-0.9501285855594657	0.33352833009866856
22.43641592423878	24.033051723909924	-0.9023557633127336	0.45364882156610975
22.56603401627473	24.163946920210297	-0.839045905723776	0.5660229562444951
22.69633331783195	24.294843842933716	-0.7612336813064444	0.6687348936305396
22.826980756844566	24.42573696570729	-0.6702837712539584	0.7600306088580677
22.957808667239323	24.55661449154317	-0.5677878348236616	0.8383483086222198
23.08876161114742	24.687454057177494	-0.45549866448287346	0.9023467655977832
23.219872884367582	24.818217904558082	-0.33527524631886796	0.9509332160583712
23.35127227073821	24.9488496412765	-0.20902073090060905	0.9830073521245707
23.483225867336248	25.079276035057173	-0.078604591560654	0.99832089391653
23.61618402140803	25.209539834685664	0.054203438618272204	0.9967125570681551
23.750830132537722	25.34061141576429	0.18776153888395167	0.9780615018007632
23.88810886687428	25.471674728600387	0.3203101274981316	0.9426659239731977
24.029112543860062	25.602704992703302	0.45013956375797637	0.8911456697808031
24.174882255745462	25.733659532191155	0.5750658721674617	0.824415673385957
24.326045839274975	25.86445764877601	0.691700930769415	0.7436908542768169
24.482377730329027	25.994939137906943	0.7955077006372694	0.6505098002803335
24.642527715547242	26.124795691323104	0.8819539881733187	0.5467880990080274
24.804180618402974	26.253489830983053	0.9461790370614576	0.4348881147070008
24.964638237807055	26.380211653662947	0.9854768265175301	0.3176402877273726
25.121627523551265	26.5039367668131	0.9996509675046873	0.19821731152975758
25.256801530695036	26.623619529514755	0.9922655701564053	0.07979806546442028
25.387698388195123	26.738436769855806	0.9675706605144183	-0.034876256112173515
25.518590188552757	26.848008855380094	0.9262591914975837	-0.14390621911393153
25.649469902817216	26.95270209759383	0.869143686157805	-0.2465794530688095
25.78032351467155	27.05365277028884	0.7972120449713805	-0.3428416911302052
25.91112258822538	27.152485700927855	0.7117186801731363	-0.4339085436926893
26.041819705332667	27.251297250589847	0.6141715511037895	-0.5205709458449933
26.17232992098653	27.352130381168045	0.5063262351270121	-0.6038024530318806
26.30251468815485	27.456893172254347	0.39017617366230084	-0.6840771485536806
26.43216074138926	27.56714675190578	0.2679400342634082	-0.7599096963740155
26.56090588638033	27.68397736786285	0.14208953615380232	-0.8303513029543409
26.68823648908929	27.807862479230064	0.01529100071288013	-0.8927309076629806
26.813432179586734	27.938526760344477	-0.10963671750933979	-0.9437247725335058
26.935572091544262	28.07489697676458	-0.2298647428091787	-0.9799008625657425
27.053632013236808	28.215237775088767	-0.34282216443151214	-0.9981440517400857
27.16665952027012	28.357516753305816	-0.44653543192026757	-0.9961118434791736
27.273989900584283	28.499898121901882	-0.5399331265021754	-0.9742022987111122
27.375619485774138	28.641037355012926	-0.6223594339200794	-0.9332607284047714
27.47222773610857	28.78022426097743	-0.6949454820188741	-0.8746599199190233
27.56509242944625	28.917327955952576	-0.758551372017457	-0.8000237301021553
27.655982158977455	29.052580410534645	-0.8146182496619221	-0.7118140046038666
27.746984046364418	29.186339254206185	-0.8637379642034066	-0.6118592305299455
27.840184075802593	29.318989335780632	-0.9070797673783888	-0.50196577816669
27.937528385808598	29.45088197292555	-0.9433866408464346	-0.3839597472376365
28.040333267307503	29.582289814441	-0.9723622631427888	-0.2597439129189882
28.14931040794616	29.713416733036123	-0.9921749425371531	-0.13130753793400418
28.26436386130336	29.844398064367912	-0.9996868855834031	-0.0007316630982783697
28.384620753862116	29.97531280353523	-0.9935615512572011	0.12979575269990032
28.508922789810253	30.106205177683787	-0.9722339522183585	0.2580488642570399
28.63604273787336	30.237094391225384	-0.9349523163399441	0.3818638908574789
28.764937539666153	30.367986899270797	-0.8817768955528559	0.4991394086737957
28.894851905481616	30.498883178166658	-0.8134008088128986	0.6078790955528979
29.025306482560477	30.629780292180868	-0.7309586084449428	0.7062289810163997
29.15603364231804	30.760671192235087	-0.635801422880165	0.7925099473311851
29.286910452280814	30.891541309286666	-0.529572879665221	0.8652468249089269
29.417915778694063	31.02236348385554	-0.4142096480025395	0.923196059971985
29.549118094301228	31.15309394409467	-0.2915932667002402	0.9653738463421762
29.680693980983825	31.283669974729566	-0.16362210246331627	0.9910835212074514
29.812971306914232	31.414012925388818	-0.03213774665566532	0.9999399019282038
29.946482551427614	31.54504901093067	0.10113374555309199	0.991573719651771
30.082025550371018	31.676124086713433	0.23460770384078794	0.966108878419956
30.220632748209177	31.807182748909394	0.36672420739915956	0.9241120655329267
30.363437341843213	31.938193350317523	0.49522405751522364	0.8663250070758394
30.51137065800068	32.06910330153141	0.6177445173519733	0.7937837129167815
30.664789960569777	32.19980694165852	0.7308501876182526	0.7078309068639081
30.823066968395807	32.33009401763867	0.8289446098555987	0.6101511096074206
30.984400991159475	32.45957473393876	0.9081218159737992	0.5028326226420324
31.146206770372483	32.58760106207871	0.9634527021798781	0.3884317478435992
31.305833399694	32.71325937226527	0.9935797803653104	0.2699435267425307
31.461296812034394	32.83547903298824	0.9985751195973918	0.15059426760442934
31.59219502640101	32.95329234749017	0.9841996710649465	0.033408523146834825
31.723090388483158	33.066023519613395	0.953007853223082	-0.07918353738977718
31.85397854349261	33.17357060370201	0.9055302713582383	-0.18575405146091406
31.984850276452043	33.27661277734173	0.8423963273445764	-0.28571512357809037
32.11568611107107	33.37644826034375	0.7648208188371508	-0.37980957401340765
32.24645200086441	33.47502108706378	0.6742637434765992	-0.4689639537222543
32.37708700730354	33.57438905043857	0.5723357160921507	-0.5541680195713363
32.50748737552837	33.67657605317174	0.46089032395606544	-0.6363991745468656
32.63749269271146	33.78336764240946	0.3420091064741102	-0.714709117260833
32.766823379586015	33.896141900301146	0.21802388922007482	-0.7887583809166132
32.895074184853215	34.015766381827916	0.09147473530106079	-0.8564074610483323
33.02165247087054	34.142430130775274	-0.0349066299529283	-0.9146484580152598
33.14574933095857	34.2755389401454	-0.15827982460130938	-0.9600326988720111
33.26637678836874	34.41372894706654	-0.2758871848179597	-0.9892795527258147
33.38251026910373	34.55509314678706	-0.38537209549034257	-0.9999238086916271
33.49332385815973	34.69760063910664	-0.48514975053814297	-0.989859640312212
33.59834940652214	34.83960437130422	-0.5739819050119158	-0.9600034284603269
33.697852845001364	34.980015756170204	-0.6524084426368515	-0.9117070657454562
33.792766999026554	35.118374692642156	-0.721354372836965	-0.8466849973544457
33.88460764327209	35.254700036087655	-0.7816901162416863	-0.766525882136094
33.975271502940295	35.38929784893548	-0.8349083906323918	-0.6733238630457324
34.066891002121814	35.52256348858298	-0.8817657609940841	-0.5691240060221786
34.16153533961928	35.65487246382439	-0.9222348033602972	-0.45573007576643526
34.26090704666386	35.786542320931034	-0.9559512021827563	-0.33499413649956233
34.36614317668642	35.917819320713015	-0.98165900260134	-0.20884857274805274
34.47762536213096	36.04887722982613	-0.9964213189161196	-0.07932053358338291
34.594853054638676	36.17982486708169	-0.9988275078457267	0.05147546569405655
34.71686168487372	36.31072732894331	-0.9868470445307329	0.1813734574132079
34.842420538477846	36.441616911960054	-0.9592178720994878	0.30819332304073016
34.97035235405155	36.57250683094843	-0.9155442342516298	0.42967087361010314
35.099724008622054	36.70340078209101	-0.8561774063342493	0.5437642949716629
35.2298952305571	36.834297718405395	-0.7820182771365785	0.648547670880119
35.36047948299317	36.96519323007355	-0.694341608011488	0.7422347574975976
35.491273785581605	37.09607776236849	-0.5946767987385462	0.8232266257832532
35.62219925485789	37.226932729838985	-0.48473258820448767	0.8901400876967451
35.75326999672051	37.35772571859576	-0.36629427722796737	0.9418352636710245
35.884594115050184	37.488405823835734	-0.24126827443198334	0.9774429859270055
36.016403555963755	37.61890205752302	-0.11164477039555296	0.9963915895139059
36.14910335516346	37.749131161601014	0.020774163730744477	0.9984291136668073
36.283321789017855	37.880206059067866	0.15430977747069125	0.9834448854514691
36.419948206876384	38.01127758347792	0.28738842503473444	0.9516126005455378
36.560061842063	38.14232191737024	0.4183681318208199	0.9032895929087342
36.70477818990737	38.273301190536436	0.5449033348333076	0.839437104057856
36.85487019122492	38.404146492190236	0.6639767721940104	0.7613329236522788
37.010333663981186	38.534719282240424	0.7719669446131917	0.6704523254016233
37.17008374476812	38.664746901921895	0.8628837996733959	0.568635480478104
37.331933450384845	38.79374455243321	0.9330998814571011	0.45815371819485073
37.49316185957011	38.92095214343696	0.978480312325297	0.3417512125105673
37.65131379394696	39.04537271575862	0.998498873948129	0.2225474668492694
37.800020187706174	39.16594114572951	0.9944440034332747	0.10373639515295559
37.93091756809024	39.28181640623656	0.9728409848036368	-0.0119004026051559
38.06181076773166	39.392522537850674	0.9346169975599453	-0.12229792781496525
38.19269383852164	39.498254956498975	0.8804249807634281	-0.22626639832364126
38.32355377850141	39.59990420077679	0.8111956057439264	-0.3239150516046528
38.4543665527322	39.69913964136213	0.728069001280121	-0.41606049229784187
38.58508872104648	39.79795132153216	0.6324223925785029	-0.5036028797552701
38.71564289859068	39.898405488419684	0.5261696476390416	-0.5879264991551005
38.84590963810104	40.00246160767468	0.4112587276149983	-0.6684757704785849
38.97567423748247	40.11172823550296	0.28988597022949825	-0.7455026558021104
39.10462104341248	40.22740358180172	0.16446238659636692	-0.8174567581751594
39.23227506891485	40.35008729195018	0.03760834425692315	-0.8817707461921663
39.35795477602418	40.47965324329366	-0.0878892395931852	-0.9351750344987777
39.48076308049731	40.615175684399325	-0.20919859120091083	-0.9742100256716066
39.599666301421045	40.755024281561894	-0.3236912534934381	-0.9958768612948895
39.713684386865374	40.89718410646527	-0.42930107971108467	-0.998226224391802
39.82214957124797	41.03971444524026	-0.5244279042918923	-0.9799939850234546
39.92488619869872	41.18118290876044	-0.6088469234452027	-0.9421426897023515
40.022411526302804	41.32079663372398	-0.6834379638141893	-0.8865482409622438
40.11593954951637	41.45832350725998	-0.7482871896375797	-0.8150300275701483
40.20715112844799	41.593906736889224	-0.8058090532915587	-0.7294843636091453
40.29810476316402	41.72790619615895	-0.8559764116308826	-0.6314547529017742
40.390878602469655	41.860730907848186	-0.9002865675586609	-0.523161542986878
40.487474248048	41.99274185869502	-0.9378238696174034	-0.4064508817103514
40.589338157853064	42.12422498577309	-0.968572302760127	-0.2832052548841317
40.69735558097089	42.25539732394096	-0.9893485800800594	-0.15539331731854106
40.81141866596131	42.38640023907075	-0.9990802611356924	-0.025084072128638203
40.930865777563426	42.51732489192746	-0.995455225115816	0.10558489374601883
41.05457030955271	42.64822055240872	-0.9767538116771184	0.23443634902264823
41.18129101804873	42.77911010172417	-0.9421060750104455	0.35929881163583427
41.30994283444114	42.91000193316579	-0.8914749522178909	0.4780532958101508
41.439721466141194	43.040897387120964	-0.8254842058357152	0.5886369253134197
41.57010535311452	43.17179402042307	-0.7452219120894055	0.6890088945913749
41.70079604267822	43.30268558161515	-0.6520895467287805	0.7775843006943235
41.8316498656725	43.43355898422669	-0.5477052578953188	0.8528522092166678
41.96262961887756	43.5643899427246	-0.43384000018747126	0.913529420251413
42.09378732389967	43.695138274919934	-0.31236055492843573	0.958588145924744
42.22527836419669	43.82574519867833	-0.18513656955651045	0.9872835099544335
42.35740130804108	43.95613365373854	-0.05406392639248509	0.9991783198907391
42.49065019613559	44.0867679142194	0.07903294932103286	0.9941088053026845
42.625762322176854	44.21784207369562	0.21252259077973812	0.9720254381063116
42.763719134438205	44.348904036071524	0.3448201284230547	0.9332934406655669
42.90563203398649	44.479925386366766	0.474160327572704	0.8785883280936598
43.05250109044895	44.610858111590225	0.5978041415398696	0.8088684313813408
43.20480804672229	44.74161156635892	0.7123494966445464	0.7251988275007603
43.36215154921848	44.87200036409518	0.8136101066723611	0.6294784939214142
43.52296235555262	45.00167255668723	0.8959703271404441	0.5237217979667621
43.68475172261728	45.130032914470185	0.9556908668480791	0.41039804364567495
43.8448202989347	45.25621212312354	0.9902670222340136	0.2924278542449526
44.00102519699027	45.37915704405019	0.9994118345965329	0.17300380065391868
44.131923705105834	45.49787016846288	0.9883667024885419	0.05518698028014963
44.26281988254564	45.61161402991043	0.9604392662815582	-0.058482055477886076
44.39371003934977	45.7201279272436	0.9161082008796458	-0.16618791400280863
44.52458576855179	45.82385919759081	0.8561347561075131	-0.26735330147699365
44.65543057214919	45.92410496380944	0.7815541494427719	-0.36249935765185665
44.786214252962154	46.02268835649724	0.693665153023346	-0.4523018924841382
44.91688017661879	46.12163145166079	0.5940223180801869	-0.5383500483167922
45.04733976254216	46.22303502384464	0.4844205801672577	-0.6206684773774613
45.17743356534296	46.328712605115776	0.36687225189964195	-0.6998441818636766
45.306919290164835	46.4401512782875	0.24366159533503237	-0.7750552757453368
45.43542834433846	46.55831659990074	0.11737146789503537	-0.8442792985067828
45.5624104598168	46.6835401045128	-0.009310853645825687	-0.904587962367832
45.68709193058234	46.815391930237894	-0.13356401231525078	-0.9526357344403132
45.80850089694624	46.952654977423194	-0.2526072482531493	-0.9849869800903382
45.925579158421314	47.09351043902769	-0.3638861708639646	-0.9990459180489805
46.03742865924643	47.235923089935234	-0.46543343810075793	-0.9933972261645247
46.143571464606396	47.3780993148923	-0.556493222047301	-0.967779213467679
46.244107754968894	47.51882911791124	-0.637316462700561	-0.9226495703173051
46.33978481384788	47.65759261249684	-0.7076721279470586	-0.8605045699160987
46.432015597686174	47.79430686044242	-0.7700346491880355	-0.7832187550451581
46.52269532309416	47.92922675233295	-0.8242604642613867	-0.692661335583724
46.61385853393427	48.062718870790505	-0.872552381494144	-0.5906678396847524
46.70765542799486	48.195178690796034	-0.91419367254699	-0.4789497950471274
46.80585367743945	48.32694319114618	-0.9497434924551522	-0.35942455023458264
46.90980758413329	48.458278671501496	-0.9767066117551222	-0.2341316498112986
47.01993733317427	48.58936585635845	-0.9941575729870928	-0.10508341791949517
47.136012700398496	48.720327717157964	-0.9996192732513405	0.025624718358478592
47.25713593025951	48.851235844205554	-0.9909287445605157	0.15583396523371562
47.38207751964947	48.98212689125382	-0.9666695122819753	0.2833636032753553
47.50961653989476	49.11301663986409	-0.9263077244323312	0.4060577293305481
47.63875851420498	49.24391003337047	-0.8700903289992228	0.521831043605747
47.76880572483611	49.3748068250561	-0.7988460100579882	0.6287102589200592
47.89932674050141	49.505703355435045	-0.7138003590769492	0.724870298996863
48.030087341077014	49.63659125052189	-0.6164475653661172	0.8086660548283319
48.160986820402165	49.76745386017736	-0.5084705723608302	0.8784065978321174
48.2920214532895	49.898262099358455	-0.3916827045357667	0.9330856685278753
48.42327904763144	50.02896943403023	-0.2679690965027687	0.9718142883780463
48.55496393013262	50.159510704149724	-0.1392163605896685	0.9939675729634945
48.687444330761814	50.289806228277364	-0.007237035907118315	0.999236097565636
48.821305725831316	50.42088084704849	0.12627719873594245	0.9874639371211323
48.95739712009704	50.551955518415284	0.2596196663561099	0.9587794505592068
49.09677252471527	50.68300896558311	0.3911520696776607	0.9136805893403794
49.24054625995581	50.814006875377295	0.5189361786994613	0.8529609979498285
49.389586138771314	50.94488796313098	0.640236161835866	0.7777105773543741
49.54408863334988	51.07553194810747	0.7505161866218247	0.689329613157762
49.70316844435309	51.205702867494956	0.8459426775159945	0.5895686437800713
49.86486094967373	51.33496592950844	0.92039327026494	0.48055816688471475
50.02650348551707	51.46262071555524	0.9712764468578401	0.36498906609503606
50.18550162621022	51.587700648202755	0.9964131324754599	0.2460072637058182
50.34007169459689	51.7091376337608	0.9969204428403153	0.12679224807425346
50.47096955193731	51.826020771715946	0.9785812718245611	0.010251264346117476
50.60186392614324	51.937742470447944	0.9435302515134318	-0.10124457706358359
50.732749569452864	52.044339736666494	0.8923697227838999	-0.20647236906835081
50.863615491047554	52.1466581496443	0.8259809697676046	-0.3053877773750734
50.99444079981898	52.24622272919438	0.7455145037561663	-0.3983621871995052
51.12518477542695	52.34490527374942	0.6523814629518554	-0.48689289162499194
51.25578193641021	52.44484686335314	0.5482393731250825	-0.5714527243464792
51.38611472714692	52.54800118031407	0.43499175072261476	-0.6528527456731519
51.515998119821646	52.65609006902491	0.31477555366697585	-0.7309503819219136
51.645148461531065	52.7703980831984	0.1899522014919684	-0.8038948551933641
51.77310986187646	52.89165276494663	0.06312603769035104	-0.8698085518434219
51.89924038472967	53.01988088135358	-0.06291966988510257	-0.9257250082986238
52.02269643759238	53.15430852159919	-0.18532932877729155	-0.9681817095502678
52.142485461845375	53.29341930736624	-0.30138143072296175	-0.9932445588881551
52.25754879135437	53.43525998549894	-0.40875502338772096	-0.9991148373184905
52.3671194885212	53.57784977528891	-0.5060104548007228	-0.9850589534713596
52.47095010562383	53.71961004311565	-0.5928041160212669	-0.9515096162901305
52.56944720478268	53.8595965959854	-0.6689369999681658	-0.899062996254453
52.66362862663824	53.997516656768084	-0.7359348995043371	-0.8303035161376099
52.75513010700437	54.13346781602886	-0.7945385441177522	-0.7472109111176601
52.845925014328174	54.26776329759644	-0.8465350617060634	-0.6516420736556964
52.93817561159632	54.40080041180365	-0.8916287563041896	-0.5454064085180209
53.03381500218269	54.53294537698981	-0.9310401124339894	-0.43032542955488884
53.13453544461486	54.66451112741584	-0.9626661043177858	-0.308249889176297
53.24120640369412	54.79572511851293	-0.9858262879832211	-0.18111127585680747
53.35404741644572	54.926750171066566	-0.9983346338343555	-0.051087636948469864
53.472499311018375	55.0576850237118	-0.9977828071601458	0.0796941059678669
53.59547147441437	55.18858441602546	-0.9823027658224743	0.20906009975592904
53.72170175550263	55.319474704279465	-0.9508982233061908	0.33483427996994675
53.85005347981081	55.45036625830471	-0.9033947677057298	0.45488533386082886
53.979662884591825	55.58126148194581	-0.8403371740492092	0.5671707766207224
54.109957933158626	55.712158706743296	-0.7627557182993676	0.6697761224703408
54.24060344607127	55.84305252002671	-0.6720116278910242	0.7609490321293803
54.37143059885599	55.97393135911544	-0.5696936147317585	0.839129662403721
54.50238342816464	56.10477323649023	-0.4575518462682464	0.9029789084823189
54.633495150775616	56.23554092248006	-0.3374429325572458	0.9513445058141408
54.76489652567408	56.36617886120217	-0.21126719591093945	0.983226744157372
54.896854825939336	56.496614455453205	-0.0808915958856823	0.9983652349856925
55.029822302859515	56.62690886897724	0.0519166894857326	0.9965768283064224
