3.6633076440747376	4.420005230604584	-0.8666058621086551	-0.2881095437960083
3.7928083149019325	4.551173247780208	-0.7949854898811295	-0.16044177979483368
3.9229305556273886	4.682161677749257	-0.7096284327724195	-0.03020741779300734
4.053429898164495	4.813053096110074	-0.611992055325884	0.10044868602865732
4.1841389626222405	4.943872047063014	-0.5037809088158515	0.2293266431482266
4.314955497955138	5.074596401675779	-0.38688254088376417	0.35421714429233175
4.445823867246053	5.205151138568261	-0.2633201482181232	0.4729406936500156
4.576718595775072	5.335387984207	-0.1352150875262723	0.5833862986149552
4.7076338219830784	5.465057576791009	-0.004752030250328429	0.6835618917616022
4.838579347855679	5.593785833856278	0.12585332525531065	0.7715862116343613
4.969582666891342	5.7210701512959705	0.25432230665369765	0.8460438874163293
5.100693813945666	5.846296039129664	0.37850605919306585	0.9059919749598508
5.231989803308611	5.9688421537196374	0.49633740786641295	0.950994236668041
5.36357307507508	6.088186371123436	0.60584962046444	0.9808688163745896
5.495565475678805	6.2040351174441275	0.7051871684928852	0.9964912898872922
5.628077550600009	6.316416073656823	0.7926003896166756	0.9989563680905391
5.761233233504304	6.44730332264436	0.8664851967967286	0.9861001114816308
5.895214259732587	6.578166256869325	0.9254165475038449	0.9564062157040667
6.030032262037169	6.708976173287994	0.9680739095772972	0.910398956877392
6.165566575730356	6.839678278771727	0.9928716757820062	0.848905341323167
6.30156956785281	6.970177593330885	0.9994226314014285	0.773061350952914
6.432469253081718	7.100324766889423	0.9884202895200924	0.6843030826024713
6.5633689138496	7.229910437780018	0.9605338637505043	0.5842729422340253
6.694268488608491	7.358668752715626	0.916239122044686	0.47521303072398347
6.825167785622939	7.486335166626443	0.8562905683378157	0.35933379637631796
6.956066255043753	7.612726467410026	0.7817088671023832	0.23886183057036026
7.086962448915829	7.7378530231053375	0.6937641040948169	0.1158420168025665
7.2178528597468175	7.8620335605734555	0.5939555402609732	-0.008046629689301909
7.348729633010299	7.985979282608419	0.48398880526529486	-0.13158816569843682
7.479576364411032	8.110820540266314	0.36569197740266535	-0.25398166949262097
7.610360748382937	8.238065714263382	0.24117019566836823	-0.37463308050656824
7.741022066551852	8.369468906304563	0.11268755663069562	-0.49279728438411763
7.871450628528154	8.506774388447427	-0.017457502684607648	-0.6071205019791284
8.001457483308386	8.651324550961066	-0.14687328947156403	-0.7152026936592026
8.130738830438027	8.803546575501779	-0.27310593159671054	-0.8129999057908995
8.258837191997886	8.962470313880608	-0.39369306467692755	-0.8946209024886671
8.385115118313834	9.12561726904748	-0.5062624214425796	-0.9552402966596364
8.508911723382829	9.289594327038033	-0.6088090501044424	-0.9906257014939241
8.629721568016887	9.451105743075553	-0.6999295905395917	-0.9991731603982446
8.74743815919002	9.607933651568429	-0.7789764537248784	-0.9831224527867313
8.862582487329535	9.759134374883336	-0.8460030091787717	-0.9442161014637223
8.976119473828405	9.904973598320053	-0.9008164721866659	-0.8865012604501215
9.089316258173534	10.04623152986675	-0.9438417599259018	-0.812875040495242
9.203447231069136	10.183914531750625	-0.9751256583776968	-0.7253245623065872
9.319576641252578	10.319033160348331	-0.9940400652602503	-0.6258823111884665
9.438387808356529	10.452424922508781	-0.9995725746730946	-0.5166032937652315
9.560100986249035	10.584711368201972	-0.9906038994070593	-0.39920544147980086
9.684522633957721	10.716334235511146	-0.9662352064675335	-0.2754898099644071
9.811183847227085	10.847584253429602	-0.9260380456451281	-0.14738106026963055
9.93950923890374	10.978637979374302	-0.8701602761857794	-0.016925166745311613
10.068956312891919	11.109593149120602	-0.7992979968615177	0.1137419761145031
10.199093913587065	11.24049665522483	-0.7145928839694361	0.24244012491583086
10.32962206405782	11.371362254512551	-0.6175168120747634	0.3669927167936363
10.460354773299095	11.502177442467712	-0.5097788606256667	0.48515160895019455
10.591189431004052	11.632900445625111	-0.39326114728752365	0.5949015034758587
10.722078688156648	11.763449382657063	-0.26997435572159684	0.6943692243342853
10.853012647350473	11.893687317388515	-0.14202038078380463	0.7818299888031605
10.984012938304403	12.023409655334191	-0.011553743698403588	0.8557925631252664
11.115137560592602	12.152343039516902	0.11926087336538296	0.9150699547538264
11.246493151272619	12.28016506665599	0.24829124334052963	0.958854072107627
11.378248372062322	12.406549522582413	0.3733392631962432	0.9867721878752174
11.510637291482297	12.531211908675894	0.492432158798796	0.9988958200175269
11.64394796138621	12.65739996722427	0.6036293175955856	0.9953735457642379
11.77852097750991	12.788301100431356	0.7050246983009741	0.9749948470987442
11.914720622020878	12.919175729388073	0.7947193291183112	0.937967854798305
12.052731600298031	13.049990680955208	0.870716192380905	0.8849468579149078
12.192489224818296	13.180678611156575	0.9308296957189189	0.8168907872703589
12.333615118508767	13.311113411632409	0.972633832793584	0.7350777734201446
12.475459641329097	13.441081844167606	0.99538468445839	0.6411249638870427
12.61721101939066	13.570260210851313	0.9984033269585544	0.5370010997580751
12.748110617107706	13.698216908596908	0.98334387876227	0.42497827958634554
12.879009978931958	13.82444679181057	0.9514804853484191	0.3076352476667236
13.009908611127939	13.948467190236748	0.9031407437074904	0.18758055591263195
13.140805176257514	14.069985203610848	0.8392992957686124	0.06712038674285464
13.271696312396639	14.189033036447123	0.761140481204112	-0.05183197550590074
13.402574347848574	14.30611017509725	0.6700051119986881	-0.16807288735756742
13.533423169420004	14.422203117436048	0.5674632897332191	-0.28105487594069184
13.664211362194848	14.538706050251207	0.4552958051413284	-0.3906498789756322
13.794881256854337	14.657268749921533	0.3354762481818471	-0.4967685565076079
13.925331615766398	14.779606800052719	0.21015523702150482	-0.5989414552026975
14.055390795832219	14.907277390201479	0.08164763411157168	-0.6959495982829198
14.1847787118068	15.041399406668926	-0.04758044954649604	-0.7855800171763379
14.313064229453301	15.18232608895361	-0.17494019600782398	-0.8646096341206315
14.439642097375502	15.329367179634291	-0.29779866370133584	-0.929139180328963
14.563770850245076	15.480741286951776	-0.41364943140144633	-0.9738407331099738
14.684587633481009	15.63396191243567	-0.5202791999268929	-0.9969757582904615
14.801522646424292	15.78646031185232	-0.6162555226857342	-0.9965527462295751
14.914392183593625	15.9363253040853	-0.7009796894251366	-0.9735920786932724
15.023651317314116	16.082568838405788	-0.7747038772812367	-0.930584428531052
15.130382162798501	16.225012317141758	-0.8375309670208171	-0.8689806287913746
15.236006505626591	16.364117127412072	-0.8902410162962882	-0.7919593312425328
15.342146124791133	16.500527407108603	-0.9335609124481762	-0.7016915900848526
15.45035702778842	16.63493058443445	-0.9668317121306016	-0.6000389196064143
15.561811622543402	16.767934790982483	-0.9889102086748669	-0.48878476184696185
15.677135898630123	16.90002378436812	-0.99903184820224	-0.36972548841386843
15.796447354352503	17.031553548912704	-0.9956130370985994	-0.24466843813635572
15.919358902284529	17.16276581407463	-0.9772925757994559	-0.11570780706301495
16.045158144373918	17.293808639405906	-0.9432547647955547	0.015039144741915643
16.173038766327565	17.424766550575956	-0.893364530896238	0.14542271912298688
16.302279739442785	17.555683369439866	-0.8281258430359943	0.27326586930978286
16.4323327331126	17.686577457042826	-0.7485486835493318	0.3964112859475395
16.56283162966229	17.81745004302256	-0.6560068706409576	0.5127659479912972
16.693558931203057	17.948286944148652	-0.5521291678123248	0.6203412510681102
16.82440157919652	18.079054620577068	-0.4387279804191076	0.7172898064876153
16.95531579023965	18.209692211752962	-0.317751201820316	0.8019420366065063
17.086308726640812	18.34010245582404	-0.19124073190603033	0.8728464593816307
17.21743794738624	18.470146159578395	-0.06128130729454541	0.9288160847101318
17.348825965328633	18.59964396670827	0.06999174530691389	0.9688918828177633
17.480685156004704	18.728390199237445	0.2004857228577624	0.9925379293609682
17.613341073462646	18.856196785863737	0.3282287016215731	0.999791439721359
17.747233073790426	18.987137749598112	0.45130288176229094	0.9902506029555019
17.882945984576523	19.118067398089888	0.5678293103494771	0.9637897486089386
18.021051144234573	19.24896826951274	0.6757792343433848	0.9208734065362295
18.161971606851623	19.379804272445252	0.7726985521722146	0.8622627427353335
18.305783197854968	19.510500873798094	0.855379409263002	0.7890233196831778
18.452057560166484	19.640912704011267	0.9216334172466525	0.7025451797595896
18.599850626761288	19.770779590222848	0.9689369568963531	0.6045765452105589
18.747854686724363	19.899686454276676	0.9943693981487385	0.4972539225002073
18.89477777355916	20.02706130583728	0.9985797809446936	0.38308133104397324
19.025677154035478	20.152221227778753	0.9842227035032738	0.2648236318806883
19.156575830045004	20.27447571770902	0.9530480057353006	0.14529392085516762
19.28747247810351	20.393301417588127	0.9055840566007212	0.027033035525316086
19.418363791343605	20.50857608832916	0.8424614456539514	-0.08806565784387296
19.549242283847285	20.62074445085707	0.7648692274094058	-0.19898953850464654
19.68009258906433	20.730831757028277	0.6742553416952113	-0.30548392851830075
19.81088514125681	20.840302612862608	0.5721961705979408	-0.4075441145024528
19.94156337569859	20.950863076025094	0.46049245295127383	-0.5057265628526828
20.072031676426565	21.064338765628488	0.3411534239088943	-0.600163354069421
20.202131324756948	21.182399910935743	0.2163860242877397	-0.6902492850840893
20.33160574345598	21.306365718906058	0.08858591753165243	-0.7744153033989322
20.460054377432435	21.43698264122241	-0.03967601130088619	-0.8500897050388947
20.586889328214273	21.57419189629575	-0.16569674794857342	-0.9139068586262136
20.711330675925318	21.716989846137295	-0.2867602437486244	-0.9622144745566198
20.832487549340524	21.863526621163285	-0.4003729835446469	-0.9918084142520818
20.94954425825756	22.011506064726458	-0.5045915876916376	-0.999360660977969
21.061884334541695	22.158845692495955	-0.5982242920433101	-0.9855403086846419
21.169546104331044	22.304034402525403	-0.6809558792380132	-0.951411735722698
21.27322397442455	22.446336701162114	-0.7528100478398367	-0.8978525656711281
21.374115363728237	22.585754345944043	-0.81535924139919	-0.8279632594430679
21.473920874847323	22.722635254963265	-0.8688897029468151	-0.7438427592219581
21.574465155197434	22.857492858281265	-0.91401536497198	-0.6474000708599157
21.67747439112556	22.990863164887507	-0.9511918274188287	-0.5404535987458385
21.784397151050506	23.12321716556837	-0.9783055122382045	-0.42477429977581077
21.895965832228406	23.254916697535357	-0.9949827415256091	-0.3021702079333502
22.012395008973115	23.386228565939337	-0.9993327431572296	-0.1747615009135266
22.13326123407362	23.51732396493641	-0.9895419414332796	-0.04459158338207088
22.257722461570165	23.64830771255078	-0.9643302301007634	0.08621319254332654
22.384796037361102	23.77923852985131	-0.9231625421571109	0.21548120977391683
22.513587046490017	23.91014579748731	-0.8662376409559305	0.3410408412602864
22.64340754700007	24.04104127000587	-0.7943461426606494	0.46076638833527045
22.77379520284465	24.171925400727204	-0.708703176186573	0.5726207170791222
22.90447428506935	24.302788694315883	-0.6108161304102855	0.6746934343453403
23.035301254973163	24.433608897887346	-0.5023984653758885	0.7652355547338875
23.166220906900698	24.56434524510434	-0.3853139089679465	0.8426929219546802
23.297243712531237	24.694931799619127	-0.2615305284284037	0.9056265950495858
23.428446861337374	24.825273432332224	-0.13306984158190768	0.9529230695538566
23.559996179675288	24.955248068457546	-0.0019474402933903853	0.9840081220187302
23.69217791360291	25.084718230826752	0.1298455410363971	0.9984918092990132
23.825429837484624	25.21401756661955	0.26036275966666006	0.996291234581117
23.9603544150703	25.344992986191233	0.3877781502505724	0.977105849042103
24.097714876039486	25.475952001756713	0.5102525866196999	0.9412172876784629
24.23826391115326	25.606870287679317	0.6257068324168096	0.8892549764754767
24.382540794571657	25.7376995161952	0.7314691670594121	0.8221452390449823
24.53059443479023	25.868341270798812	0.8237252729005853	0.7411229913978611
24.681763000491394	25.998604155634762	0.8997635049070997	0.6477610821103883
24.834690636436218	26.12814587345647	0.9555499535877632	0.5440176842126843
24.987599191091714	26.256428387507263	0.989068120149277	0.4322702723396312
25.13875330427976	26.382718570139595	0.9998111872050173	0.3152819661981354
25.26965255286636	26.50617579056481	0.9903554756233304	0.19603257013702458
25.40055082208898	26.626006256256193	0.9639855355644029	0.07742232193989199
25.531446329825748	26.741648506493995	0.921154241936558	-0.03808587992945577
25.66233475509541	26.853061279190737	0.8625960207125181	-0.14889561838565268
25.79320668177069	26.960874863470423	0.7893171597890364	-0.25446020274015824
25.924043621503976	27.066357113734128	0.7025836327500155	-0.35479299742259207
26.05480942622909	27.171150055985397	0.6039093462875419	-0.4505358704181448
26.185440102413043	27.27716300784093	0.49504360712320583	-0.5425571101965151
26.315830468938785	27.386292458166135	0.3779575643653724	-0.6307913493983391
26.44580117751734	27.50018978599507	0.2548433641437046	-0.7147143848808397
26.575062832605315	27.620133904783284	0.1281091853693029	-0.793156682285459
26.703182800708763	27.746830724200922	0.0003545214312447381	-0.863659929709873
26.829538802747585	27.880221359858005	-0.12566656412711666	-0.922977874852731
26.953314232008456	28.019375390257906	-0.24717674704236897	-0.967570288799428
27.07357328839398	28.162578294574896	-0.36158144060272635	-0.9934233555897206
27.189354984789365	28.307719136367993	-0.4667539126866301	-0.9989515163164777
27.300044677670066	28.45276859901258	-0.5614789819375843	-0.9838608543675114
27.405595724379243	28.596215207711978	-0.6456046942526146	-0.9484411919886946
27.50657851608307	28.737300865583347	-0.7192311561845781	-0.8943216192688783
27.60419755740396	28.875893535297998	-0.7833907891772258	-0.8240552407786448
27.70014781717654	29.012228574120613	-0.8394389486960162	-0.7396057619063108
27.796388465784666	29.146740776741712	-0.8875226713840723	-0.642853187045814
27.894807194469298	29.27989552316398	-0.9287696554823155	-0.535609930803069
27.997132255836178	29.4121172764284	-0.9613656728612752	-0.4195303749535994
28.10442596627134	29.54374071048468	-0.9851945204639154	-0.2967562850444549
28.217192503401858	29.675005695564394	-0.9982054411408768	-0.16923943153006432
28.335187792937134	29.806072293919673	-0.9980888468825597	-0.03903222117757455
28.45758251362124	29.937038543716618	-0.9831079160786029	0.09173319718890184
28.583288304092413	30.06795941196873	-0.9525083825108999	0.2208825815503569
28.71125413483792	30.19886255109194	-0.9059796715630938	0.3462444167736767
28.84061867173296	30.329759315045454	-0.8438793939265478	0.4656952830011114
28.970773663506733	30.46065174965375	-0.7670158768687929	0.5772028512516186
29.101340739205135	30.59153491068591	-0.6769026562054749	0.6788640477688862
29.232115651096667	30.72239566577783	-0.5751297157455386	0.768939257860247
29.363008578744747	30.853208381399728	-0.4634614733856767	0.845736986636832
29.49401117258659	30.983929557111622	-0.34378601234912753	0.9079346177325434
29.62519053891546	31.114492964473154	-0.2180631020148126	0.9546062877397332
29.75670732230446	31.244808531852005	-0.08826378867521716	0.9850052521305344
29.888852956655928	31.374768934539244	0.043693984816237166	0.9987074211446729
30.02209157743927	31.504755976300682	0.17599100258317235	0.9955805417621199
30.15708955695198	31.635768189164573	0.3069047749672283	0.9754504369075311
30.29471164318879	31.766765152006524	0.43447271521718894	0.9386338729845183
30.435865153253573	31.89772247181484	0.5567057108993629	0.8857748596969962
30.581283112540767	32.02859356148298	0.6711753253863811	0.8178129981972718
30.731204531914496	32.15928419342935	0.7744525940307128	0.7359936320964776
30.88506243406549	32.289607762014526	0.8619493515689549	0.6418974539738923
31.04139253977805	32.41922228285073	0.9306086694851539	0.5374921803872769
31.19810939284388	32.54756627436561	0.9758919974853772	0.425167815918713
31.35310586310312	32.67385175674001	0.9980270795514944	0.3077801865012387
31.504697572793923	32.79713635090045	0.9955860371135798	0.18844581836807106
31.635595965627722	32.91657620616606	0.9754880001284907	0.07007166178981003
31.766491798790256	33.0315074329081	0.9387264528539576	-0.04475510896520312
31.897381005321556	33.14179463256508	0.8859298567419991	-0.15437445758858861
32.02825466267257	33.248018459430746	0.8180034562526721	-0.25826069723410766
32.1590952228533	33.351455157324324	0.7361185800251375	-0.35659235831032604
32.28986901155495	33.45380420153877	0.6417015200352383	-0.450062679789495
32.42051544465409	33.55702409842184	0.5364228073054014	-0.5398081674580983
32.550936595775255	33.66308572446126	0.422075196629032	-0.6257414770205407
32.6809605026593	33.773695406585055	0.3009548255380233	-0.7078709386849842
32.810318295645246	33.890219838215025	0.17544114690039447	-0.7851293043197756
32.93860289100997	34.013485520325744	0.04808831625974744	-0.8552465990562699
33.065218754002565	34.143610491016084	-0.07838247514184629	-0.9151171584880704
33.18936075453583	34.27988334631292	-0.20118078386681132	-0.9612445501892637
33.310066191140535	34.420797543373546	-0.3176566813807864	-0.9903851429244458
33.42637366988684	34.56432864692793	-0.4256213129639472	-0.9997861449546886
33.537521697647236	34.70842802736035	-0.5231864309841567	-0.9881661422243091
33.64322316868255	34.85148799115911	-0.6100495605274503	-0.9566885495517781
33.74389583556969	34.99253108752164	-0.6868029258918478	-0.9067374458624795
33.84061468856257	35.1312305504041	-0.7534845409649522	-0.8397057281562764
33.93493339902945	35.2677372318991	-0.8122387423671261	-0.7579056479904102
34.0288202533267	35.402433568580136	-0.8630513292787254	-0.6634722350471782
34.12426305884021	35.535743593502424	-0.9074346304809526	-0.5582247903319864
34.22318648597123	35.668078262413374	-0.9442241318211019	-0.4439655584749107
34.32695862071235	35.79976816762688	-0.9731125625434034	-0.32255223853616777
34.43638181592595	35.93106556769294	-0.9925405967742083	-0.1959234646274654
34.5515138377952	36.06214398437304	-0.9998113983721034	-0.06611482986410275
34.67167038604701	36.19311098283502	-0.9931979459663974	0.06474509687167498
34.79579711235583	36.324028881143136	-0.9714293508157272	0.19442413346853893
34.92275135954735	36.454929197823155	-0.9337590324256807	0.320733187590253
35.051523134250296	36.58582498298942	-0.8802334512904451	0.44153548209414684
35.181359083350614	36.716719791178974	-0.8115339476367243	0.5547783767044437
35.31176802995515	36.84761145379112	-0.728780141212121	0.6585328084926332
35.44246716775928	36.97849208252811	-0.6332352491067027	0.7510279998240341
35.57331784773044	37.10934453890568	-0.5267999490578075	0.8306824337799987
35.70428120671911	37.24013805007012	-0.4112915574483169	0.8961341915235972
35.835398049267425	37.37082283912098	-0.28862198478393214	0.9462710253013739
35.9667993098402	37.50132735775499	-0.16073850548618268	0.9802612675778316
36.098739721846236	37.631560973782875	-0.02955633818456397	0.997582702818713
36.23164357886842	37.76142428267534	0.10310037396319947	0.9980430409161585
36.366142240997725	37.89245925033234	0.23551650704927446	0.981229026961482
36.50311804314789	38.02348518655742	0.366065687678319	0.9475971898171748
36.64357176954771	38.15447864762607	0.4925984692733829	0.8977714606655894
36.788406662501295	38.285400326502845	0.6128864142355264	0.8326374994636909
36.93811800710598	38.41617158543414	0.7240114936534975	0.7533818948508877
37.09242987123927	38.54663395077147	0.8211765440790623	0.6615164707039557
37.2500542575461	38.67648727224895	0.9006353150207349	0.5589268454361676
37.40888078207991	38.80521575210733	0.9577311744317749	0.4479344856348995
37.566525660883336	38.93205574684575	0.9910319656001458	0.33130576400242095
37.72095878071562	39.05604586396183	0.999313883979813	0.2121330759110199
37.85185753831091	39.1762312248485	0.987878841690208	0.09349366882430626
37.982754391143715	39.29183440590742	0.9595690085952469	-0.021911811997447808
38.113646220038824	39.40251503635239	0.9148687124681238	-0.13218978408819762
38.244526110226865	39.50864159140514	0.8545439330994271	-0.23640122212502931
38.37537944068954	39.611241684744975	0.7796335070060347	-0.33458051763777025
38.50617820830409	39.711972228904706	0.691438654425154	-0.42777578672722055
38.63687488973173	39.81285193426113	0.5915100224102543	-0.5164263537393752
38.767380579668625	39.91585045714585	0.4816403260945777	-0.601708461331843
38.89755564993644	40.022850805950505	0.3637609024403715	-0.6837674181412875
39.02718021132089	40.13536671978551	0.24029891653900107	-0.7611324946349216
39.15588586593339	40.25444133594001	0.11374540265607586	-0.8326517305901358
39.283148527997824	40.38049141934015	-0.013231648038433099	-0.8955716607592064
39.40823922110241	40.513154148559536	-0.1378425646729929	-0.9465211948913729
39.53023971781596	40.651250207279084	-0.25733507953972834	-0.9820781446216975
39.64815184419967	40.792950685610094	-0.36927390257034703	-0.998500263271032
39.76100755245631	40.93621575153563	-0.4714593934346239	-0.9949518309035588
39.86831550918789	41.079204081521816	-0.5630503561259466	-0.9713810047050515
39.970181842944044	41.220645084195944	-0.6442663443786292	-0.9286053031315725
40.06736715680288	41.35995084631416	-0.7152847540036742	-0.8678622958369928
40.161217535303884	41.49709503882701	-0.7776606608120862	-0.7918142906092878
40.25357926195184	41.63233348559915	-0.8321672528334827	-0.7023527323862857
40.34649233693481	41.766057302559716	-0.8801389392205944	-0.601314423407943
40.44202104968689	41.89867824632811	-0.9211628404128573	-0.49050404650573215
40.54185890240762	42.03054866765053	-0.9553281915893262	-0.37175921511665583
40.64722744871574	42.16194848976089	-0.9812007513713588	-0.24695784316178082
40.75859610035609	42.29307764003464	-0.9962129438473601	-0.118126030218343
40.87559948523748	42.42406526176358	-0.9989041022097083	0.012556172864034647
40.99736301378713	42.554988509226746	-0.9872668421730854	0.14293487473157682
41.12271246656093	42.685887870662924	-0.9600249663568403	0.27083026660049914
41.25049212444902	42.816781605181944	-0.9167535638108517	0.39408325150063617
41.37976602240874	42.9476760163172	-0.8577772096656866	0.5106013180478235
41.50988059793448	43.07857121986565	-0.7839792202132598	0.6184001966663444
41.6404336503616	43.20946291268526	-0.6966259930733649	0.7156404425312372
41.77120824424201	43.34034093479877	-0.5972450504813229	0.8006597360742704
41.90211268577186	43.4711854885775	-0.4875483663831763	0.8720025078005287
42.0331457847371	43.60196220367383	-0.3693760909503658	0.9284487100263668
42.16439237152859	43.732617965512006	-0.24457321028203954	0.9689426516865843
42.29604814850528	43.86307781100718	-0.11516919140594283	0.9927210700580998
42.428467207096205	43.9932522392531	0.01695522240438928	0.9996559489395155
42.56220669088501	44.124304276008615	0.1500630159284903	0.9895584477464651
42.69807266790673	44.25535617532739	0.28252932581526247	0.9625212317045078
42.837065879928616	44.38638758605995	0.41269617642203255	0.9190158194188115
42.98023636672918	44.51736610685225	0.5385134266383098	0.8598092584192762
43.128387657124584	44.648233159981466	0.6567260102703893	0.7859647685271122
43.2816568177639	44.778873530795515	0.7642384593762446	0.6988549736565977
43.43923192277241	44.9090568124038	0.8557394948912939	0.600202971734451
43.59924890884241	45.03836585186414	0.9273713079533457	0.4921435317135029
43.759207322043125	45.166129215006606	0.9747419860448111	0.37727594585241736
43.91671884536535	45.291433879681044	0.9977683069934022	0.25861018724817647
44.07004666623774	45.41323939736257	0.995682154911379	0.1393465946932626
44.200944576917436	45.53067309983487	0.9757109065199254	0.022405628111878153
44.331839114202644	45.643147141204544	0.9390730259954189	-0.0898870615331313
44.4627252133885	45.750694538142575	0.8863957588009007	-0.19626606484044518
44.593592294078164	45.85412504512911	0.8185839832966176	-0.29641262314241035
44.72441910098191	45.95485021846421	0.7368106852544163	-0.39084957918633456
44.855166377282984	46.05476257702308	0.6425064432941038	-0.4808755315144289
44.98576960355287	46.155948085376025	0.5373460540432499	-0.5667280009135083
45.1161091006577	46.26032682506006	0.42317458628019833	-0.6494860148892179
45.24600343421488	46.3696136014953	0.3022295812378461	-0.7287607966206988
45.37516931951914	46.485079412203056	0.17694178183220746	-0.8025875165360314
45.50314616189334	46.60744519356115	0.04991445762904758	-0.8692882626187856
45.6292986462018	46.73671929254385	-0.0761022944058319	-0.9257344264497809
45.752786452820615	46.87209639089414	-0.19830726363688075	-0.9684531724722676
45.872625333846074	47.01201975221561	-0.3140711308678059	-0.9934125853571758
45.98776217112766	47.15450934796874	-0.4210497076894222	-0.9990383750756819
46.09747357379137	47.29757304075967	-0.5176624620032502	-0.984604027305744
46.20156631791617	47.439645495570936	-0.6037076620424381	-0.9505158350971633
46.30047988810116	47.57982205651563	-0.6796003177811969	-0.897514794815634
46.39527949344928	47.71786027254885	-0.7457446235795888	-0.8283202934644981
46.48760730801093	47.85387035589626	-0.8041366268597979	-0.7448386155664358
46.579477726890005	47.9881993126928	-0.8550540055006349	-0.6489261265366502
46.67294295665104	48.121249981645214	-0.8997777492537182	-0.5424005668420274
46.769977324088096	48.25340642763374	-0.9375928100722336	-0.42707703534557007
46.87205421091787	48.3849786777168	-0.9684414065696699	-0.30474265018717667
46.980112739733016	48.51620516059916	-0.9892816139281748	-0.17749164859612926
47.09411230668604	48.647239671246126	-0.9990648200593797	-0.04741524703841404
47.213448609133096	48.77818153356172	-0.9955119137533	0.08335898004602964
47.33703921825446	48.909085818495825	-0.9769100634578574	0.21265742969451495
47.463667236259184	49.03997918598892	-0.942380099044806	0.33830536034155967
47.59225451814886	49.1708722335606	-0.8918715037368435	0.4581737496084596
47.721993250319265	49.301767398912695	-0.8259975974708885	0.5702232142438779
47.85235449311674	49.432662582422765	-0.7458409087191338	0.6725429641911775
47.98303226658716	49.563551203417205	-0.6528013474960779	0.7633848980750864
48.11387585965243	49.69441950978553	-0.548498556699951	0.8411941123727515
48.24484041006463	49.82524209630802	-0.43470815747212943	0.9046375927095485
48.37596690504461	49.95597710881953	-0.3133066675660537	0.9523547041064415
48.5073954259027	50.08656416231305	-0.18619148960827872	0.9837852184792366
48.63939998636269	50.21692392872145	-0.055249774634067744	0.9984749906362104
48.772438716244544	50.34717731946876	0.07764258997214475	0.9962518544595943
48.90719838540781	50.47823792475222	0.21081575508509978	0.9769959862180968
49.04461339759179	50.60928905616812	0.342664883722531	0.9410154921202272
49.18575481635826	50.740304769514175	0.47143204682432616	0.8889402979151748
49.33161334360424	50.8712412022521	0.5945863268571482	0.8216953892861412
49.482723790916864	51.00201525735993	0.7086239658197822	0.7405062490306985
49.638760426527114	51.13246045360393	0.8099142127764752	0.6469247939016778
49.798339810332074	51.262256934310926	0.892426219376909	0.5428849090184
49.959152322273034	51.390858813842414	0.9532404147094128	0.4307654338069375
50.11859043460436	51.51745016410724	0.9887944071789583	0.3134095778428839
50.274532959876154	51.64102059648244	0.9997157636087345	0.19397999156273402
50.405431653224845	51.760552727098364	0.9898803259664308	0.0756253871624745
50.53632831145366	51.87525424751054	0.9631385851822565	-0.038949823513633984
50.66721959669163	51.984784438083885	0.9199502724497886	-0.14789024808522333
50.79809809060037	52.08955320862003	0.8610578962357835	-0.2505592830529218
50.9289491769162	52.19074746001986	0.7874779649961935	-0.34693710512924214
51.05974325865165	52.290005491453734	0.7004920661766487	-0.4381655731055286
51.19043031661588	52.38940936204398	0.6016343414526653	-0.5251931299314304
51.32092372645158	52.49100345137341	0.4926835004831449	-0.6086467613693954
51.451076910995155	52.59665467333553	0.3756587714159038	-0.6890673571486836
51.5806666202354	52.707893876816456	0.2528038303812444	-0.7652032196685988
51.70932988801347	52.825757530906266	0.12660239202412213	-0.8354311020022853
51.836528132523846	52.95066060035506	-0.00024918426003889033	-0.8972958902764872
51.961525860516666	53.082250589684804	-0.12491852094919588	-0.9474443839050753
52.08339592741542	53.21937590195625	-0.24458169082364903	-0.9824118068466104
52.2011227994168	53.360244252253025	-0.3566974567408263	-0.9985292491343254
52.31372055730303	53.502839162382735	-0.45929237587884963	-0.9949280445656127
52.420655902527415	53.645324731843665	-0.551448141575392	-0.9714355237013377
52.521992857475176	53.78641516566697	-0.6331291682729763	-0.9288437642715529
52.61846339754907	53.92548655654147	-0.7044859173855391	-0.8682872267119163
52.711377900520034	54.06247846675692	-0.767506866904425	-0.7924192446126498
52.80259595544049	54.19762385152334	-0.8224145068187575	-0.7031164577377753
52.89415231348194	54.33128828193932	-0.8710807162818133	-0.6022147635822486
52.988175592840754	54.46387074016855	-0.9131353909913085	-0.4915179375514812
53.08645325365135	54.59571507319956	-0.9488677513950629	-0.3728642015385425
53.19033485908107	54.72709638067987	-0.9761268753621355	-0.24815092318588325
53.300310168027096	54.85820864411737	-0.9938929394956441	-0.11935993606775035
53.41621030186244	54.989184527996066	-0.999713103919467	0.011305647928905099
53.53717343030622	55.12009986984878	-0.991421089088642	0.14169132907617105
53.661989546505495	55.25099424516739	-0.9675825781692081	0.26961642474281977
53.78944169478375	55.38188524863218	-0.927641982324853	0.39292067434665146
53.918529552851446	55.51277881634078	-0.871828047210969	0.5095102364631307
54.048545940488694	55.643675164837	-0.800957183641244	0.6173994961281285
54.17905039180968	55.774570805400586	-0.7162477167971203	0.7147477103595885
54.30980155223411	55.905457398458125	-0.6191898181522744	0.7998911847002023
54.44069311684456	56.036318254877756	-0.5114646105584738	0.8713724955169365
