6.1120965057442564	6.229988375969817	0.9850098196738836	0.9983293188577539
6.243252339458922	6.3097568158316175	0.9987458814896341	0.9991655060279523
6.374619473787551	6.440633557749465	0.9953354556919758	0.987143320964065
6.50551916754039	6.57148485245456	0.9749068681975444	0.9582699615024375
6.636418860804433	6.7022902258553305	0.9378227502708478	0.9130538300377484
6.767318552137956	6.833020411891334	0.8847139181352065	0.8522939138438135
6.898218236376276	6.963641819594838	0.8164833818418769	0.7770665138780549
7.029117896350719	7.094131987444215	0.7342910793416904	0.6886953086628613
7.160017479123842	7.2245143095096855	0.6395342833995005	0.5886928281222917
7.290916833322075	7.354921151222464	0.533742526554134	0.4785516188654701
7.42181554762484	7.485690671518763	0.41875330565908947	0.359940089686082
7.552712595195849	7.617507404517473	0.2966406272481291	0.23419680136434212
7.683605584081092	7.751548036047573	0.16948783019023916	0.10221002544345462
7.81448924588737	7.88960537941261	0.03946640826603616	-0.035600310579476956
7.945352509455545	8.034108443361536	-0.09119821133081663	-0.17911695754371298
8.07617305141715	8.187918879222371	-0.22026025844534106	-0.3276226544403374
8.206902927115836	8.353660109985162	-0.34548144202910236	-0.47910216431931385
8.337451285749259	8.532670639076995	-0.46466237169990887	-0.6275791885092339
8.467633754564613	8.723379859560158	-0.5756569446377873	-0.7637374203602756
8.597144426918682	8.9207044104831	-0.6764326562062243	-0.8755846086885654
8.725564798424088	9.117144396824065	-0.7651821086869288	-0.9528768294862342
8.85249119282252	9.305817017754638	-0.8405063364746884	-0.9927453832921335
8.977814068239244	9.482964375139375	-0.9015856754066699	-0.998172621182986
9.101846500125733	9.648124842316674	-0.948085529872396	-0.9746859208208918
9.22522751575934	9.802920679961185	-0.9798760987724474	-0.9293192053034589
9.348732501584605	9.949535439285356	-0.9967834227832566	-0.8650573644409247
9.473000713012091	10.09031269763094	-0.9984855358952676	-0.7862106710411614
9.598447651815775	10.227083885758082	-0.9846061459975537	-0.6948042403183439
9.725215788845153	10.361273830699117	-0.954884045583408	-0.5925111237571273
9.853224260707767	10.49390121912188	-0.9093445303992722	-0.4808790668666578
9.982254406819909	10.62564138514335	-0.8484047944386586	-0.3614847053147763
10.112038838117531	10.756908855194458	-0.7728967565916192	-0.23633488127521043
10.242325132699897	10.887931950657448	-0.6839973034569609	-0.10739479489680262
10.372914317205684	11.018824255624526	-0.5831059367460749	0.02323467321383777
10.503669015816554	11.149624343875175	-0.4721773278282909	0.15336548900440505
10.634507273047577	11.280313253200326	-0.35314433398006784	0.280769513379756
10.76538451872557	11.410808739415172	-0.22806469971364357	0.4032167757285131
10.896280100605717	11.540941343785104	-0.09908506138728493	0.5185118397747607
11.027188346372023	11.670419561673997	0.03159326169642699	0.6245425447644526
11.158114779776499	11.798797793082759	0.16175001419277654	0.7193602137240839
11.289076760198473	11.925467015919615	0.2891836695818576	0.8013047863511398
11.42010690625084	12.04968893289012	0.41174880772770034	0.869167603417933
11.551256483189023	12.17068393437652	0.5273890533628561	0.9223528043409825
11.682594591588417	12.287762359348132	0.6341611233022035	0.9609733005594603
11.814198793980886	12.400468675233977	0.7301656803929744	0.98582109024058
11.946135313283929	12.508693518806345	0.8135596960659518	0.9981886166421957
12.078439975686306	12.6147762169087	0.8829902210345139	0.9984797933730486
12.211223690006559	12.745656512697655	0.9371747256579173	0.9837277221258357
12.344575531284558	12.876507931104033	0.975024379489086	0.9521784196204881
12.478449499524979	13.00729929609147	0.995666008688956	0.9043251530949042
12.612711221088478	13.137974432807273	0.9985446457902315	0.8408901478941362
12.743610911115196	13.268439799612372	0.9840476720793546	0.7632936975172517
12.874510589681806	13.398560739729165	0.9527355684551493	0.6730152686702701
13.005410227171046	13.52816439318988	0.9051381105447456	0.5718120059800861
13.136309728244603	13.657067831826907	0.8418256967485073	0.4616596903671921
13.26720880956777	13.785137747661757	0.7641076319375788	0.34464222068760364
13.39810669601904	13.912377225425114	0.6733557958624024	0.2227955642063395
13.529001431517315	14.039033700472231	0.5711198217124004	0.09792945754233726
13.659888447343516	14.16570325946547	0.4591469169219301	-0.028517545872461383
13.790757804562125	14.293403037850327	0.3393552869955017	-0.15552426046053003
13.921589178748414	14.423582868112973	0.21380694328707822	-0.282379623866158
14.052343108924962	14.558042181062374	0.084681296201578	-0.4083927835434973
14.182946396925848	14.698705337878605	-0.04574934004245531	-0.5324289026505844
14.313269740640381	14.847205578676352	-0.17514314362377525	-0.6515899474844603
14.443077714767632	15.004215213457655	-0.30109732271925554	-0.7621836239905653
14.57201177494499	15.168889729973758	-0.421211334138321	-0.8577710959469782
14.699539765956938	15.338536190534937	-0.5331470118282899	-0.9323382919621783
14.82506714148803	15.509196660056494	-0.6348562634226445	-0.9800470594168635
14.948065736433454	15.676901905602683	-0.7247865704588948	-0.9990244995125794
15.068372018004643	15.838923635428024	-0.8021090016973638	-0.991286257221249
15.1863922515468	15.99412201383805	-0.8666791388246596	-0.958867127249775
15.302950262709475	16.1428404199099	-0.9186494831799197	-0.9067909511788508
15.41919719369903	16.28602180960674	-0.9581398254766971	-0.8372626520372071
15.536258664702776	16.424976188255357	-0.9849135028923309	-0.7534128537351467
15.655055045501232	16.56088863649651	-0.998338385927477	-0.6574640915919838
15.776137453355025	16.694736042386403	-0.9975240532393832	-0.5511557621560699
15.89964910280996	16.827267587913397	-0.9815914281298181	-0.43617476798896304
16.025389739934628	16.95901301118245	-0.949949971557694	-0.31427312992243894
16.15294564199161	17.090318847495183	-0.9024851180056341	-0.18732718635004567
16.281832666031775	17.22139404281023	-0.8396169127031782	-0.057327814363247236
16.411607539940924	17.352353875480482	-0.7622522452997474	0.07350342075465398
16.541922834849686	17.483251442288992	-0.6716882093086605	0.20298979270811923
16.67254055497724	17.614100654974635	-0.5695101990972031	0.32894325970502786
16.803315109440753	17.744883163001937	-0.4575130721640203	0.4492094403154574
16.93416724734945	17.87554331838172	-0.3376461861464966	0.5617077160197812
17.065061245486216	18.005973726478913	-0.21197309418415303	0.664471356668944
17.195990783267362	18.13599624193841	-0.08263573222434843	0.7556961471579058
17.326974529118203	18.26534678177826	0.048183216480615215	0.8338060717299628
17.45806017413966	18.39367554286719	0.17830103404419198	0.8975383412438509
17.589333913526524	18.520573967056972	0.3055749590715334	0.9460363352910219
17.720929955777514	18.6456332721963	0.4278704869246146	0.9789224888279378
17.853031419780127	18.768517216542904	0.5430916245733041	0.9963135941346057
17.98585360193636	18.889051472167303	0.6493815109931934	0.9987596188325686
18.11962792590062	19.019949113614395	0.7448733660278967	0.9851186190531029
18.25466672334025	19.15082570404745	0.8278039758263664	0.9546519758743275
18.391114094151646	19.28165461635858	0.8963756591369892	0.9078942280689893
18.52892582189919	19.412381852111334	0.9488649598867878	0.8456821331754223
18.667819456605386	19.54290646120409	0.9833444321074598	0.7690584929140264
18.80730595802754	19.673055553783843	0.9986731148640806	0.6795330315113337
18.94425687035067	19.802564219625754	0.9950280748967202	0.5790771112393387
19.07515648702175	19.931079115366256	0.974194375767307	0.46983246076204466
19.206055912301483	20.058184009938845	0.9367164661455518	0.35418028392273715
19.336954742128494	20.18348247471287	0.8832316216784581	0.23458275604954437
19.46785186807741	20.306727736243797	0.8146495957127813	0.11334944136174138
19.598744511418815	20.427968074674737	0.7321382016143503	-0.007610816317244385
19.729626292788904	20.547660575527935	0.6370886808059693	-0.1269573394152963
19.86048371238026	20.6667111000351	0.5309918197235093	-0.24384178317950095
19.991289344330216	20.786412504337203	0.41590581415403804	-0.3578416061105141
20.121991615715523	20.90836200753939	0.2938481625717405	-0.4687069716547698
20.252498740127862	21.034276947488625	0.1669967549893677	-0.575882351991436
20.382653856855544	21.165743959159084	0.03767359182650988	-0.6781043171733583
20.512201092539087	21.303893971785804	-0.09167398054315717	-0.7729006013412762
20.640740612251385	21.449011670140518	-0.21850091772095664	-0.8562119717609884
20.76767715154164	21.60021351926246	-0.3402167724683848	-0.9242395914361863
20.89230225010656	21.755448442930987	-0.4543999766825889	-0.9719915859336201
21.013850175246553	21.91194000316549	-0.5589905443858412	-0.9964857965380485
21.131777759982896	22.06697705004519	-0.6526300860036436	-0.996803839447954
21.246012066143194	22.218628348374363	-0.7348174500198151	-0.9737845067231876
21.357073887676215	22.36604171844368	-0.8054895856128168	-0.9304870327219243
21.46607393301966	22.509185800968243	-0.8648959415926143	-0.8684776886918831
21.574392366708658	22.648680190730243	-0.913986461932107	-0.7911150336843558
21.683564306258763	22.785288926065995	-0.9528905801117294	-0.7005772233752656
21.79495761499703	22.919779334847686	-0.9806088271504033	-0.598724757793391
21.90949525721073	23.052811607940903	-0.9962557634630353	-0.48732904777417374
22.02759947062044	23.184903382082013	-0.998855238031003	-0.3681708012040014
22.14921097445526	23.31642755484028	-0.9870472627346003	-0.24302067979892183
22.273865266791695	23.44763415154344	-0.9598272718096802	-0.1140325217269138
22.40087269627927	23.578672217010247	-0.9167787811868209	0.01671631112694351
22.529522298669516	23.709625997986702	-0.858127271882009	0.14707597592866328
22.659214101209983	23.84053774240395	-0.78465978761647	0.27486839900768983
22.78951142456001	23.97142306258697	-0.6975919571697535	0.39793478181774433
22.920133269162502	24.102278302132678	-0.5984451408209321	0.5141798731581017
23.050918656765372	24.23308043677688	-0.48895812240312536	0.6216117578471295
23.18178833946082	24.36378078066303	-0.3710291757408938	0.7183791748119832
23.31271749452247	24.49429477174219	-0.24664079429733654	0.8028105379711453
23.443723873586478	24.624490018270134	-0.11792480540315899	0.8734583564399636
23.574871079019278	24.754180141601662	0.012917673690883348	0.9291530786944623
23.706283604288014	24.88313856055926	0.1437752756487481	0.9689593405171592
23.838169117151573	25.011125316440037	0.27259419726836853	0.9924955697102459
23.97083211703096	25.137931807371046	0.39739252800763425	0.9998369868021482
24.10466806186936	25.268859612729816	0.5162365014571537	0.9904794983861237
24.240201227249194	25.39977486488881	0.6272373606497721	0.9642019851132942
24.377904289511488	25.53065948207348	0.7283643610064356	0.9214666854608031
24.518082425952013	25.661475323029233	0.8166936374999432	0.8630334352681308
24.66070422472844	25.792144477742955	0.8902045933335736	0.7899680850448114
24.80530652161565	25.92251742960819	0.9465603604417112	0.703662635879577
24.950999404527057	26.052334487628542	0.9833435938727149	0.6058646097631004
25.096648354490167	26.181194798193992	0.998866481900907	0.4986971178343298
25.23589168071488	26.308560591012725	0.9942330371971558	0.3846284310202263
25.366791008599378	26.433808956540574	0.9723515399205187	0.2663575240034458
25.497689530606078	26.556325197845034	0.933855173523453	0.1466130846324238
25.628585764695654	26.675693720904395	0.879397977810755	0.027825517715991413
25.75947605280292	26.791899560364033	0.8099070231282457	-0.08820318689341383
25.890352192465677	26.905462469644515	0.7264031520857765	-0.20048509141704995
26.021197391049352	27.01744654219275	0.6304636958425316	-0.3087766928719568
26.151979887417436	27.129329784061333	0.5238394831253008	-0.41290463035757746
26.28263817837158	27.242781469427417	0.40841493195737394	-0.5132422607649212
26.413068110288574	27.359579276818096	0.28627155159137496	-0.6096872671418369
26.54309629567478	27.481328319235335	0.1596769678947315	-0.7013795075838989
26.672443527697993	27.609238423104042	0.031073572803072783	-0.7864798631305099
26.800680396544145	27.74386701957012	-0.09694361550329897	-0.862151529459213
26.927193977919018	27.88487406857485	-0.22168974617677656	-0.9248253843672328
27.051204258220153	28.030922924189436	-0.3405383121465147	-0.970309798048215
27.171829963537157	28.179891573548886	-0.4511415728370799	-0.9950524110722313
27.28827992822744	28.3294131130859	-0.5517501867193378	-0.9982702041246143
27.400230147985372	28.477433124780507	-0.6415805780214394	-0.9791020799266141
27.50787075702151	28.622722689442647	-0.7201447582162593	-0.9394635796843994
27.6120733089669	28.764826806577684	-0.7882170988754222	-0.8818271590540611
27.714239472153032	28.903874910356894	-0.8470723614861557	-0.8082678403829137
27.81609762487471	29.040357318712708	-0.8964689705921076	-0.7204556140667496
27.919359754893623	29.174890832349142	-0.9372332489055563	-0.6209037705055597
28.025587768526936	29.308025965923633	-0.969146161331252	-0.5114008591728546
28.135929058207772	29.440223167418896	-0.9901218791867451	-0.39374030627289003
28.25081079452484	29.571827151750746	-0.9992612434914339	-0.26978948921445134
28.37012190260234	29.703082574343927	-0.9949257892603158	-0.141512787094631
28.493258491316524	29.83414771334843	-0.975650451009741	-0.010975270988303644
28.61934419914263	29.965116704438795	-0.9406078142214837	0.11968214809234018
28.747478011602947	30.096040522378996	-0.8897020516374413	0.24828290020279484
28.876903341723278	30.226943247229578	-0.8234877387332412	0.372549163886961
29.0070737239435	30.357832597320748	-0.7430141647680395	0.4904006118704927
29.13764047010957	30.48870429349015	-0.649678304971431	0.599837521743562
29.268406804293306	30.619541730682805	-0.545118945060966	0.6989904155849285
29.39927918132281	30.750311259760483	-0.4311494455799836	0.7861613160703758
29.53023432388673	30.880955073735027	-0.3097099518326756	0.8598588789598998
29.66130747022577	31.011384537538387	-0.1827667835674062	0.9188365118002471
29.792600947538357	31.141473693852948	-0.052494705517732276	0.9621324331272882
29.92430870916513	31.271070908133133	0.07906194267159816	0.9891129171531347
30.056747085937594	31.40001805779208	0.2099420844831253	0.9995003848197845
30.190376595024734	31.530222365926402	0.3382614571992877	0.9931843369934072
30.32581728641351	31.661179996908203	0.46218348750523974	0.9699079346066644
30.463776241513752	31.792115250939514	0.5797866327095484	0.9300482456356707
30.604885461223795	31.922999111069913	0.6886285727146788	0.874058231922705
30.749505343223134	32.05377155970008	0.7856674453878052	0.8031790999727942
30.897438654714964	32.18431082595036	0.8682483241912186	0.7187865130306907
31.047825580519262	32.31438638942919	0.9327874258943494	0.6225605292668959
31.199229247523046	32.44360729266094	0.9761362460330816	0.5165742097527874
31.349996888435467	32.57139299834464	0.9977352481752593	0.40330432658605286
31.498633879179287	32.69699723328992	0.9961565872295933	0.2855573874432541
31.62953288312138	32.81965055640886	0.9768104030476674	0.1662252978737538
31.760430450033905	32.93866937118061	0.9407793238029427	0.04802187982267505
31.89132413903267	33.05371238672849	0.8886791642003176	-0.06692905776162626
32.02220833480325	33.164999322273864	0.8214014376351612	-0.17728968922249147
32.15307073107312	33.27332222668108	0.7401019926013549	-0.2825557483125143
32.28388692456051	33.38006634717992	0.6461880116259854	-0.3831295437674048
32.414613008587345	33.48700629260374	0.54130379453443	-0.4796410935307413
32.54517306562774	33.59601589333085	0.42731765132822974	-0.5720522190387604
32.67542990890237	33.708854957155104	0.306264946220419	-0.660659891287485
32.805168678166396	33.827048532628375	0.18052652743488032	-0.7445145567520159
32.93405278752366	33.951646348749925	0.052635426488870235	-0.8216312684133595
33.061576797868874	34.083026163973024	-0.07475727852800196	-0.8890897662969748
33.18703575613256	34.22071346986599	-0.19891215217151176	-0.9433865652789188
33.30955339963211	34.36334461494382	-0.31717428507217416	-0.9810486156877457
33.42820978502291	34.50889023917372	-0.4272616387438937	-0.9984727790041784
33.542175320250045	34.655177718251636	-0.5271913406791077	-0.994749787817594
33.65110275246879	34.8003742271858	-0.6162746290509302	-0.9704310483835517
33.755286163953976	34.943309506888	-0.694855779538447	-0.9262824773857872
33.85562699134636	35.08358400331097	-0.7634107219423547	-0.8643919860882094
33.953597206232764	35.2213213586439	-0.822727632611572	-0.787272399341308
34.0510060977632	35.35690382168743	-0.8743429853234352	-0.6968695664876143
34.149813595162385	35.49082873861742	-0.9175803029974721	-0.5950283969857882
34.251693785364495	35.623563371271985	-0.9533812070185602	-0.48355862900793567
34.35804327073792	35.75550759398261	-0.9798923534983217	-0.3641893112882896
34.4695380319892	35.886961844252134	-0.9956603591045152	-0.2389579478933151
34.58617176241456	36.018132521718556	-0.9991001489714333	-0.10992376097927455
34.70736502075636	36.14915186450183	-0.9883324057413361	0.020822641157549115
34.832156467936315	36.28009759471463	-0.9620809854748265	0.15112580215284546
34.959497713419225	36.41101106113272	-0.9198544228031115	0.2788075520686886
35.088475269194305	36.541911452651966	-0.8619025387229784	0.4017132679116675
35.21841128460448	36.672805085423335	-0.7890557108699519	0.5177566740008483
35.34886433946334	36.803689792418446	-0.7025534038240651	0.6249604696131362
35.47957974254745	36.934555017479894	-0.6039153855952921	0.7214924939341586
35.610431909496455	37.06537847363257	-0.49485957088963123	0.8056987474173851
35.74138260453216	37.19612059661343	-0.37724717870677343	0.8761354555373778
35.87246359628057	37.32671883752824	-0.2530340286893139	0.931333784887866
36.00378651832459	37.457085540986476	-0.12420374706831566	0.9706118017189745
36.13556977436598	37.58710953273943	0.007249485914946408	0.9934001407606473
36.26817729623248	37.71666450592385	0.13935419889971568	0.9994487482238789
36.40215064043287	37.8476634654641	0.27030034555871346	0.988534831313944
36.538238262406296	37.978655415114616	0.3983427350669626	0.9607123983494987
36.67729438940763	38.10962186730396	0.5216201710191548	0.9164667127771614
36.82011602280108	38.24052945894088	0.6379115737905129	0.8565780594893957
36.96716758692093	38.37131191571255	0.7435402083443654	0.7821261116910884
37.11824761488835	38.501836617798446	0.835685881672642	0.6945081175482422
37.2723531839753	38.63184841111994	0.9100146631523914	0.5954810663941837
37.4277450776047	38.760908997898554	0.9629932794236312	0.4872136223134666
37.582382002502385	38.888358433601205	0.9929553140433648	0.3723075571385733
37.734457458972976	39.01334665939123	0.9988899499915743	0.253715331863053
37.86535641812905	39.13498770757718	0.9857674989891622	0.13447451983253414
37.9962538408717	39.252505067639156	0.955803401673556	0.01739165371104824
38.12714709802676	39.365486400456405	0.9095077491981592	-0.09538620506618124
38.25803010600043	39.474152000171735	0.8476709706597604	-0.20274778833339166
38.388890247657876	39.57943854656515	0.7713540001957155	-0.3045726329693872
38.51970330954202	39.68285070459747	0.6817141200396739	-0.4011137041658315
38.65042254554934	39.78619909927456	0.5804809286503224	-0.49348891202005685
38.78097093901555	39.891477428231724	0.46953321901902884	-0.5822039784226218
38.911218307177855	40.000517444599474	0.35090808543623475	-0.6670176721098925
39.040944211281754	40.114864557258954	0.22686860771752465	-0.7475764014360569
39.16981532212328	40.235623178938944	0.09988004690806948	-0.8220760971603269
39.2973315850824	40.36325911197649	-0.027405374887402665	-0.8877496437459065
39.42278883158399	40.49744391336383	-0.15221068157318435	-0.9412004178281502
39.54529248973986	40.637001041955806	-0.2717877837218639	-0.9789702967902305
39.66386699097847	40.78007175793727	-0.38369417890635804	-0.9980957929170846
39.77765262751001	40.92452868151648	-0.48613381459405997	-0.9960515004414771
39.88608218293237	41.06853608165446	-0.5777424098252114	-0.9737077739930531
39.98929921236949	41.21080082985093	-0.658604136063076	-0.9321116269438701
40.08809363120052	41.350722463956785	-0.7298753824241363	-0.8725591519664421
40.18384015683116	41.48830224327095	-0.7915239444369171	-0.7972025705883283
40.27830526258574	41.623842883170404	-0.8458993036340754	-0.7083555074093877
40.373550176665816	41.75777884895731	-0.8924209208642927	-0.6078546090752961
40.47144643252424	41.890538599927	-0.9323955337490951	-0.4975090298418552
40.57367749633354	42.022504272235246	-0.9642038361481937	-0.3791407818609758
40.68123126552214	42.15396626142555	-0.9868265963161684	-0.2546495934300468
40.79442755450159	42.285134357778645	-0.9985466452135704	-0.12602722679771952
40.91289798340336	42.416146540018175	-0.9971458657870051	0.0046426604003184605
41.03573434406381	42.5470854099547	-0.9808620743837504	0.1351303596651169
41.16179549021591	42.67799396829348	-0.9487088633224031	0.263251048874684
41.290004918049185	42.80889227898788	-0.9005250879853424	0.386843976842582
41.419516341213544	42.93978769895319	-0.836839302651319	0.5038126285935228
41.54975174145727	43.07068032696976	-0.7586797829945748	0.6121661936630138
41.680361807260105	43.201564370129255	-0.667414971693678	0.7100562481973234
41.81116196442281	43.33242617603985	-0.5646476157994947	0.7958095225229957
41.94207842484154	43.4632398505737	-0.45214823622250155	0.8679585142689126
42.07311918908281	43.59396188067696	-0.33180360688561605	0.9252719212447482
42.20437311433434	43.72452707031263	-0.2055617510899521	0.966786009806667
42.336034223221674	43.85484886739609	-0.07536712423610005	0.9918355779296085
42.468443268328464	43.984826889575906	0.056904985634211244	0.9999205520378975
42.602137356287884	44.115853605040364	0.18947038294132898	0.9908802064929779
42.73788919251674	44.24687795187611	0.32052123027476365	0.9648861915773245
42.87663061434789	44.37788199760037	0.4483241238385568	0.9223932403066982
43.01931481842642	44.508834996859726	0.5708291385761355	0.8641512324194498
43.16663743696034	44.6396787627694	0.6853632392124565	0.7912069565134757
43.31867766884186	44.7702963606108	0.7873843515288195	0.7049189512583993
43.47457417808073	44.900460120116136	0.8737272073684149	0.6069945739329643
43.63257213232672	45.02975831966883	0.9390110288685927	0.49955117777354224
43.790385841268034	45.15754384819709	0.9815422505629854	0.3851539099326627
43.94580247739525	45.28293612557468	0.9988538631767625	0.2667691846031313
44.08948588821506	45.40496882563757	0.9938530634270064	0.1475139983173423
44.22038378576839	45.522787807015824	0.971471071996132	0.030285733640247253
44.35127830353041	45.63583570117784	0.9324893185324601	-0.08260926722310753
44.48216439563437	45.74416769200181	0.8775720063548154	-0.18989745400420746
44.61303154655375	45.848588004279954	0.8075365368746353	-0.29109631237640476
44.743857847807114	45.9504506015542	0.723610727918282	-0.3868124745695032
44.874604210763124	46.05165208986415	0.6274213898443041	-0.47810452302753625
45.005204284830704	46.154214715249296	0.5206823911456804	-0.5652945999658203
45.13553777114804	46.260034171603934	0.4053467669632426	-0.6492665284004484
45.26542006835358	46.3707971462904	0.28358697701597074	-0.7295568200060446
45.39456221460256	46.487753290043905	0.1577907960415923	-0.8042260855604543
45.52250023801443	46.611585154640345	0.030573113466167774	-0.8713953276294765
45.64859070570368	46.74224392818915	-0.09530557588781108	-0.9279281629460904
45.77199234377331	46.87884972746677	-0.2170475315400867	-0.9699544753650189
45.891697935815266	47.01978391955815	-0.332013223578714	-0.9941431378651957
46.00671229905471	47.16301398155915	-0.43806946248253265	-0.998771282019032
46.11636750599838	47.306549631683865	-0.5339225885175777	-0.9832000100848046
46.22053881611049	47.44887400179082	-0.6186964107537074	-0.9473903042816865
46.31970670101676	47.5891761269238	-0.6934770934692189	-0.8932688342293802
46.41503633060498	47.727242123730186	-0.7588079053407462	-0.8230477782558492
46.50821549256426	47.863234517259826	-0.8161229309311395	-0.7386470031446113
46.6012348910182	47.99752750025892	-0.8661274814076286	-0.6419301007163586
46.696128001034474	48.13054431459631	-0.9096163322742288	-0.5346694064834934
46.79477426453565	48.26267751885489	-0.9459910924867131	-0.4186088064226152
46.89855761074595	48.39424323451924	-0.9742529097590622	-0.2958474181647205
47.00816726221754	48.52546768424159	-0.9930500936557426	-0.1683446667814849
47.12357293283112	48.65650605783667	-0.9999900484780125	-0.038154956282465416
47.24404383761566	48.787453550368554	-0.9926331220020052	0.09258832897219818
47.36843285974324	48.91836245234123	-0.9700628791906246	0.22170916303669425
47.495576339107686	49.04925903414036	-0.9315730538014136	0.3470351548470652
47.62447018374536	49.1801537720827	-0.8772483033103048	0.466442300707386
47.75437763818098	49.31104892922022	-0.8076876315837046	0.5778985249773724
47.88482428729488	49.44194168296765	-0.7240534553221725	0.6795021753499345
48.01554273050061	49.57282365061608	-0.6279381719694255	0.7695158688078904
48.14640731049946	49.70367776801963	-0.5210177051089209	0.8462019017107046
48.27738916277271	49.834473717355436	-0.40510934799324705	0.9083270300930201
48.408542373548904	49.96516274762155	-0.2821183038527638	0.9549169941071454
48.54001862954775	50.095675243894064	-0.15397523170747338	0.9852102712135268
48.67210546294651	50.225923954872634	-0.02256581314394022	0.9987576417897368
48.8052750059762	50.35621620026538	0.11032777397126006	0.9954013605502887
48.94022474816651	50.487263161530976	0.2430414345649427	0.9750275156505257
49.07788378661596	50.61829733368012	0.3738196943034809	0.9379645488486668
49.219282413462864	50.74929301541905	0.5006365028898782	0.8848603908601338
49.36531757346004	50.88020527909117	0.6212135125151032	0.8166576594658782
49.51641221883999	51.01094465533309	0.7322164558485195	0.7346021035057004
49.67213103945964	51.14133277299534	0.8286681943530192	0.6402706635994945
49.83098547467908	51.27103519624418	0.9069419097414867	0.5356175919098676
49.99069863830524	51.39948568002355	0.9620401086523771	0.4229990742203915
50.148821717062	51.52585667646333	0.9929618158770462	0.3054288158378821
50.303360108803126	51.649147032240364	0.9988104299174524	0.186034519655997
50.43425866035222	51.768413583579324	0.9853715302803199	0.06780070469772208
50.56515493405066	51.882904258914444	0.9550975367123183	-0.04659480240527029
50.69604523388042	51.99235479120193	0.908504114478396	-0.15536616771300615
50.82692139273053	52.09726220419243	0.8463880550828765	-0.257960965155898
50.95776731404339	52.198880019222784	0.7697631258445576	-0.3545876150822924
51.088551902526376	52.29892740400173	0.6798556665811585	-0.4461137478211369
51.21921980576211	52.39943071843486	0.5784742271313508	-0.5338175137270054
51.34968155836217	52.50242443109238	0.4674486022537835	-0.6176696213686849
51.47977584957409	52.60969281779518	0.34885078535434616	-0.6982852010610339
51.60926046755212	52.72270683579928	0.22497013548578937	-0.7746693612196065
51.73776251389648	52.84241802473006	0.09831072457331574	-0.844750152395641
51.86472608729476	52.96912350623789	-0.02842858918236052	-0.9055701395620763
51.98937525652428	53.10233784388348	-0.15242380010730014	-0.9536847376236635
52.110739795354135	53.240778744472976	-0.2709012820046909	-0.9857593983459131
52.227788415383166	53.38257034857838	-0.3814467932191581	-0.9992304134169727
52.33966371391599	53.52565612508229	-0.4823820028862075	-0.9927811318845549
52.4459430193941	53.668266137547604	-0.5723591845904252	-0.9658317531245556
52.54677816154231	53.809259454792844	-0.651935496652885	-0.9197726953350237
52.6430101847777	53.94814750000766	-0.721840262087229	-0.8567537653644722
52.736116956833186	54.084914860257264	-0.782887167061083	-0.7786700826846858
52.82795774265038	54.219839951193244	-0.8366676010320486	-0.6874098869345322
52.920620530756125	54.35332697756988	-0.8836602273020072	-0.5846643053580367
53.016126558705025	54.4857834101921	-0.9242342322290618	-0.4723401377268563
53.11620295636074	54.61755283978485	-0.957552344419971	-0.3524402791324269
53.22194950382711	54.74889319763916	-0.9828143406567228	-0.22688254306957548
53.333785886541435	54.87999015676506	-0.9970427647170069	-0.09767865738227978
53.4512470835994	55.01096091512525	-0.9986127530307642	0.03306770959769978
53.57338414474347	55.14187598679813	-0.9857574170909118	0.1631958081381061
53.69900553486507	55.27277191087186	-0.957257145296854	0.2905259397341709
53.82696389395233	55.403664556392954	-0.9127425712101971	0.4129054470463892
53.95634481411	55.53455893675916	-0.8525816793481389	0.5282542178440283
54.08651844282626	55.66545451488478	-0.7776873972809172	0.6346057280970224
54.217102328385046	55.796346589940754	-0.6893453601772895	0.7300669268702483
54.34789394286776	55.92722470398678	-0.5890958755849145	0.8128809461588057
54.47881262871687	56.05806894359781	-0.47855012787991014	0.8817790908439109
54.609867903346256	56.18884365621188	-0.35966969870933646	0.9355906466601688
54.74115925351286	56.31949386700886	-0.2344289872950615	0.9734150057310939
54.872903356426036	56.44994532768189	-0.10473284574944805	0.99464968168284
55.00548089070755	56.58011000687344	0.027591290179868264	0.9990125377533181
55.13948509420989	56.711169263330014	0.16083473982998225	0.9863529488199435
55.2757617102415	56.8422260037674	0.29339655293895156	0.9568030740027178
55.41534295154248	56.97325823642933	0.42362158527835375	0.9108756125239819
55.559284816475675	57.10423077574741	0.5489972932854823	0.849378651847404
55.70832584939235	57.23508095602833	0.6669015266495957	0.7734162238223644
55.86252318315046	57.36568100305531	0.7735808296733939	0.6843977470014638
56.020915447213234	57.495780307336645	0.8635331181712418	0.5839525738999356
56.18151281387186	57.62492333282862	0.9331078208277757	0.474525177542265
56.34172836487099	57.752392979952745	0.9782645133616701	0.358792544127158
56.49916925881132	57.87723647433186	0.9984454700987994	0.23981070522636777
56.648083369452074	57.998416342518375	0.9945844595506383	0.12073851798263686
56.77898100899008	58.115091589120404	0.9731665058157053	0.004369625867423112
56.90987485908141	58.226723055612126	0.9351222538946211	-0.1070131863918761
57.04075921629059	58.33339004912556	0.8811015621683727	-0.2121951845556356
57.1716222075449	58.43600244341782	0.8120315630249029	-0.31125506305947487
57.302441698825135	58.536146916754824	0.7291063577788719	-0.40454580855889166
