0.5986502354169304	5.601352423853735	0.8256903070470254	0.7762230651962297
0.7085229710803889	5.57634667285083	0.7590264343909553	0.7601401230544723
0.8126853584677081	5.555841033675296	0.6874660797385009	0.7465817310845622
0.9109996563283954	5.542905933173897	0.6126537710166073	0.7380290026732765
1.0039669730610403	5.539703918089991	0.536937113627542	0.7359118204079728
1.092622851474692	5.547322691937844	0.4599442201198345	0.7409493772124709
1.1784903230128514	5.5665010874814085	0.3821775476664066	0.7536301915927355
1.2633399691284959	5.597457830946712	0.3025812931944096	0.7738364343626539
1.3491091314410923	5.640313546061869	0.2197682605968021	0.8000986839816935
1.4376163595894975	5.695333148848674	0.13275573588662595	0.8317587283595952
1.53048388215614	5.762671306090184	0.04028592534859431	0.8672171148922316
1.6290707703277736	5.842212641388648	-0.05823610805382185	0.9043051880346397
1.7341385525569222	5.93359194695034	-0.16254174682238576	0.9390556189888348
1.8457011070326523	6.035827433567037	-0.27132736058873574	0.9694489467295416
1.9632476861059214	6.147422856174055	-0.3823109264330421	0.9905351694169257
2.0856200672900203	6.266564321789113	-0.49222624858995556	0.9994780081063716
2.214971741324658	6.396619520919037	-0.6003125876156632	0.993265408911763
2.3458734029516055	6.529974324022441	-0.6994609563297688	0.9695730185778217
2.476779601200511	6.6656775096456	-0.7866529237886943	0.9275921013256884
2.607699527567596	6.805429483472345	-0.8604077064267247	0.8663365289244853
2.7386585920153013	6.951729408729974	-0.9194749954642574	0.7843665135830413
2.869722651528439	7.107915606167676	-0.9628529039846903	0.6786100466067939
3.001053217570705	7.278128643169037	-0.98978800723923	0.5443991609598204
3.1330246368047843	7.466978691568076	-0.999730916356571	0.3773114390935821
3.2664358265941162	7.678174702499398	-0.9921919076028486	0.17485096630550956
3.402801606214156	7.911855218316559	-0.9658267527238125	-0.057835512565737865
3.5445369544067105	8.160574523528764	-0.9194709296396052	-0.3017522466069592
3.694334389997453	8.407908235510781	-0.8508145613020235	-0.5258781883045285
3.853746653657146	8.63541465901907	-0.7566255868076184	-0.7039545516373411
4.022451548117063	8.833829628873913	-0.6364657276696576	-0.830018706919029
4.198529287971492	9.005248935837482	-0.4913965883791404	-0.912885424837447
4.379143258171741	9.156724393714038	-0.3269721207363023	-0.9639174802721984
4.560518964893107	9.294539153552668	-0.15121264227501885	-0.9913991155482946
4.738578453362204	9.422248283876048	0.02617224439613401	-0.9999205539984063
4.910063313200168	9.540851673828648	0.1963375601830896	-0.9930170509407228
5.073435669919809	9.649952846095838	0.3531252137412853	-0.974287219742471
5.228797652364777	9.748877457424742	0.4935902413353342	-0.9476899368629516
5.377260301381647	9.837505154784408	0.616662872022677	-0.915586313309029
5.520321012513131	9.916421230108437	0.7226890971769453	-0.8813049992228209
5.659218617007031	9.986791267022973	0.8114626892615705	-0.8460957245683384
5.794852554336235	10.050190799625808	0.8828076950490817	-0.8106499668273395
5.927690840652032	10.108516287798384	0.9370570193085282	-0.7750553974060002
6.057757615528689	10.16383593173168	0.9742320808224456	-0.7388365981387848
6.184628976215402	10.218267387268687	0.9946653110643018	-0.7010374207513592
6.307444560293327	10.273800387299945	0.9992381237830752	-0.6603912500493317
6.4243971300201075	10.332037507930899	0.9896828400678175	-0.6156085509238625
6.534775857937704	10.393906447428693	0.9685097599109904	-0.5657466094496985
6.636910232656061	10.459464644415972	0.9376563313697248	-0.5105449059409062
6.729263708613224	10.528072622019494	0.9019876138282503	-0.45043713201843494
6.811074953176923	10.598333159932533	0.8634632237276794	-0.3867060354156316
6.882190058355222	10.668747338815635	0.8254910724084294	-0.32093381359955436
6.943334551399319	10.737804401386283	0.7895109345346333	-0.25487553654662615
6.995780034756909	10.80430389407369	0.7563341764165086	-0.19008887643913103
7.041099470330615	10.86741403748449	0.7261887929960877	-0.12779863531283298
7.080899522530198	10.92665705077373	0.6980505352850658	-0.0688478995858915
7.116620081750171	10.98199183495543	0.6720817970947004	-0.013573517477149808
7.149485921469522	11.033522892676643	0.6474328219693207	0.03792364085928708
7.180433175441749	11.08158697635761	0.6235180279818325	0.08586468189672887
7.210189428696847	11.126633455936915	0.6000098427095838	0.13066139215216857
7.239275889224453	11.169138409017396	0.5765282333752703	0.17263613336401476
7.268247437830723	11.209596241314198	0.5525703696808142	0.21228885328613128
7.297459608316369	11.248563189751712	0.528111811465482	0.2502851429856004
7.327164571237643	11.28649337873647	0.5025477070794182	0.2867032727321144
7.357820731180992	11.323992261560091	0.4759684991601074	0.32243053242881015
7.389637491119707	11.36150953656542	0.4476242214598906	0.3577240087721818
7.423053059807485	11.399609998107232	0.4176177599404212	0.3929407696212194
7.458406584214353	11.438858775326944	0.3851772362485514	0.4288630178253511
7.496191293338056	11.479793855323944	0.350061881641461	0.4653304418292549
7.536939271750004	11.523143643135692	0.31172919857964276	0.5031951306295814
7.581208054960491	11.569614449510427	0.26928111814280037	0.5429000520477415
7.629843748615945	11.619939421871841	0.2221595366562948	0.5845160127493073
7.683623453541802	11.675042900456196	0.16947018363531915	0.6281950981869737
7.743422994388346	11.735952628539085	0.11029767736157897	0.674344351513042
7.810229470614404	11.803658466585366	0.04372338127241921	0.7227966635804721
7.88501175983728	11.879110865196964	-0.0310097128881207	0.7728974479510039
7.968549613896355	11.963120910280075	-0.11428856755226421	0.8231054474064019
8.061188868050893	12.05623640411071	-0.20563934805456413	0.8724999892190294
8.162946676647605	12.158307994062064	-0.3040298355769293	0.9174385342085991
8.272999303256604	12.268739925175906	-0.4066882699223228	0.9556670835484189
8.390091834864078	12.386236545452661	-0.5105453859333104	0.9835950608411829
8.512548814906022	12.509358815396627	-0.6116824434932663	0.998209510675782
8.639051590018719	12.637198822942189	-0.7065258272033166	0.9972743286774659
8.769954881002688	12.770648258375482	-0.7927748413438406	0.9788450618767953
8.90086618380527	12.906429749085179	-0.8654877907457462	0.9422846914846498
9.03180103953227	13.046105363915855	-0.9234288022959528	0.886710464804138
9.162800969505067	13.191856648953822	-0.9656125120194139	0.8106088314868276
9.293970278701199	13.34646930734315	-0.9913101385530447	0.7105045417667912
9.425559714277504	13.513357292170587	-0.9999754485679114	0.5840566571981248
9.558126131258359	13.69572867667878	-0.9909127839757317	0.4272182914089958
9.692838120363902	13.895756765903089	-0.9639156413149317	0.23901308126317752
9.831855368846261	14.112432410317874	-0.9178297448047159	0.024718259379424522
9.97855574164083	14.3390810232137	-0.8502872585092163	-0.2004745219555742
10.137031700031594	14.563069919915703	-0.7565596389438568	-0.4130062551598168
10.310747594118103	14.770558744850689	-0.6324281160099224	-0.5917932649981257
10.500944931174839	14.95404950373763	-0.4746041057815577	-0.7290139017492628
10.706117352542607	15.114517458508104	-0.2852994043669744	-0.828615147207109
10.921426194377222	15.256918119347418	-0.07405468467610848	-0.899733128690057
11.13895894870668	15.384899507839458	0.14283313525090285	-0.9480407223978636
11.349571749393617	15.498294593768428	0.34649382190278905	-0.9776692385197667
11.546930326543839	15.594049778550486	0.5236659610176118	-0.9932203125067925
11.729436373349158	15.668984236648946	0.6694572403526788	-0.9987758404281035
11.898936926032448	15.721790434931316	0.7850469817348795	-0.999565749628733
12.05828950469344	15.753132187435831	0.8735449305405883	-0.9985814433222702
12.210058237136723	15.765149672093754	0.9367800075126544	-0.9982040270965851
12.356057104446592	15.761054679809245	0.9775285951005901	-0.9983326327554415
12.497499721956213	15.74506801521355	0.9974584981036573	-0.9988347034286937
12.63512187409921	15.722207048896527	0.9974697546799365	-0.9995526656203241
12.762642809268069	15.698115851895984	0.9805911092475665	-0.9996907360645542
12.889058581473583	15.678127622020526	0.9481679967972556	-0.9990629938628823
13.014144592623943	15.66709401612641	0.9012179646721284	-0.9987164769326935
13.13759686082124	15.668777319845514	0.8411023399232183	-0.9987693420832995
13.258942985318196	15.685765074195885	0.7695730204665947	-0.9993028525734133
13.37748338070808	15.719315191678003	0.688577887383658	-0.9996434861096114
13.492226931225403	15.769488153559344	0.600916637128943	-0.9980677745157366
13.601835724615498	15.83538213941169	0.5098749916521448	-0.9918401781291764
13.704561179855618	15.915410659667602	0.41915675300508487	-0.9781537165734406
13.79829770538796	16.007500877559917	0.33226230619158736	-0.9551351572176209
13.880923234736597	16.109168503969695	0.25341019682586996	-0.9201614819507057
13.950278505448996	16.218078977205742	0.1857942385263027	-0.8725094054409457
14.004710515140363	16.332009247124507	0.132041220234299	-0.8114181295615664
14.043180680737269	16.44905973051622	0.093801560812495	-0.7374887411921808
14.065536944560002	16.56764029491709	0.07154817583659281	-0.6524004309070588
14.072439719135573	16.686434552118982	0.06467716638483133	-0.5580206341375655
14.06569226964045	16.80418093904906	0.07139356552965358	-0.45674173922797545
14.04820528436455	16.919598936305704	0.08880007935943016	-0.35135097523665065
14.023662699132046	17.031379801781764	0.11322972475158465	-0.24483797298320334
13.996026347497585	17.13825717364988	0.14061706053121026	-0.139986848609584
13.969598103008584	17.23905582336089	0.16671563593744013	-0.039677652504714896
13.947722071061996	17.333068140312022	0.18830761059544052	0.05427281903033352
13.932533708470796	17.420175855412566	0.20312775013862258	0.1408892888401461
13.925671492356187	17.500766389557356	0.20982360031887173	0.22008011176325026
13.92756093056952	17.575830631591543	0.20797996919592018	0.2926099755933471
13.938180415704437	17.64669025777342	0.1976179403313072	0.35960114664525755
13.957362869030137	17.714863647914896	0.17879824614381548	0.42236679846102015
13.985034336870878	17.7819379264789	0.15147195550263282	0.4822042045985109
14.021275072608871	17.849522421321296	0.11560636391724283	0.5401898774860766
14.066197492826625	17.91930109004729	0.07089066727483656	0.5974417004208047
14.120217271031743	17.992830308299894	0.016938519887599788	0.6546139548644081
14.183858506247184	18.07155727292282	-0.04666084933836525	0.7119892531268699
14.257596852000663	18.15678390134829	-0.1201235230978025	0.7694410117779966
14.341777198259496	18.249481440490815	-0.2031053315752171	0.824889893929696
14.43624632846156	18.350138370481044	-0.2945382646311704	0.877776129722863
14.540439423793273	18.45859700244318	-0.39224042889679755	0.9242301157637971
14.653013531838472	18.574102091568555	-0.4931065139206789	0.9618532123341678
14.772259779415315	18.6954527870424	-0.5931371249040387	0.9876665263337787
14.896326006048513	18.82133171997811	-0.6882070740258338	0.9991136022279858
15.025366499256835	18.95240641270585	-0.7757549514775423	0.9942612613616525
15.156273104530053	19.08657137167092	-0.8513497674569578	0.9717047054112887
15.287194382301003	19.223500353168077	-0.9123930977632644	0.9308083444855342
15.418157364825241	19.36486375441116	-0.9578497701867843	0.8698668342204967
15.549232706869596	19.512963091563904	-0.9869427564008445	0.7875144572733829
15.680592671541183	19.670561443456982	-0.9991404102035473	0.6814035835474819
15.812631181068983	19.84056757373929	-0.9940902549797364	0.5476504453693906
15.946199029331888	20.025582868354103	-0.9714385465459554	0.38443795070225506
16.082963644606068	20.22634192384787	-0.9304507146974462	0.1927623811993547
16.22582036449539	20.43987632320633	-0.8685693668801511	-0.01951123108184697
16.379057470620218	20.65780643689663	-0.7828037957049245	-0.2351530025749602
16.54745654922014	20.86784386996955	-0.6675379916652644	-0.43261098496765077
16.734723715838996	21.059228778724705	-0.5173662279808072	-0.5961263364434768
16.941879700796825	21.22808386844226	-0.3303908806037662	-0.7225474077883401
17.166101005323366	21.376963447530088	-0.11238796366633128	-0.816959838644927
17.399592504325874	21.50970629344601	0.12052466731738858	-0.8859353889505457
17.63056508043361	21.62685793807319	0.3444317729395572	-0.93407791289761
17.848013869570185	21.724672290359585	0.5389423888647281	-0.9643574556204318
18.047259975387774	21.79852295523413	0.6948112952615364	-0.9813864540971697
18.22939878334031	21.846126795080473	0.8136036228932582	-0.9890869294848768
18.398123759391687	21.86875362161139	0.8995574571172615	-0.9924222675123686
18.556838845120524	21.86983958523379	0.9570377123230236	-0.9925244489070968
18.70811266812775	21.85468585317907	0.9896466423053081	-0.990425640925215
18.85361961989892	21.82958071348481	0.9998723771453784	-0.9864989778119568
18.982827020587408	21.801371074474137	0.9909248386221314	-0.9820076498656933
19.111486648261014	21.77616147244799	0.9656254172920959	-0.9765092501200522
19.239481402177756	21.75930238833599	0.9246404761575774	-0.9728321597916524
19.36666339679659	21.7546597620377	0.868950892396515	-0.9718195688260695
19.492786633592196	21.76491901066922	0.7998787166086248	-0.9740571864611084
19.61745935379257	21.791520518790104	0.719126474912954	-0.979859171170499
19.740122054910213	21.83473979526518	0.628796765879519	-0.9873059032611663
19.859919306407054	21.894154249405087	0.5314775477566783	-0.994812284563945
19.975715212123475	21.96858818221243	0.4300679490902929	-0.9992914774941057
20.086012697399465	22.05635154773013	0.3280011138625723	-0.9978036230722332
20.189039587707544	22.155318248260713	0.22916036837979004	-0.9860920317712801
20.282645624693327	22.263288363796928	0.13722592626776475	-0.9627776483012918
20.364829731081883	22.377960365458396	0.05548599211025024	-0.9258768682941726
20.433819153828484	22.49726303097623	-0.013458046375079373	-0.8745458741168425
20.488332413732252	22.619468633034483	-0.06791514040035343	-0.8090160585046295
20.527643213986224	22.743268878200965	-0.10704504057951024	-0.730199743794769
20.551868393736683	22.867621488094258	-0.1311126687964219	-0.6398037232099988
20.56170704298441	22.991730811959865	-0.140828589556656	-0.539736102743918
20.558856620261633	23.114821643589675	-0.13801372334785536	-0.43228282484858205
20.545723094299884	23.236120419508673	-0.12504172106817954	-0.3199907674472352
20.52552369082363	23.354779788384153	-0.1049352710188828	-0.20559824867772836
20.502378874811765	23.469853736127238	-0.0818969626059752	-0.09191518702069656
20.48029893440462	23.580553542310764	-0.05990725051758864	0.018596398809350052
20.463003516375316	23.686367603429833	-0.04262321017111605	0.12409793977068764
20.453760516413343	23.787157557738322	-0.03338629065899302	0.2232082506334681
20.45486439547418	23.88346624808924	-0.034489443539876194	0.315942695262238
20.467536375295055	23.976382512868707	-0.04715308717789821	0.4024855915902493
20.49257686228828	24.067464968747533	-0.07214005689251318	0.48421950286431115
20.530386310042644	24.158465061033578	-0.1097755134820231	0.5614897627748299
20.58125197630471	24.251254070872747	-0.16012971704099968	0.6359693839142654
20.64530985482092	24.347497133373192	-0.22295938466105858	0.7068667913201425
20.722332758939167	24.448670116216064	-0.2973237367710636	0.7748514643915746
20.811845397963015	24.55562594328275	-0.3814316697139071	0.837792753472516
20.91271164365039	24.66858643199795	-0.4725818883358678	0.893782451948983
21.023222335573248	24.78713577500455	-0.5667408011180944	0.9404062519522095
21.141284326699182	24.91035377909171	-0.6597598939902484	0.9748951799842474
21.264714090276204	25.037237955961093	-0.7471832861517903	0.994952581963009
21.391604006895456	25.167000558653825	-0.8251877001218366	0.9989240654457396
21.52251178068912	25.30062388802728	-0.891748002256783	0.985511288304487
21.653436508886124	25.43652822893236	-0.9430796018088847	0.9539498100375289
21.784409015548064	25.576063894667666	-0.9783080999724452	0.903238485774043
21.915508310283453	25.721010509994485	-0.9968215486669509	0.8315243090504338
22.046926456344256	25.873552268542532	-0.9982482625936809	0.7376774635916379
22.179095290340346	26.035839391996504	-0.9823730947243843	0.6188961484073342
22.3129328468117	26.209659294756374	-0.9484740623566118	0.4739349847513221
22.450246646242192	26.395329150539972	-0.8960777797244748	0.3033033606855077
22.59421877283629	26.590620110083456	-0.8232063283578002	0.1126456284744453
22.749696687012182	26.78961583100088	-0.7257405972820712	-0.08592996677479348
22.922783155420575	26.983313349528405	-0.5963516643146286	-0.27600419496501455
23.119581941676145	27.163071204777523	-0.42804206585368076	-0.4433387452999441
23.343729924375175	27.324562875017545	-0.21638022241340424	-0.5817541711609024
23.59330143088734	27.468573138924846	0.03133590126697152	-0.6923617166290709
23.857173509212863	27.596693775202503	0.29084099314169853	-0.7787924246246325
24.116244496331003	27.70638502439718	0.5261991861364834	-0.8429442025414118
24.35374138171157	27.790711389638968	0.7112814154034419	-0.884945756681919
24.564623444751337	27.844659255942968	0.8428492676311862	-0.9088567833902705
24.752930586808816	27.86957857839446	0.9286569022714001	-0.9187518118835445
24.92451775847445	27.87202912818906	0.977984448135111	-0.9197248824832345
25.08407512985661	27.860729492170524	0.9984716123320276	-0.9152379940220944
25.23071050816823	27.844353422638896	0.9947205484049191	-0.9087353423172287
25.36069480641042	27.83036558147155	0.9736811664862363	-0.902945421881552
25.49036506374769	27.823500545500945	0.9363358400936839	-0.8998292734154318
25.619622742467858	27.827297040370116	0.8834664354396062	-0.9015525625160069
25.74832615327852	27.84401730185272	0.8161731654578372	-0.9086018746130857
25.876247530946372	27.874999281733302	0.7358953477638793	-0.9209042786729542
26.003040387964884	27.920771241184532	0.6444339624843778	-0.9377112941918404
26.128202967570015	27.98120021510783	0.5439704705476978	-0.9569215063172902
26.251006007376933	28.055666475258512	0.437100853722093	-0.9757065486499636
26.370427399055313	28.143095833114888	0.3268445905047739	-0.9912428253759125
26.485169505814252	28.24194458008306	0.216529583519328	-0.9989827947739209
26.59352074926483	28.350392967819708	0.10975833742746614	-0.9967821406435529
26.693707435146163	28.466337853843097	0.00982365368373489	-0.9815220401797272
26.78393694951797	28.5876830400342	-0.08027721831584742	-0.9512824919438875
26.86268396738902	28.71255184718403	-0.15839827202040643	-0.9054643726152253
26.928904221835595	28.839461519967585	-0.2233585273468569	-0.8445106616628092
26.98216405180218	28.96734631508977	-0.2749007131519426	-0.7692820502300253
27.02266041814439	29.09549023650909	-0.3136863794216608	-0.6812904611925746
27.051159558236133	29.22342932683174	-0.34049626170899394	-0.5823128240968777
27.06917483321407	29.350793712170496	-0.3574436994203648	-0.4743432090155315
27.078668935115072	29.47729701673856	-0.3663750480003715	-0.3595094534556053
27.082297985049895	29.602636939280078	-0.36974807904623486	-0.24006991754811463
27.083353631035973	29.72650233279493	-0.37071674367574875	-0.1183297811450862
27.085543471650503	29.848642710926967	-0.3727261494571789	0.003510191146523761
27.092739117937935	29.968953218463607	-0.37932890088810534	0.12350100728261199
27.10865251035326	30.087574646722764	-0.39393108814746264	0.24002226922119915
27.13645352276456	30.204983989825084	-0.4194413991254391	0.35200301339576634
27.17839258713016	30.322023393301095	-0.45698795147275273	0.4588036600133648
27.235844505811873	30.43961701864047	-0.5072723067723817	0.5598082954646817
27.309051477287007	30.558746060797844	-0.5689271056288132	0.6542728140690266
27.397192812974946	30.680104331762145	-0.6393026141611294	0.7409760971605683
27.49844039597786	30.803996591923937	-0.7134775828059456	0.8182272313724912
27.61022732489222	30.930233128241937	-0.7870858683165185	0.8840057355972096
27.729727387762395	31.058450714567932	-0.8549550551745104	0.9363859696994277
27.854347220561124	31.188232102629886	-0.9127037052367646	0.9737376877924313
27.98205299996919	31.319323894023555	-0.957159386574735	0.9948491392072927
28.111462978354176	31.451753246844607	-0.9862951706140337	0.9988748409164563
28.24241992131162	31.586029717588907	-0.9989977231468293	0.9851639792101773
28.37347821772266	31.72247450957863	-0.9946099840592324	0.9531796496972013
28.504790200826744	31.86191807150468	-0.9731353002916918	0.902027043601726
28.6366997376143	32.00521205926586	-0.934729802220417	0.8309531902188678
28.76993163032173	32.15302650018069	-0.8795099987729015	0.7401312382040732
28.9058867315854	32.30547908265397	-0.8070349837814088	0.6295975246894557
29.04709274965134	32.46190490145523	-0.7156937285647995	0.5008272794343706
29.197738428354906	32.62059075792114	-0.6028535974772407	0.3579091961153384
29.36393717615767	32.77867249258789	-0.4626342231253019	0.2064620432938768
29.55355390617061	32.932735486267475	-0.2873342852262703	0.053951861166645056
29.77450322139354	33.07986117881727	-0.0705497825889714	-0.09295751858228701
30.030305477178015	33.21855728014797	0.18410244115413293	-0.22966947586042685
30.31253600361517	33.34806311695235	0.4503517243534787	-0.35340137771253743
30.596569195432803	33.46524570267203	0.6826396993438929	-0.46025545510832044
30.85537163999794	33.56354360049941	0.8468379937270374	-0.545199434050463
31.0785921748597	33.63832013952599	0.9432075238394667	-0.6061760447047537
31.271370621148602	33.691699062909436	0.9891597948864091	-0.6477931818369992
31.44256458063089	33.73043521086138	0.9991634164229102	-0.6768448158580315
31.57331009920489	33.7620360647468	0.9871534386169563	-0.6996278950894503
31.703953632428625	33.79183857519889	0.9583459597762889	-0.7206979860363416
31.834448500978947	33.82368048892697	0.9132853107467978	-0.7422875958519164
31.964722700250164	33.86076091210136	0.8528226905250076	-0.7668052862055259
32.09467658049174	33.905477572378636	0.7781122480064697	-0.7944793390152411
32.22414263308178	33.95960205899185	0.6906258048854039	-0.8261023053585607
32.35288113454935	34.02423180346493	0.5921487165788282	-0.860716002455092
32.48052549791795	34.099942675306906	0.4848023857839242	-0.8967684384948909
32.60653732315716	34.186804052773645	0.3710557652094157	-0.9319020492010481
32.73015093558438	34.28438270315853	0.25372533323908875	-0.9624996242569012
32.85027847978813	34.39176798795299	0.13597943087404402	-0.9858446669162503
32.96560906037658	34.50751732123733	0.021099912733143166	-0.9984296617029732
33.07464517485816	34.62984183047552	-0.0877655175816644	-0.9971337132974502
33.17585125841807	34.75682761728445	-0.18799880875784078	-0.9799288845079285
33.26790137951525	34.88669182822855	-0.2773509992536433	-0.9459717539261248
33.35005144309977	35.01793588874852	-0.35527184783161936	-0.895479233541217
33.42209541647427	35.1495786029547	-0.42169557193758994	-0.8293942891606807
33.48452564522426	35.2810328921811	-0.47743118408880947	-0.7491145163383295
33.53847432969697	35.41201763660826	-0.5240062665525561	-0.656284302030937
33.58563134430037	35.54244241230099	-0.5634647730039676	-0.5526852387577486
33.62819390497707	35.67231349969031	-0.598176065814754	-0.44019255513531724
33.668844025491104	35.80168059876408	-0.6302906790421273	-0.32075316482706984
33.710677849123414	35.93060661459323	-0.6620270378191666	-0.19637129097745068
33.75698948411301	36.05917728968395	-0.6960600106625381	-0.06906787244517372
33.81103142109156	36.187540173196034	-0.7339239931230134	0.0591856963424135
33.875579519914886	36.3158823273077	-0.7761576259177873	0.18646415171142378
33.952458471913644	36.44440611721909	-0.8220876742600567	0.310833851982689
34.04220887780255	36.57329108352005	-0.8698655726096837	0.43036953282995843
34.1440249225709	36.70265644788665	-0.9152817220331428	0.5431487718716234
34.2559183367976	36.83250708866222	-0.9545596254310202	0.6472047206200551
34.37538823076848	36.96278479317323	-0.983282729833891	0.740642291578839
34.499954609353075	37.09339898567963	-0.9981921502555657	0.8217211775982849
34.62761401814421	37.22428385280904	-0.9973433344730681	0.8889377204944235
34.75698708957188	37.355426635400406	-0.9798941024283175	0.9410566051099087
34.88724899859636	37.48687273341903	-0.9457830502385964	0.9771086076235114
35.017985885574255	37.618715469285945	-0.895456539190816	0.9963740328979096
35.14907888277196	37.75107430667139	-0.8296751273676217	0.9983680880446163
35.28070169801636	37.88407236363972	-0.7493335029431998	0.9828401616486225
35.41323281051249	38.01777094463804	-0.6553729365647233	0.9495325018579952
35.54758738547514	38.152162158158355	-0.5484306313257119	0.8988229518933873
35.68534719417889	38.28711390448285	-0.42858135849695445	0.8316744841923809
35.828991880910706	38.42234520552858	-0.294772775925172	0.74929987817259
35.98202825493749	38.55746922970836	-0.14569952807153008	0.6533901449118096
36.14877131115468	38.69202156215243	0.02044233815504469	0.5460808493468418
36.333412219599666	38.82554326340166	0.20357998450064785	0.429825519599682
36.537962939835175	38.95759036341965	0.39809009806566836	0.3072489438810193
36.759256763332395	39.08751958189245	0.5898572638766024	0.1813505224399316
36.98745061087576	39.21396302792702	0.7569514064426334	0.0559083387828534
37.20902967978967	39.334451996892355	0.882013609963939	-0.06449461533167221
37.41421972373135	39.4459697190881	0.9592204466645147	-0.1751024079139552
37.60024362183303	39.5463567792445	0.9946359644239668	-0.272809646103921
37.76940634897972	39.63551585798977	0.9973245462751559	-0.35741586372963113
37.90027697746426	39.71533171571197	0.9795239231352071	-0.43076861903254265
38.03111468543596	39.788244515431785	0.9450132143304235	-0.4952491980804965
38.161891564867226	39.85710481618618	0.8944066202205565	-0.5537797348517638
38.292563806702724	39.925035585516554	0.8286116886113677	-0.6089649427724584
38.423062449206824	39.99493713606973	0.748825634436789	-0.6628325094207244
38.55327970718243	40.06926396173046	0.6565322352223146	-0.7166257770157047
38.683049007011824	40.14993724139244	0.5535006547556275	-0.770748026320226
38.812118871366295	40.23832542343017	0.4417847730415778	-0.8235947340372165
38.94007000147132	40.335289663910686	0.32376654624214407	-0.8749019526662849
39.066355040859634	40.44106021807867	0.20207383224446712	-0.9207813109327065
39.19011665972909	40.555332480180454	0.07967213180874133	-0.9590865816528962
39.31030507475906	40.677135589943965	-0.04037033003483202	-0.9861859968846354
39.42566161686984	40.804974046093335	-0.15504763139176742	-0.9988778640304925
39.534872440826284	40.93702975884508	-0.2617831224360465	-0.9948752386490091
39.63681324963471	41.07147271430621	-0.3586363537924692	-0.973067272797965
39.730832928753074	41.206754734521915	-0.4445780291664974	-0.9334819674228038
39.816918613695364	41.34180793434465	-0.5199261398807307	-0.8770108791070926
39.89572651641271	41.476065597450244	-0.5857177386585419	-0.8047012634973055
39.96855025048409	41.609362096945695	-0.6430426701228209	-0.7185932853048989
40.03728093431623	41.74173776687819	-0.6940140813514046	-0.6205274656426362
40.10424439636536	41.87334949499177	-0.7405543182448794	-0.5123019812429976
40.17207568128184	42.00438785428609	-0.7843146004163324	-0.39576447343208593
40.24352206700937	42.13503652175019	-0.8265152005609001	-0.2728247128802078
40.321161680290125	42.2654587415514	-0.867711406815967	-0.14545740703479695
40.40705649125436	42.39579410325867	-0.907279023843681	-0.015696387635657488
40.50236752537447	42.526151486576985	-0.942867957589844	0.11437087025442055
40.60705542220497	42.65659494488775	-0.9724389367215447	0.24260771472341588
40.72013395993307	42.78715900832685	-0.9925939320576619	0.36687062741220405
40.839882425466264	42.91784165616029	-0.9999741823668782	0.4849258543428515
40.964349786604494	43.04862127392251	-0.992304619815299	0.594738989319796
41.09181936986897	43.17947515683375	-0.9686295174674803	0.6944393848518762
41.22102972943532	43.310390397900925	-0.9284525672130551	0.7823058601881298
41.35116553257254	43.44136671877321	-0.8723336487890626	0.8568260157237859
41.48177328746013	43.57241599115718	-0.801203555446351	0.9167164241550438
41.61265002649284	43.70355743510588	-0.7162687504407429	0.9609366303822465
41.74377469777448	43.83481042022429	-0.6189182392226898	0.988701389778706
41.875297072695936	43.96618540119081	-0.5106258949990528	0.9994940009748399
42.007588917083226	44.09774717552532	-0.3928271664661765	0.9930757354924427
42.141327097948135	44.22947447290731	-0.26678490590088433	0.9694883262232908
42.277631530842385	44.36129576017851	-0.13343646257338307	0.9289793460166352
42.41816090978034	44.49314034106087	0.006655705021904606	0.8721391481162355
42.565092765257624	44.624917045105576	0.1529130890641817	0.8002530292029966
42.72078071584956	44.756514721865216	0.30433213403760734	0.7146624385472807
42.88713699645801	44.88778077621557	0.45768383905555277	0.6170115731495569
43.064422059368354	45.01848275547301	0.6072220055289821	0.5092549333674358
43.25033929084268	45.14815910650381	0.7435312138282612	0.3937653833388002
43.43981288727572	45.27593822935694	0.8560351812405055	0.27348811480705704
43.62654789666831	45.4004157732285	0.9369707274653731	0.1520102554060777
43.805461520927416	45.519818015837885	0.9841109655991467	0.03325357115959125
43.97415890851812	45.632513309229516	0.9997444136965205	-0.07930216422713651
44.109165159196955	45.7376530130915	0.9919263378389167	-0.1834943898337114
44.24005188787689	45.83530824749338	0.9667902894747431	-0.2783459433800906
44.37092034919056	45.926281334197995	0.9251575895184107	-0.36454672587921155
44.50175250943711	46.0124944115585	0.8677559188286621	-0.4432205150352416
44.63251428101816	46.09627255337981	0.7955973956331241	-0.5166288632994847
44.76315103980947	46.18022186445423	0.7099706249880584	-0.5868010697856076
44.893576554810814	46.26676974610117	0.6124327629127354	-0.6543181263408997
45.02363884225842	46.35794728986459	0.5048176027720328	-0.7205128254483013
45.153118393921396	46.455362242117495	0.38921472301103727	-0.7843766492885396
45.28165733119009	46.5601065457284	0.267997000785007	-0.845194893962977
45.408758210306246	46.6726737831	0.14377188288625953	-0.899655567119235
45.53365633033269	46.79294189578381	0.019424360113627696	-0.9453705018014258
45.655385632887416	46.92007728266614	-0.10206923423885844	-0.9789465085905532
45.77280525827882	47.05262556241634	-0.21784073793978814	-0.9972333011111737
45.88475117006968	47.188744124769485	-0.32547822037098995	-0.9978364286967484
