3.7952583537639892	2.0441061079110745	-0.7934840907795444	-0.4556113496630876
3.963394999979956	2.259206887968114	-0.6808059750045128	-0.6352594612668784
4.145113515610788	2.448513358094022	-0.5373060227126326	-0.7692378403968805
4.338679814252438	2.613273894092777	-0.365037134800742	-0.863244823113883
4.540115734904288	2.75925684294242	-0.171361359932579	-0.9276542017902804
4.743362689735051	2.8912996668004913	0.030953333488935517	-0.9688087769431348
4.9415355517778226	3.0109153094291012	0.22704679329867247	-0.9913305245401307
5.129478552506935	3.116775142358343	0.4049190408951022	-0.9992205913561372
5.305347584737142	3.206629741031937	0.5585445545436657	-0.9978192316769839
5.469971809833226	3.278959087245988	0.6870926905831247	-0.990284292521383
5.6255920326530955	3.333755125793957	0.7910772487105198	-0.9814874700172018
5.774272987057903	3.371932543224602	0.8731218795904105	-0.9731606942881693
5.917720540067145	3.3953335096013575	0.9336802559434576	-0.9679099425473728
6.056959295837909	3.4062971239602513	0.9740579614222199	-0.9648516947707242
6.192630028734893	3.4079810986771117	0.9954181527699264	-0.9643819580794117
6.324969822302467	3.4040029170489845	0.9986877325464804	-0.9654916528133801
6.4501384450887524	3.3985216915575824	0.9856566735697314	-0.9670206144426072
6.57301508919403	3.3957929959256274	0.9578431092844522	-0.9677817710353515
6.693021554528196	3.399886287442251	0.9167342578284848	-0.9666399669486605
6.8094368780811205	3.4143317153594595	0.8642969346378115	-0.9626104839365455
6.92132536485494	3.4416901018665063	0.8029983013744424	-0.9549789929000151
7.027491773252894	3.4832986461794953	0.7353662769574733	-0.9417269300356081
7.1263750546847335	3.5393504491114895	0.6647656875029164	-0.9215304004689838
7.216166305376236	3.6089054948555175	0.5952879604509568	-0.8923489655538636
7.294884854716102	3.690254262372094	0.5303276455663377	-0.8528911736165079
7.360691993478312	3.7811559125936145	0.47341060652546524	-0.8021261547203513
7.4122074791756765	3.8791659465905606	0.42751752265142623	-0.7398182717934922
7.448797501368442	3.9818877211649464	0.39399456591934856	-0.6669366618093586
7.471015009033888	4.0870287609256	0.37360769937952576	-0.5853388929739238
7.48022242938633	4.192611527060908	0.36508420727760316	-0.49648941606759317
7.4791198537678	4.2966327324180575	0.3661214288376403	-0.40369557775854725
7.470933398751867	4.397373118101916	0.3736825852736996	-0.3098228173794558
7.459021378462845	4.4933738800909335	0.38461309879073285	-0.21716094717346424
7.446878468411248	4.5833451258931825	0.3957554776009351	-0.12867121753743702
7.436762779604308	4.666675001730221	0.4050376707600808	-0.045683905998859
7.430569898325212	4.743095834959232	0.4107202813406664	0.030686654261865766
7.429180608767781	4.812919556536939	0.4119950985352415	0.10031576097668782
7.432936582070014	4.876822232621617	0.408548603654141	0.16361916370254448
7.4418517547962875	4.935719079858696	0.40036800845476705	0.22137133454050487
7.455753369967075	4.990656534750043	0.38761183537529953	0.27455608018557914
7.474401160226156	5.042721986414611	0.3705005546232396	0.32423205286927126
7.497576853822303	5.092985914728736	0.348758448858399	0.37143326259480686
7.525357594559156	5.1424858161115	0.32262438352827527	0.4168545536964313
7.557771798938342	5.1923242268797605	0.29178310496206283	0.46151371153004794
7.595077313255771	5.243551408908114	0.25596474768420896	0.5062873308203483
7.637622960639393	5.297234115465488	0.21456892199778677	0.5518351654964623
7.686053630703336	5.354425164559749	0.16707032079436557	0.5986225420616336
7.741018529159788	5.416286519007856	0.11269107774442146	0.6469841989230538
7.803315309747651	5.483995382662532	0.05063299370158916	0.6970072229641758
7.8737918849148265	5.558673253989731	-0.019797218890374998	0.7484544039059032
7.953207830050841	5.641278047273809	-0.09901738338489252	0.8006897363423355
8.042068000739192	5.732468862858408	-0.1869772264506182	0.8518453492756826
8.140335509728795	5.832524225598131	-0.282320046287447	0.8999074627883301
8.247489136672499	5.94089171304603	-0.38328004747945865	0.941527919850343
8.362257087950741	6.0566368630613825	-0.48659079028079055	0.9739876364605407
8.483032685649711	6.1783647592502495	-0.588363962193604	0.9940758931379778
8.608078819726694	6.304684107415376	-0.6846283736992127	0.9993248174411937
8.73898100585384	6.437609178234049	-0.7737938573924077	0.9876163603348196
8.869888932458535	6.572456457734957	-0.8497216805839712	0.957998936857527
9.000814102567174	6.710574347692346	-0.9111244298642476	0.909764349684557
9.131787862851926	6.8538878734	-0.9569615542819225	0.8413966434657945
9.262890834200668	7.00495672898713	-0.9864490419892729	0.7502665178423833
9.394319711529787	7.166945722098199	-0.9990434406370217	0.6341734538962716
9.526519495144548	7.343037628982486	-0.9943656062488611	0.48888734647938553
9.660439081049535	7.535886653300862	-0.9720000947199363	0.31271942413115517
9.797900332615617	7.745717432166802	-0.9310867615037346	0.10801379810554154
9.94193556021446	7.968042765694076	-0.868925381306163	-0.1137840517593255
10.09671326070267	8.192237420415786	-0.7822883660547559	-0.33168521845720755
10.266259927007898	8.40440576011433	-0.6660465024256507	-0.5228639564106251
10.45293418437879	8.594607405880042	-0.5161650227719545	-0.6745299216645849
10.656316549641486	8.761165480485019	-0.33262778027450457	-0.7873886418655103
10.872648734492772	8.908152678507932	-0.12260768089954453	-0.8691963082281232
11.0945121305751	9.039813119586473	0.09873035725981287	-0.9266102596000609
11.311979909605414	9.156866966898464	0.3111302005288934	-0.9639572503799392
11.51701547007528	9.256511549229925	0.49792122215080636	-0.9854512661039905
11.706325325685619	9.334923815300517	0.6521242391622475	-0.9954841243585528
11.881199187625844	9.39019732130351	0.7741771849654238	-0.9989139745295716
12.044629158618532	9.422728105293478	0.8665923924133585	-0.9999356230743006
12.199439636747826	9.434604247147668	0.9331836765418606	-0.9996913996545067
12.347824915195707	9.429377313914843	0.9757330940357106	-0.9998555545894864
12.491184812077233	9.411554058421144	0.9968643103374133	-0.9995846955119838
12.630424497531592	9.38656733178681	0.9979117441530104	-0.9987999725581385
12.758436751204911	9.360387070948882	0.9815084814679067	-0.997880034242455
12.885534041109631	9.338461031946732	0.9493616958917187	-0.9958169510968616
13.011521638809544	9.325866833379385	0.9024085649166776	-0.994631927263145
13.136144281429884	9.326303058356377	0.8419186763566859	-0.9946729729074417
13.258996388856163	9.342264838819885	0.7695377098823142	-0.9961748620651092
13.37946858399983	9.37493482723137	0.6871743675703689	-0.9984346468606611
13.496676271463711	9.424368961596421	0.5974015469136286	-0.9999871551386532
13.609423309298986	9.489675534471576	0.5033451128773129	-0.9978323589201414
13.71609125417762	9.569337857119365	0.40857671450857685	-0.9891591721292919
13.814701758603098	9.661327457282496	0.3168305866969897	-0.9718063333250408
13.903136693000043	9.763277113401147	0.23181207136243023	-0.9428130296567185
13.979259424399306	9.872759126210152	0.15717483102531254	-0.901123919134208
14.041254887754903	9.987569259788359	0.09571849169863453	-0.8456997591708006
14.087776271604843	10.105829712339329	0.04935817820545312	-0.7767017476100864
14.118199413517432	10.22599113457597	0.01895504996693571	-0.6955768049929353
14.132861299398783	10.346757016030033	0.004302809315724187	-0.603979770897549
14.1328898166408	10.467021648940664	0.00427431083359722	-0.5040413444644222
14.120554720053454	10.585668189689937	0.016601292854622578	-0.3983274585722986
14.099093094025498	10.701527402157629	0.038048800485812384	-0.28970637973736857
14.072347257429426	10.81339642458032	0.06476920260155987	-0.18114242605272735
14.044318501670206	10.920140164835983	0.092668975893339	-0.07533479617857146
14.019346052319731	11.020743947689866	0.1175265072587659	0.02515310242173042
14.000346029535526	11.114798595361151	0.1363512627236763	0.11892346798097954
13.989407169272386	11.202416403053174	0.14715367033552482	0.20528308131519452
13.987778060723048	11.284317803578803	0.1487624571899647	0.28461442528669206
13.995802368527261	11.361730526223011	0.14083824556106844	0.3579318994905574
14.013491715771531	11.436174337318638	0.12335390337551422	0.4264715594706039
14.040788840820277	11.509344842089707	0.09618239398281367	0.49131987627302937
14.077905154265581	11.582961926967066	0.05922280189176795	0.5539376755423233
14.124860252470555	11.658855992535596	0.012298592805156263	0.6154070355528747
14.182093207490478	11.738607383711788	-0.04489671187243178	0.6763353852056146
14.249981347266218	11.823714451707461	-0.11254306332218021	0.7364574626780327
14.328761011211093	11.915446228526761	-0.19040470586792266	0.7951639853125083
14.418384947715838	12.01460760596439	-0.27738891476341676	0.8513126924466079
14.51840209119159	12.121270198495969	-0.37201889165646385	0.9024315369552729
14.627636149766229	12.235055207903198	-0.47089799667113164	0.945246036636182
14.744392886774335	12.354884370976318	-0.5703428543867953	0.9772728132993556
14.86676401136695	12.479500714954813	-0.6662585311871341	0.9957649205277731
14.992923026022305	12.607809415559746	-0.7547171947739211	0.9986985898970356
15.123827365417611	12.741194753489092	-0.833847230387998	0.9844255802344887
15.254741830746081	12.87678691670992	-0.8987452768541847	0.9521005979203634
15.385685622957062	13.016005650410024	-0.94830696559758	0.9003732010918222
15.516709804035285	13.160851528347823	-0.9816857314156956	0.8280334278464769
15.647941479034465	13.313830837329718	-0.9981149801580113	0.7332810031542762
15.779678574827956	13.477680233663971	-0.9971908590848628	0.6124088925026913
15.912584720743215	13.655107764426015	-0.9787700746518796	0.4634058359467246
16.048004098069814	13.847542180063867	-0.9422908909286469	0.2854605401720498
16.188402910343704	14.05368039826709	-0.8863905027900284	0.08335016078510049
16.3376654862112	14.26761985914058	-0.8081690620143538	-0.13006270420586954
16.500728723162133	14.47874539104799	-0.7015492615530405	-0.33481093438261256
16.682374298407606	14.67539740369716	-0.5613782387414494	-0.5123700840613425
16.885236200806624	14.85092288957843	-0.3832946293388681	-0.654377884891234
17.108355425699905	15.005606988039538	-0.1695155985791587	-0.763103869643646
17.345559785232012	15.143084481731481	0.06674059548746988	-0.8446373165168494
17.58512669568624	15.264937368964882	0.30153545889290784	-0.9033731929958948
17.813643829214257	15.368098256687691	0.5094903186842004	-0.9423504376473077
18.02320686101788	15.447191464694896	0.6773959953883735	-0.9659486934493798
18.21351307302758	15.49899362626927	0.8042834842356994	-0.9778217026531093
18.38816605108532	15.524271266165023	0.8950374957364592	-0.9830385690646223
18.55112711000787	15.526784756164846	0.9554444511376815	-0.9834317008530943
18.705455708689055	15.512344370782841	0.9892310706435525	-0.9807335982935641
18.85319574442236	15.487847727207289	0.9998856892058534	-0.9753907000334021
18.982685225946756	15.460606483371217	0.9909470165423455	-0.9694491842560471
19.111716286240956	15.436845351726019	0.965561360876155	-0.9630626947314151
19.2401880079791	15.42171258944847	0.9243598953130772	-0.9588414830876175
19.36796231780037	15.418935135050921	0.8682897965682308	-0.9580667254704676
19.49481816383037	15.43096788312009	0.7986337822030223	-0.9614232029809757
19.620409887629442	15.45907187502798	0.7170404756014276	-0.9691144748816048
19.74424230808143	15.50345946062531	0.625541662688699	-0.9787957339948915
19.86552598012327	15.563780765412	0.5266524418469423	-0.9892181998177572
19.98322391505253	15.638917961024067	0.42330668164766266	-0.9974420869470174
20.095967722176994	15.727285692840505	0.3186361631449761	-0.9993931677983177
20.201985391688194	15.82690475410783	0.21652841938990564	-0.9927472140428417
20.29938116891597	15.935523167481346	0.12066220132439892	-0.9737670305903539
20.386036887339127	16.05096950779943	0.03429278684842081	-0.9412865594290963
20.460248322864032	16.171091807957893	-0.03986982914669154	-0.8942482861108108
20.52063863802709	16.294198758274174	-0.10007269821284717	-0.8326672811049607
20.56645683128466	16.418958097147147	-0.14551912842954065	-0.7573920341672834
20.597597783371125	16.544389445264006	-0.17627162455498774	-0.6698382818683224
20.614637908893833	16.669745789299245	-0.1930310420914837	-0.5718213152919662
20.618886918159177	16.794386330143308	-0.19717703938741038	-0.4654673641918135
20.61247987672944	16.917666437705837	-0.19092532874530047	-0.35316892692979274
20.598233955959163	17.038909162753043	-0.17689986145007172	-0.23749115204741644
20.579797827226624	17.15735597292581	-0.15869370719244108	-0.12109275325517416
20.56117207998739	17.272289469555048	-0.14030029975204733	-0.006465868857332429
20.54634904767398	17.38319715087033	-0.1256621717166613	0.10420476184681553
20.538864168582432	17.489949004024957	-0.11821435869127037	0.2095249803512949
20.541553371751114	17.592867048401924	-0.12089118670983427	0.3089672481095865
20.556223312076796	17.692889112491994	-0.13541326336427922	0.40220288414231076
20.584203804809015	17.791409227990087	-0.16304472408348095	0.4903552109184167
20.62612965998044	17.890075350340247	-0.20424418989964094	0.5737249003821846
20.682253277858635	17.99067883154021	-0.2588419948859829	0.6530003737849321
20.75250646359626	18.094769585554012	-0.32594531176029845	0.7284001370023467
20.836439922868106	18.203419684413547	-0.4039996959930311	0.798098192715736
20.932848412079117	18.31720720057182	-0.49022313499736697	0.8611937432497798
21.040011950199766	18.43602121837742	-0.5806248811226236	0.9152656655054259
21.15573459471663	18.559185219896136	-0.6705974170828787	0.9576922223418733
21.27765605830668	18.68580638856106	-0.755740555394516	0.9861577453608876
21.403651375850032	18.815127812030383	-0.83195821212522	0.998918764823256
21.533067775022552	18.947352176819976	-0.896539535133136	0.9947368287392796
21.663987691486444	19.082135278433494	-0.9466530995745329	0.9726722499962055
21.794946928434555	19.219824065239656	-0.9806064963324738	0.9320534377794075
21.926011429265902	19.361880304751313	-0.9978098168966447	0.8713852838554487
22.057342536159837	19.510111114319663	-0.9977103781625346	0.7892621667234483
22.18931196596089	19.666416097113906	-0.980178625497382	0.684512542264773
22.322711007131897	19.832277065491528	-0.9451623734796413	0.5545062358297815
22.459126812505723	20.008403358630463	-0.8920469317289977	0.40020193184853553
22.601410881343558	20.193403193076428	-0.819164428656571	0.22490255322098535
22.754135147545863	20.3830772902956	-0.7226026479720895	0.037250436939501246
22.923603804558116	20.57038635200492	-0.5957033309440446	-0.14939963183833538
23.116940049819977	20.74749303453821	-0.4303956215447507	-0.3212290486565866
23.33987140605118	20.909180324118974	-0.22014519573743166	-0.46943597713562524
23.592938658816575	21.054676199606025	0.03097336784354912	-0.592529684927205
23.866544589196156	21.184982913309238	0.2998385018763282	-0.6920754431526545
24.139489867265155	21.297708925132696	0.5457983300503333	-0.7689995728881985
24.390013198955714	21.38551176532055	0.7364099439222763	-0.8217639156535492
24.610006801189307	21.442718357689415	0.8660870117897458	-0.8530089420190674
24.803616792950645	21.471127518739276	0.9459880794152455	-0.867468002886097
24.977889754467302	21.47840125648287	0.9875494794602426	-0.8711700276161065
25.138521136059175	21.4740733752376	0.9998184785855376	-0.868967319192554
25.26891167201853	21.466845567682903	0.9904713558586897	-0.8652886709851977
25.39909094220197	21.4629493055155	0.9643927620749748	-0.8633056384087168
25.52899470560633	21.46636336988031	0.9221277391716118	-0.865043252707431
25.658528528341716	21.480036698340864	0.8645332290731877	-0.8720023983196181
25.787552213695037	21.505899475990013	0.7927822531066183	-0.8842074142644563
25.915836168645228	21.54513480581868	0.7083862237248317	-0.9020169513720291
26.04305969983502	21.59813960807055	0.613191924393129	-0.9234160774591742
26.16870979488362	21.664896806109727	0.5094417172715563	-0.9469610005177809
26.29208090876432	21.744827343686946	0.3997502479078808	-0.9696750460167547
26.41218484353261	21.836927797394907	0.2871196075642142	-0.9876481259039862
26.527661853316093	21.93980050770703	0.1749188791733605	-0.9983873835204209
26.636964214873355	22.051602104859516	0.06651478955472881	-0.9981014210818763
26.738337455148706	22.170303930659863	-0.034777006738633875	-0.9837481401610216
26.830062796866947	22.293847996692005	-0.12618402188116035	-0.9542531848992426
26.910707847120026	22.420493567986412	-0.20560330120937964	-0.9089876751090777
26.97948066646299	22.548790724009358	-0.27232429900642496	-0.8483204587096098
27.036099540949383	22.677785188351688	-0.32632891176779516	-0.7732793095424992
27.080912869251993	22.8068657061861	-0.36847709170871523	-0.6853226454026271
27.114836220457814	22.93566717916594	-0.3996052832246439	-0.586097617309357
27.139512840539055	23.06392106144228	-0.4222486403385738	-0.4776281157665585
27.156990215195872	23.191459351463415	-0.4379214351235955	-0.3620045956983853
27.17004011587493	23.318086552877517	-0.44954706920827014	-0.24140190211527954
27.18190879913334	23.4436468653949	-0.4601204039808949	-0.11800145921915775
27.196218979848915	23.568054675054725	-0.4728687710969634	0.006105753855145103
27.21671859038201	23.691363038277483	-0.49081253539263303	0.12904083056324342
27.246963174277074	23.81380159890929	-0.5168410378302775	0.24919807231616745
27.28990728867484	23.93582024612416	-0.5530959235423996	0.36519346283168386
27.347538179097782	24.0580700321625	-0.6001744983915611	0.4759366308234493
27.420638803671014	24.181220950431648	-0.6568868185019359	0.5803076210762357
27.50868295204511	24.305776862839046	-0.7207189723597743	0.6769345239455714
27.60994732000725	24.431991765279452	-0.7869142795759294	0.7641663016578211
27.72183963902976	24.559785031877077	-0.8509405248323846	0.8401301235121656
27.841485324525742	24.68891874280652	-0.9075964705599242	0.9030116095834209
27.966238178787307	24.819109415845897	-0.9527479178624703	0.9512036466429947
28.094039670694876	24.950189148191697	-0.9835700131231808	0.9832168627051895
28.223505427608448	25.082188017166892	-0.9984037022658051	0.9984123464399488
28.353937913266222	25.21535989738449	-0.9964485866805215	0.9961649308754321
28.485009495821952	25.350114777838275	-0.9774496176400633	0.9759887485872796
28.61635244467741	25.486900708039386	-0.9416210682141223	0.9375091557163947
28.74832373328361	25.62622092752042	-0.8893181651830595	0.8804714148280959
28.88165402029224	25.76839773402531	-0.8208179004974705	0.8045202377618144
29.017741009127867	25.91343328519306	-0.7359609228502239	0.7100850394320967
29.159049699390874	26.060809053462552	-0.6334186622600013	0.5991694905214446
29.309518087821555	26.209310795536467	-0.5101167383996256	0.47424544875477126
29.47488850711216	26.35718353834182	-0.3617752011014603	0.339303434723077
29.662373428615126	26.502338836202842	-0.1817141220704939	0.19977650229058963
29.878978899960572	26.643037775165382	0.033826423707465796	0.060459980944867396
30.127179313361246	26.778264376245303	0.27818688135813174	-0.07463074903808384
30.398232488292354	26.906962628456125	0.5251687761237491	-0.20194888073544986
30.669914494892556	27.02615902851192	0.7342385455434416	-0.31697761318593437
30.918654764901728	27.13048216144394	0.8787501332497111	-0.4139620560714096
31.135317765724594	27.215911346322557	0.9604152664251889	-0.4901178207937444
31.32407278897324	27.283394974769887	0.9952959761909324	-0.5477106011700705
31.492598461851248	27.337650678268584	0.9967244767496694	-0.5923631251188701
31.623389327696877	27.38454257351803	0.97815035770258	-0.6294088967030995
31.754096701777115	27.428460353016405	0.9429244516147888	-0.6627528842073236
31.884672963417017	27.473094869029307	0.8916982380669881	-0.695558536732245
32.01505074105571	27.521594754397434	0.8254239403547009	-0.7297905748999848
32.145129555379825	27.57643109390816	0.7453527225020404	-0.7660485319876417
32.27474495315381	27.639457216190323	0.6530443776195233	-0.8049981280826988
32.40365514251144	27.711911654032573	0.5503653419648574	-0.8458876005623106
32.53149386035863	27.794492480369154	0.4395039076790602	-0.8866620536000386
32.657692703737474	27.887408335728736	0.3230064307418993	-0.9258316976707385
32.78150028548354	27.99026915677696	0.20370280673620778	-0.9594512442110423
32.90183366937661	28.102203507898622	0.08474635651064968	-0.9848469085637557
33.0174149680039	28.22178776176848	-0.03067191470110364	-0.9983497579524347
33.126785020341686	28.347254561296364	-0.13955207706333003	-0.9970774422072186
33.22850363209148	28.476719913428386	-0.23937469081452944	-0.9792576365717774
33.32144576188169	28.60844118150791	-0.3283617395358272	-0.944300472251619
33.40504257293609	28.74105727664161	-0.4060478201477675	-0.8926165248444002
33.479365250763365	28.873686325602645	-0.47283399525110303	-0.8252956725934847
33.54514900276303	29.005862326067223	-0.5297504931808122	-0.7438151447861439
33.60375887093911	29.13740846922928	-0.5784552320308847	-0.6498523027751144
33.65710480911404	29.268318741093662	-0.6210164041131825	-0.5451917684423548
33.707575527135695	29.398667187059306	-0.6597003345260459	-0.43169464676920355
33.757971764347566	29.528557807082873	-0.6967544734297194	-0.31128709479276073
33.81137862975165	29.658107550482043	-0.7341535685616778	-0.18592678712951385
33.87092937518099	29.78744618348528	-0.7733079882104703	-0.05764607854144265
33.93941054353912	29.916716715265178	-0.8147548569443341	0.07150488553853168
34.01879232379996	30.046066301267174	-0.8579475374721679	0.19952024221435977
34.10989808753155	30.17562644516909	-0.9012873576478628	0.3243856076095343
34.212292740152115	30.305490238586582	-0.9405346139898993	0.44407493435457923
34.32429594299185	30.43566618046201	-0.9725318129351428	0.5565411714374262
34.44367291539162	30.566124023633677	-0.9932266369850737	0.6598061953539517
34.568101095622254	30.696805129186508	-0.9996676689683796	0.7520187160104969
34.69564524704464	30.82766135710691	-0.9901654807088529	0.8315266146098323
34.82493985957471	30.958675650429754	-0.9640940238538089	0.896916246520627
34.955148290166214	31.08986699583246	-0.9215815029475107	0.947026105043152
35.085832781469854	31.221285062588077	-0.8632474531603022	0.9809467816304974
35.21683711887132	31.352997528501213	-0.7900203694531747	0.9980175869025153
35.34823200130898	31.485071122914857	-0.703000460874611	0.9974327454018099
35.48035963816937	31.61757965521471	-0.6032992485226613	0.9794174900303765
35.61388375248045	31.750507871228624	-0.4918889132725542	0.9441399246505728
35.75002786188573	31.883783851803923	-0.3693142588435954	0.8921018198983459
35.89072969082177	32.01725405430625	-0.23528144809921092	0.8241856983064795
36.03874933294043	32.15070346445548	-0.08940182400744195	0.7416672366020167
36.197530993649416	32.28386258644894	0.06914476772143084	0.6462062649099991
36.370580129424404	32.41643738673338	0.23984680436509995	0.5397951350028393
36.559957645339836	32.548124526009246	0.41827252052539354	0.4246555621625364
36.76423745384862	32.678453509056055	0.5937921341183436	0.30336187967512385
36.97694711368551	32.80647529992177	0.7500064616525108	0.17923620463556292
37.18794080282642	32.93043326871888	0.8719722866201887	0.05625256421579245
37.38811119509726	33.047887981636926	0.9519375975024582	-0.061124881852259595
37.5730310767043	33.15657366981617	0.9920494694520129	-0.16896913936132385
37.74290572781006	33.25535935844617	0.9986246271033971	-0.26530895668009236
37.87378910929182	33.34495604540404	0.9844485524412605	-0.3504784746986057
38.00465136616665	33.42686068858065	0.9534609521653985	-0.42605978273224165
38.13547307169491	33.50338859032382	0.906201650212484	-0.4938114635435635
38.26621924629179	33.57728029930705	0.8434170924434078	-0.5565589220128715
38.39683531099915	33.65146721360769	0.7661670992418911	-0.6165625624780441
38.52723477776091	33.72858176206148	0.6760656116075044	-0.6754547520788918
38.65728323549164	33.81077991410135	0.574807518618938	-0.7337576959241183
38.78676719292501	33.899704848974395	0.464369568454134	-0.7909417780944518
38.91534801872781	33.996479248809926	0.34702315837602926	-0.846591126459354
39.04255625161123	34.10164240198266	0.2252956493101504	-0.8975399713311569
39.16766144050336	34.215172717885395	0.10202401681559142	-0.9415100111927377
39.289714750810035	34.33638304592934	-0.019793551301939005	-0.9751680990473979
39.40755177548029	34.46397914159711	-0.1371636943297871	-0.9951373073542649
39.51989457041857	34.59623012616938	-0.24738138659333253	-0.9987842600984309
39.62557634596185	34.73126183502242	-0.3480655062590466	-0.9845947352784081
39.72384666393372	34.86738030071458	-0.43835424552201474	-0.9522554658283982
39.814499476153095	35.0033716246583	-0.517844229029042	-0.9020901834909664
39.898012714990095	35.138540813532025	-0.5876082980704627	-0.8355974266306789
39.97554731162699	35.27263601931356	-0.6482903798279371	-0.7546665546183889
40.048868945021255	35.40566204794103	-0.7022066945153522	-0.6610509152775031
40.120187938486815	35.53778726700248	-0.7510962375491742	-0.5565347857065629
40.19203190661897	35.66922776421244	-0.7965438998189742	-0.4429415133404505
40.26705238170817	35.8001949867549	-0.8397390238464875	-0.3221507186817634
40.3477598681944	35.93087457058182	-0.8807142917179817	-0.19610983125007733
40.43611280874828	36.06141424458708	-0.9188167809424789	-0.06684121154030633
40.53321852773612	36.19192496435093	-0.9529180004093442	0.0635645361964077
40.6392212792485	36.322485754173904	-0.9794545468848082	0.19291841770230433
40.753133130162155	36.45312796278516	-0.9956989175003819	0.3190387189436551
40.87333886721923	36.583856391390185	-0.9989750982579204	0.43978174264756076
40.9980351973777	36.71465888658673	-0.9871617067887543	0.5530741229215614
41.1256114213963	36.84551904013384	-0.9592163167738044	0.6569635240127378
41.254864228622885	36.97642605813197	-0.9150174774682074	0.7496619381108384
41.38501463649141	37.10737841548972	-0.8551058871878514	0.8295774902659343
41.515622286738555	37.238383103966534	-0.7804606774890935	0.89533759371519
41.64648436897541	37.36945195825371	-0.6923481926614862	0.9458067323494149
41.77756817496781	37.500595830070736	-0.5922205459330171	0.9801017160058215
41.908995316746655	37.631817349497446	-0.4816206527989827	0.9976068259362363
42.04107931934783	37.76310367773307	-0.36194434563531575	0.9979175824738009
42.174412115752695	37.89462292330525	-0.23479638235233044	0.9807571139613651
42.30997777468169	38.02621913797476	-0.10130366645365092	0.946671249128691
42.44922742317556	38.15783963278747	0.03770178150513459	0.8962458563133042
42.59405983193782	38.28941252765777	0.1815188170899312	0.8303826788317499
42.74658942195124	38.42084635998184	0.3287057623785723	0.7502909194784043
42.90852127433516	38.55202486373332	0.47673423613356863	0.6574733523587549
43.08033576730084	38.68274574132888	0.619794233330585	0.553751438653787
43.26023712970327	38.81262453110336	0.7500756954597817	0.4413343010250429
43.4440822091741	38.940925131655725	0.8582080854343757	0.3229621030375265
43.62641546265886	39.06644244514374	0.9369258744233211	0.20198854696902088
43.802476221208124	39.18758751336333	0.983644038649824	0.08218963957228903
43.96964890855248	39.302773491457835	0.9996027744755582	-0.03284370133868826
44.106716193914714	39.41099408819952	0.9922318151350149	-0.14056306722843095
44.23760567981195	39.51206366445464	0.9674726475120585	-0.23974033124992783
44.368480475125594	39.6065821477767	0.9261264209719888	-0.3301971700269012
44.49932401529452	39.6960551739038	0.86899191958776	-0.4132301736425596
44.630107650457134	39.782731405285574	0.7970721938569933	-0.4905046130209855
44.76078171259702	39.8690781800947	0.7116457167535493	-0.5636810426618091
44.89126252052217	39.95747765138754	0.614260907952282	-0.6345949872734085
45.02142352646044	40.050048598707356	0.5067241045393578	-0.7030406984323024
45.15104382369216	40.14846015109552	0.3911183562640435	-0.7697899118659847
45.27981656494821	40.25388854623686	0.2697643862271572	-0.8323410677944139
45.40722652381638	40.36696480646602	0.1452844629356531	-0.8894317171172494
45.53258513625353	40.48764813321519	0.020494849514446252	-0.9378827614288672
45.65496952688712	40.615198729924145	-0.10165504307128437	-0.974215052070186
45.77326323796471	40.748227879151315	-0.2182876144751675	-0.9952373685318529
45.886306227434716	40.884913066077495	-0.32694110327807163	-0.9986116036854074
45.993137871100664	41.023358771102075	-0.4259765480471151	-0.9832008786854118
46.0932537122618	41.16197071607828	-0.5140308472820815	-0.9486495174413406
46.18677773917342	41.29969068693353	-0.5920243144779008	-0.8961285642116312
46.274512743173375	41.43603496774814	-0.6601252788085828	-0.8275559844717573
46.35793337479104	41.57090192472407	-0.7205029876238755	-0.7446952164803631
46.43900824702145	41.70446133845917	-0.7743548190536025	-0.6493406200224121
46.520021033603335	41.83698462595059	-0.8227575378409846	-0.5432937070554926
46.603334923667134	41.968754687944134	-0.8671963091649981	-0.42838342136264823
46.69124029002723	42.10002816378073	-0.9076755074473217	-0.30643748826755224
46.78557640435851	42.231009777068124	-0.9428759409405015	-0.17947665101475457
46.887337745973035	42.3618437163648	-0.9718057746734104	-0.04962444047935494
46.99668179912096	42.492629169315244	-0.991873159528492	0.08100281568032297
47.112850361162664	42.62342070952127	-0.9996532997619593	0.21023774762410072
47.23442250855347	42.754238737411924	-0.9935384201192103	0.33590167237513346
47.35987543864187	42.88508783657716	-0.9719293157158139	0.45585832455229214
47.48783620404737	43.015963991254516	-0.9341944997939242	0.568058190369699
47.61726849945846	43.14686237447464	-0.8805172617746432	0.6705818208110139
47.74749366114438	43.277780567971796	-0.8116665980440733	0.7616754710389985
47.8781218488819	43.4087183487285	-0.7287920154228259	0.8397802253290126
48.008965828176144	43.53967508496474	-0.6331340895144074	0.9035564994992273
48.13997932255727	43.67064503121293	-0.5265496344091583	0.9517558727657464
48.27123797110728	43.80161355721227	-0.4107537040313865	0.9835091104664755
48.402961652009814	43.93255246149265	-0.28747655400995165	0.9984377385771002
48.53557163015089	44.06348552980974	-0.15836675870196454	0.9962995108313977
48.66976889377339	44.19474579549981	-0.0249008452196138	0.9770629063704028
48.80660542125262	44.326021688794924	0.1116520669550414	0.9410432844473653
48.94747481683666	44.45727520741769	0.2500929084571169	0.8888696027572932
49.09396120685321	44.58845502274217	0.38857239409397654	0.8214710831585166
49.24742407248581	44.719488847651526	0.5248552272413053	0.7400705839872529
