2.711247266519387	5.136298554382924	-0.9085904360084991	0.41117709963601856
2.817646483865709	5.266159490976789	-0.9477418659657914	0.5257438563680842
2.9329340800908907	5.396376112526538	-0.9778895489128154	0.631764841553953
3.0546637444450653	5.526888412247759	-0.9957593681340751	0.7273321862185772
3.180601606363653	5.657632717563196	-0.9987749007264897	0.8105714281687019
3.3090229828278375	5.788569685543259	-0.9855820366781669	0.879955801477672
3.4387873680826355	5.919701282887698	-0.9557886966026562	0.934351098285183
3.5692418587337222	6.051070644467412	-0.9096610428453212	0.9727736032175911
3.700083891224692	6.182752129458471	-0.8478883084621807	0.9944887132341738
3.831268283318157	6.314832463792648	-0.7714169812662767	0.9990061022965654
3.9630169969957714	6.4473992660732655	-0.6810894725884493	0.9860851050913924
4.095794363678549	6.580475627391953	-0.5780902257104328	0.9557620278445624
4.230578863165308	6.714023947134917	-0.46318395880111696	0.9083945738874395
4.368998797162931	6.84791530213046	-0.3365152790435048	0.8447130449755899
4.513520172557975	6.981926360601378	-0.19750307662642452	0.7654942685656099
4.667539419491006	7.115761842474474	-0.04482005688990405	0.6727254659843114
4.834931460400011	7.249091367378279	0.12222637066538673	0.568411377390072
5.019035959781255	7.3815652247892976	0.30180418019724714	0.45481548037437314
5.220519092490119	7.512795446521326	0.4864657090016999	0.33444192290265995
5.4351541270561174	7.642079898913029	0.6611346726498271	0.21022003667496045
5.653300399290443	7.767993660236803	0.8080571086710998	0.08584008057458917
5.863816023185002	7.88818952888227	0.9129488551786749	-0.034185391457573565
6.059265489561569	8.000017609319132	0.9745609592470337	-0.14545137664267183
6.2380141696041065	8.101730069036632	0.9985813736618834	-0.24519767781191157
6.393868212489589	8.193333532555894	0.9935242873187824	-0.33271635965499097
6.524739287743118	8.276306963271379	0.9707148185204308	-0.40972339088619214
6.655577457546505	8.352791630672183	0.9313340745229116	-0.4783284708674542
6.786355395680937	8.425553008259694	0.876044432507945	-0.5408585015916313
6.917027103981428	8.49753431140372	0.8056323024565528	-0.5998206097107327
7.047519132136724	8.571541665541508	0.7216501532623493	-0.657230900410056
7.177717063268738	8.649946933851695	0.6256638246194657	-0.7142287314880924
7.307444096687389	8.734606202730497	0.5195191563043001	-0.7711129507420182
7.436434243315128	8.826833661251516	0.4053391368642836	-0.8260870366148069
7.5642439316395	8.927435382028133	0.2855689790967225	-0.878717992493705
7.690292867710728	9.036585470891985	0.16288396453644857	-0.9253286165754402
7.813710256454568	9.153884383422348	0.04024488524550041	-0.9631252729876385
7.9333981136827	9.278287218751393	-0.07929882718520148	-0.9888571710030576
8.048100016674056	9.408218723003385	-0.1928678196755216	-0.9994799473271019
8.156557326238412	9.541825478990928	-0.2978951919480388	-0.9929254228533517
8.257792262495565	9.677290498082685	-0.39273423353222325	-0.9682525761721061
8.35131189680159	9.813170275681522	-0.47701023520074026	-0.9252492695379622
8.437219171641225	9.948558586761367	-0.5505057716057539	-0.8655545410410247
8.51640681369072	10.08298458456942	-0.6147303591509691	-0.790701384448721
8.59036773254535	10.216347681073342	-0.6713502188649924	-0.7023946347415114
8.661115342984191	10.348754460020613	-0.722124690338006	-0.6024017401220023
8.731061441820401	10.480398422096924	-0.768816506281077	-0.49252928749866787
8.80285632292788	10.61148980689589	-0.8126119901095117	-0.3746334478962555
8.879120887254473	10.742218042715377	-0.854420354933483	-0.25063784180057247
8.96216533135546	10.872744867378373	-0.8944824660941595	-0.12251199039736256
9.053683596013395	11.003203626614658	-0.9317736114124369	0.007624320137293355
9.154388974806006	11.133691534417851	-0.9632660263401983	0.1376314273179348
9.263775710525675	11.264257047093958	-0.9865874443749003	0.2653533761848302
9.380533595953779	11.394920143119917	-0.9986104795094928	0.3886373414798971
9.50287250296859	11.52567393567707	-0.9965906187555618	0.5053727015232565
9.628991057600924	11.656499981991285	-0.9788591400928626	0.6135457282201195
9.757421384313895	11.787382099810584	-0.9447962608832254	0.7112894273434116
9.887142547791017	11.918313236444991	-0.8945950564612831	0.7969209056533774
10.017534077641171	12.049296746883721	-0.8290027481708668	0.8689679973356634
10.148271453433509	12.180343978387157	-0.7491278792721017	0.926188639401009
10.279234917804091	12.31146927639482	-0.6563154190844545	0.9675862316582653
10.410464586529889	12.442683029680449	-0.5520539468650534	0.9923006401832088
10.542172423630628	12.573984716571756	-0.4378761832243479	0.9997608746088841
10.674812859926885	12.705502679762722	-0.3152278201386831	0.9900081322952952
10.809171284357852	12.837124043189414	-0.18531486137070227	0.9631643667459414
10.946488806785934	12.968802681629038	-0.04905319020109715	0.9196743286506801
11.088496615316668	13.100473668067618	0.09274252414352083	0.8603008621173202
11.237308074939236	13.232051110428161	0.2393288478118384	0.7861213488893912
11.39503147892173	13.363425200290528	0.3887395036200819	0.6985168869998758
11.562935018843921	13.494443825408913	0.5373765333832934	0.5991652352051811
11.74051931553862	13.624824320920133	0.6777693105348758	0.4900909953826223
11.924633391296101	13.754019394613033	0.8007939359804839	0.37377371370381
12.110049111756842	13.881040790980368	0.8973381081109011	0.2532973268757659
12.291185773661503	14.00442072840485	0.9619282456049254	0.13232739213541228
12.464134332412893	14.122463328525843	0.9943190540478373	0.014693939948407569
12.62747296240834	14.233770594521443	0.9980810445581874	-0.0964069090685432
12.758365980555029	14.337779706083305	0.981523917067521	-0.1992047536479914
12.88924871046659	14.434795012573622	0.9481036034910798	-0.2931448043894777
13.020108875265713	14.525930667951508	0.8985106823963708	-0.3789271413103159
13.150924008169248	14.61318013371966	0.8336126040787564	-0.45801971069694725
13.281654269804424	14.698936017533493	0.7545562490034641	-0.5326274256648331
13.41223680704415	14.785718585080607	0.6627583865720583	-0.6037699184352164
13.542560268935244	14.875757479514448	0.5599074152536128	-0.6730035215647281
13.672457656210689	14.9709501402084	0.44794951192879384	-0.7401886547940277
13.801659294191069	15.072716887839954	0.3290999721766081	-0.8047715650420789
13.929766497972413	15.181934889830751	0.20582787304424538	-0.864410530320325
14.056162851161131	15.298891104380639	0.08087913161968761	-0.9170376621763299
14.180033231491283	15.423169856425389	-0.04283809101559366	-0.9592479807394187
14.300339209143601	15.553668352389385	-0.16237390912347424	-0.9876365301004997
14.415915037049619	15.688729550359056	-0.27501746527918614	-0.9993959537036818
14.525672078374257	15.826443724291217	-0.37868985856558146	-0.9927905936447925
14.628859069512893	15.965035305694043	-0.4719874469159496	-0.9669807253388285
14.725269170574098	16.103185915980752	-0.5545286018494769	-0.9225370633385759
14.815377805082557	16.24015030222791	-0.627201445007426	-0.861276034932348
14.900374640586529	16.375658238913893	-0.6910694200709385	-0.7848868661039269
14.982004400964243	16.509769967581324	-0.747497766155167	-0.6951571878889214
15.06240230946395	16.64271532463592	-0.7984507270558763	-0.5938887798901143
15.143962161717814	16.774784208932125	-0.8450840184916767	-0.48289014969368343
15.229091565347375	16.906249906473388	-0.8871022154747548	-0.3639087547802582
15.319802815668261	17.037334890066532	-0.9253413381465307	-0.2390272584415735
15.417633854701931	17.16821471218621	-0.9577037395423034	-0.11028398364006092
15.523120254443915	17.299006077670626	-0.982858540778652	0.020233163904303887
15.6359637966626	17.429784922552457	-0.9971641212504838	0.15037849132721826
15.7549773306917	17.56058456609889	-0.998523495505127	0.2779716833491811
15.878654736157022	17.691416398828952	-0.9850719660608868	0.4008515166823823
16.00550364700737	17.822278844422783	-0.9556922751257155	0.5169216166377122
16.134301923258224	17.953166482428475	-0.9101814393360832	0.6241962085098864
16.264193716042676	18.084075420975207	-0.8490389546754291	0.7208394645335391
16.39465426558865	18.215004613660028	-0.7732459824327096	0.8051975096416694
16.525404416042996	18.345954320364402	-0.6840768200288966	0.8758248108164439
16.656333045128505	18.476922546527334	-0.5829129107388749	0.9312523760289302
16.787456433484245	18.607900776130823	-0.4716409316988956	0.9706927537232886
16.918920010893714	18.738868401473496	-0.35198965802913923	0.9935238531033821
17.051039852824758	18.869789282326494	-0.2256545555388459	0.9993645593167951
17.184375633538455	19.001039880618922	-0.09419743146531429	0.9880761882444148
17.31981048071928	19.132321240384538	0.04102388090622847	0.9598137074897111
17.458589456271376	19.263600280058878	0.17882371384729043	0.9150632902479656
17.602249871751727	19.394831874873063	0.31779491971315155	0.8546143289786627
17.75234417920054	19.525955364047825	0.45585616095786097	0.7795527116304869
17.909932057404102	19.65687194510246	0.5900399299993185	0.6912621483594199
18.074961177421116	19.787390314177948	0.7143957811765429	0.5914536572953681
18.245623534006402	19.917140896941053	0.8227217855021107	0.4822326213305924
18.418581766484166	20.045452051765416	0.90834076320414	0.3661575681080865
18.589819468516904	20.171274327157306	0.9662374994436506	0.24649493218116128
18.755981827620417	20.293287297471615	0.9951341038670338	0.12671699898853667
18.915298994488438	20.410207595224907	0.9977528034998979	0.010137979512002128
19.046195057794513	20.52113961618674	0.9805110766391131	-0.10057137097586366
19.17708483906591	20.625822960570922	0.9465284530476276	-0.2039449260376175
19.30796008389258	20.724830790747284	0.8963927558916486	-0.29972218636843984
19.438804596132158	20.819559534083325	0.8309738988956906	-0.3885101893175875
19.569587688873273	20.911980096857434	0.7514167827541784	-0.47193018258423935
19.70025841406259	21.004397482499275	0.659131221240374	-0.5511736918087634
19.83072776922599	21.099024927463518	0.5557874179045305	-0.6275662905819803
19.960855761213498	21.197842074881823	0.4433056390334675	-0.7011667478691057
20.09041091352585	21.30243138596542	0.32386359756407773	-0.7720043196248008
20.219057122037785	21.41387857160791	0.19987057200804764	-0.8377058033130337
20.34625399586009	21.532687534230497	0.07400507331915357	-0.8963669378203192
20.471266906464013	21.658656696247164	-0.05088116424020522	-0.9448475863635616
20.593150565332486	21.790838090791013	-0.1718798816460836	-0.9797103286011982
20.710821032823283	21.927641141146957	-0.28627091719605224	-0.9979631611059498
20.823238485468256	22.06712421033178	-0.39188600860481226	-0.9967899927195533
20.92956405567579	22.207453261032803	-0.4873966164065775	-0.9762218755214978
21.029575818088286	22.34719593023154	-0.5719947787410737	-0.936869765787876
21.123753541224296	22.4854961928378	-0.6466120207337377	-0.8800774527013304
21.21321831810805	22.622057750889034	-0.7120376053332451	-0.8074294309286661
21.29963944285924	22.75696435422127	-0.7702760371728427	-0.7206024258077779
21.38512917035056	22.8905141422598	-0.8215489007530736	-0.6218449928406645
21.471898359814766	23.02302479956543	-0.8678603283760946	-0.5129635883947554
21.56219386641076	23.154811528444228	-0.9091426501367469	-0.39578319649546423
21.657876620160934	23.28613275041203	-0.9445833884762942	-0.27219856017031024
21.760126987384826	23.417181993799467	-0.9730120109132876	-0.14419418981478474
21.869329443744288	23.548095484501253	-0.9924764482486669	-0.01384030666936315
21.985037127937954	23.67895805539078	-0.999808066380128	0.1167224889208534
22.106085814341753	23.80981234857643	-0.993123984985536	0.24531380411405734
22.231083657823113	23.940676780353378	-0.9710679120608102	0.36972188044596427
22.358717326319823	24.071555979046614	-0.9329676739808987	0.48774022815884704
22.487944387531954	24.202448863628703	-0.8789661783870202	0.5974120479382743
22.618052259974373	24.333353140390294	-0.8098121249131062	0.6968671230378015
22.748613509810305	24.464266326979864	-0.7265063932438527	0.7844089196595463
22.879406149290226	24.595183671372936	-0.6306205854696474	0.8585426659402285
23.010349844152124	24.726094492151358	-0.5238716606967884	0.9180007569528161
23.141471882767334	24.85697757663504	-0.40802370430572193	0.9617667889378738
23.272912348256586	24.98779707068409	-0.28489194066444684	0.9890990702457794
23.404963412062724	25.118501133190797	-0.15626035550151024	0.9995527813631233
23.53813158496937	25.249495495044915	-0.023797651512111932	0.9929530157551926
23.67320309873687	25.38065900556338	0.11099401537292307	0.9693268277136248
23.811268736510176	25.511815924660795	0.24673488372534058	0.928949133584188
23.95365810863427	25.64293221893861	0.3816335948991447	0.872471090615974
24.101678397097203	25.773958932719893	0.5136635946160527	0.8011123005029037
24.256170639515293	25.904805354913588	0.6397304672346371	0.716184903937277
24.416981428231473	26.035293377240667	0.7542414204310125	0.6193275137385662
24.582501690778063	26.16507939700817	0.8520880744437065	0.5125660393081416
24.749897713890928	26.293551549854374	0.9274526013118775	0.3984007822485277
24.915806671719103	26.419776358957066	0.9760844959998023	0.27983072234902173
25.077457130960166	26.54258222345986	0.9982637701557169	0.160184627511355
25.23064381417998	26.6607931068254	0.9947268238312765	0.04271632951899344
25.361540198143388	26.77362706878121	0.9734967803271575	-0.07001478149232722
25.49243090428758	26.88077003124858	0.9356361766689161	-0.1762587281561539
25.623308111185395	26.98262457205905	0.881793588257827	-0.2753428751056385
25.754155922439846	27.080440293633057	0.812896888103625	-0.36804141102757026
25.884946571318384	27.1761550197337	0.7301435153963943	-0.4549945922564037
26.015626084954526	27.271841102291265	0.6348651671824468	-0.5381561895040664
26.14611225129871	27.369713454906428	0.528889173395445	-0.617693521626906
26.27625610259811	27.47166247459886	0.4142711481000656	-0.6945458475170229
26.40583536089656	27.57926135645825	0.2932159727195748	-0.7679199103291509
26.53450397154805	27.693580236885687	0.16816211034259607	-0.8357480281838235
26.66172126577712	27.81509798501805	0.041788781150845326	-0.8960152182418872
26.786756781606584	27.94356227273139	-0.08308407412739649	-0.9454302109611363
26.908672669383925	28.07795063874375	-0.20361746383796572	-0.980566888718481
27.026412200749405	28.216591837818	-0.31721577889421737	-0.9981865768823392
27.13895810224263	28.357507138536587	-0.4217396104426888	-0.9961127481600576
27.24559308668883	28.498859458619155	-0.5156619398385817	-0.9744288388176807
27.346237241909034	28.639262917706326	-0.5991467254324296	-0.9338616987405732
27.441469072140844	28.777962133424392	-0.6725092633794204	-0.8758112471236865
27.532514410880037	28.914744882764357	-0.7370106854998313	-0.801606653468875
27.6211059346435	29.049794612928658	-0.7937523482487389	-0.7137835369696772
27.709331097193765	29.18342129223433	-0.844574206325231	-0.6141644935636923
27.79944921724734	29.315988557472085	-0.8889119949093126	-0.5045482493221809
27.893416502328765	29.44781705613532	-0.928217435879125	-0.3867721261281478
27.992943869372265	29.579178833110035	-0.960197342493962	-0.26273087725485367
28.09884920178315	29.71026638643288	-0.9843222657912156	-0.1344185867369123
28.211284790009383	29.841215841172154	-0.998006287773776	-0.003911792888363272
28.329577503767876	29.972108157902248	-0.9982650413378502	0.12663108219984542
28.452495098580865	30.10298454497107	-0.9839036322237492	0.2549566197115466
28.578730825057427	30.233863983134295	-0.9537796694852143	0.3788996565421868
28.707110073510307	30.364751806666405	-0.9076252060672688	0.49635528653042055
28.8367483418943	30.495647914279807	-0.8458915544964933	0.6053231560599558
28.967065886064443	30.626550116146706	-0.7694674707678871	0.7039452773356754
29.097727733369318	30.757454030266054	-0.6796123660968203	0.7905384504032119
29.228570873200994	30.888350320087113	-0.57806105044241	0.8636227464301085
29.359550682670815	31.019220694801316	-0.4665419745670295	0.9219481132310402
29.490719108885127	31.150033130486822	-0.3468829422927846	0.9645200470288732
29.622238774487506	31.28073873762607	-0.22094330456845993	0.990625050123415
29.754425628561613	31.411272511571283	-0.0905349825410309	0.9998538376086503
29.887807682908193	31.542312305688174	0.042649398695314665	0.9920017642537303
30.023184550210033	31.673427572827908	0.17707034148086553	0.9668610580684875
30.16164431565761	31.80453027542758	0.3112322547321393	0.925165316508401
30.30442392811808	31.935587664906397	0.44312500104609365	0.8676511906929366
30.452626538684726	32.06654853785321	0.5705664469251509	0.7953492880391285
30.606825394222895	32.19731335688957	0.6900000868623757	0.7095938475379835
30.76656603659283	32.327685155355695	0.7961223447342496	0.612054171137314
30.9300892587091	32.457289824281986	0.8839404309395219	0.5047990169153822
31.09464437378708	32.58548764263624	0.9486441179326245	0.3903710292771948
31.257223812492377	32.71134241498455	0.98694711045616	0.2717840659234939
31.415521647253335	32.83373094757679	0.9999872842322319	0.1523205471893724
31.54658482827314	32.95157392182697	0.9913335044057764	0.03512581835443423
31.677480732833736	33.0641251911997	0.9657304484747481	-0.07729394468611196
31.80837021507907	33.17116385957408	0.9236405434196505	-0.18337732934709902
31.939244846886673	33.27325687153702	0.8657898398152457	-0.2824929985034662
32.07008695905186	33.37166194986269	0.7931809214507635	-0.37541763795717487
32.20086576555994	33.468336962127864	0.7070823284535267	-0.4630093344042765
32.33152441201755	33.565369460708894	0.6090210622260249	-0.5467093191663221
32.46197036309401	33.66488463216637	0.5007709431187328	-0.6271626591585211
32.59204991875451	33.76873638679647	0.3843494606370371	-0.7043649589414007
32.721513491567954	33.87841203914121	0.26201845186802497	-0.7778934113730656
32.84999125335562	33.994892852292296	0.13626307440968244	-0.8457837177587798
32.97693326494618	34.11852438922137	0.009783157720854033	-0.9051559048252931
33.101566801088104	34.24890834379787	-0.11456325612253203	-0.952604221418807
33.222909379325664	34.38487781548788	-0.2339160637814032	-0.9847669837648236
33.3398860564088	34.52466194838825	-0.3457090041909745	-0.9989680988763305
33.45155429321627	34.66625373161455	-0.44805832653618055	-0.9937076143321252
33.557367106346966	34.80785518096647	-0.5400918159861053	-0.9687993973038507
33.65737621644316	34.94820818498057	-0.621230822700179	-0.9243372977204994
33.752255830707064	35.086729884663114	-0.6927133628043107	-0.8627908655950238
33.84337938312962	35.22331064623631	-0.7553125655535221	-0.786053351492602
33.93258272810278	35.35815065792082	-0.8109176866424271	-0.6959880651498148
34.022013509187985	35.49160421760611	-0.8595869845331967	-0.5944157491640129
34.11376446656332	35.62403570278028	-0.9030423682757571	-0.4831521403004773
34.20984947561845	35.75577884852465	-0.9397071237755149	-0.36393413508582706
34.311616269925494	35.88709081852578	-0.9697662829164395	-0.23883210044126776
34.419840960513504	36.018160523378114	-0.9902355250104631	-0.10989588817749277
34.53431360831906	36.14910685425694	-0.9992712149747798	0.020777660522368405
34.65419850567506	36.28000227740086	-0.9948419247039002	0.15103167383864646
34.77827934343407	36.41088434292377	-0.9752501051490833	0.2786858853884485
34.90527714568222	36.54176865087964	-0.9396772376704271	0.401582232481505
35.034109147859766	36.6726596288815	-0.8881379352891066	0.5176314940358366
35.16399344142966	36.80355688395376	-0.8212932807754021	0.6248554685975416
35.29443494214725	36.93445756420684	-0.7402530394984301	0.7214235953985915
35.42515797869377	37.06535557889442	-0.6464292072586608	0.8056847173789952
35.55603703225781	37.1962385109774	-0.5414432421240951	0.8761954689592009
35.6870521688891	37.32708316453443	-0.4270624647833499	0.9314571759608762
35.8182797092425	37.45785202195702	-0.30505791470569105	0.9707789768599817
35.94991267896563	37.588487783098664	-0.17741449050745278	0.993529824242751
36.08230822781765	37.7189175081396	-0.04597702285733482	0.9993779913544565
36.2160448870429	37.850013704973115	0.08757346405256994	0.9881672333280433
36.351974825658026	37.981114217885285	0.22169256315540067	0.9600265270792716
36.49119016327755	38.11219575442829	0.3548448208650788	0.9154446670741395
36.63488539245709	38.243223441478804	0.48512296926115206	0.8552069363709678
36.784049698819594	38.37413837295311	0.6094443038133635	0.7803940410585102
36.93899576262895	38.50482829574375	0.7246320584454427	0.6923930297440556
37.09899887469024	38.635066483603424	0.8248682643943237	0.5929387085404334
37.26208390437369	38.76443401487562	0.9059369112608173	0.48417999112519816
37.42545911862896	38.89223750982269	0.9623556221031331	0.3687481025671564
37.58634131285256	39.01751016738095	0.9933278567744445	0.24971779907377364
37.74268628110624	39.13912954861749	0.9986315189571463	0.13038434461275777
37.873584325600476	39.25610884849254	0.9844805823991414	0.013790243582413651
38.00447920606737	39.367781776459076	0.9535089754014957	-0.09767101822892196
38.13536610152049	39.47409546900792	0.9062441262037911	-0.20269262769765933
38.2662348770265	39.575829236870035	0.8434083081123754	-0.30110720576508654
38.397065772620074	39.674457776445536	0.7660147173061832	-0.39341232250375047
38.52782114404269	39.771896494701195	0.6756258441158663	-0.4811599161605414
38.65844051513431	39.87031312385211	0.5738505125468002	-0.5647022726489404
38.78881114098537	39.97168964589964	0.4625486969530983	-0.6453971780303408
38.91876466517886	40.0778172192897	0.34380903019969733	-0.7226728486191243
39.048025196857736	40.190046745887365	0.21995929187065952	-0.7953273809363166
39.17616286628739	40.30920606293498	0.09356171281362438	-0.8616265034730803
39.30256964992368	40.435444919764734	-0.03263999390041791	-0.918551573871325
39.42642219125982	40.56813496728552	-0.15579871828583525	-0.9626577741851193
39.546722012852236	40.70589326998039	-0.273160319941052	-0.9906839492082281
39.66243976360531	40.84681335951129	-0.3823845498328966	-0.9998081475430648
39.77270802030292	40.988901571676145	-0.4818784834184228	-0.9885902856203956
39.87709074521065	41.13052447571556	-0.5703069895692331	-0.9578458437749757
39.97587818933766	41.270601455738245	-0.6485385340369703	-0.908768498949039
40.07000637762067	41.40868722508181	-0.7171506579767366	-0.8429251676258509
40.16098750383924	41.54480613811058	-0.7775196960952792	-0.7619498312056123
40.25075664153193	41.67926526418217	-0.830580965777274	-0.6682373655008265
40.341443525360944	41.812430275084886	-0.8778472037498711	-0.56359879323301
40.435196399565996	41.94467118965221	-0.9184528908331944	-0.4498384458495478
40.53369435343824	42.07629312063836	-0.9530507297126525	-0.3288178069239872
40.63818658796868	42.207539172428085	-0.9792288731013079	-0.20247245015514714
40.74899875732281	42.33857501063215	-0.9953099026435891	-0.07283802899748876
40.86572665910745	42.46950893024417	-0.9992141641636785	0.05796994651087279
40.987392321266874	42.600403254902595	-0.9888263455660052	0.18777832269733064
41.11273432032438	42.731288353498456	-0.9628083225151355	0.3143116493362469
41.240540037703354	42.8621763208911	-0.9207053639493814	0.435447372450649
41.36984283376495	42.99306990033122	-0.8628276927948344	0.5491260470727379
41.49997899384275	43.12396790580612	-0.7900469849813236	0.6534112512001965
41.63054664396437	43.2548663447404	-0.7036160123979791	0.7465245158506336
41.76133379780395	43.38575667939356	-0.6050461104580886	0.8268759755765489
41.892256954055505	43.51662204313682	-0.49603021350972304	0.8930923589995896
42.02332854644897	43.64743250937562	-0.37838442481856976	0.9440439741025527
42.15465737004756	43.7781411837536	-0.25398603534771547	0.978871600637889
42.28647898231526	43.90868353682874	-0.12469432229603129	0.9970122420420491
42.419206784960636	44.038981755376824	0.0077008921797390925	0.9982197863922684
42.55348307358837	44.17006896826167	0.1414482180774127	0.982400450175125
42.690218530196304	44.30115340142614	0.2749882875594245	0.9494657307942935
42.83054823373541	44.432210657395885	0.40671556036484713	0.9002467986582121
42.97561685268362	44.563201153701456	0.5346472143311515	0.8356635283402551
43.12623881188614	44.69405307312798	0.6551144027994404	0.7568887966796882
43.282400744012264	44.824626871868304	0.7647303457098354	0.6654106963342178
43.44299238971314	44.95464498676644	0.8576534134434497	0.5630843856956368
43.605761720898926	45.08361229188227	0.9299308196671686	0.4522006068056453
43.7678750582425	45.21075017225748	0.9766324831048008	0.33553045327988734
43.926817926102316	45.335042161428646	0.9982576420956247	0.2162205282692442
44.07856091346637	45.45539188040535	0.9948810252612366	0.09749979984265462
44.209458232654	45.57095798644565	0.9738540155429141	-0.017852757337613583
44.34035126029976	45.68126476906886	0.9361901136043473	-0.12780953951146193
44.471233981797866	45.78654362377447	0.8825334941687939	-0.2312460337719214
44.60209325237815	45.88769718192394	0.8138065218917825	-0.3282496103419022
44.73290450907711	45.98640298843602	0.7312001072083245	-0.41980251666534174
44.86362464449423	46.084695889874226	0.6360955221634954	-0.5066659815048336
44.994174785032904	46.184639432476224	0.5301743836084988	-0.5903349986364312
45.124434222532585	46.28820774267871	0.4155354239066906	-0.67039635981645
45.254190255775015	46.397012652021196	0.29436912133060833	-0.7468905933815
45.38312354748982	46.51224846902662	0.16908677585262005	-0.8183894270972932
45.51075781721035	46.63451474650902	0.04230780959199568	-0.8823345765445668
45.63641013931573	46.76368931073032	-0.08318106191691876	-0.9354631718567322
45.759181083878964	46.89885581877395	-0.20454686478169448	-0.9743179511247941
45.87803208247757	47.038396301647296	-0.31915739992367614	-0.9958944296413207
45.99197423113207	47.18030610911007	-0.42491470940161225	-0.9982282125082229
46.10032847172946	47.3226475321601	-0.5201193884466324	-0.9800489961184572
46.202907631159846	47.463980025491566	-0.6047673330961217	-0.9422741628985583
46.30020946596609	47.60350405053175	-0.6793975045094981	-0.8867651629646187
46.39343355123385	47.740971607344534	-0.744524080884168	-0.8153319330815474
46.48426352327765	47.87651978615025	-0.8020875347118355	-0.7298627423127473
46.57474362864285	48.010496260916305	-0.8526445498118176	-0.6319250093222883
46.6669964010712	48.14330667699253	-0.897078513571901	-0.5236861116928381
46.763009251992116	48.2753064438086	-0.9352328480652162	-0.4070204585552649
46.86431671799184	48.40678228781087	-0.9662830699332978	-0.2838082250603403
46.971779487350226	48.53794740798227	-0.987978220473947	-0.15602061660741173
47.08538590623821	48.66894513543566	-0.9987907622831822	-0.02572406165305519
47.204488920306346	48.799866160872845	-0.9963549562657397	0.10494381924097286
47.32795573534017	48.93075942249998	-0.9788912379362834	0.23380558400124568
47.45452540871448	49.06164753343203	-0.9454762733356332	0.3586893383296939
47.583088644330445	49.19253869216461	-0.8960320389128005	0.47747553019941846
47.71281912521153	49.32343417636325	-0.8311533725116171	0.5881245799017938
47.84317860563832	49.45433167159678	-0.7519080338664763	0.6885510079657494
47.973857480510084	49.58522541031823	-0.6596823240883587	0.7771887474564836
48.10470526120283	49.71610318611267	-0.5560821329401443	0.8525259137499973
48.23568060901947	49.84694208201029	-0.4428682575264081	0.9132780003196159
48.36683268688229	49.97770375642445	-0.3218994641532624	0.9584152485178621
48.4983143929662	50.10833156892765	-0.19506654484977592	0.9871898309875025
48.6304221526545	50.23875210534688	-0.06421605410569922	0.999160517455679
48.763650026162445	50.36940228560058	0.06889434360228527	0.9941606444132456
48.89873702144102	50.5004824132478	0.2025595264126223	0.9721442995568336
49.03667116844485	50.631551128119675	0.3351934222032335	0.9334757245518835
49.178578846031535	50.762579927888886	0.4650392621378571	0.87882925102494
49.325484452754196	50.89352106420418	0.5897443495967377	0.809174309094356
49.47792091007285	51.02428386032194	0.7052283748223984	0.7255615229571531
49.635496138336975	51.154686367352156	0.8079949632485096	0.6298729565245935
49.7966628205301	51.28437862559659	0.8916650071674627	0.524134230636631
49.958906981292685	51.4127678690887	0.9531719780166296	0.41081128880785733
50.11946384032966	51.538980053080955	0.9889310154626092	0.2928285930294697
50.276161525417066	51.661958138659955	0.9996646175430453	0.17338322051018817
50.407060065585256	51.780679966896635	0.9896256280509175	0.05556224199989755
50.537956329193484	51.89439891525479	0.9626844574219957	-0.05808189705766799
50.668846692098846	52.002830293152385	0.9193041812309355	-0.1657109969991804
50.79972289818444	52.10640668902337	0.8602309379277195	-0.2667409117881718
50.930568733772475	52.20641626725666	0.7864854904495089	-0.36167715960980634
51.061354400931194	52.30467757582241	0.6993530039351328	-0.45123634569795507
51.192024300700126	52.40322380329452	0.6003750541071716	-0.5370327624389291
51.32249164421515	52.504166501976265	0.491334149754016	-0.6190459009945063
51.45259837177101	52.609329572289866	0.37426267342642616	-0.6980283899495913
51.58210746100052	52.720222178339675	0.2514204276792619	-0.7731467476254431
51.71065603934968	52.8378357640278	0.12529246079777479	-0.8422189593873581
51.837689393176944	52.962529488277816	-0.001409680985063177	-0.9026833663295508
51.9624464015598	53.09390078531764	-0.12583085890053758	-0.9513312604987132
52.083980867588714	53.230761799449446	-0.2451524498465935	-0.9841926606575175
52.201212878412	53.37132461378112	-0.3567821963943771	-0.9988772344529004
52.3132244863172	53.51356131130355	-0.4588504460969254	-0.9939191671883126
52.41950036888649	53.65566619086912	-0.5504925793498481	-0.9691799753743097
52.52012389347343	53.79638904355492	-0.6316526399061988	-0.924883311250338
52.615804596358814	53.935173336436414	-0.7026061702756943	-0.8633570656325147
52.70792170210641	54.071929732034924	-0.7652216178362763	-0.786627450279509
52.79834381647402	54.20689172246148	-0.8200248433145478	-0.6965641612839386
52.88913701420912	54.34042222932874	-0.8685281411696936	-0.5949987163986012
52.98242933149694	54.47290911004135	-0.9108536507940161	-0.4837395123933548
53.080066729057336	54.60468926200134	-0.9467047491770678	-0.36454138130813285
53.18338744888413	54.73603011648652	-0.9746115940649505	-0.23943377474401048
53.29294347036974	54.8671195859496	-0.993199786036687	-0.1104900005247224
53.40854711227924	54.99808183669604	-0.9999537709285402	0.020197103589866094
53.5293173540288	55.1289894505964	-0.992436636477475	0.1504700201302857
