5.863672283701448	1.5631861458151581	0.9128917787357601	0.007605174669667352
6.056957080593817	1.6771751438162665	0.974057478261179	-0.10613708946539578
6.234801217011663	1.7817788808614146	0.9984804689821386	-0.20932314008531167
6.392026235558034	1.8766587912485493	0.9936976041482237	-0.30105093936866745
6.5229021700567085	1.9630694209301787	0.9711155074091007	-0.3821473496538061
6.6537492179984445	2.0427583263074993	0.9319532667203686	-0.4544106649885776
6.784541636917089	2.1182925132794552	0.8768960873989724	-0.5203441702327317
6.9152377762913	2.1925819694539546	0.8067288136294996	-0.5823829162360424
7.045771131656809	2.2684222023976424	0.7228859729476147	-0.6422805288782542
7.176033429803388	2.348209632677913	0.6269939372211667	-0.7011126484878931
7.305851377024836	2.4338681739425927	0.5208898515587986	-0.7595543993933193
7.434968125023234	2.5267983449352984	0.4066844523874522	-0.8166174844207282
7.562984110597141	2.627864597284988	0.2867785782947767	-0.87067087364662
7.689316316136284	2.737348840209177	0.16384833448974961	-0.9189549158567181
7.8131295033924415	2.8549211795352254	0.04082525626284899	-0.9587241041808503
7.933373906001986	2.979592387288354	-0.07927473090316711	-0.9864313459469263
8.048811357913364	3.1098320660558043	-0.19356191532711406	-0.9990025399312894
8.158186010572358	3.243798992316238	-0.2994589499723819	-0.9943218714902471
8.260504882994026	3.3796625664361493	-0.395223344052991	-0.9714747193324327
8.355268796762395	3.515941339360147	-0.48053527896814663	-0.9306714308025409
8.442602403703166	3.6516744726950754	-0.5549574059221778	-0.8725266540940257
8.523333860816667	3.7863913672618885	-0.6202028998579702	-0.7989178354332291
8.598930786111632	3.919996188487788	-0.6777724036062	-0.7117030023830018
8.671402006648812	4.052597936041325	-0.7293695034427081	-0.6126493262384318
8.74314625598029	4.184398059437815	-0.7763463486588028	-0.5035579299803954
8.81674023963123	4.315611179712451	-0.8204146252781056	-0.3862808848978534
8.894771070422241	4.4464389001802465	-0.8623856359428644	-0.2627296331219593
8.979512233015422	4.577051354083537	-0.902356499272002	-0.13488648008474735
9.07259399439559	4.707585189757236	-0.9381782267931086	-0.004800630483764957
9.174528050371691	4.838128058200308	-0.9688181722211898	0.12540766504107856
9.284939166021196	4.968739903964313	-0.9898975936533105	0.25351313985428053
9.402413267273031	5.0994339661528665	-0.9992976235503298	0.3773500182365799
9.525209106245995	5.23020640111444	-0.9944889044538178	0.4948026111398542
9.651596778905713	5.3610421253026255	-0.9739286658972222	0.6038501067603609
9.780174049348137	5.49192734825003	-0.9370903381689382	0.7026150470629171
9.909969849256141	5.622856046577772	-0.8842333830846559	0.7894006193724892
10.040396711865508	5.753831154704807	-0.8161541552516602	0.8627178518998968
10.171149591870131	5.884862240474029	-0.7340007834615163	0.9213059411370087
10.302118898459188	6.0159607374131765	-0.6391527153545676	0.964148725100111
10.433348789315326	6.14713338831263	-0.5330202225300432	0.9904898941152237
10.5650489838342	6.278374697543247	-0.4172477175080833	0.9998489199542273
10.6976588417799	6.409814604825965	-0.2934207227854606	0.9919636743700895
10.831937734151182	6.541358520599636	-0.1628324029951309	0.9666735576522022
10.96909462347651	6.672953563452162	-0.026462244605975235	0.9247029072123782
11.110802902895566	6.804538518519069	0.11494616285580202	0.8667899923853455
11.259095582200551	6.936033861203055	0.26039766931382846	0.7939848430392602
11.415949577081026	7.06734147085772	0.40793402723011407	0.7076359486434821
11.58254680722131	7.198313078476386	0.5535943945385746	0.6093924568091218
11.758322799770783	7.328673851274232	0.6907447790770856	0.5012488200043722
11.940310354874782	7.457886817049904	0.8102861223107997	0.3856541765054409
12.123523621400517	7.584995415827605	0.9034544012720216	0.26564473764622937
12.302668846447208	7.708585059336366	0.9651313938246993	0.1448199518970306
12.47404571215772	7.827024661919649	0.995251643855742	0.02693923857897542
12.636283236682614	7.9389639376829315	0.9973604787832958	-0.08483903842833956
12.76717651868838	8.043839776477846	0.9796022738547034	-0.18871086372874385
12.898059956190261	8.141908676761512	0.9451193913796189	-0.283830500167164
13.028921179448055	8.2341408341197	0.8945106380734611	-0.37103159608811154
13.159738834083425	8.322556260329723	0.8286587519235935	-0.4513929898503328
13.29047244443401	8.409442921298373	0.7487256446968346	-0.527198939580259
13.421059108157099	8.49730587561332	0.6561417693628644	-0.5996401397154842
13.551390393106384	8.58837635901479	0.5526053923561718	-0.6698567132360702
13.681295885494018	8.684535774508948	0.44007588728356295	-0.7380535913253233
13.810509875779898	8.78720625458735	0.32077399989087924	-0.8033465907157569
13.938627430160988	8.8972687149361	0.19718176318685693	-0.8636568313149033
14.06503638849241	9.01500320394534	0.07204642844992955	-0.9167586746437439
14.188921298585186	9.139984359726382	-0.05172031115001869	-0.9592479278738832
14.309246622345716	9.27109372795141	-0.171170210187913	-0.9877320462149126
14.424856979453857	9.406658489985105	-0.2836029436904397	-0.999430947284771
14.534684645078524	9.544760873039184	-0.3869598228364576	-0.9926492233087811
14.638008497194305	9.683629734649292	-0.4801383057557399	-0.9664842764580844
14.7346303722787	9.8219781342002	-0.5622697964091153	-0.9217518224794912
14.825087919856895	9.959066852396065	-0.6348726788544099	-0.8602062784804957
14.91059673589293	10.094655559690977	-0.6982963440617863	-0.7835493380736616
14.992910895813699	10.228813788873246	-0.7547091742425172	-0.693581215297535
15.074190057225026	10.36179152754116	-0.8056743324330308	-0.5921021302869732
15.15682804494048	10.493886945807663	-0.851632208644076	-0.48089178239088676
15.243119354716963	10.625372534833694	-0.8934696510591085	-0.36173761979330366
15.335100907938447	10.756479704748354	-0.9311748228850198	-0.23675362750003162
15.434205016100083	10.887382082464697	-0.9623261857396452	-0.10794213271122076
15.54082377996255	11.018192827438197	-0.9856275267900916	0.022603660408600814
15.654561707558804	11.148986259039322	-0.998322892357107	0.15273536371511465
15.774272855140953	11.279798148295935	-0.9976994985694028	0.28027494275558335
15.898442107532706	11.410638909383323	-0.9818546826833238	0.4030609390682586
16.025598899134543	11.54150685044165	-0.9498791330591224	0.5189985150565063
16.154570275911915	11.672397224036603	-0.9017476709594074	0.6261049475584981
16.284550497306103	11.803306697824693	-0.8380895161956595	0.722547966418145
16.415052905473168	11.934234158155801	-0.7599741589662321	0.8066773458156978
16.545822854774276	12.065178907907628	-0.6687632423846266	0.8769708125136289
16.676764138344556	12.196137286030734	-0.5660175299274768	0.9320652291264442
16.807902966753204	12.327098429464014	-0.45342593375132323	0.9712124949498159
16.939392704011162	12.458038398852064	-0.3327304631616246	0.993745470383922
17.07155835846733	12.588917868602891	-0.20563349566392225	0.9992918901218968
17.20496884082346	12.720150526214807	-0.07369898980996839	0.9877170811777735
17.340514630512327	12.851409185333685	0.061714410603525206	0.9591795946833972
17.4794386986252	12.982661353136743	0.19926948429432462	0.9141712918119134
17.623238695187315	13.113865931612676	0.33753965179441014	0.8534847666541199
17.773406719186966	13.2449617613765	0.4746199346292546	0.7782096214327741
17.930936575162793	13.375845717904674	0.6066340250553197	0.689735699382871
18.095610409550968	13.50632435866364	0.7289929100213929	0.5897793164038148
18.26561620406526	13.636015046150264	0.8339574846098204	0.48041477431449875
18.43759075759321	13.76423487605694	0.9158889021641187	0.36430609564622857
18.60766377545148	13.889934035500296	0.9706410621307893	0.24469464677582303
18.772638954875895	14.011806610080688	0.9967014201748907	0.12503125456266917
18.930882997560573	14.128612210111388	0.9962864604875628	0.008549103366245087
19.061778856946656	14.23951831476517	0.977112135346609	-0.10212817950673639
19.192668131180266	14.344278576266245	0.9412506693468312	-0.2055460667688669
19.323542217630326	14.44350793412925	0.8893197788011193	-0.301510391700725
19.454384415576826	14.538640040800072	0.8222181817794983	-0.3905893084611115
19.58516276071849	14.631635355934929	0.7411184971348297	-0.47446072934549566
19.715824968283435	14.72479635732621	0.6474564972395871	-0.5541376115196277
19.846277874960368	14.820301070439893	0.5429283430003344	-0.6310909479355161
19.976378808827253	14.920107064209464	0.4294767773528488	-0.7050200555721411
20.105884688463767	15.025757695144456	0.30930701503945524	-0.7759946787583272
20.234444672529886	15.138300034061954	0.1848256139887258	-0.8419807388035674
20.361523583908436	15.258168485745719	0.05878996435540903	-0.9003006897852699
20.48635763260209	15.385107426905199	-0.06594944679962052	-0.9481111408850612
20.607991290880804	15.518105090257793	-0.1865354822088503	-0.9819900536101901
20.72534494636277	15.655517787658972	-0.3002158455464167	-0.9983529186191019
20.837342402570307	15.795406676419674	-0.404827814678562	-0.9957109574344614
20.943263104978623	15.935934461364793	-0.4991860243683241	-0.9736773243672336
21.04295919175831	16.07571621906122	-0.5830620864130225	-0.932905288745897
21.13696789980071	16.21396644509373	-0.656522626962857	-0.87460251026797
21.226461770334254	16.350439550416187	-0.7214005998804833	-0.80034103576629
21.313172457520842	16.48527718403889	-0.7785865152924376	-0.7124733524989904
21.39920209733356	16.61875935140905	-0.829457757983262	-0.6128145986807507
21.486800260910705	16.75122038349306	-0.8754447654737785	-0.5031691884137705
21.578191403427983	16.88297729705442	-0.9154949931796116	-0.3853674077087882
21.675043616403542	17.01427984500461	-0.9503975445798941	-0.2613179163052301
21.77856444900906	17.145325030544605	-0.9770333569940313	-0.13300715700713206
21.888892735185586	17.276239231287605	-0.9943172137805038	-0.0025187054508857463
22.005504783862165	17.407104724684935	-0.999549134759093	0.1279812089606158
22.12724894520989	17.537963637476654	-0.9904823159221281	0.256252521499441
22.25273117199383	17.66883249602774	-0.9657225264502838	0.38012844462184187
22.380664094545114	17.7997148247372	-0.9248032646115986	0.4975030111965887
22.510057468984638	17.930609438570883	-0.8680340465553636	0.6063755789550659
22.6402498302502	18.061514117859033	-0.7962812111874122	0.7048888381827016
22.7708515740433	18.192425923388132	-0.710784293703772	0.7913611473642427
22.90166579838393	18.323339021850746	-0.6130349052261035	0.8643145808184131
23.03262711221293	18.454240786353935	-0.5046998338322992	0.9225003383025578
23.163774585685417	18.585107180728407	-0.3875586622895369	0.9649230293081329
23.29526142713483	18.71589905848367	-0.2634337914675106	0.9908645017623106
23.42739686318652	18.846561527121867	-0.1341067419302408	0.9999059592692476
23.560708793600384	18.977664803193285	-0.0012352951569187122	0.9917322545087179
23.69601612426148	19.10881741526906	0.13363587339613145	0.9663699870658753
23.83443882582963	19.23996139086135	0.2690126112812957	0.9244498810196135
23.977289302735144	19.37106232328799	0.4033176652982953	0.8667120249488941
24.12581766764862	19.50206639150034	0.5344378616573988	0.7941920230618473
24.280769078057375	19.632876426181078	0.6581789932703177	0.7082267516200813
24.441781332296546	19.763304595274246	0.7706299746234102	0.6104819784199887
24.607166400685333	19.892982659375967	0.8646413681221409	0.5030232113923926
24.77400362875199	20.021273574249776	0.9359586277313701	0.38839217478124155
24.939032853239503	20.147222153117752	0.9811502971350808	0.2696234220871118
25.099599773772894	20.269646875125588	0.9989591729721095	0.1500625278786485
25.24402065468025	20.387423152951047	0.9934681590001739	0.03290743318268342
25.374916704489834	20.499771520373002	0.9705792658413444	-0.07930160666660749
25.505806547886113	20.606431219569387	0.9311060842305566	-0.18499487141356827
25.63668207088605	20.707950371994777	0.8756521515054992	-0.28351469316160866
25.76752607845183	20.805568826445597	0.805054393735902	-0.37567226466361586
25.898308670780636	20.90127756747676	0.7207779977222648	-0.4623957276163283
26.028974739835416	20.997190803105397	0.6243193955295087	-0.5452141676923753
26.15943503594452	21.095466323003564	0.5174235789659507	-0.6247549039387067
26.289539382656777	21.197985503246393	0.4020823615878739	-0.7012681503563463
26.41904836437943	21.306272890233885	0.2805296959553406	-0.7743584174094237
26.547606086800574	21.4213507983742	0.15522343244284453	-0.8419051269333124
26.674667016507083	21.54362767737441	0.028851546702221672	-0.9013328419208961
26.79946897240391	21.672781761698133	-0.0957377660834013	-0.9496314946457611
26.921063721098207	21.807716147075286	-0.2157081098434041	-0.9830791686631837
27.038369397862056	21.946717299758816	-0.32846422519977725	-0.9986046094728012
27.150371150465595	22.087805933405964	-0.43202477533824807	-0.9948439907858713
27.256449439171895	22.22915610261551	-0.5250049216448367	-0.9714883260384768
27.35658922543424	22.36943837070682	-0.6073250516672409	-0.9292608038345758
27.451427674998577	22.507957088488077	-0.6799780929063672	-0.8691030513524568
27.542221776714968	22.64459423374025	-0.7434292257783681	-0.7936189336219839
27.630763832491425	22.779506380143427	-0.7996707683100044	-0.7046654282494474
27.71918227314665	22.913023782249343	-0.849588038041859	-0.6040618135287612
27.809674263735367	23.04550755244252	-0.8935533053213927	-0.4936149212053965
27.90422272624408	23.177280920156853	-0.9321066066980699	-0.37516520022990035
28.004435502063956	23.308608174444455	-0.9634028784585611	-0.25061910247634267
28.111079565539004	23.439677277656397	-0.9862352015010625	-0.12195277974574326
28.224181585846026	23.570618316041568	-0.9984249374158599	0.0086677083667612
28.343017242285068	23.701508144964105	-0.9974761435610677	0.13905938597562595
28.466365274085938	23.832385487506148	-0.9815160596229495	0.2670411277880792
28.592894205793204	23.96326643282721	-0.9495659562341823	0.39045022842719446
28.721450093105783	24.094155498394382	-0.9015165357346142	0.5071893846251372
28.851183915147608	24.22505237445727	-0.8379418230239496	0.6152693875638606
28.981548718138608	24.355954684230582	-0.7598913774593592	0.7128461991971955
29.112233644183668	24.48685756993742	-0.6687331115916215	0.7982529743010678
29.243090796599066	24.617750904185588	-0.5660538791878611	0.8700284325303035
29.37408513815328	24.74861497429321	-0.4535938100395931	0.9269432477813566
29.50527786625791	24.879415937594267	-0.33318714058937715	0.9680258623847191
29.636843381832357	25.010103055665148	-0.2066927678483616	0.9923993822969669
29.769118054187427	25.140610647929652	-0.07591016838274645	0.9997528562272716
29.902660285052733	25.271716922742385	0.05749223014821157	0.990032590144778
30.0383058803329	25.402830682501296	0.19194796307833056	0.9633495794089971
30.17714853242425	25.533929018855936	0.32581747467677036	0.9201684094067424
30.32041205279302	25.664978993489925	0.4573681812619638	0.8612502152582107
30.46917382265048	25.79592461192723	0.5842501329149008	0.787651595230696
30.62392659342871	25.92665962051626	0.7020904717696042	0.7007341463722003
30.78405783722416	26.05697564086704	0.8068414293004987	0.6021979824739664
30.947724739720933	26.18647534768457	0.8919454548519412	0.49415267457915096
31.112110991159028	26.314493809089697	0.9539418476788648	0.379184088346497
31.27425766691382	26.440070765436523	0.9896113540591771	0.2603453375386695
31.431952024262042	26.562074156242975	0.9994967100432988	0.1409358394291569
31.56285028264391	26.679461819479442	0.9887894452817918	0.024059897961079
31.693745746576454	26.79151386310326	0.9611934007013122	-0.08781926453070452
31.824634106405586	26.89807892262694	0.91718243572428	-0.19328054935617564
31.95550628131752	26.999836878298158	0.8575134577774892	-0.29186902534719183
32.08634356426831	27.098120150844263	0.7832187723417005	-0.3842665564235335
32.21711225462007	27.194883443138185	0.6955962154760663	-0.4716789949072858
32.347754161476615	27.292269018957903	0.596199153703637	-0.5550489434852978
32.478167898079626	27.39234587409347	0.4868313372600555	-0.6355736995796527
32.608198368326164	27.49695309860763	0.36953158406871495	-0.7124260777353852
32.737574857809555	27.607515234387737	0.24656331679537358	-0.7854238823333932
32.865906474127854	27.724947677398276	0.12050822232661582	-0.8525223848481933
32.99261839380445	27.849514320497544	-0.005891652773265014	-0.9107846448799932
33.11691468606498	27.98072711463759	-0.12980486651695797	-0.9567895372043798
33.23780156578565	28.117334970003625	-0.24844720761701264	-0.9872136013932309
33.35421539539825	28.25751359436042	-0.3591889860544871	-0.9994717488914804
33.465266335715555	28.399247627299946	-0.46027383626078955	-0.9921852672845531
33.5704760535524	28.540783664797203	-0.550932188193809	-0.9643648483046263
33.66988333324546	28.680996605536862	-0.6311117581959704	-0.9179944089281584
33.76432243934133	28.8193276787053	-0.7012443401443986	-0.8547579349204588
33.85521854189064	28.95570494797716	-0.7631406539004308	-0.7765060699378273
33.944462783016526	29.09036892028149	-0.8175941696735058	-0.6850978882420047
34.03416234655727	29.2236792349602	-0.8657702286873544	-0.5821061639366237
34.12647390209716	29.3560199824463	-0.9083125177936717	-0.4696873340515485
34.223316494312115	29.48770939031741	-0.9442681633323795	-0.3497142628259222
34.325978588268605	29.61899126367548	-0.9728988102543429	-0.22411208350122805
34.43505859631681	29.750044010327098	-0.9924160912913315	-0.09489643748552566
34.55034920713981	29.88098452091457	-0.9997748224563618	0.03583072527623399
34.670892646769865	30.011878926024607	-0.9932711256590082	0.1659057450037662
34.79544173189154	30.142761735561034	-0.9715068619106031	0.2931481216953441
34.922743070123076	30.273647227404837	-0.9337618399061535	0.41540490743160585
35.05175551022552	30.40453921553467	-0.880127972157946	0.530596348411392
35.18173883998871	30.535437015430297	-0.811320527853011	0.6367575424271882
35.31223126359017	30.666337452463647	-0.7284526394456068	0.7318733940390689
35.44298021012484	30.79723404551676	-0.6328299327895384	0.8144267416725521
35.57387595998566	30.928112918980823	-0.5263196374011526	0.8830433390613188
35.70491208300236	31.05894865233581	-0.4107126630564034	0.9365546123595303
35.836177370101495	31.18969975070049	-0.2878737310048452	0.9740577926385823
35.96788133098869	31.320306860460562	-0.15966998159891554	0.9949416293049649
36.10040340657562	31.450695942487656	-0.02789374789979536	0.9989080461862079
36.23434936921523	31.581791889372095	0.10579371282916844	0.9858268125559358
36.37059961616308	31.712889185778536	0.23986581867191764	0.9558534299160677
36.51026368829556	31.84396355702006	0.3726731632368628	0.9095070478816981
36.65451921307903	31.974979096294177	0.5020198440765353	0.8476026189285083
36.80427680428018	32.10587418885045	0.6254242236847362	0.7712502837372376
36.95976998965155	32.23652561284399	0.7386488941768224	0.6817084122722084
37.12013617168941	32.366688206080596	0.8367472334531744	0.5809349478995606
37.28328746197649	32.49591012708161	0.9143564743146255	0.47120403112208475
37.44638861740283	32.62346257366518	0.9681938056616101	0.3552076043550018
37.60666686524992	32.74834309029489	0.9952403455997975	0.2360561467757084
37.76229700533797	32.86945244915723	0.997993484565473	0.11697856513213473
37.893194800932875	32.98584578480395	0.981068597961821	0.0008765009086635759
38.02408908397671	33.096970875052776	0.9473926605089202	-0.109988479576867
38.15497445690661	33.2028049244502	0.8975464049869815	-0.21429901652532624
38.28583966045962	33.30421998070536	0.8323905977676387	-0.31215699917671225
38.41666372464519	33.40281012259805	0.7530564908842021	-0.4039993155277275
38.547405769237855	33.50047496147155	0.6609376163572651	-0.49130399324914686
38.67799909565065	33.59937723402807	0.5576766513412559	-0.5748318613474613
38.8083285155402	33.70150373149264	0.44516144930668117	-0.655146562553384
38.93820685758421	33.80857814012963	0.32551925415322136	-0.7323018761721867
39.06735135299574	33.921895171284994	0.20110167446267532	-0.8045401460619902
39.19531133223378	34.042193705216185	0.07450136409965001	-0.8698578504052373
39.32144274713911	34.169523360873434	-0.051500675566605876	-0.9254067073343568
39.44490070104541	34.30314226453854	-0.1740467249301973	-0.967732514160111
39.56468454998992	34.441569262901446	-0.2904067936751966	-0.9930286983607629
39.67973000732536	34.582871459089006	-0.3982501409005139	-0.9992037969527041
39.789226686630734	34.72507726970423	-0.49609445505393424	-0.9855620553093751
39.89288618550012	34.86659217939182	-0.583368942542194	-0.9524753085010925
39.99107982689307	35.006437742199545	-0.6599395750317578	-0.9006984242177443
40.08479760301305	35.14427231294146	-0.7276079134060887	-0.8323763759850749
40.17565309235456	35.28018438960762	-0.7865068602428038	-0.749675548861153
40.2655945033156	35.41446118220689	-0.8389197094224339	-0.654451672918378
40.35680713022216	35.547488922729386	-0.884820987125128	-0.5485120545548882
40.45130730504463	35.67962934469482	-0.9248502505155793	-0.43367516169805753
40.550808012026444	35.81118862486614	-0.9578245029059094	-0.3118087173889869
40.65632865680897	35.942395880671405	-0.9829316108172315	-0.18483752336069162
40.768196909121784	36.07341419699409	-0.997116311151716	-0.05486520279821697
40.88584058581272	36.20434215418633	-0.9985824743785945	0.07592458472316363
41.00820153689211	36.33523567639273	-0.9855716024971934	0.20535923384117905
41.13402133326011	36.466121906584306	-0.9568704120915188	0.3312624598208138
41.262125263232655	36.59701118029952	-0.9121342472160938	0.4515008174575682
41.39159925718064	36.72790572348925	-0.8517545938791647	0.5640285222602465
41.52182658833409	36.858804013760825	-0.7766586427598632	0.6669270906603333
41.652440426426125	36.98970150927745	-0.6881373167900294	0.7584397074194196
41.78325237017521	37.12058859655211	-0.5877273021441445	0.8370014921195349
41.91419491096051	37.25144660634155	-0.4769885424706572	0.9012673241728851
42.04529359368163	37.38224171321189	-0.3579798681650507	0.9501383947324398
42.17667224788451	37.51292278050072	-0.23259104432603428	0.9826480069476111
42.30858853685817	37.6434213918228	-0.1026865112954858	0.9982510083834056
42.44148909330343	37.773744941118466	0.02996854224502919	0.9969163158457487
42.57605664176772	37.904831115309186	0.16374020086733018	0.9785306321525811
42.713245000447195	38.03591139698482	0.29709682441744417	0.9433886534966643
42.85418871379115	38.166959061604466	0.42833153305539745	0.8921064032584846
42.99999473294707	38.297931726432424	0.5548524995372633	0.8255949664457094
43.15134825125003	38.42875278719731	0.673946173159724	0.7450631653786022
43.30812105864065	38.55926605044012	0.7809151949299853	0.6520425514865336
43.46901217188491	38.689170365503806	0.8708963815658873	0.5484386308241884
43.63166523534683	38.817934748531634	0.9387038790016937	0.43660364090360215
43.79328218550229	38.94474910160734	0.9821739645576933	0.3193647950505782
43.95139616043165	39.068564979240435	0.9990295361066119	0.19991747108383195
44.0941558403536	39.18832160456289	0.9934136543961819	0.08145892650678616
44.22505281264166	39.30317808717953	0.9704527228708373	-0.03324803089961473
44.35594491629782	39.4127171835249	0.9309088198405884	-0.1422646684566216
44.48682536741416	39.51726589840425	0.875353202490147	-0.24481644347773157
44.61768047840923	39.61793278366101	0.8046876424267797	-0.34087500840957463
44.748482686695674	39.71635878855029	0.7203410108871163	-0.43168359710710896
44.87918608776487	39.81464650789538	0.6238015922666877	-0.5179707646122661
45.009707082719196	39.91484307173222	0.5168072812673806	-0.6009126016266193
45.139912166236876	40.018884029499844	0.40133280598204296	-0.6807923846446476
45.26958949528508	40.12835036785435	0.2795837612391879	-0.7564932610627755
45.39838874682387	40.244362952115594	0.154011996440892	-0.826987770358223
45.52580763533324	40.367440998428734	0.027267891898049634	-0.8896478681848529
45.65113677367443	40.4973632712891	-0.09783992738666274	-0.9411731057926396
45.77345990885546	40.63311433653595	-0.21847951732364213	-0.9781225777318427
45.8917435842958	40.773004214455106	-0.3320561662915765	-0.9975686441338805
46.00503309756212	40.9150064800284	-0.4365735290967215	-0.9969474713643174
46.112629957151285	41.05725898072487	-0.5307060523068285	-0.9761673927057369
46.21445175210721	41.198387773718125	-0.6138874777497288	-0.9363157081389112
46.311122674269704	41.337635708575306	-0.687408268343166	-0.8789047184091909
46.40389890881992	41.47482272089946	-0.7514438076501846	-0.8054629060025027
46.49449697125232	41.61014003358451	-0.8083586554818909	-0.7180432915130321
46.58502806110705	41.743958998931305	-0.8578788907598582	-0.6187726366932496
46.67755600003681	41.87665320716858	-0.9018716826478407	-0.5094588050648861
46.774093779703115	42.0085754523218	-0.9389869803278231	-0.39192191811210797
46.876030865497384	42.14000070681363	-0.9693396608225521	-0.26805842142305686
46.98420692889118	42.27113744525564	-0.989921980870636	-0.1398495401597778
47.098489240609446	42.4021205570319	-0.9992022802624477	-0.00937409568056955
47.21814444983945	42.533034751638986	-0.9950700687937648	0.12122245997130918
47.34201810583275	42.66392540572074	-0.9758241314322091	0.24974331925786525
47.468860300070716	42.794812946791964	-0.9406213007536255	0.3739247299688967
47.59759056378281	42.92570441512926	-0.8894493881807757	0.49169254823093655
47.72741479418672	43.05660039913575	-0.822950739026536	0.6010426980634812
47.85782319955245	43.18749824533204	-0.7422249831296427	0.7001116319803715
47.988527274060615	43.31839158567058	-0.6486801595488473	0.7872090379764578
48.11939087470719	43.44926738904458	-0.5439379451582449	0.8608471225823642
48.250383485136915	43.58010146961741	-0.42977005379769684	0.9197681936602732
48.381565222598226	43.71085390541505	-0.30802003041436593	0.9629719458694522
48.51310341684282	43.841466058069	-0.18055470082986724	0.9897423896671084
48.64531436094758	43.97186018691473	-0.0493392907835937	0.9996722209826416
48.77871731197284	44.10275896328207	0.08389229291704259	0.9926041621795781
48.914083892278924	44.23383998550151	0.21753433136629674	0.9685230699252743
49.05242616290248	44.364906609967896	0.3500145552439823	0.9275455405180912
49.19490926417435	44.495928828234035	0.4795873779011267	0.870719926137349
49.342539272832674	44.62685436768957	0.6032180845711179	0.7990658258356822
49.49573257406147	44.75758486385436	0.7178210515621362	0.7139058583567076
49.653955522426536	44.887920474705126	0.8184537187522194	0.6169012078442693
49.81549709037567	45.017486169759714	0.9002141803023254	0.5101125954783721
49.97776600166961	45.145652503678384	0.9584326115312252	0.3960654512870069
50.1380449210804	45.271517647793225	0.9918372587768055	0.2777324731203542
50.29420137264803	45.39399955023921	0.9990980654526826	0.1583464416623755
50.42509972150706	45.512117050486175	0.9868040683087023	0.04094947047929691
50.555995452824035	45.62515315550366	0.9576525301825018	-0.07197588038820928
50.68688454068192	45.732943552500466	0.9121416660367783	-0.1788436756173732
50.81775811848036	45.8360482351967	0.8510517739407463	-0.27905643201491237
50.94859806562562	45.93576620036354	0.775437003396629	-0.37333801416650886
51.079372568003144	46.034016257350544	0.6866143314829367	-0.4623934658613454
51.21002204711204	46.132834817557296	0.5860802633508001	-0.5476146104813954
51.34045006904077	46.234302598342296	0.47567256652344436	-0.629570143410111
51.47049762037197	46.34022088900981	0.35757905687211466	-0.7079804289318461
51.59990277656998	46.45202073764085	0.23410096083477577	-0.7823289544960722
51.72827835035523	46.570624126713774	0.10775124397902842	-0.8505478976428287
51.85505278867854	46.69629562050565	-0.018761654085274485	-0.9096828910438968
51.97943472140915	46.82853012293733	-0.14260726441615373	-0.956300570442105
52.100439384904	46.966046527344176	-0.26101148988248146	-0.9870815354580622
52.217020798987654	47.10698859496352	-0.37156638891311095	-0.9994692075215525
52.32830489718599	47.24932698973278	-0.4722849804216491	-0.9921360152474583
52.433862396824324	47.39130545103527	-0.5623691798169754	-0.9640954249673481
52.53377512371134	47.53182223892694	-0.6421833783809333	-0.917490228488601
52.62891432958998	47.670353243623794	-0.7118746267674481	-0.854009948626773
52.72073399683776	47.80685557506215	-0.773460393194539	-0.7755288244289973
52.81113969068132	47.94159813439649	-0.8272160084760823	-0.6838764364769352
52.90219206945488	48.074957330886114	-0.8751726118772074	-0.5806820212445558
52.99606929514425	48.20733583224543	-0.9162698425544512	-0.46811948442008267
53.09447410944494	48.33904931994395	-0.9514911865213005	-0.3480360000194241
53.19873645206463	48.47035355657401	-0.9779593246279299	-0.22234950537880777
53.30920639001604	48.60142275487867	-0.9947300102334566	-0.0930820027226929
53.42559319220761	48.73237496762347	-0.999418428689093	0.03766404361543966
53.546968337565346	48.86327844881551	-0.9898890800458484	0.1677263489533782
53.67209243859516	48.994167574927445	-0.9647644247519577	0.29492429390199626
53.799751102532106	49.12505673918486	-0.9235482962458125	0.4171057686369786
53.928964668027994	49.2559501297264	-0.866517015138344	0.5321927559188391
54.05905137192953	49.3868471066155	-0.794519389706094	0.6381819214436276
54.189592944311364	49.517743792088204	-0.7087942326223575	0.7330968961938022
54.320364827447406	49.64863183179014	-0.6108445661923922	0.8154618529355492
54.45127383967077	49.77949443588141	-0.5023588357582776	0.8838720056860644
54.58232278868035	49.91030173553985	-0.3851530109436143	0.9371632790311887
54.71360761576302	50.041006644466606	-0.2611105964233892	0.9744396925685981
54.84534454619068	50.17154380158542	-0.1321108068547587	0.9950998012016379
54.97791883880567	50.30183398904966	4.736980184765578e-5	0.9988583586124906
55.11193796810607	50.4329120717248	0.13363123987202374	0.9855821485025811
55.248270614444266	50.56398950914069	0.26700136956615794	0.9554226264156859
55.38799123831473	50.69504330648881	0.3985235528794824	0.9089019623776489
55.53221681434889	50.826037521785295	0.5262385862494109	0.8468379079938217
55.68178998023997	50.95690762903805	0.646999951511009	0.770331552225869
55.836828949647526	51.08752755011286	0.7568339881684985	0.6806239182788482
55.996405060761276	51.21764403734177	0.8510583686015072	0.5797773002097543
56.15843977643024	51.34679781215144	0.9245203556846707	0.47001761630710803
56.32019518965593	51.47425830920931	0.9735679693621837	0.35404127907517835
56.47910881934225	51.59904347724909	0.9973937572591556	0.2349394275074293
