6.054132610653414	4.448808837869639	0.9734414405789589	-0.2604541712649636
6.177146685525645	4.530170151066536	0.9939612811293486	-0.1811828813679725
6.296017455248612	4.602887202365355	0.9995969987872253	-0.10924567925050052
6.409644614980012	4.665430915419605	0.9919902622666661	-0.04692717389505868
6.517083323144866	4.717521954916137	0.9723846407475332	0.00512959783618036
6.617382219748011	4.760195773592557	0.9442701217985195	0.047775343807261485
6.710040697393893	4.795142097896279	0.9099762529142261	0.08262011047977785
6.794818475558754	4.824474493685052	0.8717370829575263	0.11181752472255345
6.8717913178858545	4.850192920836296	0.8313350701670583	0.1373220291374978
6.941331577106581	4.873994973338258	0.7907383696786988	0.16082717198964722
7.004130145955906	4.897018693453711	0.7508130570961504	0.18356369146657225
7.060933241743966	4.920054286164751	0.7121665055726506	0.20608631437684757
7.11268769810973	4.9436208563871	0.675031036407141	0.22908154227927943
7.160250687708745	4.967995203438054	0.6393593798322288	0.25279812626975806
7.20443297324623	4.993354603143213	0.6045575866773617	0.277146592055871
7.246144570448603	5.019969655845282	0.5708482149970591	0.30270065515067274
7.286074444904315	5.047854664942801	0.5378284236649638	0.32906049705097434
7.324935425810298	5.077192360679813	0.504466110631962	0.35665923044289094
7.363450862143422	5.108199386757041	0.4709528408782744	0.38539320033934343
7.4022222230084145	5.141106878299369	0.43641298762830727	0.41558923530131936
7.441909739794895	5.176214787574006	0.40031480120732443	0.447162456966208
7.4832121916974845	5.213964575456795	0.36227166011403555	0.48079223174324465
7.526768457096303	5.25474879765659	0.3212971484459976	0.515923808589266
7.573396651669667	5.29928995093739	0.27678112555541545	0.5535352273979994
7.623948089359395	5.348212448576789	0.22791226295292372	0.5937143408469441
7.6793267382337955	5.402304567946763	0.17371330120265455	0.6364484698052028
7.740518512995548	5.46249488027784	0.11318879293892992	0.6816399009301984
7.808538132346982	5.529776006592129	0.045413606903515855	0.7293474546557849
7.884398372607467	5.605041978612585	-0.030396729171269322	0.7784840473732781
7.968842616717933	5.689095220906154	-0.11458022203618405	0.8282530694750445
8.062303158288664	5.782368344508729	-0.20672662370499797	0.8771409146459961
8.164784137830589	5.884664463054462	-0.3057940477139415	0.9212274071718196
8.275409732290631	5.995360012224511	-0.40890008844672254	0.9584022513604102
8.392921383126302	6.113104183458618	-0.5129804964342927	0.9851674292693379
8.51566242229039	6.236437741772152	-0.6141422713025425	0.998531865011834
8.642973437695426	6.365162903535597	-0.7092985361454351	0.9962252511858181
8.77387697311644	6.49874416358915	-0.7951783238628805	0.9763845464236258
8.904788998825438	6.634752936408595	-0.8674843376007257	0.938386969214996
9.035725862454646	6.774795546859159	-0.9249872810516877	0.8813199919079546
9.166731044085505	6.921102801182278	-0.9667087875225686	0.8031346897817268
9.297914234742601	7.076586025924722	-0.9919270077239272	0.7011001362883978
9.429536394067352	7.244654301897318	-0.9998505585830465	0.572080584426289
9.562183153312041	7.428570214743207	-0.9902782302930244	0.41255519833145066
9.69706160270585	7.630383866524502	-0.9627375211203356	0.22163251323777178
9.836387413447994	7.848787836777893	-0.9160301489066239	0.0051903804895129
9.983581995991537	8.076663340326464	-0.8477291077260064	-0.22073866090701982
10.142650616834835	8.300809382939459	-0.7528443937953144	-0.43201956738212766
10.316924697862174	8.507554419016179	-0.6275480493558108	-0.6077367456631375
10.507297902919664	8.689874221298291	-0.4689444975843752	-0.7415833888342342
10.71204792352807	8.849323498170246	-0.27960525125568136	-0.8387261208319925
10.926260633555696	8.991003322340763	-0.0692424925748609	-0.9072287400809254
11.142039221042053	9.118463702692575	0.14587498390074055	-0.953244843546836
11.350540103256009	9.231459126763518	0.3474047775660001	-0.9812352589973796
11.545851492237862	9.327004579369396	0.5227375157309991	-0.9947389810075868
11.726708474933886	9.402133974957955	0.6674113501287636	-0.9992888522097024
11.894917006613579	9.455565156979594	0.7825835500328745	-0.9990331098625178
12.053305198479158	9.48800281405938	0.8710081295838226	-0.997989749924023
12.204287012270802	9.50136156060708	0.9348253963619769	-0.9967327876041937
12.3496975167436	9.49889367498561	0.9761415222157328	-0.9969649979560227
12.490649903312738	9.484529630259017	0.9968139792558919	-0.9981234634185865
12.627842108715623	9.463017310710129	0.9980694512996989	-0.9987990705594303
12.755215480339333	9.439954830697133	0.9822110643523795	-0.9995233614080736
12.881411084218911	9.420523791589906	0.9507580680136839	-0.9998663952964495
13.006202363489551	9.4094913142584	0.9048230681618521	-0.9995199138094382
13.129249152946624	9.410890475034634	0.8456553579219097	-0.999563855282577
13.250069638973942	9.42735574729664	0.7750794821706691	-0.9999190430868493
13.367957849378856	9.460201688034536	0.6953123472791385	-0.9988874968577302
13.481840139432967	9.50968958733557	0.6091224627665858	-0.9959491799686371
13.590360651589197	9.574895940963929	0.5197504446348502	-0.9882898392724095
13.691752395395145	9.654243240613608	0.430760601221013	-0.97335145312066
13.783938085211291	9.74562652718876	0.34577077435546816	-0.9487909690765545
13.864778146565595	9.846582439730598	0.26891167286694007	-0.9119818817134681
13.932127174124508	9.95475600050539	0.20352442856296937	-0.8624003196831425
13.984363038048848	10.067931453897602	0.15213488046286522	-0.7999260368478005
14.02057312438664	10.184196547506199	0.1163050819206763	-0.7251251798542955
14.04059786229132	10.301973357695571	0.09637249366855352	-0.6392618691352943
14.045457971858838	10.419824301180507	0.09153474930801872	-0.5443139820165753
14.037138635018623	10.53642999451784	0.09981580230137482	-0.4429918834326713
14.018664139106873	10.650462898227659	0.11820528244974665	-0.3381344624007234
13.993753867226685	10.760579743150762	0.14286119361140545	-0.2327529894528933
13.966661254918138	10.865457658879984	0.16961584943353689	-0.12973060981662873
13.941208229149172	10.96403136590034	0.19466353247514404	-0.031522171349742646
13.920667840047404	11.05563984753904	0.2147059452718885	0.06002604622093289
13.907058901923051	11.140237577616718	0.22798495153911424	0.14409581439098343
13.901562763421516	11.218362799378776	0.23334784296683092	0.22084287700332378
13.904464135093075	11.29104102099411	0.23051681145958658	0.2910696265577175
13.915717123931278	11.359585860919164	0.2195366374047041	0.3559143570609693
13.935145791678012	11.4254816084121	0.20057899365503845	0.41668065414822975
13.962567039682115	11.490301056246167	0.17365899293900713	0.4746908864931717
13.99803598297991	11.55559547635	0.1386324934822586	0.5311231928193365
14.04175512983297	11.622927670703454	0.09522055162990789	0.5869871287799296
14.094151444804409	11.693795636648147	0.04298719887379724	0.6427271266572678
14.155690473019837	11.769720342161449	-0.018511346275912843	0.6988027329574634
14.226929580742656	11.8520155004659	-0.0895973762033061	0.7551702035461287
14.308329960053594	11.941696411988561	-0.17026498245086283	0.8110650738280643
14.400023061515142	12.03938378532873	-0.25975901172453725	0.8639227193619645
14.501490458145085	12.145164270687973	-0.3562078105524757	0.9122193908090338
14.611747465132863	12.258383425587251	-0.45674340360739	0.9527781875325557
14.729224157658305	12.377897373792521	-0.5577991567916538	0.9822907415602794
14.852061213399523	12.502386936530717	-0.6552316137413217	0.9979183499727782
14.978491811522924	12.6307056972285	-0.7451752311652995	0.9978852852766408
15.109396198692119	12.764263924990948	-0.8257370456741266	0.9802375319769263
15.240310877410437	12.9001951193963	-0.8921948387655765	0.9443962496015739
15.371255463854336	13.040035042993463	-0.9434197275253307	0.8894658795335236
15.502281705881389	13.185886707607855	-0.9785388570169176	0.8139638843365213
15.633517851684209	13.340370547125161	-0.9969339753559393	0.7148163071351119
15.76526653683973	13.50655369795542	-0.9982003568899988	0.5895981326198505
15.898189112559539	13.687201922019577	-0.981909862749025	0.43481443578094253
16.033637810179865	13.88393032472663	-0.9471564969578545	0.2505229822786267
16.174092758333884	14.095104832170799	-0.8928861072451664	0.04203443868733674
16.323378661279378	14.314023561582266	-0.8162684404701969	-0.1758875613130683
16.486158665402918	14.529025049878207	-0.7118501535729151	-0.38176655751814587
16.666566498767263	14.727917226426296	-0.5744504122120325	-0.5567183971560536
16.86643625650295	14.90436644757513	-0.4005455272004302	-0.6938915895800303
17.084274719228397	15.059481271468183	-0.1932254273268081	-0.7966606967463737
17.314031349599357	15.197389620201713	0.03524855155165242	-0.8722763341265364
17.545120160290992	15.320166714519042	0.26312375476672506	-0.9254858360358356
17.766083889594395	15.425512331030998	0.4680963189021035	-0.9599014028245042
17.970057345370197	15.508767197191517	0.6375345130616544	-0.9799533904051472
18.156565289752457	15.566686465622062	0.7692964651154854	-0.9896726767086246
18.328657975228833	15.599196175191803	0.867021703021271	-0.9937045515510723
18.489907135488235	15.60892778154499	0.9356500252211857	-0.9946202259711002
18.643116972541783	15.600281501220634	0.9783736653532158	-0.9938066729528143
18.790177356950384	15.578858157014345	0.9981351809990644	-0.9915764355483719
18.931716662250853	15.551019634660973	0.9962080186143443	-0.9872222475142145
19.060457852926852	15.52392934002622	0.9774002560459738	-0.9829850888301742
19.1885506253655	15.502834139468595	0.9426451952863841	-0.9786593468482218
19.315847081388032	15.492474725799099	0.8928127229168796	-0.9763998824811815
19.442132921344854	15.496105919116388	0.8291034103360156	-0.9771918724694189
19.567073408880372	15.51565478806597	0.7530792324527243	-0.9814556246678257
19.690174696009525	15.55183434895661	0.6666938856233251	-0.9873496759456626
19.810644586030083	15.604602688436996	0.5723950964272526	-0.994213265703751
19.927456640057397	15.672964587787927	0.4730595789951472	-0.9989008457138632
20.039200849314224	15.755433893049279	0.37194204141502196	-0.9985091568937876
20.144139983906484	15.850033593543037	0.2725827228773552	-0.9895485627391092
20.24026689137539	15.954463852021375	0.17907602219747992	-0.9696359278879333
20.325491054932446	16.066461361928205	0.09467246753843828	-0.93603974414668
20.397873221137083	16.183809639396745	0.02246423950879774	-0.8884754611612775
20.455932580044852	16.304669789674055	-0.03555692541199514	-0.8267826564995386
20.49881075606869	16.42755760308864	-0.07834526359852977	-0.7517060142727436
20.526307298815343	16.55134279172898	-0.10571527301063219	-0.6646233576334062
20.53903758368184	16.675106238414234	-0.11838697577068706	-0.5673885212089407
20.538325520488293	16.7980533056756	-0.11767818934291882	-0.4622006024911425
20.526478417709253	16.919352926474893	-0.10588560445120823	-0.3515824030826954
20.50666240001111	17.038102917226787	-0.08616077591891627	-0.23827785114901048
20.482633174071548	17.153359342770454	-0.06223995461951828	-0.12507099175507078
20.4583581049624	17.264244969555417	-0.03798085471311124	-0.014505076832835029
20.438253690124643	17.369987525769805	-0.017889665439207038	0.09105592467615951
20.42537890593313	17.470412246166905	-0.005023350844137309	0.1904618670012455
20.421924908304533	17.565881689788334	-0.0015716254063279035	0.2830576410775505
20.429534106924162	17.657320939148537	-0.009175818362125752	0.369565397798778
20.44896405460956	17.746093415704195	-0.028592984177679814	0.45028760599751627
20.48068264129138	17.83397303881105	-0.06029070498516926	0.5269856455626042
20.524800504818145	17.922873047111853	-0.10421541296402975	0.6002636359561144
20.581623355005735	18.014531248649643	-0.160496463119689	0.6708893929315927
20.65116190885087	18.110595502088945	-0.22866956288582435	0.7389010995002012
20.733216921126097	18.212279343999835	-0.3077740097940899	0.8035274473896954
20.827139727958773	18.320257013572167	-0.3954658030260092	0.8627459690169436
20.93169932092556	18.434394826980387	-0.4892342266362794	0.914619853836743
21.045103784365917	18.554110452722046	-0.5848355455425791	0.9562766403158072
21.16524742539791	18.678359230009097	-0.6777319229661039	0.9849929447208317
21.29004136637675	18.80609825546021	-0.7639297593517618	0.9986351862494254
21.418587428659524	18.93727439429982	-0.8403521382356528	0.9956850758558814
21.549498381927954	19.071605909485175	-0.9039976476215367	0.9749687828604352
21.680432283263823	19.208701214436765	-0.9520169172805556	0.9358205493911962
21.811430020271555	19.35010880937364	-0.9836600508675731	0.8772607823930249
21.94259462184714	19.49778603186127	-0.9984751343304207	0.7968150541557961
22.074173294822497	19.65410575642342	-0.9961267243835245	0.6932178174007019
22.206712787218294	19.8212651716767	-0.976383378310361	0.5636124612034705
22.34135185614708	20.00084638235522	-0.9388490496723627	0.4071362410018342
22.480245262280487	20.192542289707667	-0.8824609331771701	0.22574258505335804
22.627021967766737	20.39285063992191	-0.8043873278519831	0.02748351665025774
22.786912297656972	20.594269068283133	-0.6994295151270804	-0.17298443225714233
22.966043171501273	20.786970434367355	-0.5609783565530901	-0.3583664654004705
23.16957306266033	20.963015515479864	-0.3822379585453611	-0.5161849576869199
23.399332307747944	21.11990578742761	-0.16182121674754574	-0.6437262527620982
23.65091055991617	21.259591712766458	0.08880406214993206	-0.7437963543180411
23.910938954352233	21.38321776873116	0.3417869845514704	-0.8204747103919898
24.160939810320812	21.487017942306455	0.5635362431652043	-0.8755555560932283
24.387962452451532	21.564106417892628	0.7350539839984426	-0.9099020909861033
24.59028806311551	21.610945120496275	0.8560510084903291	-0.9285009231876318
24.77256847823751	21.62990571638936	0.9354725677937179	-0.9351101411714996
24.940161973328983	21.627737741000214	0.9813965665369682	-0.9343758864909999
25.09704490540428	21.612710399492183	0.9988789358173094	-0.9292018847004132
25.238595381097316	21.59342938692636	0.9939786383661955	-0.9215457307624648
25.36844472063365	21.577126231600218	0.9719908531544531	-0.9150720320173857
25.497944212471563	21.56842497682196	0.933768917308227	-0.9116169154456686
25.626994433026073	21.570794633616515	0.8801203084383706	-0.9125578648453587
25.75543597817788	21.586573664385718	0.8121775083973982	-0.9188234428666486
25.883024422362546	21.617032072823378	0.7314144462239933	-0.9307500672099903
26.00941050168882	21.662544614235163	0.6396564556241261	-0.9461643549922001
26.134023084714592	21.723026967297006	0.5391575565012129	-0.963898500623176
26.256087885383174	21.79772667425817	0.43257361205056644	-0.9812127793556508
26.374551441909276	21.885430493935914	0.32296499613432117	-0.9939914416897275
26.48795854486742	21.984574983508367	0.2138081612652066	-0.9997935524605099
26.59467137677387	22.093176637777884	0.10861300486538933	-0.9943386459915569
26.69274716573592	22.20915787575631	0.010783291386737922	-0.9758500865042641
26.78040639467875	22.33040237903701	-0.07676291035103464	-0.9425574426999521
26.856172533465905	22.455055912361367	-0.15196806250286357	-0.8938947777264374
26.919072518708347	22.581664219018275	-0.2137651816904024	-0.8302618736509237
26.968717803918437	22.709195788734576	-0.2619904901042618	-0.7527289758102393
27.005340058357305	22.83695132913203	-0.2971528251588139	-0.6628059648020876
27.02982468218766	22.9644406983139	-0.32042598893468793	-0.5623035129925623
27.043652347734884	23.091287275646458	-0.3334340335436246	-0.4532486510913075
27.048984197461312	23.217132808876183	-0.3384498432515357	-0.3378529065972601
27.048583522615466	23.341619219995728	-0.3380729180033337	-0.21843975537819785
27.045828619094255	23.46438352691943	-0.3354813086116515	-0.09736022347067266
27.04450867893535	23.585126907263735	-0.33423960657528734	0.02316675520272435
27.048509555461063	23.70372272357155	-0.3380033351774556	0.14124633966463984
27.061444334381722	23.82033464259877	-0.3501714181146677	0.2554706809978359
27.086315100285358	23.935504250814436	-0.37343419872327877	0.36489619782545013
27.12532790996199	24.050140661415604	-0.40923249600294875	0.46887267186373954
27.179830232666482	24.16530695790529	-0.45826869232740086	0.5671476319792583
27.25008544919093	24.282119486779525	-0.5195280690186803	0.6591917831848797
27.335399152051583	24.40142386118069	-0.5905843630213424	0.7439547090358188
27.43413502519473	24.52362848756519	-0.6670088184710659	0.8198104737871941
27.543900026744492	24.64859391279948	-0.7445388898824237	0.8847075311035648
27.66193233435818	24.77593833068443	-0.8179621942185578	0.9366138768436878
27.785593993155494	24.90516473386507	-0.8826228894353692	0.9737634110287247
27.91273400066719	25.03591906927383	-0.9349892238686683	0.9948284841770307
28.041837051390548	25.168147099275547	-0.9726902495192156	0.9988880576582232
28.172779657124472	25.302392316413016	-0.9943832307015024	0.9852346906597305
28.303800489386372	25.438886540232865	-0.9990745837466175	0.9532919703821635
28.43502106680166	25.57856700178425	-0.9866367234099731	0.9021022858422031
28.566721766377906	25.722448946588965	-0.9571295389538076	0.8307159207404424
28.69950806527465	25.87142904362931	-0.910643831001569	0.7390813464634339
28.8345804364226	26.025876384515325	-0.8469949266486761	0.6267671738260413
28.974161417192263	26.185364438982663	-0.7647758836663023	0.49510872310525783
29.12203087623037	26.34823706793893	-0.6613853081860535	0.3477196121100601
29.283934450495888	26.51146041937382	-0.5321340281333945	0.19087606061118556
29.467474124429977	26.67099884101494	-0.36873472814805885	0.03251730910800759
29.680933558674614	26.823118678298954	-0.16338551329329826	-0.11927864098192067
29.92964038086484	26.965801067740642	0.08436907913409347	-0.25919002748062503
30.2088628410038	27.09836092546545	0.35565194958039076	-0.3844874920992278
30.4975810939536	27.21866047722131	0.6068504164158358	-0.49248372407572893
30.766595919950316	27.32042823077978	0.7961406574421721	-0.5783350497180112
31.00022131086451	27.397505337695115	0.9144037891116626	-0.6395370038532622
31.201030643512137	27.450509471122224	0.976529143756653	-0.6792894513045853
31.377854306954017	27.48608867824034	0.9988043190933504	-0.7047450360462261
31.52778683162733	27.512501497950044	0.9934135033176319	-0.7234186479334546
31.658426580099942	27.536523152626813	0.9705084750778104	-0.7396612779268057
31.788919086487613	27.562378791921745	0.9311307296528805	-0.7567571065031499
31.919199897829248	27.593418798819844	0.8759918707020125	-0.7767854986632585
32.04917489106131	27.632216776860673	0.8059959671953565	-0.8005611416850663
32.1786957697977	27.68062679525223	0.7227563042333054	-0.8284683115589642
32.30753681471466	27.73982474153066	0.6279718648286967	-0.860094180982381
32.435363988041246	27.810417336287443	0.5236684013982221	-0.8938905977118891
32.56167829740887	27.89253135261176	0.4122185718035729	-0.9278659583585123
32.685778398456655	27.985794416844794	0.2963289916323801	-0.9582030369136441
32.80662267418383	28.089408947928675	0.17909066873767876	-0.9828457276384074
32.92298949106291	28.201998931691055	0.06368788948772751	-0.9971325550495466
33.033310015937026	28.321868151999354	-0.046556506176131475	-0.9985071580977029
33.13602681037547	28.447034049302395	-0.14867858390284522	-0.9847577880270071
33.22973676422714	28.575638520725622	-0.24057792718816257	-0.9546422529853165
33.313438650062366	28.706113291113983	-0.3208292411991561	-0.9080210109785951
33.38676128164681	28.83730022778974	-0.3892728401949189	-0.845610667928255
33.44996660847146	28.96848953264636	-0.44664392175725753	-0.7685261512499241
33.5039264921614	29.099321486574937	-0.4942743821057466	-0.6784170708158617
33.550120441686154	29.22964812792115	-0.5340289157432789	-0.577170220542344
33.59057853500627	29.35943290657617	-0.5675558253054286	-0.46664689657478475
33.627857539014606	29.488671246167637	-0.5979103282806288	-0.3488094200117535
33.66492892169924	29.617410690704148	-0.6271976489986558	-0.22565433743759938
33.705109626687	29.74571236242358	-0.6578509395511832	-0.09920815205202975
33.75177385271977	29.87368693858884	-0.6923726089593297	0.02853794361950105
33.808041739350045	30.001525062810003	-0.7319472063196472	0.1556810371173003
33.87629818928118	30.12945722880422	-0.7765980309895595	0.2803739893682489
33.95775614771806	30.257712665471285	-0.8250649199772797	0.4007832949446618
34.05224718049718	30.38647081408164	-0.8749746439197658	0.515046674033454
34.15834542283894	30.515825851774878	-0.9209681430209544	0.6212642320072344
34.273621733412746	30.6457245326842	-0.9594979032256495	0.7175014071438692
34.39546256780594	30.776079101800104	-0.9864225314732399	0.8019520104496451
34.52152050517587	30.90679290364253	-0.9988694399910338	0.8730092410789655
34.650033001041976	31.037815432779354	-0.9952338688393898	0.9293317594949312
34.77985930603024	31.16916407631325	-0.9749055036782674	0.9695788109112923
34.91036126649398	31.30092658328034	-0.9379553364343937	0.993118084103594
35.04126462538692	31.433239033758905	-0.8848899508042358	0.9994562907475348
35.17263998585948	31.56626232217447	-0.8164340012870234	0.9882557724988961
35.30465570336292	31.700111401123124	-0.7334950406081415	0.9594177318181327
35.438005909270245	31.834833693782404	-0.6367597550385681	0.9131323574001318
35.573944571979496	31.970345236737664	-0.5262605898885496	0.8499610573652963
35.71455518118369	32.10640562009434	-0.4018641207890409	0.7709246193551368
35.86297212657748	32.24260754221073	-0.26214712789562133	0.6771470401315556
36.02348168329701	32.37842306954528	-0.10459921512280054	0.5712308667273498
36.20089794271918	32.513281556013226	0.07249622279629639	0.4557285205221441
36.39908740151764	32.64664803590929	0.2673592204221025	0.33339643701658667
36.61797035576393	32.77799036418873	0.4701725078143221	0.2071276343344614
36.85050090377476	32.90632848372723	0.6606998604037049	0.08027222635488156
37.082930691245885	33.02960170396397	0.8158380911429901	-0.04285063369296692
37.301633710586266	33.14464677846562	0.9216414497826295	-0.15719102548002775
37.499985280787826	33.248543089735975	0.97996855071355	-0.2587644135359815
37.6786711669909	33.34029095725738	0.9993580484570057	-0.3460899049498574
37.821150341568014	33.42116944437522	0.9924558073759806	-0.420845896542524
37.9520026211622	33.49381213964205	0.9681470677183943	-0.4855699658003889
38.08280683686022	33.56099642088549	0.9271144938637169	-0.5430930577975075
38.21352680750854	33.625925761448784	0.870321266476256	-0.5963841756251582
38.34410650012882	33.69170836466175	0.7987977601078733	-0.647800158036706
38.4744583182539	33.761050664175606	0.7138643144801148	-0.6989312262739962
38.60444535418845	33.836131245277436	0.617130167638511	-0.7505200744143457
38.73385634427464	33.91857181964392	0.5104951481310402	-0.8025035754404256
38.86237595005616	34.00943626223549	0.3961491793575118	-0.8531856980289374
38.98950941304402	34.10926523907061	0.27660232382139177	-0.9010000977166281
39.11457656704588	34.21799307247546	0.15463104935552358	-0.9424652150980917
39.23660121976596	34.33498409283097	0.033285039337159525	-0.9748629770802901
39.35440890413658	34.458988221602226	-0.08435968506583974	-0.9946676975482514
39.46666774767909	34.58831960044039	-0.19544498227701818	-0.9990326948457017
39.57208937711276	34.72111214609419	-0.29751643278135775	-0.9861822352728669
39.669726585302946	34.85561918422364	-0.3890709641547052	-0.9555361730096152
39.759173715624854	34.99050432844023	-0.46982570161597637	-0.9075422365584783
39.8406821445026	35.124933975195304	-0.5401990963073393	-0.8432443462721555
39.915178011584985	35.25852254690022	-0.6011772124983683	-0.7639984261781364
39.98421866991473	35.3911974771948	-0.6547937917767261	-0.6718991652406139
40.04988487532131	35.52305330758641	-0.7029249475582395	-0.5687189528757786
40.11466396113783	35.65425501008475	-0.7474437666610774	-0.4562801405843801
40.18130183384372	35.78498109023283	-0.7899684442724515	-0.33646282682170503
40.252581883154264	35.91539927011006	-0.8316067350020472	-0.2112099522201341
40.331012440260146	36.045659653071255	-0.8727250268149191	-0.08252330372349029
40.41846207780333	36.17589235202395	-0.91180798341328	0.047545537616807854
40.515698852332235	36.30618848659186	-0.947383040770687	0.1768912331241283
40.622427509882456	36.4366092534023	-0.9757917021832201	0.3033852911283208
40.737276439998745	36.567169557500684	-0.9942069165868643	0.4248901975814389
40.85836914805326	36.69785860393214	-0.9994452311574424	0.5391812210495515
40.98374663261645	36.82865015446844	-0.9893965631119093	0.644312067463633
41.11177269414921	36.95952087714424	-0.9630765635363816	0.7384841802174216
41.241290551395565	37.09046040170249	-0.9204073480469237	0.8200697200754682
41.37158786111632	37.22147375003198	-0.8619395477122045	0.887662170374096
41.502286448898495	37.352578735463645	-0.7886329621258937	0.9400920720858575
41.633240626213045	37.483799912980096	-0.7017113926150217	0.976438402869692
41.76448468796346	37.61515974809285	-0.6025568283227586	0.9960394650143451
41.89624189799646	37.74666796347681	-0.492600768970465	0.9985064718632698
42.028997007153855	37.87841145434091	-0.37318302448074553	0.9837255773046125
42.16359745112245	38.01029978054647	-0.24534885882703755	0.9518853539955611
42.301398553370554	38.14227262010325	-0.10984340798398995	0.9033119697183496
42.44433806643452	38.27424464698446	0.032815641196919036	0.8389068900974408
42.59483633053279	38.40610258629136	0.1822856295485559	0.7600395481897511
42.755360267430426	38.537705651248366	0.3369567248321881	0.6682125854156513
42.92745773503051	38.668879212176996	0.4932014561227405	0.5652182891094137
43.110650323456724	38.79931065399986	0.6434232284122945	0.45319510113841155
43.3013621348539	38.928394280464886	0.7767732842614393	0.3347502006539809
43.49340566502735	39.05502099298427	0.882554077576965	0.21313310016050618
43.68023881779151	39.177535507984075	0.9544320136361881	0.09219538772672824
43.857448124233315	39.2940650322823	0.9921913568756598	-0.024140970968680432
44.02363253202377	39.40315832300022	0.9987018378456306	-0.13282504630143993
44.15452451950926	39.50445148593698	0.9848317377232267	-0.23231270057665118
44.285404812556195	39.59829944567365	0.9541393080990168	-0.3224054167428071
44.41626020552699	39.686071283966236	0.9071539230381838	-0.4040689196094628
44.54706651126402	39.769911778907186	0.8446930093188026	-0.4793918123143371
44.67778428010195	39.85243730270046	0.7676457728868685	-0.549919960098172
44.80834305529694	39.936178814018795	0.677623358266526	-0.6177683723546699
44.93863422099936	40.0234506639031	0.5763244008948415	-0.6842173042199181
45.068492359994316	40.11613420148549	0.46567034882419023	-0.7484158941208886
45.19762937150468	40.21562612464352	0.3478735317926279	-0.8108379341514614
45.3256563909768	40.32277038898054	0.22537875233595023	-0.868530171468368
45.4519470320327	40.437839844821504	0.10092879574412036	-0.9195025568574042
45.57567020993584	40.560421282056254	-0.02256188092098891	-0.960506078591864
45.695774038966704	40.68942678303686	-0.1421378190411825	-0.9881084468340704
45.81106630396088	40.8232239026469	-0.2550703871937217	-0.9994510115880557
45.920412474045136	40.959920923519924	-0.35902573649663894	-0.9927213440938165
46.02301794416801	41.09772895759084	-0.45259550894555217	-0.9669939966655975
46.11859930617102	41.2353067600017	-0.5358426321847488	-0.9227834072859089
46.207542027294046	41.37187865976737	-0.6084286221036386	-0.8617915435036955
46.29098097107314	41.50711070464571	-0.6724762469666054	-0.7856766281032542
46.37060896129995	41.64103277010056	-0.7294323915090091	-0.6962024211260214
46.44857647879755	41.77384934150343	-0.7802182911865854	-0.5951585175024847
46.5272478191933	41.90581649979955	-0.8268189257479386	-0.4843608623731119
46.609094791286935	42.03719293255203	-0.8701278380600108	-0.3656003707709161
46.69640945905238	42.16820108278847	-0.9097280943461026	-0.24085683651151887
46.790872555693994	42.29900966640779	-0.9446696531413801	-0.11222130178895633
46.89330215429618	42.429737953445134	-0.9731066560269861	0.018225132800762097
47.00355502917415	42.56046294120215	-0.9926161155781503	0.14834101798773358
47.120644280768495	42.69122384688469	-0.9998980724248465	0.2759535280334082
47.24301211588877	42.822029827138344	-0.9927301996230699	0.39889903922118664
47.36904068921465	42.95287652476946	-0.9699303071092588	0.5150768779495944
47.49737101034691	43.08375622366355	-0.9309652305927388	0.6224964795173252
47.627017826509	43.214663346249445	-0.8760658422401475	0.7193170995141038
47.757358694949644	43.34559672545402	-0.805860821395688	0.8038805173811003
47.888050191287235	43.476558410708655	-0.7217727719343061	0.8747370978150625
48.01894434991723	43.60755056563404	-0.6252508074418452	0.9305366695425975
48.15003273555402	43.73857106337907	-0.5178976626842189	0.9702410661464432
48.28144078786535	43.86960815150133	-0.4013915619446538	0.9933355283014309
48.41346458076044	44.0006346229389	-0.2773923168311604	0.9994241008060198
48.54664545443708	44.13194155290232	-0.14743107062442967	0.9883639109372913
48.681856368899105	44.263291648996095	-0.01282132176398374	0.9603076692870849
48.82036217967732	44.39464827234531	0.12534542248952463	0.9157356449146014
48.963776859502644	44.52596139739216	0.2657450821170369	0.855434619236225
49.11379581721396	44.6571696297932	0.40677270532523846	0.7804884440677444
49.27174496066449	44.78817321300904	0.5453963231066191	0.6922801869341453
49.437833799801574	44.91879303111645	0.6764213135541225	0.5925111151224636
49.6104715408568	45.04867896438539	0.7926597337727117	0.48326806246154397
49.786229352024456	45.17718046882079	0.8869290907033114	0.36711034638056067
49.96075515866474	45.30325027370435	0.95368751825308	0.24724166103363
50.13020076159284	45.42551359575777	0.9906103637230663	0.1272255061169261
50.2923794776464	45.542580110896196	0.9991552831446275	0.010506450003481932
50.42327592621838	45.653471572949925	0.9870893258206462	-0.10016398240457743
50.554166682106214	45.75782287641782	0.9581626570255937	-0.20322158537900092
50.685044170018045	45.85610314311825	0.912872445141736	-0.29831186570217433
50.81589338895397	45.94964871836739	0.8520008423653782	-0.38607666361553883
50.94668611715751	46.040448306650966	0.7766086573474078	-0.4681235210870755
51.07737470419463	46.13084839398121	0.6880268021609531	-0.545971948367538
51.20787842329091	46.223157196557636	0.5878499002177391	-0.6207649968803627
51.33806412894325	46.31942457911847	0.47779810503932113	-0.6932776359750347
51.467724709756226	46.42131429696283	0.3601876060059533	-0.7629589160907642
