4.230488368940774	4.564078779194097	-0.4632645764829735	-0.14769723352339942
4.361419238858421	4.6947227706433345	-0.343645566669017	-0.017654588135511372
4.49234986898865	4.825175222667776	-0.2181601323942862	0.11251502909716526
4.623271107677464	4.955312860359692	-0.0889555764041806	0.2404900880901129
4.754181659725117	5.084869090149652	0.04176518628710264	0.3638809295108463
4.885083081655578	5.213373339645064	0.171776965917597	0.48026552342768086
5.015977827727122	5.340092876468894	0.2988679583404526	0.5872769835431045
5.1468695870478625	5.464010447801834	0.4208771179897149	0.6827765579126078
5.277764822629735	5.583871859556862	0.535731409983185	0.7651157997516844
5.408673930281511	5.6983174852572365	0.6412748511091004	0.8334358983335947
5.539608909356706	5.806031672563123	0.7358490003400189	0.8878820737215976
5.670578939688856	5.906015873613868	0.8178470874957084	0.9297056800569746
5.801579791617563	5.997709578819131	0.8858612945094773	0.9590576517219028
5.932598875798893	6.081176559518271	0.9387192834636854	0.9793399248709929
6.0635956894628755	6.156980152126717	0.9755054077159632	0.9920300139761213
6.19452112497746	6.2262758122970325	0.9955960913745394	0.9982127235960263
6.325377535528293	6.29650496915001	0.9986749280710653	0.9995816881243142
6.456277229392458	6.42738369296648	0.9846965140892756	0.9892157155387464
6.587176923129475	6.558240233398901	0.9538927334568668	0.9619644846271653
6.718076616334313	6.689058074737766	0.9067853296040164	0.9183080865525666
6.848976307468208	6.819815953084237	0.8441568989391669	0.8590144246421757
6.9798759911080115	6.950495300030965	0.7668499792087277	0.7851227830939645
7.11077564952983	7.081101254214325	0.6764650492997655	0.6979079129063825
7.24167522909369	7.211704648008207	0.5745441123907469	0.5988127815072145
7.372574579318812	7.342517049550722	0.4628248864990224	0.4893353573713749
7.503473308395533	7.474005060714395	0.3432115006869103	0.3708640169883418
7.634370466427159	7.60704133195815	0.2177425635143934	0.24440913695133332
7.7652638289872185	7.743066096029442	0.08855734971213064	0.11065293334893568
7.896148437582772	7.884212559532763	-0.0421390644396491	-0.030211038332537406
8.027013857027493	8.033292322612125	-0.1721108699281662	-0.1783110171821444
8.157838895661552	8.193485252401885	-0.2991256725435836	-0.33285908646003104
8.288576603489433	8.367425891454674	-0.4209820577620516	-0.49103906488984467
8.419134224113465	8.555838944452868	-0.5355392791207787	-0.6454540529349928
8.549326427490426	8.75575982738663	-0.6405697453992167	-0.7840760239184672
8.678837634542857	8.960204775625385	-0.7342859635767648	-0.8935925388225221
8.807266431235817	9.16046949910451	-0.8150904309498054	-0.9649621595046847
8.934307774825282	9.349873815839773	-0.8818374803398149	-0.9968908122758792
9.059976404311339	9.525806210776512	-0.9339048735888371	-0.9944327211964157
9.184683208185913	9.68900562995291	-0.9710330868828628	-0.9649846961808518
9.309094526098859	9.841738288556414	-0.9930537733403242	-0.9139054096901051
9.433871642164052	9.986673700164232	-0.9997144075480637	-0.8461555611247047
9.55951361629845	10.126107311991824	-0.9906957691973447	-0.7637828780639193
9.686272202775626	10.261943073328755	-0.96574717261553	-0.6692840895332893
9.814169599725473	10.395534204223647	-0.9248524553826752	-0.5644005448691944
9.943061654084373	10.527802359053338	-0.8683522471759972	-0.4506778984754709
10.072722977943107	10.659337057620856	-0.796989761016198	-0.3297863098612158
10.202919112533786	10.790485895443215	-0.7118885047585993	-0.20357187479932284
10.333451850174889	10.921434617216612	-0.6144911851310305	-0.0740463005968629
10.464176869373986	11.052265753845115	-0.5064895630328352	0.056654172153491035
10.59500150704343	11.182991230118771	-0.38976317232900426	0.18631615271807087
10.725872893360227	11.31355894238659	-0.26633140373302683	0.3126156377334864
10.85676472119203	11.443836005176905	-0.13831511076012293	0.4332970326438572
10.987666633782908	11.573575644620117	-0.00790245178067074	0.546175740682645
11.118578708644677	11.702377836039233	0.12268618597437157	0.6491636705313427
11.24951010596782	11.829662561451073	0.25119431107941514	0.740390371215707
11.380480760347012	11.95466828517737	0.3753877108759008	0.8183551488197357
11.511524269000475	12.076517056863224	0.49319549204795327	0.8821173777505635
11.64268883319763	12.194353054122294	0.6026345747936303	0.9314609415333155
11.774031827110669	12.307491221484796	0.701850911738988	0.9664765722717054
11.905612316184623	12.415579996879426	0.7891377024709545	0.9881846329262767
12.037472883366446	12.518697540304082	0.862950151121209	0.9985027988644181
12.1696381465302	12.62462320531845	0.9219375402198415	0.9981705428679919
12.302212862684296	12.755500030797386	0.9650041993354129	0.9821490018031747
12.435236157052277	12.886345555512007	0.9912590280516967	0.9490868504062854
12.568650858649118	13.017126848287845	0.9999283875770971	0.8998642716321448
12.699550551243835	13.147787056267983	0.9909390971807776	0.8353755425744256
12.830450239742346	13.27823846726301	0.9650259922907355	0.7568147881961147
12.961349912858104	13.40835882883375	0.9226336931954315	0.6656668224818414
13.09224953239472	13.538003620923893	0.8644865991781383	0.5636755104094209
13.223148978910437	13.667040809174722	0.7915766306279357	0.45277516409899543
13.354047907531712	13.795415128327031	0.705146543638418	0.33497402140260346
13.484945398720841	13.92324066473413	0.6066692301626047	0.2121954955345662
13.615839184702665	14.05090962615184	0.49782360763314504	0.08610818238701293
13.746724071493624	14.17919497193669	0.38046792896142856	-0.04200038290481822
13.877588935318588	14.309317421804367	0.2566115768365939	-0.17124012648564893
14.008411297576501	14.44294029909195	0.12838660180091108	-0.30096538501896536
14.139147937382575	14.582042822297577	-0.0019796930424971467	-0.43028072647964827
14.269717308197084	14.728602522727028	-0.1321339894319713	-0.5572850991845295
14.399967764426469	14.88401199540798	-0.2597059190138544	-0.6791943068502752
14.529654123117309	15.048371356011069	-0.3823437974301316	-0.789852471234394
14.65836404110259	15.219760201007926	-0.4977111645882809	-0.8828665615324176
14.785567311922417	15.394426790737862	-0.603650408851837	-0.9512302400696512
14.91070483773801	15.567775078660922	-0.6983727710363193	-0.9898429452957093
15.033374548323337	15.736011405931169	-0.7806623339113874	-0.9991191316089791
15.15366430993911	15.897083173843395	-0.850022001398896	-0.9821510761227719
15.27220003880947	16.05062499800277	-0.9064391053794233	-0.9414032387659287
15.389919985619828	16.197594274557943	-0.9497410688718307	-0.8822183971200234
15.50792670702907	16.33924460478843	-0.9797700733146741	-0.8072013682973821
15.627162957488203	16.476952861403458	-0.9963360253519954	-0.7183585692924476
15.748291680389519	16.611960852552638	-0.9987334623139164	-0.6181855830355207
15.871604288951668	16.74519915358131	-0.9861747175815074	-0.508351061570939
15.997041272506683	16.877348933683788	-0.9580528140095826	-0.39053201458560627
16.124293363099646	17.00887122827142	-0.9141556640823043	-0.2665109224887101
16.25293364828342	17.140054399476544	-0.8547698527055473	-0.13821204159284356
16.382534543875835	17.271063877460374	-0.780673023518827	-0.007690654703893987
16.512741179334615	17.401984232297032	-0.6930565694874965	0.12290538905702461
16.64329773035896	17.532848187022825	-0.5934286647834347	0.25134099473604243
16.7740405725424	17.663650834859318	-0.4835301235035342	0.3753737333245216
16.904876086079636	17.794349666606035	-0.36520114335485604	0.492885753707449
17.03575764785746	17.92485126734156	-0.24056626236589432	0.6018264794791399
17.166669668620248	18.0549908940159	-0.11182191723891759	0.7002769810754725
17.297619376132467	18.184513188729536	0.018847374599098746	0.7865121741942724
17.428637201633833	18.31306258485227	0.14924508721660923	0.859084309224106
17.559783421871053	18.44019954542289	0.27720247614995713	0.9169248063287617
17.6911568046459	18.5654513175176	0.40061331210767914	0.9594401202970362
17.822898767998833	18.68839506507979	0.51745512314474	0.9865626369775864
17.955184927733598	18.80875714560751	0.6257908308498674	0.9987186902698151
18.088205483706112	18.930837675637555	0.723759379535211	0.9962907249557367
18.222173715590394	19.061726335781636	0.809543200396818	0.9771235905992579
18.357330161658624	19.192585836251364	0.8810405975483234	0.9412785411746342
18.49372176835456	19.32338117994541	0.9369419734833806	0.8893928763547205
18.63120720737458	19.45404418002876	0.9757760579138728	0.8224093910693312
18.769440505703464	19.584453739268415	0.9964004690282184	0.7415873043079633
18.90791884809634	19.71441576998252	0.9981670777131566	0.6485133786143706
19.03881850501885	19.84365296578854	0.9821199570912261	0.5450989972861527
19.16971806615581	19.971816742392278	0.9490234479246453	0.4335409397052955
19.300617316792593	20.09853533352972	0.8997257540774817	0.31622074436726394
19.431515638259025	20.22351010110255	0.8350702270614729	0.19552554990797383
19.56241139360678	20.346647498188787	0.7561617713537543	0.07361338180580967
19.693300606363145	20.468189886115155	0.664349491346212	-0.04780616808998368
19.82417438231461	20.588802024603794	0.5612067053749259	-0.16758558513455887
19.95501428223084	20.70958186612541	0.448509578805566	-0.28508114897215076
20.08578450246597	20.83199058153693	0.328215782771384	-0.3999169640649203
20.21641912316876	20.95771174979263	0.2024446158603048	-0.5116205345625074
20.346801950839954	21.08843880043057	0.07345963991341607	-0.6192029851122818
20.476736819747558	21.22557138519431	-0.05634747917542753	-0.7207711060696675
20.605910741803434	21.369819196703503	-0.1844808861495209	-0.8129448345258576
20.73384706216787	21.520788454973488	-0.3083790307241776	-0.8909657574428619
20.85988160649837	21.67679038412654	-0.4255098708891194	-0.9509891437201698
20.983318468802633	21.835110643051912	-0.5336576884041476	-0.9873639070939485
21.10344939493024	21.992793229330513	-0.6310617306848417	-0.9999483486603785
21.220061044513482	22.14738168576959	-0.7168753477079659	-0.9873333794618122
21.333368913420674	22.297625501076784	-0.79096302948281	-0.9531994681222876
21.444281030029902	22.443193954413605	-0.853804276117342	-0.8992791081541832
21.55407274794399	22.584580540668753	-0.9059178955800229	-0.8286229273536256
21.66422658217476	22.722583882600816	-0.9467340075990895	-0.7438767267867116
21.77606433933242	22.858030775398948	-0.9764880646726433	-0.6469966396448151
21.8906236345555	22.991683167740185	-0.9944800790073896	-0.5397755018708494
22.00848948521023	23.124155023042086	-0.99945539844491	-0.4239137183173536
22.129736634939857	23.25590000421698	-0.9900932195211974	-0.3012261000533099
22.25400945295707	23.38722645234508	-0.9653659560907477	-0.17377606226216485
22.380689920918684	23.518325146449886	-0.9247930094089202	-0.04359106048960559
22.509096633633895	23.649307505054555	-0.8685230710920332	0.08720838421126248
22.638627865987587	23.780232141664534	-0.7972751610077218	0.21645073269880957
22.76882917320267	23.9111241285364	-0.7122141118297203	0.34196118272251014
22.899398142142278	24.04198563992695	-0.6148264104470578	0.4616076896917366
23.03015525979592	24.172798150111376	-0.5068271111287852	0.5733424324098962
23.161006956718737	24.303517291660427	-0.3900982487825442	0.6752398733828164
23.291916311026988	24.43406245814125	-0.2666455569686386	0.7655354501749287
23.422887486486584	24.564304937206227	-0.13855986812586654	0.8426702692817982
23.55396449401905	24.694060695104525	-0.00797515804285763	0.9052806946339794
23.68524261516432	24.82309580844107	0.1229781284657068	0.9523156317869403
23.816888006099358	24.951150718183616	0.2521614421412859	0.9833672606501547
23.949150355149754	25.077972636730344	0.37749726376484116	0.9982799599198511
24.082362861306287	25.20403307574743	0.4970406358687083	0.9972307036221774
24.216925036846366	25.3349493731973	0.6088485873142684	0.9792964349574966
24.353331279937855	25.46584478729127	0.7109914773566617	0.9446404213381997
24.491928564313127	25.59669202224834	0.8013605112947618	0.8938750522254518
24.632813880295775	25.727434022016634	0.8775447246314214	0.827914353597603
24.775707953509297	25.857958699438644	0.9365358521945298	0.7479879796555633
24.919935780947974	25.98806541825124	0.9769850851130377	0.6556650053887103
25.064524601674233	26.117430275437798	0.9975200597853842	0.5528788893979815
25.208417223453047	26.245592258829827	0.9968181867403836	0.44192374557261094
25.339316695362587	26.37199280937689	0.9783438898495715	0.32537196830221615
25.470215656418933	26.496038115361	0.9431600857537159	0.20592446995583658
25.60111311678377	26.61725014563869	0.8918682474520838	0.08613813876903392
25.732006535445308	26.735461875445267	0.8253446425535409	-0.03190331871736008
25.862889978827816	26.850977560353535	0.7447274024894874	-0.1468378921064542
25.993750804667524	26.964633977455687	0.6514010355784189	-0.25806946239616224
26.124564214970658	27.07773604546889	0.546979517111898	-0.3654974544476984
26.25528393605293	27.191890780744817	0.43328981832415414	-0.4690129517871192
26.385824320478743	27.308821217375186	0.3123603060800273	-0.5687366934538668
26.516042395272613	27.430211551380314	0.1863933947074324	-0.6640662614184398
26.645704517431625	27.55743661966889	0.057794992978384446	-0.7534893269419571
26.774445800116766	27.691302222185058	-0.07082974519764201	-0.834467804598687
26.901731409753765	27.831763789160036	-0.1968444864543447	-0.9035800904779653
27.026853781326253	27.977750602670675	-0.317631185227445	-0.9559592534305247
27.148922409405913	28.127286394450756	-0.4307341499260297	-0.9887700910912292
27.267150477123455	28.277931600481136	-0.5342142396957599	-0.9998870115292356
27.38107496112468	28.427428402798196	-0.6266693960712022	-0.9878242823734704
27.490683906349318	28.574297048887374	-0.7079938185383439	-0.9550164501371372
27.596703166186078	28.717832284864336	-0.7787981794779619	-0.9031587161471529
27.700393745899202	28.85806768461536	-0.8395771584059574	-0.8340732070642604
27.803360493543373	28.995494250606548	-0.8906873851159546	-0.7506705483103204
27.907305650654322	29.130699677832435	-0.9331507383285217	-0.6548838137200417
28.013839308270583	29.26428722307675	-0.9660260252130914	-0.5485256102208377
28.124111152602183	29.39676884584418	-0.9882734555339564	-0.43338580296094
28.238700066016786	29.528542094316734	-0.9988808988873912	-0.3113018762005238
28.357627561797322	29.659892190328964	-0.9961014171941891	-0.18416440909349954
28.480389493675773	29.79100786214095	-0.9784572741115565	-0.054086742913850405
28.606168146374767	29.922002354408427	-0.9450703087976458	0.07676620127675525
28.734080783359122	30.052938078906408	-0.8957832655481932	0.20622542211190592
28.863363254408178	30.18384601024235	-0.831097144906439	0.3321179662476452
28.99344952723442	30.314737731583687	-0.7520225257206323	0.4523131556582449
29.123970451825723	30.445611397904962	-0.6599306503707676	0.5647653146183115
29.2547120221851	30.57645210104441	-0.5564437702379912	0.6675521262464542
29.38556727860192	30.707227600223877	-0.4433648307816178	0.7589100860580248
29.516500933881606	30.837881012511467	-0.32262930898724906	0.8372699681875212
29.64753357693741	30.96832323444	-0.19626174328930132	0.9012954375757091
29.778745613130415	31.098429372916712	-0.0663269134509163	0.9499260297755973
29.910297446501172	31.22804426477247	0.06511515690579162	0.982383174342333
30.042458760052956	31.356996882661825	0.19600016137078802	0.9981492793260491
30.17563568851707	31.48528956226443	0.3243943030673779	0.9974121918243763
30.31036361062853	31.61624226716621	0.4484164264096956	0.9797091842069864
30.447324912648263	31.747178313189927	0.5661822962652491	0.9452675867016037
30.587151330525476	31.878074089895463	0.6755764166218572	0.8946935711854683
30.73025082647458	32.008881159787464	0.7738681573865267	0.8288911890286648
30.87657391379174	32.139500756262514	0.8576290539334945	0.7490745018671744
31.02546084547498	32.26974349590919	0.924425968270576	0.656795408972014
31.175680219874412	32.39927849589873	0.9710000297810739	0.553984585948366
31.325690350858824	32.52759681029953	0.995448177172732	0.4429756335650271
31.474049899518974	32.65402268254624	0.9981746013291126	0.3264589151260681
31.604949108995402	32.77779512022244	0.982172305122162	0.207318144852497
31.735847270793446	32.89820252297353	0.9491052091009222	0.08836079313800069
31.866742505526542	33.01479533724776	0.8998371566526268	-0.028054007252714133
31.997630300162093	33.12761667505005	0.835214070018627	-0.14037335761138958
32.12850087935498	33.23733080188173	0.7563476544598058	-0.2479878568011436
32.259334982537574	33.345178420982236	0.664601665844802	-0.3506876691885393
32.390093891869284	33.45273496629151	0.5615797440262231	-0.4491101409126985
32.52071096167471	33.561867381890465	0.44910996044178836	-0.5438132942378864
32.65107442013222	33.67440023241121	0.3292324222570789	-0.6346802216558766
32.78099765730617	33.79192407480803	0.2041932493156603	-0.7207584334454094
32.91017454774363	33.91562519030793	0.07644386112008353	-0.8006978625979557
33.038152189971484	34.04607274972104	-0.05139549481661525	-0.871832119920032
33.16429069181096	34.183004513745914	-0.1765898983007405	-0.9306152129533576
33.28776327203542	34.32524310613794	-0.29642111195731286	-0.9727383961884652
33.40759647591886	34.4708768382759	-0.40839129089387327	-0.9957863311820541
33.52297736738556	34.6176710280319	-0.5106695738508779	-0.9981108958723404
33.633476081713376	34.76362463167924	-0.6023491177206296	-0.9784464056421107
33.7391440059093	34.90746757512288	-0.683376304916012	-0.938935378202298
33.840796654843324	35.0486175650652	-0.7536048576319276	-0.8815523351241366
33.93979045867325	35.18706554375757	-0.8149683658013809	-0.8082645764413978
34.037887760310156	35.323188551439124	-0.8676663066501409	-0.7207059413317053
34.1369625445195	35.457515877805086	-0.9124773748369088	-0.6213463912981513
34.238798927538745	35.59053622959577	-0.9495117879229045	-0.5119818019175166
34.34483497177148	35.722670102155696	-0.9770115262801018	-0.3944178395351458
34.45580530795195	35.85423819777042	-0.9943682081828844	-0.27053288501958866
34.5718730381484	35.98547282086562	-0.999549208878582	-0.1422979300707858
34.69255178822725	36.11652545975486	-0.9906493246857658	-0.01178230051264221
34.81693466349862	36.24748707582358	-0.9663270350032281	0.11887096246149406
34.94398703796759	36.37840737408327	-0.926013441606397	0.24748428716724105
35.07278044043892	36.5093103621147	-0.8698905424473207	0.3717983876359796
35.20260968073496	36.640205051407214	-0.7987390323146505	0.489701070134719
35.33300530750796	36.771090728020354	-0.7137655883199557	0.599206392343982
35.463690616921554	36.901958023627046	-0.6164681927590645	0.6984467298473047
35.59452423666234	37.032786009176526	-0.5085497212509869	0.7857258818393803
35.72545561423765	37.163536681971145	-0.3918618434299556	0.8595516217426364
35.8565037785622	37.29414882446407	-0.26835761994881985	0.9186693319976358
35.98776056656312	37.42453428878015	-0.14003872198674686	0.9620976452410961
36.1194148025995	37.554580513402044	-0.00889485840416404	0.989163640206683
36.251789025671684	37.6841623511742	0.12315311563681927	0.9995305023496459
36.38537346303624	37.8146459531563	0.2541919780666239	0.9930678237143297
36.52084786945531	37.94563359885004	0.38238524669763374	0.9696313101843149
36.6590255273999	38.07660111748826	0.5058979801981143	0.9295786768336337
36.80070335983369	38.20752049450011	0.6226011130804555	0.8733782256459746
36.94644622194705	38.33833548244138	0.7298391778101574	0.8023342757547618
37.096228250649325	38.468931533847915	0.8233111988311628	0.7177716983988361
37.24921894358477	38.59908773972763	0.9002561527948622	0.6213628172359753
37.40385127406134	38.72841302401639	0.956328217230625	0.5151796719817352
37.55816280156583	38.85630388868688	0.989723941362745	0.40172092514561697
37.71031334792802	38.9819578829673	0.9996482101036106	0.2838528176754859
37.84121247505462	39.1044950162155	0.9895438225561115	0.16458684171501498
37.972110389666106	39.223122686278835	0.9625381018876552	0.046754706055132815
38.10300497685497	39.33734463021249	0.9190941646132643	-0.06737393735871294
38.23389131001641	39.447244753280664	0.8599565964048226	-0.17636153717750022
38.364758489379675	39.55352449169356	0.7861420922377103	-0.2796916229393248
38.49558481834933	39.65755219721688	0.6989280801948924	-0.3778997009845949
38.62633155586417	39.76115080809974	0.5998395202076056	-0.47158701415236226
38.75692886913698	39.86624298853624	0.49063892290719435	-0.5613364965062609
38.887256529736625	39.97470564855955	0.37331866816709974	-0.6476591428904225
39.0171252276416	40.08817766320081	0.250087393471993	-0.7299309446423226
39.146236581276	40.20786361097221	0.12335028332512005	-0.806245667027907
39.27412159796825	40.334373483152085	-0.004210656318449151	-0.8744356554274976
39.40012821687841	40.46755325335949	-0.12983273808581416	-0.9310769832535256
39.52339939186919	40.606393316984686	-0.2507674381831832	-0.9722945266998779
39.64293080530161	40.7491528189224	-0.36439129751314797	-0.9953243987360872
39.7578206025949	40.89371571240434	-0.46862026738713736	-0.9983351513622061
39.867513933312075	41.03809622690221	-0.5623874973387117	-0.9803469303531378
39.9719565183907	41.180895283076055	-0.6455973291127405	-0.9422401034027329
40.07177397135134	41.32142505608846	-0.7184003299036111	-0.8862629901062353
40.16825777421854	41.45954561705575	-0.7819749631462678	-0.8143432129575217
40.26313475707656	41.59550790005056	-0.8375373543622137	-0.7283880705142143
40.35838213224028	41.72974364144137	-0.8855359054655301	-0.6300031251126027
40.455950421128826	41.862721460902854	-0.9266939509628982	-0.5214484721370543
40.557565608313325	41.99483400647926	-0.9597095020625134	-0.40453111922838725
40.664317256734115	42.12638817601345	-0.9841810976169337	-0.2811282986403473
40.776705356153656	42.257611378056076	-0.9979168950449083	-0.15320688157927584
40.89445346757718	42.38865390858881	-0.9983119817239049	-0.022831885173013287
41.01667526480601	42.5196065340172	-0.9842462374430045	0.10785603619642267
41.14228416175517	42.65052048145754	-0.9545655356113133	0.23668051913896074
41.27019999411404	42.781420499652896	-0.908927912360789	0.36147226305600333
41.39954067407222	42.91231632268844	-0.8477127487150529	0.4801150927832835
41.52968584188386	43.04320932133441	-0.7718424431470764	0.5904634112409652
41.66025121938373	43.17409489457537	-0.6824976649872148	0.6906355906955233
41.791027378400734	43.304960853319685	-0.5812978016082283	0.7789786013913259
41.921924501469896	43.4357831925508	-0.4701025597266893	0.8539842371383228
42.052937349092794	43.56652091911432	-0.3507891886516743	0.9143755938235787
42.18413887828417	43.6971112688478	-0.22530543313681542	0.9591385031423287
42.31570054740048	43.82746893602828	-0.09560722873710617	0.9875531175308679
42.44793141815636	43.95749222075694	0.036406629054750374	0.9992209864928626
42.58132198466531	44.08791504749531	0.16893986324783872	0.9940008682819101
42.71657834751887	44.21893809765223	0.300297290046423	0.9717863872145931
42.854600443603104	44.349944299045816	0.4286983266619707	0.9329411221099002
42.99633803564514	44.480906804309754	0.5518286136993942	0.8781428469584174
43.14253224789105	44.611776738119836	0.6673342791884643	0.8083054913122628
43.29340857281248	44.74245370732511	0.7718992918165328	0.7246034418611412
43.448359113910946	44.872736198701375	0.8603848489721668	0.6288971661546453
43.60578975905316	45.002257492658394	0.9299403156910081	0.5232184018081615
43.763478354808015	45.13041842020057	0.9756735297258157	0.41004430217322696
43.91922856104067	45.256392219905635	0.9980044532535393	0.29225493688933596
44.07133429448449	45.37920869511344	0.9955609983206515	0.17295279389220733
44.20223253463191	45.498021244545065	0.9754299934629753	0.0550360035824246
44.33312799431692	45.61221663431842	0.9386365052391195	-0.059084263466330965
44.46401639337025	45.72171007331747	0.8858096717742865	-0.16775032419731178
44.594888078518686	45.82708069483915	0.8178557642023546	-0.27044637609402866
44.725724174305746	45.92967422795036	0.7359477667409992	-0.3677385092741297
44.85649095264521	46.031310932769095	0.641513028081409	-0.45998340049474296
44.987123260592305	46.133912394384005	0.5362266547567073	-0.5485057067457153
45.117517701925514	46.23947223566899	0.42188204858933154	-0.6336542863640112
45.247504685525946	46.34970166561282	0.3007881762121394	-0.714683247662295
45.37679945613633	46.46592842418202	0.17533197973415235	-0.7908516715849372
45.50498287499934	46.58894738640372	0.04807895279330182	-0.8598736614932389
45.63144627468393	46.718839129457805	-0.07824003995119447	-0.91863452541735
45.75537307273106	46.8548592947854	-0.2008311741498012	-0.9636449669731673
45.87579403509816	46.995482544781666	-0.31705201054693605	-0.9916855856756931
45.99174811311242	47.13868513083439	-0.42470722267725924	-0.9995353439901655
46.102429243641225	47.28246400171323	-0.5219273136942068	-0.9869672129730204
46.20761384502967	47.42521127027708	-0.6084853599133484	-0.9546375588916771
46.307731558633485	47.56597319029802	-0.6850107818971353	-0.9038010143498509
46.403863234113125	47.704446948364435	-0.7514202194238444	-0.8358584599088272
46.497572110382414	47.84079199226705	-0.8101414467506107	-0.7534860700004066
46.59086294882965	47.97536952288947	-0.8608486017127892	-0.6585483109209991
46.68572111028049	48.10859448515312	-0.9054839373932075	-0.5528659604619475
46.78411891786723	48.24087210283134	-0.942382316205026	-0.4382433635219252
46.88740651407499	48.372523644476004	-0.9718207735025828	-0.3165458323349506
46.996442087468765	48.50379714490776	-0.9918356665324783	-0.18971671544146282
47.111275812236784	48.63486095485989	-0.9996038501200685	-0.059785820163317994
47.231204469731274	48.765819628402404	-0.9938412145115441	0.07105396178684548
47.35518550641332	48.896733358248724	-0.9729522244529607	0.2006044395539115
47.48205176094581	49.02763157944631	-0.936153587725766	0.3266896457315023
47.61077407335711	49.158526555268374	-0.8834651845562133	0.44717547905588106
47.74058408548765	49.28942147918692	-0.8155497168477388	0.5600138234380034
47.87098037624288	49.4203141846571	-0.7335254172561186	0.6632818179078859
48.0016740041611	49.551197167013676	-0.6388202738439889	0.755216371040365
48.132523585483796	49.68205475074627	-0.5329660450717939	0.8342452300225943
48.26348816437527	49.81285765214598	-0.41786495511922706	0.8990160975208085
48.39460911628525	49.94355798691849	-0.2954961220076678	0.948426579506321
48.52601989898906	50.07408693193054	-0.16779934042682174	0.9816547467367979
48.65798025209533	50.204356928042856	-0.03668173181330438	0.9980803165343242
48.79092639099715	50.33429952886349	0.0960451883151053	0.9974635622718266
48.92551441931389	50.46534200348317	0.2286877394241531	0.9798086815614031
49.0626392035871	50.59637522732286	0.3596222282358384	0.9453891761206454
49.20332151040143	50.72737490523899	0.4869005425710685	0.8948093679245357
49.34849368157825	50.85829992765736	0.607922216599355	0.8289682681456759
49.49864895917055	50.98907068998181	0.7198829080484647	0.7490652369701174
49.65349784766912	51.11952534149771	0.8181965096926815	0.6566259687164047
49.81171831161054	51.24935695968153	0.898498932821731	0.5535524724970808
49.97113830451611	51.378039419710824	0.9565838471164549	0.4421857188364062
50.129309112161714	51.50479248629859	0.9904709019644863	0.32531698455720603
50.28417428533767	51.62863905806905	0.9994129720704162	0.20606135490548672
50.415073017256056	51.74860693143109	0.9883723324255105	0.08751621077840376
50.5459697936629	51.86391499370519	0.9604491398438142	-0.02761802916564157
50.676861412559816	51.97422566290568	0.9161216754673336	-0.13746318433150057
50.80774077118197	52.07992351089958	0.8561501798408515	-0.2411934587474328
50.938593274583376	52.18209478896877	0.7815680017717967	-0.33879731243360567
51.069390206019456	52.282380981131396	0.6936717662986798	-0.4313732020934973
51.20008313443148	52.38282526480356	0.5940083736380011	-0.5195268528992663
51.33058379395726	52.48542100161669	0.48437004206388834	-0.6042364862575107
51.46074980627215	52.59204360725937	0.3667490791160781	-0.6858073773646656
51.59036029260671	52.70421326077025	0.24341209908782957	-0.7627695849685057
51.719047077436066	52.82296226378279	0.1169400365123737	-0.8338601872504003
51.846281055482855	52.948703965411525	-0.009995691319536384	-0.8964077427119075
51.971330386525935	53.08107573414892	-0.13460402397561186	-0.947046481244162
52.093273419103774	53.218903234206564	-0.25413119006703394	-0.9823378774823404
52.21110535135883	53.360366563970494	-0.3660883029779931	-0.9985330904062784
52.32385152013322	53.50343400168641	-0.4683176450886171	-0.9948720744498236
52.43101667990627	53.646265425414995	-0.5600159297728629	-0.9712303515098859
52.532696361277594	53.78758955291731	-0.6413743198380032	-0.9283774355691236
52.62964325936118	53.92681548769606	-0.7123899731708243	-0.8676108569867221
52.72319722992179	54.063903400893096	-0.7749698777976735	-0.7915460360831839
52.81521524286697	54.199105545059524	-0.8295064318122793	-0.7020689145244937
52.90772741012864	54.33280437021125	-0.8778078358158072	-0.6010170158792698
53.00284107409614	54.46540991555175	-0.9189587979146745	-0.4901933225277601
53.10223660984107	54.59726901940585	-0.9536564988718258	-0.3714382947989205
53.20720387516559	54.72866165439033	-0.9798061319268417	-0.24662359759874214
53.318189325031355	54.859784880231864	-0.9955752400456561	-0.11779095346193981
53.43489176816233	54.990768547384235	-0.9991264014021045	0.012888625279803272
53.55643850459265	55.121689237847185	-0.988407863211552	0.1432608711080647
53.68164437496583	55.25258704475316	-0.9620999577968066	0.27114572853822555
53.80933631745958	55.38347995482435	-0.9197421745101128	0.394383982598846
53.93856060924286	55.51437412154181	-0.8616330871033449	0.5108831568332047
54.06864910773616	55.6452696669989	-0.7886378373191141	0.6186591927679443
54.19918931337899	55.77616250822779	-0.702009691120734	0.7158730290935107
54.329957782670505	55.907042993894336	-0.6032658913249727	0.8008628474767698
54.46085899105662	56.0378921997396	-0.4941098501852782	0.8721735668515964
54.59188948994772	56.1686770365185	-0.3763745707647684	0.9285853931857336
54.7231326237447	56.2993460354103	-0.25196529591742467	0.9690206153705551
54.85478349926511	56.42982875883816	-0.12276931912029898	0.9927568567122838
54.98719621373637	56.56003836505513	0.00931864166933594	0.9996428995564745
55.12092950150551	56.69109462181584	0.1425106118083831	0.9894927980821085
55.25679362738083	56.82215130643844	0.27518461882652245	0.9624028147874145
