5.19656038267232	1.9431220385337709	0.46528753313843846	-0.363735683272136
5.479930918934755	2.0592879752284543	0.6941336858327225	-0.4691362674762314
5.736667331436742	2.1560459652850152	0.8539821921277434	-0.5521696673788484
5.9577665347317685	2.2291210032663957	0.9472431216314083	-0.6114908588966743
6.148952305517552	2.2810440249961665	0.9907743886522633	-0.6517467404196193
6.3190569863759505	2.318776095778479	0.9988734286619325	-0.6800453289262344
6.449795563505472	2.349854628227909	0.9857103032440404	-0.702275644669083
6.580428391108993	2.3794598628848638	0.955775204179721	-0.723206263508357
6.710908537957075	2.411384666635806	0.9096316485568235	-0.7446882349048956
6.841160410965052	2.448785609433843	0.8481509987518163	-0.7694178538238224
6.971083789067175	2.4939940956685454	0.7725060285515445	-0.7972020734078356
7.10050332601167	2.548746274706608	0.684169165459314	-0.8289520217397353
7.229171279205789	2.6140944447126055	0.5848841853750332	-0.8636624486585357
7.356711094205456	2.6905574598791886	0.47695703031920716	-0.8997376473725922
7.482573788544432	2.7781557067143536	0.362872222563643	-0.9343670425682896
7.605951320562905	2.876447254524959	0.2454727223697206	-0.9647286998207842
7.725770625670185	2.9844585566686512	0.127848760373182	-0.987192457338505
7.840662253469654	3.1007399727314002	0.013310618433474669	-0.998716997353641
7.949127413452178	3.223454449328206	-0.09495574400936407	-0.9962361471940935
8.049649452945308	3.3506852049505924	-0.19437969178256076	-0.9777948951470401
8.140941576037223	3.4806700249481923	-0.2829019522058226	-0.9426171972646589
8.222284486683717	3.6119554989483196	-0.3599512751568039	-0.8909645204298845
8.293522393672973	3.7435876621314397	-0.4255203329783395	-0.8238105749100859
8.355194589473635	3.8750035906149685	-0.48046917066535133	-0.7425704344231123
8.408472885644635	4.0059389040552595	-0.5263641264624614	-0.6488985707743612
8.455080353994846	4.136312241204931	-0.5652759786825439	-0.5445841884544321
8.497243962544312	4.266133472685847	-0.5995912268404484	-0.43150978054682365
8.537673346143013	4.395453296080634	-0.631531452376681	-0.3116288438854316
8.579489883624102	4.524337555046861	-0.6631919661087246	-0.18694272088727637
8.626002712763537	4.6528710810627985	-0.6973003953067812	-0.0594787458432047
8.680475121014286	4.781204627085547	-0.7353686746902788	0.06874677699253212
8.745633555409821	4.909529273826233	-0.7778705812686215	0.1958164679326412
8.823224673649005	5.038049876689995	-0.8240588183395139	0.31983687773952285
8.913693401491525	5.166945323320526	-0.8720163017762081	0.438904662349819
9.016156974422792	5.296331431506822	-0.9172168167851005	0.5510886959330015
9.128556926556948	5.426201985434125	-0.9560603000588941	0.654420676657525
9.248381296604094	5.556496840548064	-0.984179623584725	0.7470153526147876
9.373171583879715	5.68712595289979	-0.9983792711585331	0.8271463587297162
9.500959984555546	5.818025880871343	-0.9967705730329031	0.8933264346808146
9.630401934817307	5.949187136550352	-0.9785514173878533	0.944337432156281
9.760699703011815	6.080658452230051	-0.943685952685001	0.9792269218581406
9.891458689146697	6.212535788351875	-0.8926358915970858	0.997291142102929
10.022574965144477	6.344939770782278	-0.8261698151481032	0.9980605644828698
10.154235370587934	6.477992470979196	-0.7451845188255646	0.980910643315193
10.286851293941918	6.611763801372866	-0.6506032307585218	0.9461729801102928
10.421375100591652	6.7462341172808795	-0.5430315569237855	0.8942844767776101
10.559435691858704	6.881253347564609	-0.422398494817434	0.8260174953706091
10.703579216926965	7.016532727110727	-0.28773635906292555	0.7426124321219081
10.857378806026977	7.1516770937336265	-0.13770868609285644	0.6457894697502833
11.025199409784172	7.286209331064658	0.029605633518099066	0.5377168802922683
11.211171442627714	7.419680785709081	0.21382586579388088	0.42071217102446784
11.417127048815933	7.551636465479833	0.40901447961367754	0.29767385784019657
11.63949604360881	7.6813958147111245	0.6001121910598375	0.17167003463278074
11.867910951430638	7.807528112569482	0.7656803248290366	0.046422962245807164
12.088930564652198	7.927486779180609	0.8877520653795011	-0.0734146954072161
12.293087805282466	8.038255480603897	0.9624588082264761	-0.18321226414749694
12.478076234619005	8.137829542321727	0.9956308871361629	-0.2799139774379668
12.646369041524924	8.226186649898478	0.9964114768236682	-0.3636221415800337
12.777237905326707	8.305399421804829	0.9774078113766526	-0.4361086492529853
12.9080718724756	8.377864094399028	0.9417285335174461	-0.5000221870159209
13.038842336923116	8.446513799533008	0.8900072676934047	-0.5581919133149289
13.169503964722498	8.514464485262781	0.8231708371385702	-0.6131958710501959
13.299985495488322	8.58458981094513	0.7424355859515305	-0.6670168488061003
13.43017576333889	8.659307837428555	0.6493043902263044	-0.7208468011311391
13.55990349323049	8.740499381370414	0.54556553076084	-0.7747243273828053
13.688900086024205	8.829503467674217	0.4333016094522906	-0.8275874435916127
13.816745060042445	8.92712316882362	0.31490839989099906	-0.8785762739794086
13.942866589855344	9.033552403571118	0.19304537667126348	-0.924124238421884
14.066402893389501	9.14842579802021	0.07068621192235908	-0.9616026267030038
14.186267906952835	9.27073716196786	-0.04906866503479719	-0.9876762761808837
14.301196497425012	9.398952632068138	-0.16322050348832493	-0.9991889402513965
14.409888501137367	9.531239139385592	-0.26923117281271286	-0.9939215215472905
14.511253448475244	9.665778642536724	-0.3653921094710169	-0.9708354970601818
14.60466554329042	9.801065361178763	-0.4504344029505006	-0.9300148226579155
14.690182061112827	9.936056214620555	-0.5250937668509155	-0.871917719434395
14.76846253798286	10.070248806829863	-0.5901372090761843	-0.7985059485118827
14.840886009237078	10.203475763600204	-0.6468503482153732	-0.711494957758122
14.909375437882817	10.335787309033048	-0.6974328980045247	-0.6126461141450216
14.976280916818009	10.467347706750276	-0.7437133807564034	-0.5037607389675254
15.044251394073518	10.598348502593677	-0.7873277328527296	-0.3866919569334812
15.116033115122793	10.728972575568143	-0.8294669324675632	-0.2633552880889367
15.194182973207944	10.859381906070016	-0.8706442864930067	-0.13573057295934005
15.280718787486135	10.989714746568575	-0.9098217519600731	-0.005855686333219598
15.376683620912646	11.120073563367244	-0.9452581477152029	0.12417416168838663
15.482016393653176	11.250524546849023	-0.9741188432663883	0.2521683120169447
15.595626033918922	11.38109620875772	-0.9933686268413356	0.3759524485953684
15.715764018277683	11.511785507527566	-0.9997550128142134	0.49342031404129916
15.840489791646812	11.64257059747031	-0.9910412967100226	0.6025411656080117
15.968116547296884	11.773429117514887	-0.9661212277340481	0.701424801797072
16.097411163969248	11.904348628355494	-0.9248301166832911	0.7883633066845364
16.227590417356932	12.035329926719143	-0.8676684848717746	0.8618594768649586
16.358221170516707	12.16638550860326	-0.795572410415593	0.920645974406685
16.489114394064575	12.297534773625273	-0.7097604815697603	0.9636992687718786
16.62026046834994	12.42879667701781	-0.6116286787042258	0.9902518371327121
16.75182208401927	12.56018058804204	-0.5026513646715907	0.9998055985561035
16.884189696982126	12.691769308968055	-0.38425490508737714	0.992139637000791
17.018064966388117	12.823504383557378	-0.257683686016889	0.9669635056452952
17.15462348399944	12.955331816012947	-0.12381266783942864	0.9250233745310308
17.29557178550713	13.08717743550216	0.01680113096847689	0.8670680818753668
17.443091776467096	13.218949553892127	0.1635193539545267	0.7941500644812958
17.599543073530295	13.350530483186139	0.3152485642280897	0.7076333291385579
17.7667517746112	13.48176598150194	0.4686913109259501	0.6091810493892706
17.94483343449494	13.612411974924383	0.6176128919537085	0.5007730659023623
18.13124921657102	13.741985315615304	0.7525573993202391	0.3848162287397315
18.32077215398517	13.869577133662604	0.8630081536894729	0.2643039938801317
18.50711485345316	13.993745589368654	0.9414779730474034	0.14286936821044532
18.68535951339299	14.112704256109662	0.9860878501816512	0.024446592419694085
18.853327189668665	14.224854646859264	0.9998815610900159	-0.08753199073135078
18.98422151778267	14.329396803884393	0.990706727081432	-0.19102508453496225
19.11510737714574	14.42649796933507	0.9646154322908833	-0.2851785167104098
19.24597401604186	14.516999582268628	0.9220623723866506	-0.37073194432358225
19.37680262576854	14.60287730075086	0.8637904538818794	-0.4488413292612171
19.507557689817236	14.686476459761316	0.7908269211905226	-0.5219047246691688
19.638183513050212	14.770423151974692	0.7044746917667516	-0.5916861432303675
19.76858891553652	14.85711414215721	0.6063072330749196	-0.6590212480948661
19.89861937976241	14.94856448485456	0.4981722473048112	-0.7251391808408019
20.028051983862355	15.046347511642267	0.382172281253813	-0.7886122467774985
20.156510502217287	15.15152291145687	0.260705346230076	-0.8489321201827307
20.28348050411307	15.264545083178119	0.13640146123376273	-0.9031951282693682
20.408211800231374	15.38522964626514	0.012132461584252265	-0.9481525344071157
20.52970288109038	15.51271133329413	-0.10909522952675185	-0.9808136355181356
20.646809234023944	15.645499869541295	-0.22442241327151957	-0.998038299965297
20.758375408788584	15.78173846192588	-0.33146638114170945	-0.9969970384703353
20.86340559242679	15.919595964330886	-0.42865710118360245	-0.9772408708223588
20.9614520922286	16.05756605221232	-0.5148394749370913	-0.9390524272362042
21.052767585786665	16.194655256287025	-0.5910218322115409	-0.883552464023101
21.138254141911485	16.330424199270244	-0.6574872927089468	-0.8123089120688249
21.219433692177358	16.464806756064963	-0.716431815583411	-0.7269457500450237
21.298316787151204	16.59798713940782	-0.7694014931326743	-0.6292251663706088
21.37727968215535	16.73023660776383	-0.8171375596339913	-0.5212278351987372
21.45873819709896	16.86181208771222	-0.8611623624138516	-0.40478868144679303
21.545013628964686	16.9929469725432	-0.9019619472803796	-0.2818003694107909
21.63801141039741	17.12383071955574	-0.937855395473697	-0.15423334538984085
21.738719183291284	17.254595322518192	-0.968275769204888	-0.024148375909968982
21.847333331778447	17.385335271539088	-0.989275642362177	0.10633304333177479
21.962947430683933	17.516094782128377	-0.9991143263503753	0.23503688643274825
22.084185167207547	17.646894075651264	-0.9951846789383166	0.359792883423821
22.209452429520812	17.777733401418967	-0.9757858421602983	0.47847440261847346
22.337317743724196	17.908605790931592	-0.9402153317542516	0.5889921462716812
22.46670438219589	18.03950499345363	-0.8886073529317364	0.6893285969195082
22.59690928000078	18.170428792963133	-0.8216942877519999	0.7778811685896128
22.727530504640956	18.301378411507446	-0.7406060050124182	0.85313755939657
22.85837694401367	18.432355884553942	-0.646737017446011	0.9138102253468395
22.989405352581787	18.56335960264681	-0.5416591286602794	0.9588566464403707
23.120700763068697	18.694378991012652	-0.4270453526651435	0.9874985752563292
23.252501799242122	18.825389732924013	-0.30448883807260463	0.9992410465288042
23.385264665738983	18.956534535644987	-0.1757133773074916	0.993872834575682
23.519744445986824	19.08785355902226	-0.042172694630012	0.9714250509130083
23.65706851566259	19.21918961375158	0.09493368027289964	0.9322683152069842
23.798724930231405	19.350499529542915	0.23449518650072088	0.8770834283250518
23.946397856230483	19.481725536643246	0.37497156065884135	0.8066570258342005
24.10158037009378	19.612784624632965	0.5135792325330313	0.7224314638904188
24.26484056522932	19.74353142284543	0.6462328047707788	0.6261032798281931
24.435178859500496	19.873675855162556	0.7662736182025063	0.5196386557402276
24.60968412182166	20.002669076307065	0.865922781645493	0.4054637303449804
24.78419690853302	20.12959197782411	0.9394109101817774	0.28655078333900774
24.95469251765799	20.253165994915776	0.9839212290215699	0.16633782361748736
25.11848902267855	20.371981878138204	0.999552401025311	0.04833855004924249
25.255865560706646	20.484937052345998	0.9923536382250445	-0.06453540375653266
25.386758713880997	20.59151864582054	0.9678327781690416	-0.17026831889331814
25.517641472294837	20.691797515603763	0.9266359101833515	-0.26800575857493636
25.64850141022119	20.786901827860518	0.8696366079083149	-0.3583019254751777
25.779315602115165	20.878683829790027	0.7978297000747626	-0.4422678712125917
25.91004218642662	20.969366062933208	0.712482513951356	-0.5216502416677888
26.040612364167178	21.061286066151208	0.6151253808605746	-0.5977516450320912
26.170912141918325	21.156581792806463	0.5075463764277113	-0.671232805219037
26.300756833154914	21.257032698611937	0.39178918785901984	-0.7421043262536373
26.429857937123913	21.363976814790814	0.27015103892120107	-0.8096614689198606
26.55779571304047	21.478194040208503	0.1451609128194203	-0.8710645633006195
26.68391518162685	21.599840871563067	0.019609465430170645	-0.924091619531628
26.80736428381495	21.7283351761982	-0.10359674492385768	-0.9653792001022574
26.927101854327397	21.862387802009973	-0.22159985600758664	-0.9916302929902031
27.042023036123997	22.00019697807819	-0.3319012977362752	-0.9997158295444563
27.15111772659283	22.139838235386954	-0.4326898701221117	-0.9885132409851867
27.253821406607972	22.279641154943448	-0.5227432356440108	-0.958216115440983
27.350243346493166	22.418442947325	-0.6023116483807731	-0.9098019408224836
27.441159336049193	22.555673080622245	-0.6722769651243405	-0.8448176304141987
27.527971483596485	22.691228326456525	-0.7340068879457083	-0.7646091173744707
27.612573177748942	22.825317116082083	-0.788523421583969	-0.671531481342068
27.697161396604198	22.958232446050147	-0.8377606074408903	-0.5674373932534064
27.7840816955415	23.090294085420766	-0.8819364336162958	-0.45413344450271675
27.875447789544275	23.221780257252504	-0.9210823733052487	-0.33348093103924203
27.972896809453655	23.352912792100415	-0.9546053110326673	-0.20741998194788544
28.077366249137206	23.483856172367215	-0.9804394290441614	-0.07797718706151359
28.18886037130926	23.61471712712883	-0.9958963106700496	0.05273750932631994
28.306549988978663	23.74555658568017	-0.9989882340829246	0.18255836117367658
28.429155193298772	23.876404564759177	-0.9875541972576128	0.3092995860940348
28.55524686921062	24.007270247663364	-0.9603304066239349	0.43068113649504597
28.683568736972173	24.138153540428853	-0.9169730603786386	0.5446932618805068
28.81318789027579	24.269051708108275	-0.8578828274316166	0.6493911100798518
28.94350174710682	24.399962432053865	-0.7839842675725426	0.7429884075824428
29.074168124201893	24.53088335756277	-0.6965516967175682	0.8238876448763182
29.205025519726163	24.661809386568496	-0.5970966127996765	0.8907062437819395
29.336038630824827	24.792728478489774	-0.48729314722034844	0.9423004010884184
29.467281513751303	24.923617022354055	-0.3689114684134118	0.9777879909577964
29.598958875406574	25.054436469593643	-0.24365881131640382	0.9965708388493117
29.731458485437276	25.18513102041561	-0.1133964356798512	0.99835466755235
29.865419046887627	25.316309034567595	0.020275490899253953	0.9830579943935197
30.001791447427905	25.447497009907273	0.15594409882161686	0.9508544869998377
30.141824283287512	25.5786651102802	0.292248040270967	0.9020577528433273
30.286951927187594	25.709771350434437	0.42755989487858853	0.8378406147098819
30.43840379570479	25.840748036605554	0.5588050273923051	0.7593677230888438
30.596640196386453	25.971473752370922	0.6826929491849235	0.6681085505123036
30.76090656298482	26.101701809752083	0.7926541839952088	0.5658854580886086
30.928887411864338	26.23097093165619	0.8833948936374814	0.4549493006119525
31.097261999904813	26.35850684302285	0.9495306613123907	0.3380585675932416
31.262647473855427	26.483215908869752	0.987795418462905	0.21843581792443706
31.422702564076562	26.603859966148015	0.9997871948204544	0.09946669945632573
31.553600450442957	26.719357688465607	0.9902361998248713	-0.015809725776616598
31.684494947563987	26.82907497367448	0.9637738668310015	-0.12520752673281202
31.81538114585095	26.933012433380735	0.9208566250411645	-0.2273671403890012
31.946248023253396	27.031888249496134	0.8622255193775081	-0.3223672403708408
32.07707527191216	27.127367584720464	0.7888984397266805	-0.41110410904397143
32.207825699780315	27.221506513215218	0.7021617212703344	-0.49493302392597915
32.33843529595481	27.316537269712917	0.60356129084287	-0.5751174407407632
32.46879807396891	27.414565244511348	0.49489501208369213	-0.6523317239135263
32.59873992253555	27.517403010032947	0.37821068862495133	-0.726883970277023
32.727998370844354	27.62643514782634	0.2557920875603411	-0.7970181233385896
32.85613955799814	27.742521954333107	0.13019146445465396	-0.8614669481687629
32.98256198936108	27.86586801361688	0.004158136127190447	-0.9172784113016557
33.106444123220136	27.99593266349497	-0.1194181338389609	-0.9610310523164172
33.226772099824345	28.131440667381717	-0.23768513740359407	-0.9894198556605194
33.34246965566448	28.270575478551937	-0.3481394632048054	-0.9998819651032936
33.45262460957568	28.41135510594122	-0.449011828532507	-0.9903382863840183
33.55666456197793	28.5521001427772	-0.5395108507618654	-0.9612081709089333
33.65469263166448	28.691664939251172	-0.6191107235186671	-0.91375819960568
33.74753565955436	28.829478565982942	-0.6893762467706704	-0.8495915628215367
33.836620986427945	28.96547025049207	-0.7508438927759956	-0.7705218316264868
33.923815581692644	29.099847585919804	-0.8057169855421195	-0.6780225027848652
34.01133549653639	29.232974864497354	-0.8541523279237546	-0.5744191939222879
34.10135481349895	29.36518643699163	-0.8974094303673197	-0.4615213066603342
34.19589374999606	29.49678313669642	-0.9349805678794878	-0.3411783536180218
34.296417797460236	29.628000046124896	-0.9658567562377522	-0.21532170782953552
34.40364196282291	29.759006908504528	-0.9877018602916823	-0.08597478468952761
34.51737574714256	29.88991362042499	-0.9987392714093517	0.04475395083425861
34.63678042123972	30.020785947140375	-0.9964808416292759	0.1747016588727896
34.76057419556504	30.15165545155522	-0.9791117282099567	0.3016872962071059
34.8874134504207	30.28253369600497	-0.9457273533324682	0.4235591636195296
35.01616419918781	30.413422718306823	-0.8962834314697743	0.5381470620424087
35.14600977025772	30.544321196538153	-0.8313999407435333	0.6434543434819274
35.2764343256423	30.675226599468488	-0.752155102739908	0.7377509254994673
35.40715187570463	30.806134295440565	-0.6599335627984657	0.8194286013457667
35.53803370141222	30.937034546551544	-0.5563309981190098	0.8870930070002543
35.66906264540165	31.067908088131553	-0.4430886110787311	0.9395890138110395
35.80032290497342	31.19872169158768	-0.322030382686719	0.9760255443479448
35.932024285809625	31.329425706566667	-0.1949879894446382	0.9957996473768529
36.06455349151496	31.45995580296199	-0.0637164107697279	0.9986172347818187
36.198536241562635	31.591084029596185	0.07014538969415768	0.9843734406685251
36.334887027599585	31.72221672873749	0.20501903760640333	0.9532515564296409
36.47477427483837	31.853327785393436	0.3394019676674123	0.9057886760538749
36.61946849554527	31.984378651342908	0.47150714057007215	0.8426613763751601
36.770038868980585	32.11530428271131	0.5983753973603325	0.7650732849281898
36.92681828018104	32.24598054898288	0.7160226943754542	0.6746173265829458
37.088930530887716	32.37616001528842	0.8192099465635846	0.5731022870699691
37.25418320495191	32.50538227450814	0.9025095095887457	0.4627656741808921
37.419507938915004	32.63289284910825	0.9606955689917361	0.3463362989839613
37.58193119837186	32.757653837714756	0.9929128966051965	0.226971126900445
37.73934367840733	32.87849072843419	0.9987364953752984	0.10798187812465126
37.87024147945786	32.99443070784837	0.9850034327318367	-0.007702774597704108
38.00113577565434	33.10487386617048	0.9544416093205957	-0.11785510278358331
38.132021353593906	33.209816847568476	0.9075722672919281	-0.2211409442482753
38.262886938735896	33.31006937906481	0.8451990483097908	-0.3176596803440596
38.39371164630256	33.407268906608415	0.7682324759890563	-0.408090712092907
38.524456093420206	33.50340286150904	0.6781495906501874	-0.4938237453319473
38.65505399857064	33.600657289161404	0.5766509739005964	-0.575890395940231
38.78539403200817	33.70106426377004	0.46559286254281607	-0.6548169671724267
38.9152929812414	33.80637451283374	0.3470749335709068	-0.7308448309965875
39.044477139680346	33.91791494435166	0.223421330794235	-0.8021010381627796
39.17249958020381	34.036471582544635	0.09720814122139192	-0.8669455320917421
39.29873194026965	34.162157870121845	-0.028804808859731294	-0.9224819993694516
39.42233590211822	34.29431449392361	-0.15176340200374122	-0.96527004977819
39.5423010633025	34.43154345299879	-0.26891560831122974	-0.9920658970432326
39.657590374904096	34.5719421198779	-0.377934732970441	-0.999547039325938
39.767274837028744	34.71356200065979	-0.47704266636025894	-0.9873631439608106
39.87098244521721	34.85476098374994	-0.5652557642917525	-0.9557755639262142
39.968995449354274	34.99447913291466	-0.643376563793899	-0.9059639109998178
40.06225336602841	35.13227842368677	-0.7116693526476457	-0.8391168328825358
40.152254182007944	35.268197622676794	-0.7721678619858604	-0.757601236185935
40.24098670897821	35.40251310907779	-0.825090352359806	-0.6634125806532902
40.330569047175224	35.53557401654929	-0.8724993584964619	-0.5583650210660804
40.42319373473921	35.66774132845157	-0.913686841889148	-0.44426571945291166
40.52061903134894	35.799313060212846	-0.9490494178384348	-0.32298036991694135
40.62413678079206	35.93052447960816	-0.9761645067489102	-0.1964514347014908
40.73410459494368	36.06153615138807	-0.9939084686969881	-0.0667198657288971
40.850197364402725	36.192454778888674	-0.9997018708645267	0.06409191263854029
40.971425319071045	36.32334002956683	-0.9913237241631858	0.19375198224591011
41.09649081476667	36.454220342833224	-0.9673393706832565	0.3200663492653893
41.22413318245584	36.58510599582791	-0.927220240125298	0.440894965215368
41.35334638205369	36.71599907595761	-0.8712236886837844	0.5541823851932346
41.48343677975429	36.846898297827856	-0.8001841569891961	0.6579979503009956
41.61398259997418	36.97780018645566	-0.7153266336854973	0.750570516003488
41.74475999419777	37.10869744603073	-0.6181398303730162	0.8303187734576771
41.87567910504821	37.23957529930789	-0.5102971177856903	0.8958787500470986
42.00674951532855	37.37040682032779	-0.3935974045956524	0.9461301271400713
42.13807965086771	37.50114892121756	-0.269902895878931	0.9802223492557187
42.26990729884384	37.63174130277773	-0.14106434157810196	0.9975996704848709
42.40265213310459	37.762110586757906	-0.0088428693018833	0.9980110252179601
42.536972052643414	37.89321354392961	0.12514164234061148	0.9810645099762835
42.6738262647331	38.02431432081696	0.2592494877680993	0.9473163767997034
42.81437079693397	38.15538765249996	0.39187108500812873	0.8973588489683462
42.959789971326536	38.28639277122741	0.521026593151092	0.8320797545365033
43.110939527860694	38.41725668946668	0.6436401281544119	0.7526644207124142
43.267864040674574	38.54783667849566	0.7551186325554431	0.6606144397195248
43.42940209778787	38.67785337724216	0.8507365299141094	0.5577971523823226
43.5932421932536	38.80680174795556	0.9249861459162168	0.4465215854263227
43.75644274142451	38.93388896597228	0.9741390106644603	0.32958120709189725
43.91635433741782	39.058069027359885	0.9977340094076453	0.21015896160489722
44.07123944801467	39.17821562382058	0.9955699226937802	0.09151840164095387
44.20213673039906	39.29347583689216	0.975450889071283	-0.023552163177057325
44.33302964850838	39.40337127941609	0.9386698132141954	-0.13303534627350933
44.46391207205736	39.508138754152206	0.8858570248690898	-0.2359105755387893
44.59477097660644	39.608734787439786	0.8179215744141499	-0.3322222141436232
44.725581354083445	39.70682035491902	0.736042199913192	-0.4231083432347134
44.85630060213106	39.804475529072874	0.6416557886233126	-0.5092176156850603
44.98684898223888	39.90376344706792	0.5364534677412305	-0.5921594206692408
45.11710531322018	40.0066837237114	0.4222604579782153	-0.67164230552087
45.24685922265098	40.11485451731867	0.3014079081817437	-0.7475697629965244
45.37579017496152	40.22947160192971	0.17632867101486968	-0.8186189667165102
45.50342307108799	40.351142388009926	0.049637730597387235	-0.8822496709905592
45.62907616239018	40.479759495324565	-0.07588083441813973	-0.9352110201706605
45.75184911048968	40.61442824448757	-0.19739264601034046	-0.9740470035256633
45.87069712334345	40.753553400474324	-0.3122572130992628	-0.9957384619250516
45.984617197537844	40.89514549768068	-0.4181638683859152	-0.9982902481084972
46.09291896682922	41.03726302190005	-0.5137427652129685	-0.9805286584965326
46.195390123286394	41.178449067644195	-0.5988283136113881	-0.9430685930338175
46.29249107439988	41.317891331694625	-0.6736088058683509	-0.8878670035297167
46.38539689943084	41.45531487435963	-0.7392102218847904	-0.816720851952005
46.47579200948961	41.590846101448726	-0.796896138204864	-0.7315080652174708
46.565697882277895	41.72481510804692	-0.8480406476744392	-0.6338967899219418
46.6572919654113	41.857620340643514	-0.8926735166533619	-0.5258384985155165
46.75254405104313	41.98961473602759	-0.931688470754646	-0.4093203409419863
46.85311063340925	42.12108716033364	-0.9631571862477009	-0.2862179932077349
46.9598218645821	42.25224651132605	-0.9861079438366664	-0.158504826320034
47.07280168261448	42.38323957064977	-0.9983955472845001	-0.028242661323621472
47.19142739348595	42.51415697676493	-0.9975839523391402	0.10243155666600742
47.31456134405506	42.64504764127078	-0.9818126532588531	0.23134036118721796
47.440917795367746	42.775934093895785	-0.9500849297993064	0.3563110584703496
47.56935508808973	42.90682443461926	-0.9022659174237253	0.475222589560731
47.699016677496225	43.037719939496	-0.838910222848392	0.5860491527996575
47.829341018302976	43.16861851515673	-0.7610574893603743	0.6867638426226251
47.960002737924846	43.299514920672166	-0.6700732104393013	0.775641299885254
48.090841462698755	43.430398187346434	-0.5675467253014989	0.8512434973508101
48.22180966369993	43.56124719916078	-0.45522532741217997	0.9122814915739141
48.352951872072964	43.69202603037802	-0.3349575076553585	0.9577200001984227
48.48441644852508	43.82268082401244	-0.20862755083340412	0.9868042149928326
48.61649481764407	43.953140807322235	-0.07807929843548046	0.9990843277758623
48.74967627455241	44.08378407310477	0.054953968987569185	0.9943895633690234
48.88469968490824	44.21487215873845	0.18886250772602947	0.9726731984171701
49.02256313540817	44.34594913874909	0.321921628605197	0.9342942117998956
49.164406517062034	44.47698753492427	0.45241370162370964	0.8799218653548515
49.31128639070897	44.60794026052384	0.5780948924569816	0.8105205563848277
49.46378717689301	44.73871826608414	0.69523596012307	0.7272443632291763
49.62156996744071	44.86914417852023	0.7994609188315098	0.6317349520545064
49.78311638500613	44.998874940750795	0.8855160657110505	0.5261294274938798
49.9459041880069	45.12732235798673	0.9492211960592494	0.4128852602187037
50.10709650584541	45.2536136377449	0.9869966563345571	0.29492275290474573
50.26444579832755	45.376684316446855	0.9999674431064877	0.1754456831573712
50.39575472513722	45.49548288633447	0.9913938820363859	0.05757269194990783
50.526651142732156	45.60924734003069	0.965837985102574	-0.05611692251031983
50.65754185714971	45.71764577132191	0.9237931340967775	-0.16373672079096985
50.788418887344726	45.82109613895095	0.865984201126381	-0.26470039014865876
50.91926652606001	45.920866876725	0.7934115538553694	-0.35945320491565047
51.05005554110014	46.01875685976554	0.7073411901860581	-0.44879947943656473
51.18073215368733	46.11681862543992	0.6092961330421615	-0.5343108221108855
51.311211573058564	46.217171618833696	0.50104178404036	-0.6160362405786353
51.44133943365067	46.321660734320666	0.3845939163496152	-0.694858576398071
51.57088675489081	46.431820811644364	0.26219382854776707	-0.7699058560554481
51.69949940238413	46.54867489023951	0.1363102509999262	-0.8388607451910642
51.826621133073694	46.67263046648804	0.009651297932342855	-0.8996359050235796
51.951508743996406	46.80333639687234	-0.11494750110252824	-0.9488909343275154
52.07322580517358	46.9396538495346	-0.2346581306050779	-0.9829534901383757
52.19072051171203	47.07982036244854	-0.3469117541552002	-0.9986159730830482
52.30300919120323	47.221830340808104	-0.4497500486316327	-0.9947232528671317
52.40953138795382	47.36385639721378	-0.5422487850810865	-0.9710610393512571
52.510323600651446	47.504607100730745	-0.6239101631431991	-0.9282968853880403
52.60608681586495	47.64343739855019	-0.695735792052462	-0.8677089748501702
52.698126085190836	47.780267367366115	-0.7587447256705877	-0.7918222440011563
52.78827202483855	47.91530021007724	-0.8143645878329839	-0.7025072682736997
52.87863020082053	48.04889357708739	-0.8631806177409841	-0.6015901679439521
52.97129795196804	48.18142522600105	-0.9064335740514682	-0.49088127135414567
53.068237663290674	48.31323732550561	-0.9426984551256703	-0.37221494235880254
53.170750037800985	48.44459232202532	-0.9718552816958352	-0.24748619068795485
53.27955175236486	48.57568712988541	-0.9918238354186903	-0.11869919775633306
53.39451561512488	48.70665089902588	-0.9996055615900814	0.011956897435862451
53.514741856596345	48.837556764776444	-0.9938080863361833	0.14232552027752401
53.639041667675684	48.96844470621491	-0.9728059062399925	0.2702268485346115
53.76616960576027	49.09933198150912	-0.9358377538253553	0.3935006366211866
53.89507351122691	49.23022401728147	-0.8829594630048293	0.5100528520336616
54.0249948236412	49.36112084315867	-0.8148610357631095	0.6178979904762094
54.1554540321967	49.492019494382696	-0.7326735570665652	0.7151959396055236
54.28618469452767	49.62291321713289	-0.6378262527726745	0.8002840706240268
54.41706601293936	49.753788317074736	-0.5317981067548382	0.8717060507982604
54.54807946651366	49.884618616019196	-0.4165748089870631	0.9282386951086368
54.679298531140375	50.015361783947576	-0.29405197448437354	0.9688463597421385
54.81090930958866	50.14595739489327	-0.16611649419669589	0.9926923036870302
54.9432602131763	50.27633005179718	-0.034588455866915356	0.999659324872231
55.07691263222486	50.40741205155552	0.09883323305099057	0.9895705743709682
55.212694433675566	50.53849780418496	0.2325855998760093	0.9625334155634814
55.35166561754399	50.66956519728816	0.36511710929621916	0.9190188753469315
55.49498501033212	50.80058077940675	0.4941968790475305	0.8597943126860139
55.64359049792885	50.93148890398781	0.6173326071503334	0.7859216044001858
