2.240009023075376	4.1270171669112	-0.6200926672198903	-0.5522706993132563
2.2908625234210835	4.257415415747926	-0.6591104933470048	-0.43927634846042346
2.341509284302714	4.387349725364672	-0.6963755660240428	-0.3192520836148634
2.39502038209866	4.516937532580792	-0.7338681194155674	-0.19416856626671058
2.454512808958245	4.646308289962521	-0.7730076945698996	-0.06602440641019836
2.522773287647911	4.775603882707165	-0.8143554387590313	0.06317180606751525
2.6018207062198995	4.904970205956062	-0.8574156351176301	0.19136792901891242
2.692552044373104	5.034538706981433	-0.9006430208386417	0.3165338290764974
2.794584717170922	5.164403565290294	-0.9399312560202089	0.43664031187559005
2.9062874648742483	5.2945772052973465	-0.9720777260138496	0.5496380481617342
3.0254440139222307	5.42503116544125	-0.9930100008838149	0.6535425760787136
3.1497274451978496	5.555707535365193	-0.9997445220499263	0.746493461589512
3.27718545648222	5.686557804815409	-0.9905617038635004	0.8268270646631439
3.4064328907786248	5.817563752098683	-0.9648138232662329	0.893116667117725
3.5366165861148144	5.948742777674061	-0.9226159698018366	0.9441869357132072
3.667286627827792	6.080142921698344	-0.8645807277453645	0.9791144808548486
3.7982774808699578	6.2118306086619235	-0.7916339508512875	0.9972247897475031
3.92965056820705	6.343872148515062	-0.7048774479033644	0.9980940937927063
4.0617300872691775	6.476334104487701	-0.605434698067401	0.9812723452526355
4.195156886391115	6.609208380166292	-0.4942988786887079	0.9470384557937204
4.331124775595704	6.742430780725282	-0.37204555240299775	0.8960108714279236
4.471528693160747	6.875854044821926	-0.23847652459060095	0.8290518545047129
4.619081966168198	7.009266188204229	-0.0931254403610298	0.7474170900950402
4.777186502640853	7.142406203076909	0.06474714311551842	0.6527425235939976
4.949356230509353	7.2749805232881055	0.2346778693562607	0.5470024814804515
5.137702159791355	7.406696525321457	0.41246505310799025	0.43242701081860474
5.341004360466675	7.5370944002391775	0.5880197707242009	0.31158326517530976
5.553107374040674	7.665265832664335	0.7447742268891915	0.18759621718355507
5.76398683273416	7.7895115302107	0.8678866622887231	0.06442123133451004
5.964471137553801	7.907416345697856	0.9495138512843444	-0.05339956003168922
6.149877110902553	8.016651952651506	0.9909190362916094	-0.16187822118672623
6.320279094071871	8.116075948797162	0.9988350476456795	-0.2590275750066768
6.451163377441502	8.20629406500048	0.9854963651981334	-0.34490866960195615
6.582027324046829	8.288705962056305	0.9553291894858364	-0.4211007576575712
6.712852059773523	8.365590244556987	0.9088599099275536	-0.48945930634805496
6.843604314748053	8.439692598977427	0.8469071551377945	-0.5525511588159511
6.97423034137129	8.513909323990175	0.7705778016667995	-0.6127572797416558
7.104645712883076	8.59089689534473	0.6810624263093369	-0.6717470844491553
7.234718620737152	8.672856029634138	0.5802968416302728	-0.7303309079324465
7.364246129161639	8.76145355653463	0.4702443693288898	-0.7875651766661502
7.492889950121583	8.857848376833852	0.3531675410662294	-0.8435170252640679
7.620198138368891	8.962604411719122	0.2315713010240562	-0.8946817716196642
7.745440105958761	9.075745829152622	0.10828984811641862	-0.9392456971316093
7.867694582666975	9.196611634176925	-0.013703927714761362	-0.973634764385223
7.985805782189272	9.323940679042668	-0.13141682954427	-0.9944506899431027
8.098492342353738	9.456021408332637	-0.2420384458041788	-0.99901878101846
8.204583184740935	9.59097006890906	-0.3432992000453853	-0.9857757052724156
8.303285241043323	9.727088763273615	-0.43422521025014515	-0.9543615883266988
8.3943594925747	9.863134890919179	-0.5142181340692863	-0.905409191927726
8.478284918259975	9.998364278682013	-0.5844648662117692	-0.839776001189413
8.556159136455676	10.132521284011585	-0.6456941929947013	-0.7595419399500899
8.629720741240776	10.265606406314783	-0.6999290060167586	-0.6665366348989441
8.701161951574274	10.397779628948694	-0.7490468709633358	-0.5625437031715027
8.772998830412966	10.529256021209019	-0.7946401925350562	-0.4493828890558353
8.847880472350397	10.660247902423006	-0.8379151534189979	-0.32892945446666555
8.928327376137947	10.79094237209878	-0.8791228827359393	-0.20312646485515992
9.016353263707181	10.921491101991526	-0.9172947598377552	-0.07399007575306023
9.113078866263477	11.052004536660332	-0.9517427691854237	0.056393126808803866
9.21872354427631	11.182565382410218	-0.9784575347224933	0.185895617084768
9.332300717407097	11.313204249408866	-0.9952373096442022	0.31228196882451814
9.452256159373361	11.443929433553478	-0.9991370308928245	0.433380264244302
9.576784729284158	11.574729208754592	-0.9879944162826901	0.5471296742355989
9.704258688447975	11.7055870463096	-0.960729928482662	0.6515705387203761
9.833454257518905	11.83649178583951	-0.9171948539883952	0.7449058754785232
9.963574716515778	11.96744146733274	-0.8579119663896588	0.8255335612540533
10.094166708702867	12.098442723784153	-0.7838489090093415	0.892069784939231
10.225018374843676	12.229507228234183	-0.696264536855721	0.9433670346605663
10.356089824895733	12.360645967600195	-0.5966066181674491	0.9785294599286182
10.487494893583337	12.491862055997263	-0.48642206096106233	0.9969280341370806
10.61953634096739	12.623143461526249	-0.36722787915053323	0.9982170150984903
10.752788484610177	12.754655287157455	-0.24035535857564436	0.9823202352061791
10.88819726183689	12.886243115671096	-0.10713070462387746	0.9491215449572635
11.02719824656525	13.017858679429652	0.031603155376873644	0.8995320818956644
11.171668574539073	13.14943170317016	0.17513473729834722	0.8344512659431957
11.323716107117937	13.28087246027286	0.3221707467628759	0.755073183880939
11.485099042950957	13.412064560819427	0.47005662110211105	0.662887569119801
11.65635340372924	13.542814694840425	0.613429927722271	0.5596970191426036
11.83583834303894	13.672749392818467	0.7444738170801386	0.4476896154640969
12.019517310803897	13.801154612756969	0.853811524460302	0.3295747391273742
12.201958861200469	13.926850208536694	0.9340368930289311	0.20867346065292564
12.378328304549303	14.048261594830825	0.9823581428943341	0.08874402802213602
12.545887761412633	14.163791233091551	0.9993567238677313	-0.026606777313161765
12.686728368801422	14.272415956254052	0.992613953346516	-0.13479897423029885
12.817618316637754	14.373923372009857	0.9686005464681763	-0.23447216113956743
12.948494012364508	14.468809480806955	0.9277385471471575	-0.3254639652066254
13.079339577047156	14.558606188171842	0.871057220177239	-0.40891031853623216
13.210126640733558	14.645499979449404	0.7995568007150707	-0.4866403473715628
13.340807591114991	14.731976109184096	0.7145073211982286	-0.5600748680573746
13.471299168248244	14.820399681177031	0.6174500939853261	-0.6311688528874136
13.601476464790458	14.912907149568333	0.5101841708183792	-0.6999297845178829
13.731125967491746	15.011188114394288	0.39478080641595636	-0.7667941276309017
13.859939754638347	15.11644074061729	0.27355718583925326	-0.8296960142956185
13.987416926436536	15.22931737612171	0.1491190866441928	-0.8872047145586767
14.112879132787663	15.349804556318185	0.02427183078322475	-0.9361546869080606
14.235412382661833	15.477190788487064	-0.0980411420435455	-0.9730663432630011
14.353903840998255	15.610109927831278	-0.21493797887340874	-0.9947314574652442
14.467188494419757	15.746749900209075	-0.32393906115372195	-0.9987818828339423
14.574291943494362	15.885210971499228	-0.42330362516413467	-0.9840465135920456
14.674695762494881	16.023880272722028	-0.5117662513286056	-0.9504612012383727
14.768526750374123	16.161664163482637	-0.5901879384733857	-0.8985276431304223
14.856535371768738	16.298080381151372	-0.6585871774296836	-0.8304858442798939
14.940180793535543	16.433013460833752	-0.7192119909536837	-0.7480985842771668
15.021418607723882	16.5666275499533	-0.7733356589134422	-0.6531599771603728
15.102532273822098	16.69919364166823	-0.8218795821982405	-0.5474695748055107
15.185875562926142	16.830994462857127	-0.8664161661799451	-0.4328546443006132
15.273741218520575	16.96228866827478	-0.9070510809732355	-0.3111916341026928
15.367980139775165	17.093282429668783	-0.9423104335511807	-0.1844005722549463
15.469597161777761	17.224122391831376	-0.9714101173882881	-0.05460126016947894
15.578796550149258	17.35491102748625	-0.9915667996966059	0.07604880528211601
15.694826533407104	17.485703470170698	-0.9995874330685873	0.20538237420941327
15.81629137661731	17.616521560474133	-0.9937458568080197	0.3312206684710949
15.941669918790456	17.747370349254712	-0.9724263788894869	0.4514251749778371
16.06958402284298	17.878246028091578	-0.9349821544693399	0.5639427070350855
16.198989558550792	18.009143798753666	-0.8815850556353266	0.6668488718431574
16.329200453199633	18.140061177909633	-0.8129966462530609	0.7583838953796815
16.459821154251888	18.270997853301267	-0.7303732545734273	0.8369819226334061
16.5906603756925	18.40195314918056	-0.6350134931935165	0.9012956777424508
16.721668629253617	18.532921536410303	-0.5286014413396731	0.9502182372793331
16.852916758805744	18.663887701109367	-0.41295106788432306	0.9827294712084335
16.984617824277176	18.794823413336076	-0.289797482273897	0.9982810931525077
17.117185723873888	18.92572674662409	-0.1607954506007675	0.9967716267504005
17.251309872300897	19.056982512926524	-0.027431664814338754	0.978158253278695
17.388028442769425	19.188254871637493	0.10901382115180475	0.942745361810484
17.52872165362599	19.319506486800314	0.2473576350628128	0.8911516608902244
17.674968831836082	19.450686489145557	0.3857591688710239	0.8242963828692909
17.828138670657772	19.581723910215526	0.5219645857184164	0.7433922757108582
17.988861144017186	19.7124864542485	0.6516371305231328	0.6499603416599818
18.15632839193744	19.842717575160883	0.7691398275483591	0.5458725134506845
18.328029066971546	19.971926659413647	0.8667016153299826	0.43344301903129634
18.500189162503254	20.09928520730757	0.9391323647802973	0.31551531860179266
18.669018982743154	20.22361303158139	0.9835320484719144	0.1954251148511677
18.83182414516568	20.34355545466621	0.9994431230574521	0.07669119639127754
18.970561320142465	20.457974343301935	0.9925530146720153	-0.037597345507859356
19.10145537318592	20.566235282649167	0.9684235934857405	-0.1453003434182245
19.232340394799074	20.668380699914966	0.927476045688823	-0.2454709056772223
19.36320549540864	20.76537774196156	0.8707108178850855	-0.33805365807357024
19.49402852470281	20.858829217178243	0.7991176779873126	-0.4245441945882303
19.624773256660504	20.95098388100015	0.7139556152683655	-0.5058305276682873
19.755371234082013	21.0440564962596	0.616749532440982	-0.5839694963699593
19.885720130846625	21.140231920355568	0.5092733466954702	-0.6589706021904023
20.015638014730115	21.241312210222155	0.3935633848708069	-0.7317098907657937
20.1448641870923	21.348688178436714	0.271887389521794	-0.8003507706685626
20.27296766625217	21.46321570904973	0.14678316069776953	-0.863441226535021
20.39933829129221	21.585110551798945	0.021000133140929956	-0.9182424663668594
20.523150961780374	21.71385469842311	-0.10257346077806005	-0.9613399400999607
20.64338128016493	21.84820794734618	-0.2210775659100533	-0.9894124398757506
20.758928503378645	21.986388301945826	-0.3319866916074127	-0.9998505008003757
20.86883828403871	22.126431821248577	-0.4334968686522091	-0.9906101212463334
20.972493489576916	22.266644310240668	-0.524341706437208	-0.9618415230953012
21.069943445702567	22.405841632869546	-0.6045911916887474	-0.9148057030970063
21.161944521888294	22.54342120248531	-0.6752547860012403	-0.8510533179590183
21.24988333344549	22.679266308889762	-0.7373771439194048	-0.772371669635377
21.335620798631858	22.813556537114348	-0.7923429987907686	-0.6803517707644947
21.421330240301604	22.946617025139055	-0.841893573483111	-0.5770427020590753
21.509343367741238	23.078785177467093	-0.8857706512298579	-0.46438626985933573
21.60168816670597	23.21034505412482	-0.9248251482264824	-0.34423832402717397
21.700031665073375	23.341530639784008	-0.957484071074973	-0.2185261880723462
21.805209730511027	23.47250906912278	-0.9826871432218123	-0.0892720733118259
21.91728324255761	23.60339456304312	-0.9969885570745809	0.04142239371874324
22.035388365467558	23.734249678729906	-0.9986106231736402	0.1713924979331009
22.158259303181417	23.865106771526005	-0.9856320250948849	0.29845800175584525
22.284507917856093	23.995977258944503	-0.9568585552085767	0.4204658024736808
22.41291558032746	24.126862362590412	-0.9119967618911509	0.5353369265919142
22.542578945333233	24.257760063075285	-0.8514819912100934	0.6409225153346848
22.67291400380334	24.38866814576077	-0.7762644018272833	0.7355205905945746
22.803589333271027	24.519583594046708	-0.6876390098380171	0.8175372803436669
22.93444878194807	24.650499990640135	-0.5871051642260963	0.8855727299990831
23.065458414149813	24.781403209247852	-0.4762585497846849	0.9384647339538033
23.196690229803536	24.9122658879211	-0.3570837723996271	0.9753122249931395
23.328342701886104	25.04304532779347	-0.2313944007424198	0.9954990140361435
23.46079113880354	25.173683433255736	-0.10093608016835953	0.9987141858094617
23.594653330405304	25.30483968344221	0.03268691144627304	0.9848519010813741
23.730849488738578	25.436004777156292	0.16803472231841232	0.9540958244063256
23.870583739844303	25.567150564091765	0.3037166347384936	0.9069767129896736
24.01520852158676	25.69823699297065	0.43775302693827634	0.8443228189118397
24.165875288249843	25.829202571658794	0.5676176096498781	0.76700162017847
24.323101759300435	25.95992848507909	0.6896194942770694	0.6767673588288516
24.48616664423478	26.09017776524193	0.7978295707194861	0.5754152036791963
24.652879574529194	26.219505247175427	0.8866528607831963	0.46516361990693544
24.820062638680824	26.347165173604477	0.9514695435926809	0.34872797098820846
24.98444846383949	26.472098539707726	0.988575318888981	0.22928366023429572
25.143757846553427	26.593102550848904	0.99965401658987	0.11017461138181242
25.274655830411458	26.709116759290954	0.9895729193172917	-0.005575533533319166
25.40555060428738	26.819495493522723	0.9625908702385853	-0.11567212934367867
25.536437282166194	26.9241343676795	0.9191724217761816	-0.21870431239975596
25.667305351440234	27.023796571771975	0.8600661974991861	-0.3147551886881089
25.798135323214638	27.120092182389143	0.7862968575601306	-0.4044281731745841
25.928889766544586	27.214989507597487	0.69915745437784	-0.4893244859743321
26.0595074107471	27.31073593874795	0.6001978208643424	-0.5703200618227776
26.18988102559702	27.409405156486446	0.4912217466433062	-0.6484617214289811
26.31984206262369	27.51282288981272	0.37427651128337747	-0.7236458689183136
26.449124480069464	27.62237905620746	0.25165254261685	-0.7945325250867243
26.577303644245752	27.73894406715571	0.1258963258812864	-0.8596459549904518
26.703782628461163	27.862730660221352	-0.0002449117282104836	-0.9160326229660121
26.827744913240178	27.99320182751295	-0.12388358695823987	-0.9602692986832622
26.948181693627962	28.12908080810612	-0.2421686407008911	-0.9890507530591073
27.06402410176788	28.2685436709638	-0.35259827238918173	-0.9998181549822025
27.17436986820759	28.40960085004953	-0.45340427222726154	-0.9906126673269249
27.278670795688644	28.55056277064926	-0.5438039671121264	-0.9616370135093969
27.377027999345028	28.690292606683617	-0.623472194915192	-0.9143031289425287
27.470278485671933	28.82823003591911	-0.6935673805316096	-0.8502270117936339
27.55985343656139	28.964307994089413	-0.7550873337374291	-0.7712340696018868
27.64763211330313	29.09874715331257	-0.809925599782933	-0.678847813691098
27.735820114895446	29.231916115903033	-0.8580559954771254	-0.575294720282793
27.826548230664606	29.364156056808444	-0.9012126659407769	-0.46243923111603735
27.92184439203769	29.495774982314778	-0.9380747512867684	-0.342126750664818
28.023065852254224	29.627007210452085	-0.968596112830763	-0.2162904734305776
28.13096064321354	29.7580274642666	-0.9893447756881469	-0.08694972173007481
28.245229704838216	29.888943514988974	-0.9990859660631954	0.04378448357604856
28.365025444945296	30.019822064055397	-0.9954053294040437	0.17374979938070112
28.489081454878487	30.15069545993007	-0.976561493400042	0.30076557394586456
28.616082646485225	30.28157590421949	-0.9417124440601741	0.4226802903634694
28.74492583465447	30.412465880631768	-0.8908605251425061	0.5373558103593099
28.87482041057416	30.543364214037986	-0.8246583271331234	0.6427366183897507
29.005269277921762	30.674268231389853	-0.7442072700519969	0.7371172495652353
29.13599841443579	30.80517270041453	-0.6509098265087819	0.8188881936691442
29.266886183887124	30.936066769031175	-0.5463764137906302	0.8866537174686981
29.397919574961616	31.06692950193079	-0.4323606644576732	0.9392575840808961
29.52918545248257	31.19772550733432	-0.3106966524415225	0.9758082692303287
29.66089553324192	31.328402716607425	-0.18317358200004738	0.9957033913525515
29.793436987215326	31.458892007545728	-0.051659215824248136	0.9986506439071337
29.92743190940214	31.59001077300522	0.08217077059482256	0.984541307373038
30.06378817341347	31.72113288297789	0.2168124695099286	0.9535538900192781
30.203659262544583	31.852232564747553	0.35075680798961295	0.9062235690778939
30.348290345924063	31.98327161386368	0.4821885460473705	0.8432835213903564
30.49870628980049	32.11418509404042	0.6077393493137229	0.7658132959348323
30.655182669103635	32.24484946655808	0.7241882194802332	0.6754656244749725
30.816847658599208	32.37501428733878	0.8254494142000662	0.5740497405327256
30.981504773016486	32.50421944146965	0.9069717782429015	0.463801595582867
31.14615415660938	32.63171292770336	0.9634380258223594	0.34744628173682995
31.30789700849829	32.75646582196669	0.9937739511657371	0.2281303406774453
31.464722828218523	32.87732604195534	0.9984675235293163	0.10914120496009513
31.595620597709225	32.99333028214493	0.9836638817938407	-0.006603072802445152
31.72651481480807	33.103897994728385	0.9520526258818389	-0.1168837220976109
31.85740018165386	33.20903604151339	0.9040777853005335	-0.22037906786936956
31.9882652964789	33.30957868179069	0.8404771170862362	-0.3171980686562881
32.11908900019755	33.40716778018292	0.7625708180343489	-0.4079979181138825
32.24983136336799	33.503766075234225	0.6717292632076731	-0.4941363272264186
32.380425224940005	33.601543529933124	0.5695751952720925	-0.576623267900163
32.51075797653191	33.702519955571624	0.4579766764548875	-0.6559087181002532
32.640643330334804	33.80843142661837	0.3390452197203368	-0.7322048687453045
32.769802766488596	33.92059057390047	0.2151167338645027	-0.8037406806447716
32.89778923249869	34.039760820578316	0.08877218173657817	-0.868619615069823
33.02396460475858	34.16602822044005	-0.037217242818117474	-0.9240188480037639
33.14748630398539	34.298698792816516	-0.1599951304188337	-0.9664930289803475
33.267346154315796	34.43634089859218	-0.276817907700621	-0.9925367467463188
33.38249027573787	34.57704200798772	-0.38535374950448215	-0.9993868743183167
33.49203832785608	34.71884469948805	-0.4840434225834174	-0.9865368837256555
33.5956479974502	34.86012910009453	-0.5717479895520264	-0.9542781535523879
33.69364380211623	34.99986221465099	-0.6492517122972854	-0.9036831602296308
33.78698417414028	35.13764335057781	-0.7172659707381	-0.8361017926650394
33.87720491123875	35.27354018098012	-0.7771536758626125	-0.7540687201312772
33.966288360286136	35.407826345701146	-0.8298599459971017	-0.6594277186055604
34.05637756994333	35.54086381549582	-0.8769935477534079	-0.553990650753526
34.14964296569066	35.67301555865839	-0.9175125490090641	-0.4395671189063758
34.2477561519072	35.804577150782755	-0.9522828230028665	-0.31802830300984125
34.35198203391973	35.93578460166939	-0.9785703531373147	-0.1913188377876687
34.46260945655501	36.06679619917616	-0.9950084298071233	-0.06147884700757406
34.579236907831486	36.19771633528801	-0.9993179421883103	0.06932925645659431
34.7008618108041	36.328603838905146	-0.9893495645760733	0.19888817704335035
34.826193365583755	36.45948590730606	-0.9637443643492258	0.3250198027113058
34.953999477185874	36.59037270524	-0.9220376765531948	0.4455868657869593
35.08330565938046	36.72126629821214	-0.8645336513709736	0.5585380858337987
35.213445100356914	36.85216529559317	-0.7920990195631614	0.6619481337745109
35.34401540111487	36.98306586273129	-0.7059815570382821	0.7540521974239235
35.4748053386604	37.11395993438293	-0.6076872842338423	0.833276244146139
35.60573312983604	37.244831440911426	-0.4989033427685704	0.8982645958992849
35.736814317621636	37.37565162918775	-0.3814390555348555	0.9479064505582406
35.868163235082896	37.50637521917978	-0.2571629591335205	0.9813622433070526
36.00002487728133	37.63693976069185	-0.12792739774734022	0.9980474489175641
36.13282886261116	37.767277681851624	0.004510377251821199	0.9975248385976371
36.26725255666911	37.898375407800685	0.13844099464826837	0.9799386694744657
36.40424838885558	38.02947024109384	0.27231446877503473	0.9455701583626609
36.5449699800815	38.160535613261594	0.4045197839013616	0.8950221081122609
36.6905787975341	38.291529848943625	0.5330527385989321	0.8291927634871652
36.841885040892684	38.42237767213808	0.654238069325874	0.7492784111500885
36.99883552640853	38.55293289102006	0.7644791477637491	0.6567923430738815
37.16023588193739	38.68290593490939	0.8578716541957523	0.5536189674483707
37.323734397618765	38.811781822311524	0.93032300820508	0.44208503655129483
37.48641802888324	38.93875552437044	0.9770094332176121	0.3250031090377392
37.64573844401981	39.06278359272388	0.9983237767804375	0.20555869504157626
37.79697381714758	39.182755074001015	0.9947306450721976	0.08699984106011577
37.927870972240335	39.29782909998591	0.9735054697815749	-0.027902562503842487
38.05876355483815	39.40754995570268	0.9356490343352417	-0.13716189725229505
38.189645163175754	39.51219166217368	0.8818088227481552	-0.23986522582273
38.32050251360274	39.612775185792174	0.8129103889218849	-0.3360231219560251
38.45130954874952	39.71095101542011	0.7301485649568041	-0.42686602851631456
38.582022745335365	39.80882278812583	0.6348445901730471	-0.5129588687718782
38.71255989003458	39.90843762444151	0.5288228861823806	-0.5958521378521404
38.84279524638375	40.01177124936541	0.4141165048800812	-0.6754578871206807
38.9725179528762	40.120427994661455	0.2929164318587364	-0.7512549634334396
39.101395246736594	40.23557455727426	0.16764794429868746	-0.8220487722260948
39.228940897862344	40.35778348744869	0.040940321945808836	-0.8852641711210862
39.354461669797566	40.486902184030235	-0.08441220791030099	-0.9376301217157004
39.47705017109874	40.621987798769986	-0.20557569669417053	-0.9756957979532979
39.59566518685264	40.76140697658458	-0.31992730095831906	-0.9964774271574002
39.70932192725902	40.90315483536781	-0.42540379519103894	-0.9980387101131379
39.817350223428875	41.04530736080269	-0.5202975834105794	-0.978774128975193
39.91954121266929	41.186466973602684	-0.6046242506247927	-0.940353070981629
40.01644410657151	41.325828970003165	-0.6789624724902084	-0.8842639838884966
40.10926892960724	41.46315710467058	-0.7438765551464499	-0.8123135896979996
40.19970925328908	41.59859387433815	-0.8012486257609044	-0.72620631609444
40.2898204910024	41.73249563315811	-0.8517600676419265	-0.6278289827368722
40.38174532413254	41.865255382974354	-0.8961408279874892	-0.5192677776681317
40.47746658376219	41.99721990901408	-0.9344344518317959	-0.40234180630963795
40.578540496262335	42.12867267580054	-0.9655603467142573	-0.27893486876617823
40.68581051452491	42.25982260210957	-0.9875428308547757	-0.1510232405991014
40.79928187231079	42.39081111309552	-0.9986990979404078	-0.020676099769821456
40.91829849990494	42.52172683881616	-0.9966377158849268	0.10996658379648594
41.04171482463084	42.65261724540696	-0.9795576875554921	0.23872644964219245
41.16825744706557	42.783503964559316	-0.9465203135418996	0.3634322326800374
41.29680735703493	42.91439460702184	-0.8974373532812469	0.48195932231139266
41.4265318080343	43.04529017552452	-0.8328966739746062	0.5921073381630251
41.556888757980815	43.176188492911876	-0.7539607656211791	0.6921157447727243
41.6875669254419	43.30708386322525	-0.6620112217711134	0.7802795951078902
41.81841530123103	43.43796450347541	-0.5586495085894547	0.8550944320987982
41.949392942063014	43.56880815387352	-0.4456320256539895	0.915283814870004
42.08055044148016	43.69957738987656	-0.3248128344840927	0.9598264158056409
42.21204359879722	43.83021674477001	-0.1980772280269045	0.9879828988170843
42.344173889496254	43.96065416601905	-0.06726491500204117	0.9993202892571778
42.47744337952748	44.09139422397773	0.06588690771869721	0.9936735027070918
42.612604665883666	44.222479643295856	0.1996839255743617	0.9710139500437918
42.750658640053885	44.3535532678837	0.33253378167958103	0.9317188285939042
42.89274633493194	44.484585980514694	0.4626809741417735	0.8764728106561023
43.03990257735482	44.61552914511292	0.5878510006846503	0.8060059928939103
43.19270188310233	44.7462889618074	0.7037905543064296	0.7218919534824612
43.35069054010857	44.876680305735114	0.8070020387840557	0.6257812228237479
43.5122793269066	45.006346545707714	0.8911211313792922	0.5196993609236463
43.67490713888262	45.13468426988493	0.9529447673107363	0.40612994285338205
43.83577027508791	45.26080597289751	0.9888515194626262	0.2880171349318587
43.99268625442695	45.383642771044265	0.99967372402831	0.1685740291548928
44.12358475739687	45.50216584807708	0.9896709867415255	0.0508941265519844
44.25448091460638	45.615631274639846	0.9627653814954792	-0.06249665748792601
44.38537107947937	45.72380054301968	0.9194194564598288	-0.169814717130421
44.51624679165403	45.82708717790626	0.860378942492386	-0.27045260071841126
44.64709148876386	45.92680212275316	0.7866643917726699	-0.36503664521767565
44.777875359444195	46.024805382466546	0.6995606712919261	-0.45418786616870366
44.90854159034209	46.1231197074156	0.6006100100661637	-0.539580753274982
45.039001920918835	46.22386669372438	0.49159613040032824	-0.6213255174103839
45.16909892028802	46.32887407975878	0.37455093339168183	-0.6999583428978371
45.298591224969826	46.439640890984684	0.2517381642937904	-0.7747425072216296
45.427112547269026	46.55715068207013	0.1256465001180689	-0.843624063268543
45.554112157302484	46.68175041885526	-0.0010180101180353846	-0.9037755957261325
45.67881958393986	46.8130305373979	-0.12539485591422525	-0.9519770352042491
45.80027340208408	46.949800271572116	-0.2446429506037115	-0.9845404791625941
45.91740361585998	47.09026627815937	-0.3561952253477555	-0.9989440332548418
46.02929239130308	47.2324041857961	-0.45818516271150145	-0.9937283298271468
46.135425809476814	47.3744140922641	-0.5497572170808862	-0.9687583283557005
46.23588888167206	47.515051649867246	-0.6308233469667112	-0.9241495370198709
46.33138515406145	47.65377079082449	-0.7017336485056201	-0.8624497154304804
46.42330577759652	47.790475919364646	-0.7642756892379425	-0.7855663796406165
46.513519192727465	47.925398790536455	-0.8191035622833217	-0.6953676681030285
46.604101601596206	48.058901375390136	-0.8675865157896288	-0.5936837566544894
46.69717906618096	48.19136828432265	-0.9100336919192589	-0.4823242709120422
46.79461902699685	48.32313510508478	-0.9459385162951093	-0.3630069158328934
46.89775796139655	48.45446789270284	-0.9740785003505057	-0.2378500409956813
47.00716697198226	48.58555221319425	-0.992955973512797	-0.10887951149606893
47.122661179023936	48.71651129594051	-0.999961414309511	0.02181080774991191
47.2433495300791	48.84741686672011	-0.9926984513657082	0.15206262613020274
47.36797721098702	48.978305533904056	-0.9701622595379493	0.27969458154104665
47.49531737630271	49.10919372384931	-0.9316607598946574	0.40254980757082903
47.62434731946329	49.24008648485026	-0.8773040733522609	0.5185404960378249
47.75433776312904	49.37098366427594	-0.8077120672643362	0.6256898661584085
47.8848314451091	49.50188196876792	-0.724048394815717	0.7221686150313779
48.01557853311286	49.63277384738588	-0.6279098870091289	0.8063267263680542
48.146469907709836	49.763644174060225	-0.5209638339216549	0.8766773210153394
48.277495373424344	49.89446557672439	-0.40501188870966587	0.9317998538790376
48.408737817385756	50.02519463763005	-0.28193065124150285	0.9709909775005058
48.54039562655985	50.15576910133112	-0.15360293740119688	0.9936155149510182
48.67283020448013	50.28611168903186	-0.021841548377019158	0.9993521267595459
48.80662072333683	50.417193078700585	0.11166729862226044	0.9880407362992408
48.94261328362264	50.54827620410374	0.2453720629359206	0.9598057776849627
49.08187857689656	50.67933833453829	0.37748532852003625	0.9151381329332073
49.22555233227595	50.81034637723399	0.5060323978268539	0.8548240366141802
49.37453940771228	50.94124099668077	0.6284989925213746	0.7799454611501613
49.52909959850187	51.071904885884585	0.7406053904754455	0.691893911592588
49.68841567125694	51.20210752508986	0.8378200096140934	0.5924090543200561
49.850530803033045	51.33142299103374	0.9147030188707315	0.48364782868424255
50.01274792635215	51.45915998080017	0.9681906520716143	0.36824171690968405
50.17237887199319	51.58435489090527	0.9951783753427985	0.24926258992368877
50.32760177118148	51.70592641731876	0.9980491061479945	0.12996340741830972
50.458499725280944	51.82290657168121	0.9813010327967663	0.013363415723794007
50.58939435887203	51.9346845432905	0.9477534720253122	-0.09820072184687971
50.720280639617336	52.04126104690618	0.898029567356821	-0.20346831832989465
50.85114801406673	52.14344885686285	0.8329875786685886	-0.3023064207027778
50.981976061333334	52.24273270380072	0.7537562273495705	-0.3951597270949547
51.112725667543515	52.34100180816032	0.6617256404603473	-0.48353356739181386
51.24333395173955	52.44040351838637	0.5585331659790052	-0.5677783245238073
51.37368496425594	52.54289768946093	0.4460649288780347	-0.6490251903705704
51.50360194858264	52.650239549039036	0.3264369543499957	-0.7269513537423906
51.63280683658155	52.7637434350045	0.20199461902336074	-0.7998168452587378
51.760850538419525	52.8841834788813	0.07532894630667991	-0.866007001292094
51.88710909697952	53.01164056514297	-0.050796874343865005	-0.9224529223959553
52.01074778889981	53.14540353963882	-0.17352972895766344	-0.9656977074329088
52.13077177403109	53.28401127173891	-0.29013470050492235	-0.9923593301546851
52.246162898517085	53.425515879341724	-0.39830728635052826	-0.9994208567454517
52.35605907229417	53.56795036281955	-0.49649185564507525	-0.9866073080417685
52.46015935981472	53.70969883169735	-0.5841153095618541	-0.9542743013010841
52.55882240605466	53.84976253387147	-0.6609685317411078	-0.9035268326718106
52.65304786570035	53.98776059523814	-0.7289368068657684	-0.8357863341656181
52.74441362324072	54.12380435552203	-0.7879714160023268	-0.7536004210576215
