6.152109088423579	5.692758672671879	0.9912459770459809	0.8290613228393341
6.0180875763570905	6.182656736790995	0.9645738188819204	0.9935635241501649
6.134768252639353	6.1964719804645645	0.9879333972065951	0.9944480635594173
6.1895894899425805	0.13050121308797935	0.9940074029207526	0.9913558190517036
0.028312618732162963	0.1733436195367638	0.9981872468094319	0.9831717330226948
0.1142004386474247	0.33633409170576917	0.9926881645431405	0.9421420316200484
0.23662094612291404	0.405380243022376	0.9710840113610784	0.9179434980967676
0.33496991286263	0.5491855392148641	0.9425716011434915	0.8515443690766225
0.45689129639764287	0.6324576399386693	0.8956089984428846	0.8061476482195431
0.5620068945962787	0.7651524999463383	0.8445546632063453	0.721081140731152
0.6832967909134834	0.8587429741424896	0.7741059906923249	0.6522335474128313
0.7931485998707789	0.9848931610607746	0.7007583589384241	0.5519416930145015
0.91402255667837	1.0870477877692029	0.6100279821689051	0.46415070589892105
1.0275856463184638	1.2093632158666063	0.5168336886395047	0.3529133607964937
1.1482373679947595	1.319576512262169	0.40993722619104395	0.24819372786625513
1.264938492418156	1.4406162034253656	0.3007934433880356	0.12965431740744052
1.385575518073637	1.560006230107307	0.18389352836665981	0.010810092593489716
1.5050603896370325	1.6836500997653596	0.06555185840584299	-0.11248047394180807
1.6259035712762677	1.8155793909342433	-0.05500827754351002	-0.2420486404245209
1.7479086956675205	1.9474484367846812	-0.175871938678237	-0.36731818796339266
1.8690788925113329	2.0967917761511545	-0.29330176218795595	-0.5011125079236944
1.9932184239294775	2.242226906772772	-0.4091421744470072	-0.6208275644225643
2.114729301394294	2.4102328165101308	-0.516441146075831	-0.7432980613164621
2.2404755292290273	2.56656310511144	-0.6194592202286684	-0.8390677269305122
2.3619428925428205	2.744037739868734	-0.7097266148007364	-0.9201858921354984
2.4883237781851255	2.9008529907079463	-0.7925184041319464	-0.9692913800122143
2.609259963383539	3.0761712557344723	-0.8600054732896045	-0.9977783382920753
2.7358566388898935	3.227799810512391	-0.9171178977773939	-0.9951221350669364
2.856970326007625	3.3983487743523617	-0.9581679653060312	-0.9652315148160593
2.984737158109087	3.5464902847553925	-0.9860940142212457	-0.9174322999538019
3.1076431086654197	3.71289399273241	-0.9979453927503362	-0.8408959715509429
3.2376614097004692	3.8607443073190155	-0.993861925541577	-0.7517852640439073
3.36337467374152	4.022708250080988	-0.9740967792143562	-0.6350863330845586
3.4957728474014433	4.17091983760932	-0.9364518441523004	-0.5143356612898135
3.624272149131339	4.3278110590341194	-0.8843544778271972	-0.37456068567650114
3.7584067247014556	4.476062998965252	-0.8143074715330841	-0.2339466604503275
3.8891753175553414	4.626849327454837	-0.7320198541794605	-0.085404215951508
4.024281166215446	4.774089024017952	-0.6338574200681971	0.06153736595270108
4.1568280233146915	4.9181982209470485	-0.5263779201466803	0.20395201649825617
4.292341387011581	5.063388122540318	-0.40697238547785297	0.3431281177096843
4.42630740193147	5.200789166760899	-0.28161307972547234	0.4682720283253173
4.561845535425839	5.343026784385621	-0.14966154643858726	0.5886066707754175
4.6969152302972725	5.474192401965388	-0.015422279723727374	0.6890372023746213
4.832194719980284	5.612856746582559	0.11933494572119742	0.782506607764935
4.968050780334468	5.738247026349374	0.25252137712367806	0.8538598096818186
5.10288355395615	5.872580601752825	0.38016794460996384	0.9156782414942206
5.23912250148486	5.992479945161649	0.5022350569411722	0.9565101709339593
5.37323134335065	6.121884445031964	0.6133626434542601	0.9854722331735681
5.509584976082601	6.237289433881413	0.7152195999889245	0.9970614554753052
5.6430475435375556	0.08000603759337094	0.8019607425346996	0.9948775066946625
5.779288561636703	0.1948143336862603	0.8752280681595002	0.9790702320504326
5.912170453773411	0.32200052415164027	0.9312213240081322	0.946655562829268
6.048116548492516	0.4385097852823663	0.9713805221446936	0.9035789743362355
6.180493263381686	0.5649214251208571	0.9934250048785094	0.8429657741606305
0.03245678082581827	0.682202225916704	0.9979219113020185	0.7748150328032872
0.16303758716441094	0.8073766967098405	0.9851404706017548	0.690232826449564
0.2958451966291169	0.925406878457329	0.9548916761774948	0.6006972728791793
0.42487390960176064	1.0493280300345458	0.9094913065584127	0.49757011019939024
0.5560728200760093	1.1682303067726059	0.8477896905708557	0.39148885619255114
0.6840348413128813	1.290802676402297	0.7736278931698155	0.2762269287214851
0.8137348302571419	1.4106995554362056	0.6855292640562505	0.1594123268404647
0.9408514786562515	1.5322779741414563	0.5880387168975189	0.03847860017449796
1.0691620681778702	1.65407357457059	0.47999731070567386	-0.08314452205195352
1.1956319834847546	1.776310664889275	0.36579086212560763	-0.20389064038014346
1.3227005105407792	1.9023870679203712	0.24515014092003898	-0.3252113673175924
1.4487040694681363	2.028577633544087	0.12160933876942544	-0.4414529352150676
1.574680351977402	2.162572331633895	-0.003846443885045514	-0.5573257435163314
1.700252903946079	2.2970152002233664	-0.1288592332497517	-0.66363343657979
1.8250418648206745	2.4419664446417686	-0.25111379639771736	-0.7648105866109776
1.94991077384245	2.5859395922852495	-0.36956823779400383	-0.8485695963933655
2.0730784772363693	2.740762063882245	-0.48084814182351465	-0.9189574810119199
2.1964420961813005	2.890233103928625	-0.5850560770209964	-0.9665994421915324
2.31707574041552	3.0484951957204554	-0.6785346999206415	-0.9942416264678671
2.4381424101296516	3.1973963490514175	-0.7625249579443392	-0.9979453927503364
2.5561771743781785	3.3529962317271442	-0.833074436504618	-0.9767275154132254
2.6753023915282523	3.4988824195343002	-0.89239145355589	-0.935285723628376
2.791902749665078	3.6512064982133827	-0.9381357475871805	-0.8711463732441115
2.911267255660984	3.794548786933701	-0.971931196639664	-0.7927053303265379
3.0293086904263635	3.9436256804709275	-0.9917897911956326	-0.6941656333357932
3.1512288260204424	4.086017695202374	-0.9979453927503363	-0.5856229195789944
3.2724497542163125	4.232580577531114	-0.9894163379351222	-0.4615809935173047
3.3976827128165628	4.374632791272325	-0.9654003486535923	-0.33111793554875396
3.5221929003149626	4.518565938392175	-0.9265440611425144	-0.19235711129879102
3.650164887431304	4.659974943629655	-0.8716571598275428	-0.05231829734334767
3.7772572871165666	4.800763840954912	-0.8030404744121857	0.08807073474194053
3.907119191997992	4.941096275415174	-0.7195451643964709	0.22626067785383747
4.036188687621789	5.078470819531178	-0.6245541217369766	0.3572730571546777
4.167400249683338	5.217287484679114	-0.5173433498661765	0.48288940632294763
4.298153719615852	5.351185138884663	-0.4016611556645201	0.5952933435163249
4.430440087445174	5.488129919281531	-0.2776539207127732	0.6993477725783865
4.56272484136617	5.618661274995414	-0.14879410620391575	0.7862666906207743
4.695904078465793	5.753408459178726	-0.016432219796095555	0.8621252350519594
4.829584643283562	5.880707919496679	0.11673870943863987	0.9192021371135687
4.963533649622952	6.012891617866241	0.24812051680244923	0.9629376511433796
5.098541429759831	6.137117638634824	0.3760957893543896	0.9883821949912217
5.23316200153267	6.266576695645099	0.49695410155602837	0.9989366114863882
5.369301147552005	0.10556345575201852	0.6101414138403334	0.9932411588969529
5.504694705758558	0.23445262435771405	0.7116019201433875	0.9714982208636698
5.642145561052153	0.35705291975759557	0.8014690166534998	0.9356178305321317
5.7785745144917575	0.4852124185325585	0.8749184669250729	0.8833293409505071
5.9175048740530425	0.6074744081188888	0.9329010923089606	0.8197675376083317
6.054835934249762	0.7345442927833481	0.9726641108984004	0.7409086593193377
6.193600309065823	0.8567412813480357	0.9942642009665721	0.6537143415611322
0.04600325196007224	0.9825877355529692	0.9970545804132067	0.5538312438915867
0.18159652272052826	1.104575706296309	0.9815951999741661	0.4486211099793577
0.31419452482671384	1.2286339574226623	0.9491136125394433	0.33484076591934997
0.44764006517000654	1.3498182578962732	0.8996202078263612	0.2187304010542772
0.578725260017018	1.4713582208423674	0.8354404585496231	0.09907531522053734
0.7106401660083603	1.5913612177583596	0.7563933793305935	-0.020507319402946127
0.8403725463409261	1.7105756419124587	0.6658234559471037	-0.13904267206586737
0.970515590766976	1.8305009831858434	0.5637257001173208	-0.25634369293961007
1.0989353477306412	1.9494380793405355	0.45361842265118535	-0.3691362960415099
1.2274409856751953	2.0719439057415507	0.33595956537131366	-0.47987858578576337
1.3546743184597867	2.193966462555445	0.21399933489385664	-0.583121874478403
1.4815722219708873	2.3227297400104656	0.08891547572108711	-0.6824653945543739
1.6075679155898526	2.451639503412882	-0.03669459521179404	-0.7705921820310195
1.7326446956579011	2.5893121219603894	-0.16081391718302881	-0.8502234223136846
1.8569175165249157	2.725771678686745	-0.28165102777233514	-0.9133359372460433
1.9793456842800372	2.871298552018991	-0.396465455230256	-0.9617998960699616
2.10072418005847	3.013336200153094	-0.5044729712956605	-0.9897486735227083
2.219244798115282	3.161376630868107	-0.6028717358479234	-0.9979453927503363
2.3365983667758448	3.3040308846510347	-0.6921069475627337	-0.9853805988388138
2.451150315922888	3.450670204974538	-0.7702997942539351	-0.9519690346361127
2.5652106982500786	3.590922232271525	-0.838404531721698	-0.9007086577028603
2.6767259651790405	3.7351722783727883	-0.8930895476365771	-0.828194719782023
2.789986718799879	3.873887774662301	-0.9374172169273601	-0.7426478462412827
2.902575335052222	4.015691286814117	-0.9697279613032335	-0.6405686581145301
3.017966050577906	4.153330999959337	-0.9903403201202896	-0.5293663260107668
3.133486719334817	4.29331432528895	-0.9979453927503363	-0.406083327824563
3.252818565081243	4.430588679333325	-0.991924999164434	-0.27751156801953364
3.3726087259528654	4.568884240359649	-0.9717561239039554	-0.14271782460126067
3.495847018145729	4.705886932118378	-0.936424029384387	-0.00646132954356397
3.619150592974266	4.842369939561666	-0.8868659938525044	0.12945620931983295
3.7451792230651595	4.978881948207923	-0.8222135604640626	0.2630737520649951
3.871005337143472	5.11327850668799	-0.7446517341965377	0.3899165974546479
3.9989796402048183	5.248975245148261	-0.6536254000431584	0.5109645091893122
4.1268206304294734	5.381229585759493	-0.5520209484458282	0.6199180866501475
4.256380624722583	5.515897043132506	-0.4398328368290292	0.7196976261011724
4.386086078630092	5.646065667738561	-0.3201455579707423	0.8036061068364778
4.517110244023251	5.779502530559326	-0.19379316194632107	0.8753208422053629
4.648654049953243	5.9076931692451256	-0.06362562411948022	0.9298114612245187
4.781117587958391	6.039694106403804	0.06852865963359712	0.9697716024704274
4.914495775724124	6.1660672007949895	0.20034487176109977	0.9925013569733561
5.048453851696531	0.013428851078375648	0.3291223761060107	0.9991401998922008
5.18390905591585	0.13884227320260925	0.4533163848417136	0.9897624455881269
5.3198640154240255	0.2689521622618812	0.5696222228898011	0.963360087790218
5.458027594614006	0.39420031083818735	0.6770789477410135	0.922790966264019
5.596950012006448	0.5237541959013117	0.7722024735238894	0.8654085514785425
5.738188712508276	0.6487155291005813	0.8538280192364783	0.796507192035058
5.878928220510808	0.7772701828427949	0.9184304835794356	0.71250475033498
6.022086755367063	0.9020567673159635	0.965833129880707	0.6198352683762454
6.163576554768955	1.0293687855660947	0.9923418900383835	0.5152538414978605
0.02114196313733477	1.15351116395618	0.9986463576013709	0.40526468506093605
0.1577728013042003	1.2786089194236288	0.9861461904941651	0.28797296689786994
0.294356492363201	1.4009772247352799	0.9553604578077579	0.16888825974478316
0.4285095629714319	1.5225408732939065	0.9079149361756329	0.04816406824487417
0.5631148990118928	1.6421643058281186	0.8439506221562596	-0.07124952531539032
0.6956834018729312	1.7599105874695982	0.7660821375559661	-0.1877118721573353
0.8285820084267967	1.8774194151927786	0.6745457531931838	-0.3012920763397029
0.9595176187905884	1.9931084571760993	0.5727397530649359	-0.4090416883360457
1.09041968607367	2.1114854701644736	0.4611632309132714	-0.5136691073205109
1.2197493006380296	2.229117541174642	0.3431730245521619	-0.6105852700835022
1.3486741152295936	2.3520891114592257	0.2198450936290965	-0.7028762067352876
1.476303042065497	2.4748951573088007	0.09415671482600696	-0.7844921060608661
1.6029805642967085	2.6054382655716473	-0.03211274137665304	-0.8581313836566731
1.72841899660599	2.735864513608676	-0.15664524140237765	-0.9171208508753765
1.852040736313586	2.8738832255932345	-0.2769790177046409	-0.9624550612984811
1.9740679498637939	3.0097974956228897	-0.39164273390873244	-0.9892964639904261
2.093152612991554	3.1522721974063437	-0.498002635491797	-0.9979453927503363
2.2104229066092143	3.2904482450465475	-0.5959792276822111	-0.9871163185210526
2.3241257642153084	3.4321383302250292	-0.6834359190049665	-0.956666509812918
2.4360590063874725	3.5690150662233098	-0.7612525843502751	-0.9089852825364834
2.5451928974966496	3.7091611617856226	-0.8265091249094516	-0.8427264825236032
2.6544985244766686	3.8440562346543525	-0.8821896235093224	-0.7631146868938274
2.76182773526572	3.9816706575216876	-0.9268573176135391	-0.6671488382311695
2.8718684573648985	4.115508054668723	-0.9619443561557175	-0.5616881894980184
2.9818548227622164	4.2514635362013635	-0.9857256818250358	-0.4443260048782058
3.094936923861021	4.38495293243699	-0.9979453927503361	-0.32123112471620363
3.2092058554852354	4.519606694813299	-0.9974982485950191	-0.19133039926061757
3.3272171777785307	4.653088101778251	-0.9824176323969851	-0.059196886039187414
3.4460811686167965	4.786486593824024	-0.9531322674264983	0.07386919535315173
3.5680212807787837	4.919861197630331	-0.9093579619771672	0.2055721883657489
3.690191139913255	5.051918167128859	-0.8520290289512313	0.33237129982557645
3.8147100769302913	5.185106347332305	-0.7806549102200755	0.45437717548075984
3.939205140922547	5.315822194658102	-0.6972388191026537	0.5663095042843139
4.065593480106099	5.448708052674193	-0.6015802762561322	0.6701846214949692
4.192071004029564	5.578148338291407	-0.49626078350389713	0.7600230429192529
4.3201288572615235	5.71061656615353	-0.38158057628920755	0.8387967540153874
4.448576704307956	5.83890072057767	-0.2602788386084004	0.9010750981849732
4.578326743115917	5.970825619507545	-0.13340274274965977	0.9496913887790415
4.708896458934801	6.098126689325145	-0.0034554093284725577	0.980933843930816
4.8405648512299875	6.229452726060338	0.12766069280270823	0.9965596998008975
4.97360626402729	0.07292021985367732	0.25793386334787405	0.9953311856297311
5.107690181714433	0.20397302185605096	0.384675723200009	0.9773206689864615
5.244055283852473	0.330525148981926	0.5066054627488966	0.94397122342297
5.381729069399758	0.46121086963725155	0.6203274686698039	0.8937360896067533
5.522850407654218	0.5878089816590255	0.7242019070468193	0.8304883656860916
5.664773284673807	0.7180505385354848	0.813804774295671	0.7515930557361883
5.809435858950819	0.8447794834981444	0.8882995306380939	0.6625633319298618
5.954275791235959	0.9742266709453913	0.9444799739565319	0.560684059959217
6.099783133403552	1.1006208052553508	0.9812502706202487	0.4521251207364229
6.242339369030918	1.2281915249506334	0.9973847843111513	0.3352556904205277
0.10002986326501272	1.3528908364071748	0.9935954545391545	0.21573691033725775
0.23719151440237712	1.4767925213860165	0.9709750170194527	0.09366983106006614
0.374828128535594	1.598083553052543	0.9300205527248505	-0.027221598685370163
0.5101349356439561	1.7169849594518931	0.8725232728675416	-0.14536549971377075
0.6458655804230805	1.8345919475949028	0.7983533442803568	-0.26026288266673814
0.7795653330700894	1.9493705185825894	0.710806864907473	-0.36907455994754457
0.9134058803355604	2.065307620178204	0.6105334165542229	-0.47420750135823375
1.045457329278659	2.1796565306920077	0.5009995201759091	-0.5719251657850773
1.1772726513012945	2.29791757754532	0.38300871395561725	-0.6643384603330112
1.3075266902875917	2.4153196806432637	0.2599333889016535	-0.746834479955138
1.4370394343571116	2.53952874705545	0.13321211999653468	-0.8231236573935237
1.565095630315588	2.663404876646179	0.005726791496028293	-0.8865571332104242
1.6916447542681183	2.7950743775317624	-0.12036724538267798	-0.9393251396294205
1.8164925683256694	2.9256035243962213	-0.24292347459408678	-0.9755651660799967
1.9386828919930736	3.063405386775447	-0.35930835335876593	-0.9961469933798729
2.0586394321519164	3.197979725023267	-0.46850915445698166	-0.9979453927503364
2.1747988699146306	3.336855775261657	-0.5677740176577335	-0.9808188118747959
2.2887980799212455	3.4713499334163207	-0.6572134337105581	-0.9456106801706586
2.3988113926126204	3.6093474572105095	-0.735357818507874	-0.8916732695737584
2.507248223003357	3.741903877340982	-0.8038295608277642	-0.8241712373774407
2.6132004633215673	3.877152961236854	-0.8619378212788797	-0.7403778688330417
2.7193346682258706	4.008161074217814	-0.9109219942048682	-0.6464519827704573
2.824813763996662	4.141440354387518	-0.9500168929585397	-0.5395275606791575
2.9328449866351005	4.271766847697345	-0.9774007380105596	-0.42577311730814493
3.040989484380288	4.40371891632978	-0.9932824748388991	-0.3032531019474889
3.1535504187827974	4.5339588947497464	-0.9979453927503363	-0.1771718736441109
3.2671793507662548	4.664738509504216	-0.9900898405287258	-0.04756044010143026
3.384589623178614	4.795079582667638	-0.9687191960121726	0.0824166182849855
3.5024606439740165	4.924851387174495	-0.9339438538211858	0.21043393104331548
3.6234064011005698	5.055422936837643	-0.8847790245833922	0.33565816260147396
3.7443766387613016	5.18429339686142	-0.822693265782223	0.4536569078519517
3.8678041771278324	5.31512745232879	-0.7468771999546964	0.5657400861993422
3.991000440592774	5.443225770448492	-0.6598595164391757	0.6661289884519538
4.116095687532544	5.574333814680249	-0.5611860237079372	0.757552054095812
4.241202943456116	5.701841795908348	-0.4537019937971776	0.8340130894753662
4.367939424376378	5.833281406196682	-0.33753025600805736	0.8986386390781691
4.495111874900569	5.960417337900298	-0.21549467628726127	0.9464139002060639
4.62368625078754	6.091825394383183	-0.08856350200412766	0.9797301221006516
4.753315403446972	6.218565655250048	0.040873901344858105	0.9958626405661446
4.884287572211762	0.0669426261940334	0.17091422370076612	0.9957139090394214
5.0172952740297605	0.19404241759395943	0.2999010641247599	0.9792176894000593
5.151830718109493	0.3259535322756411	0.4248952335718935	0.945410790690678
5.289500007755265	0.45353559475331245	0.5447355643844304	0.8970639855243527
5.4289538029609306	0.5856082069094197	0.6555710017324743	0.8316881427555874
5.5729346204827985	0.7138174835495317	0.7566456779460854	0.7543351626479673
5.717541458060828	0.8457928322536572	0.8425719366053372	0.661813685974444
5.865879944959151	0.9744336289140196	0.912772926866915	0.5605144350419002
6.012889784222157	1.1054857226522927	0.9629370737428289	0.4478148427510633
6.1608748776577915	1.2334750977134903	0.9921689115566162	0.3303006205925576
0.021381114805274378	1.3617747393167625	0.9986310455967419	0.20708167799855687
0.162521656043772	1.487095662774615	0.9852390277330261	0.08342132398324417
0.3014630539616043	1.6104461129991199	0.9531226557083499	-0.039569343404210325
0.4405386396427261	1.731393301293189	0.9026992903841502	-0.15957940963383185
0.5777582815025081	1.849150150486064	0.8359676177459978	-0.27420980410417073
0.7152541355468907	1.9664013169526076	0.7534045219204427	-0.3846370699080436
0.8509407301409403	2.0804303080114614	0.6580054207458033	-0.48713070043623247
0.9866481008721271	2.197466605431835	0.5505033259761628	-0.5858565219562236
1.12065594932339	2.311998696604014	0.4343741429984944	-0.675005108428815
1.2542996864016704	2.4321809474859895	0.3107707880871574	-0.758556534402379
1.3862661004475625	2.551177564901472	0.1832207214983086	-0.830086165685997
1.5171303802238147	2.6779619113321553	0.05354587117531752	-0.8936956326768979
1.64629108310588	2.8033310818680532	-0.07537135708466047	-0.9424214859996457
1.7733611232439206	2.93675614917338	-0.20098090102815386	-0.9783921427758279
1.898361868116719	3.0672820419402367	-0.3213551808190795	-0.9966423894786219
2.019951191602302	3.204866208662728	-0.43357021088671	-0.9979453927503364
2.138869929167458	3.3377522548545477	-0.5370706890526016	-0.9805915714746184
2.2532159079861884	3.474613668407594	-0.6294132266407401	-0.944386747039229
2.365768644020784	3.6057725350378713	-0.7123863003121871	-0.8934263450161524
2.4735546963160564	3.7404128116089876	-0.7836909113902062	-0.825062448628304
2.5807747302725432	3.8698677777313812	-0.8460368439807032	-0.7454425723636743
2.685053767458278	4.001754828343395	-0.8971733472159314	-0.6514571567709112
2.790535765043628	4.12947065412292	-0.9376231147377547	-0.549756352090377
2.8955152243914304	4.259282452326962	-0.967938358523005	-0.43718118656486393
3.002954810992562	4.386351961824278	-0.9884220402599837	-0.3198908388925312
3.111825755822689	4.514698010620495	-0.9979453927503361	-0.19617284370780383
3.2246243475942573	4.641775248206545	-0.9955279261095995	-0.07049618234583332
3.3381844168678776	4.769050235021319	-0.9804820266844978	0.056525296066156264
3.4552809626693457	4.896528570098102	-0.9508002959029633	0.18284013980341476
3.5727123819593025	5.022936803560201	-0.9075987523069341	0.3051918349751974
3.692824271630589	5.150931595586557	-0.8507377900578151	0.4240986181927323
3.8127561441673254	5.27668164813434	-0.7818227774873735	0.5342295026693555
3.9347651779330723	5.405387004422594	-0.7003255081629605	0.6381369691644161
4.0566337401763874	5.53075512175027	-0.6085804848378991	0.7293224573893851
4.180198255446207	5.660302949641957	-0.506406724175126	0.8113677209510987
4.303762871084365	5.785590208865397	-0.39653558998626304	0.8779603776081699
4.428775380111611	5.916055319260078	-0.27924872898485786	0.9324446385494334
4.554312921113548	6.041564640425692	-0.1570925126439143	0.9701289262676706
4.681193406669921	6.172966063089485	-0.031125262399165663	0.9929430658365999
4.809357757083621	0.015907918185275406	0.09661908004176861	0.998981474312975
4.939030026404849	0.14857838976288845	0.22424761383952052	0.9879025777113529
5.071192890608074	0.2760661535417105	0.35044762905222	0.9611199461407388
5.205341665930334	0.40975403075588546	0.4723055062546071	0.9160470825855458
5.343081548015808	0.538413483096335	0.588651555619929	0.8574168764400624
5.483406916653647	0.6728537463863974	0.695853832512679	0.7808708318467069
5.6278413617844745	0.8028789181164507	0.7922134074762238	0.6935601523208957
5.773491329161808	0.937578896562212	0.8727144661610953	0.590720959435909
5.921758127388348	1.0684662094283777	0.934240409376894	0.48061383600387164
6.0684312774274165	1.202019590657844	0.9752611979292803	0.35980040055785845
6.214533352127796	1.3320949624728313	0.9956044669786235	0.23599750102807035
0.0720134392172294	1.462049558075177	0.9953892434698559	0.10833461708267338
0.21312780719769692	1.588950855279827	0.9755718514707437	-0.018099845490309456
0.3517621930718684	1.713063958655873	0.93728384005316	-0.14149741046901235
0.4917990541828671	1.8353940463398442	0.8804734643567913	-0.2610313022487699
0.6296366141722853	1.9533346140251429	0.807685562096268	-0.3726968959924426
0.7685932170606735	2.072630093345577	0.7188522979185726	-0.48046497222112855
0.9055016046951582	2.1873485732745297	0.6170118436031461	-0.5779513443401537
1.0429533065508303	2.3068269000806216	0.5032180643274264	-0.6712992780083695
1.1785494921352648	2.422885193191033	0.38181125992678216	-0.7520940699274357
1.3139819323016062	2.5464824683148497	0.25364430402505717	-0.8272799024796851
1.4476080043995176	2.66662353590523	0.1226995917504072	-0.8881355039362719
1.5799774180623127	2.7964319297016402	-0.009137161993426866	-0.9398342352155513
1.7104985874398235	2.922185934693476	-0.13896665739707081	-0.9746988725716415
1.8384197969385874	3.0575612507335803	-0.2639300052140623	-0.9954001737447412
1.9640989690442834	3.1873590036457142	-0.38253321596782514	-0.9979453927503363
2.0854884440573462	3.324490896994306	-0.49145316611199796	-0.9827660226476492
2.2040987769367595	3.45384379490837	-0.5910382107383465	-0.9511645903941222
2.3179988833788077	3.589080930851423	-0.6791764744788155	-0.901460383427089
2.429564869462893	3.7166179941954147	-0.7567378211757273	-0.8390697903931541
2.536671585303355	3.848297041575966	-0.8214159293944379	-0.7604386782932794
2.6433735169038277	3.9730302321921585	-0.8767341264018143	-0.6737234115568471
2.747075531187821	4.101341127613802	-0.9213250941392584	-0.5736507837904438
2.8529513922019962	4.224471433356969	-0.9571492425893959	-0.4685727691094015
2.9571356276118923	4.350221031677662	-0.9825668264919868	-0.3540827600442182
3.066062089980116	4.472748945787793	-0.9964864923415244	-0.2371215605153314
3.17447236909425	4.596607475409225	-0.9979453927503363	-0.115368697961445
3.287651425714189	4.71927122446657	-0.9874737228624912	0.006906923138079377
3.4006014303822667	4.8416403371189425	-0.9646605096735471	0.12873047572893057
3.517765189069552	4.964890148208096	-0.928204496963484	0.24944209928044672
3.6339918554221176	5.086171412932809	-0.8795881143700954	0.3644948708278284
3.7534082047526645	5.21045273293152	-0.8172950911399472	0.47683387082473505
3.8715494254631966	5.331085278389531	-0.7442734807137237	0.5788192874692837
3.9921820468148392	5.456794745099915	-0.6589363322752535	0.6761669215043895
4.111745135944701	5.577276815827846	-0.5649038181164922	0.7594584842780274
4.233339310599408	5.704784327464836	-0.4608876736460838	0.8356172435980788
4.3544168947148805	5.825680664847404	-0.3502486379501794	0.895343059898338
4.477161517640204	5.955333632509823	-0.23289426725511944	0.9448130801135268
4.6002412918059195	6.077330970838155	-0.11178391773499222	0.9769612858221571
4.72467695726754	6.2093878720024565	0.012306177736890703	0.9952750207482182
4.850552490893771	0.049830673492069655	0.13759537116093273	0.9968095246428659
4.977927640750002	0.18450528599521243	0.2621440083639523	0.9810395456388641
5.1084370151763	0.31058281701498	0.385376122743937	0.9502509118102132
5.2411284664844064	0.44790094981236933	0.5040123259205761	0.8995070917556781
5.378360932368976	0.5770368869831004	0.6175669083050859	0.8363608940695291
5.517576831189716	0.716770472001335	0.7207857665711838	0.7524222628460597
5.6621186007358	0.8492871716720085	0.8123575435347086	0.6592286752389263
5.806735638152498	0.9905539987167348	0.8871287512318535	0.5473020112196914
5.954855354943646	1.1258525682886324	0.944662474152139	0.42976998007102807
6.099941173478377	1.2664759775906531	0.9812804606510059	0.29935155042448097
6.24570579107358	1.4024714621604137	0.9976003239740967	0.16743248380763756
0.10158561255867488	1.5391317172684236	0.9934958456148621	0.03165958952442713
0.2444179081180901	1.673155814775436	0.9695945757055506	-0.10212780302622074
0.3833323843821085	1.8031742435969083	0.927342627356342	-0.23016437032421672
0.5263925009833704	1.9339460358029614	0.8639702498348347	-0.3549798791417351
0.6659742371869249	2.05708307678994	0.7853272704680145	-0.4671791600538242
0.8091018238264936	2.1862015403485984	0.688956627551065	-0.5770551721527171
0.9491399298447716	2.305380040142796	0.5812454155481929	-0.670168852188777
1.091616677111791	2.4354761110748386	0.4601027064070323	-0.7608473520118352
1.231570683656567	2.5548322463380337	0.33208662885949414	-0.8322705718759437
1.3723725904211275	2.6888096695075276	0.19675661428132032	-0.8990151718287782
1.5111339369525487	2.8103512601608127	0.059510517197678914	-0.9450541227866477
1.6486914683998706	2.948870080537826	-0.07776886576936148	-0.981462792272826
1.7846493329957496	3.07354806004095	-0.21211678316772015	-0.997443121240884
1.9169542394252774	3.2149070441795686	-0.3391668807874511	-0.9967696961400425
2.047730518064008	3.3400541995202526	-0.4589545783933637	-0.9800080726073053
2.1720552150817314	3.479234661564825	-0.5654294081545939	-0.942653828576067
2.2955429035760595	3.6015658127529213	-0.6624831371619232	-0.8954892435002542
2.411254990441105	3.7360401125489293	-0.7440086828009089	-0.8276760145599358
2.527418838084558	3.85408068966904	-0.8158855545451966	-0.7564178512413698
2.635609694797196	3.98193260255221	-0.8729268922252427	-0.6669441816378979
2.7470629624088523	4.096108747296283	-0.9213203807219488	-0.5777388213773725
2.851339953774704	4.2180025597674895	-0.9567407738233659	-0.47410079045911213
2.961699505578477	4.329658274459448	-0.983150042497462	-0.3728727255567644
3.066383076714313	4.446297538896331	-0.9965275110984455	-0.26246230460186815
3.1794637303321203	4.5566443595755945	-0.9979453927503364	-0.15479253554393171
3.286739757058011	4.668507745988055	-0.9875902246085646	-0.0437957206510491
3.403055335080247	4.778294832716318	-0.9640384918496185	0.06572087257298873
3.513504250239286	4.885584435260443	-0.9298023914675728	0.1721777056536924
3.631920440117061	4.995551474517588	-0.880603897966753	0.279314206812708
3.74386683422317	5.098373967904862	-0.8229979763864408	0.3759387393387772
3.8624760913203544	5.20917618497982	-0.7505813173568697	0.47570285952803215
3.974687036799516	5.307500250840458	-0.672571590996919	0.5594887520255907
4.092374262650363	5.419814720494855	-0.5806565591322544	0.648810174159881
4.204490782153561	5.5134568075495825	-0.48564737489752346	0.7180838683698666
4.320796263102013	5.628050667052636	-0.38097070998613436	0.7923489921601938
4.4329943048162415	5.716639012223649	-0.27520695186127875	0.8420799581227124
4.547795455144004	5.834411613300157	-0.16352202932380333	0.8991286816711147
4.660685004324018	5.916680802261706	-0.05160908758203884	0.9326415983808239
4.774217588333697	6.038779592740029	0.06166524853239587	0.9695969050358193
4.888992487553783	6.113403209630655	0.1754980350991508	0.9838520823484841
5.002050332175611	6.241745002931519	0.2856039672925381	0.9973467292286016
5.121060005599998	0.02170550413448692	0.39721428638709305	0.9986102761371211
5.2350794448084415	0.158998471295771	0.49865294099468527	0.9859120535843681
5.360871644611103	0.2014410131582537	0.603232504998366	0.9778043527644431
5.474955517618288	0.35250173395789675	0.6896017331539812	0.9370509642630276
5.60920730299758	0.3436722395346061	0.7801425552043787	0.9398313047812312
5.717167012975593	0.5173623902386174	0.8423678036620947	0.8688931161156764
5.86321100333928	0.26241161418391296	0.9116157096915838	0.9654196565447397
5.949479969703306	0.4211417318357008	0.9429698062973129	0.911109528620715
6.16979534755751	4.86295346410118	0.9927400565441235	0.14993058591555541
