3.141592653589793	3.141592653589793	-0.9979453927503363	-0.9979453927503363
3.2258712332924198	3.1943477232227386	-0.9953685871216837	-0.9979453927503363
3.3614628113823017	3.2465991741549765	-0.9745813996909829	-0.9927197724600967
3.606912533827717	3.303412957830735	-0.8928673107809084	-0.9854595634418225
3.936755337894369	3.368939200672497	-0.6989419369495611	-0.9726862782541325
4.175228159539874	3.4502238810568286	-0.5106539545314278	-0.9520821691976502
4.337741452437667	3.5592130310717986	-0.36548642838704554	-0.9126611433552848
4.484163926140328	3.7080313911244223	-0.2261858814774128	-0.8432805010745095
4.62621021630975	3.8882336294563853	-0.08604256118911223	-0.7326745214278495
4.765683717558827	4.062516063604993	0.053176630184818816	-0.6039846493260776
4.903372609520802	4.213683156315325	0.18950801449110027	-0.47779196700960347
5.039910750304339	4.351973533499956	0.3211104368660842	-0.35248134791586694
5.175883187164852	4.484443573353786	0.4462055291851398	-0.22591797631456653
5.31185194071778	4.613094546064523	0.56305544259818	-0.09910411042449346
5.44839945227095	4.738094752577695	0.6699563278864035	0.025707893230721063
5.586185358611257	4.858541518777847	0.7652292991673525	0.14554203574785973
5.725943852121309	4.972637416435763	0.8471525960864756	0.25698995377448064
5.868106223506073	5.078076862032161	0.913738211289919	0.35690359372443825
6.011346146389676	5.172369569740144	0.9624509939510169	0.443092492190058
6.150532844009348	5.253281688177313	0.990944870713305	0.5147799833420684
6.27810679990762	5.319052207227148	0.9996748417958907	0.5689568563944446
0.10653938668683507	5.368195888431696	0.9931786736167109	0.6092355318965814
0.20401163087217358	5.400423216084988	0.9773132935952165	0.6344649028293136
0.2932039748172177	5.416300531690783	0.9557233768014644	0.6462104794257476
0.3808688409007533	5.417889619414238	0.9281183784278304	0.6473860403352684
0.4726254520399275	5.408782041304521	0.8887868802620229	0.6406485187698066
0.570939302291544	5.393350742710586	0.8396850608401393	0.629232892594853
0.6732481248152179	5.376187743554675	0.7806153596595716	0.6157857400061192
0.7736635617944383	5.361139017667418	0.7151728237568074	0.6034516467539159
0.8669452980708441	5.350739138151927	0.6461657065786987	0.5949277966474851
0.9509675191268593	5.34643413289129	0.5797475042432176	0.5913993692753791
1.026363457342715	5.348831719514274	0.51791653831737	0.5933644563671143
1.0945859401210851	5.358086324540706	0.45747196307935567	0.6009496275147254
1.157115621444342	5.374084429853692	0.4019124926956061	0.6140618420814096
1.2154904516787517	5.396509440290108	0.34716708215809694	0.6315696052537428
1.271109450788102	5.425723607572931	0.29500616061537516	0.6531813970730225
1.325354649955265	5.461594495447144	0.24256431872843362	0.6797176373021259
1.3795938071607725	5.504996499448584	0.18972127077455023	0.7118251783433586
1.435211991734099	5.556724953446963	0.13502987226723093	0.7461453087885628
1.493582112763781	5.618342885223179	0.0769692695941836	0.7860604426986512
1.5560644020725127	5.692461030229627	0.014747196762006542	0.8288990597194092
1.6240005452288944	5.782472963350274	-0.05310753207268412	0.8766087818958597
1.6986593757911692	5.891124778051908	-0.1272872088004115	0.9237187468225836
1.7811218841252423	6.015558621134658	-0.20863693510155976	0.9637774701515667
1.8721025268599385	6.144027866744516	-0.2961984377619122	0.9897022399190759
1.9718654040752017	6.25979179791891	-0.38963007777666503	0.9985021993566883
2.080167702185988	0.06986514826412484	-0.4869062887840807	0.9955267906644953
2.196297477007735	0.14144099317570433	-0.5849430866454026	0.9892660181091864
2.319315942489885	0.19815111542554503	-0.6800921019197598	0.978432814335651
2.449372535726871	0.2485501165692919	-0.7692372135250941	0.9688052094617365
2.584975060484987	0.30146243593224015	-0.8480966079111573	0.9531228503210877
2.7252798259541198	0.36718852878367525	-0.9131514875720184	0.932426204477355
2.868071597741251	0.4598540569455994	-0.9609819249892555	0.8943243853337175
3.0073731681784124	0.597198768464369	-0.98898666022738	0.8253694179616492
3.134954853347907	0.7807297804693741	-0.9979453927503363	0.7099454405672132
3.2464544287375228	0.9797235819915628	-0.9927382694148348	0.5561787341296094
3.3446402915610465	1.1795342915803566	-0.9788455861448525	0.38088768979043797
3.4379283461134773	1.3897484659411794	-0.9551988517223616	0.17982799166523034
3.538742257135615	1.6116236823683583	-0.9203378874884621	-0.04074550158042268
3.662424339785233	1.8382307961228166	-0.8656453520675401	-0.2637489403155392
3.821666098870156	2.0590746267933575	-0.7764972900152516	-0.46888105309372097
4.008741811330018	2.2658843991865423	-0.6459982552126833	-0.6393110675953282
4.2045603959417175	2.4571119280425213	-0.48558788594603314	-0.7738630548669966
4.406350887416044	2.6361213144496274	-0.3007316441659096	-0.8731777810013364
4.613247122006932	2.805694411737046	-0.0989535934028083	-0.9433077582413847
4.820188834933751	2.9618095751431217	0.10739272409944464	-0.9831641082398606
5.021272143724685	3.095794652875108	0.30363067435623425	-0.9979453927503361
5.212654481656328	3.2035239179524724	0.4787846026221132	-0.9979453927503364
5.3934124079864745	3.2874209181383947	0.6292785107735975	-0.9875031793266147
5.564423409752885	3.3522348942071365	0.751132248555834	-0.9769204998872598
5.727572366851654	3.401760340013438	0.8480403991799794	-0.9643667482868459
5.8840675056015534	3.4393512475473766	0.9206588084448628	-0.9548381734717729
6.033546834497838	3.4670142856925485	0.9685973033053634	-0.9472365912539792
6.172961726724099	3.486683066712135	0.9929427881950201	-0.9398606024530882
0.015942023386752564	3.5006274245527558	0.9989792906819454	-0.9346313293646539
0.12953521945581814	3.5105742763560346	0.9915403505858631	-0.9309011608589368
0.23601402007214517	3.517807301628527	0.9711999510438475	-0.9281887043343898
0.3442292397261262	3.5234194076860086	0.9396559096649441	-0.9260841086612682
0.46358844837272184	3.52832366733373	0.8927052034577635	-0.9242449624425864
0.5989468465372952	3.533257236215426	0.8244164335692388	-0.922394824969218
0.7432578386029114	3.5391063026136056	0.7352641604179024	-0.920201366807999
0.8815597275633784	3.547622175566479	0.6353543764219121	-0.9170078296250056
1.0064000643865922	3.5614272185612963	0.5343144099359137	-0.9118308009914472
1.118833130580983	3.5840222198465086	0.43598914585581666	-0.9033574504431912
1.2194933062027618	3.619520680670472	0.3434131026885398	-0.8866845097193066
1.3078460323400853	3.6736991305351667	0.25962226667440963	-0.8601164040716588
1.3827974788001536	3.7516695396902535	0.18660006125009398	-0.8183342927203038
1.443247569736332	3.8548723843819914	0.12703690440275311	-0.7558674602999672
1.4884309101201059	3.975272966032762	0.08209315703362687	-0.6721473287248233
1.5182926567089667	4.099697624311137	0.052389757876078	-0.5749348462759324
1.5336416446314178	4.22159905257197	0.0371221607993876	-0.4710273822788096
1.5362613981557351	4.340068104669979	0.034516299002401496	-0.36336036548891903
1.5287869127881217	4.454550548241424	0.041951149529674325	-0.25455582920659114
1.5144751168014619	4.563959093646355	0.056187054572540765	-0.14757650941710831
1.496861665397765	4.6673497409630365	0.07370710739427531	-0.04495233792885054
1.4790699351831158	4.764162091403702	0.09140449367061201	0.05166307273365855
1.4637024024291994	4.854192469738819	0.10669053724137086	0.14121604834529433
1.4525889789358815	4.937750611962275	0.11774502975226905	0.2230011313677214
1.4469015187356882	5.01553345825654	0.12340233114340843	0.29824878817964595
1.447311053646072	5.088531520419405	0.12299496786759051	0.3667082400615806
1.4541340837939747	5.157957172186611	0.11620811809830268	0.43032322298719544
1.4674641405731614	5.225186652219967	0.10294874640928459	0.48988800571857255
1.4874243540707084	5.291723987631072	0.0830943756335078	0.5465583615690381
1.5141195798253733	5.359163861723396	0.05654070624809167	0.6018327882682392
1.547819141007066	5.429279299570614	0.02298257674934632	0.6558117946634606
1.5888974552358053	5.5040697835632155	-0.01804650944062355	0.7111396208672096
1.6378873665006393	5.586033400932096	-0.06697771144982397	0.7651308633559333
1.6954422166360479	5.678475071794467	-0.12411346327625052	0.8212744574158655
1.762266825491303	5.7849202475600325	-0.19003631416180977	0.8776698914006026
1.838956069712951	5.90820618861916	-0.26444376053874075	0.9299730071164884
1.9257715248223835	6.04361804445204	-0.3475101231271604	0.9705211832998247
2.0227411687258825	6.176180523436293	-0.4361196537156337	0.9931488759492128
2.1293125722680086	0.006430582321746356	-0.5289033826033176	0.9995882733868161
2.244461435671549	0.09519898816232124	-0.6225733928167068	0.9939047577632214
2.367151758836278	0.16389359388897745	-0.7133478500774113	0.9849769496127171
2.49729344858192	0.22123981537188045	-0.7978795837249266	0.9740222332707271
2.633600216326643	0.2769500102913092	-0.8719414813019761	0.9608416263847724
2.7746487794891976	0.3418596806581591	-0.9316653369063425	0.9404020657607639
2.916910624578725	0.42996877794706556	-0.9733616825329137	0.9072822401961739
3.052972873362643	0.5591615088682682	-0.9948138269709048	0.8461058571897137
3.175088411164545	0.7379955168708193	-0.9979453927503363	0.7386730102536495
3.2812165566121316	0.9384801473640272	-0.9882960320217051	0.5899822848453495
3.3762367676397957	1.1372324415256103	-0.9708364848498862	0.4196875032091679
3.4696766425449543	1.3426836935272561	-0.9462381809148858	0.22568132261180746
3.574375185289513	1.557964076172888	-0.9069751844951057	0.01284979922122293
3.7061060480733494	1.777710860464896	-0.8442246535505699	-0.20527194115726005
3.873238436395116	1.9926783781829485	-0.7430992701226327	-0.40864868805095667
4.063533168639378	2.1951095828581026	-0.603189989274992	-0.5840149897490952
4.263348515018425	2.3827145926396964	-0.43346567424646915	-0.7241672260411894
4.4732233892280835	2.558789625034128	-0.23666703838525088	-0.8346359004742807
4.690704317914526	2.7273141804087664	-0.02162574898127969	-0.91391439075649
4.908516226564309	2.887705333539087	0.1945192354630012	-0.9659587008300663
5.11881044331408	3.0321167054877005	0.39510458927315356	-0.9921486262344696
5.316970055734683	3.15263454253365	0.5672503032373413	-0.9979453927503363
5.502129749794939	3.2475482118651042	0.7097044402742987	-0.9925984953386666
5.675639647651018	3.3199456009412622	0.8197286941021894	-0.9833468640783726
5.839000596257267	3.374556895299357	0.9011184029358029	-0.9712623003016996
5.9929308732863165	3.415585942885813	0.956652164764603	-0.9608622228583503
6.135890004340804	3.446908067002487	0.988147682845261	-0.9529226645291646
6.265975696058524	3.4715443493058897	0.9988981316859714	-0.9455377722755152
0.10112504021639827	3.4912033467013432	0.9935253343735971	-0.9381654524311276
0.2133108839215031	3.50744364671484	0.9755368787467131	-0.9320751781582393
0.32904536230026166	3.5201709375198824	0.9444371969738992	-0.9273023173312167
0.45937604724881065	3.529193344173805	0.8945316439065465	-0.9239188249648038
0.6095048547767213	3.534329520551448	0.8186606168108542	-0.9219927076623045
0.7688437633723135	3.536264101597152	0.7186899979307037	-0.9212672205000182
0.9189008404266981	3.5361458767209126	0.6060296897477815	-0.9213115560062328
1.0545640402397125	3.5363476676379078	0.4929310469477439	-0.9212358824023428
1.1794762342079093	3.539715753621585	0.3809421374809339	-0.9199728166093328
1.2952349410146506	3.549390030010267	0.271908750056439	-0.9163448665991831
1.401596207139702	3.5698335005159048	0.16828520987150525	-0.9086783615244269
1.4975304627067378	3.6058624515839823	0.0730418565066624	-0.8933822516118095
1.581720233607923	3.6636191703971384	-0.010877888957924277	-0.8650594293250581
1.6528547783614487	3.7492763487075202	-0.08192718644186954	-0.8197647049975841
1.7098007567012694	3.863551544250939	-0.13827824346530043	-0.7498336559904168
1.7518808898825868	3.9952175611965584	-0.17979053051759214	-0.6565646971617696
1.7788468073193664	4.128923758987684	-0.20639255909104223	-0.5502237051684391
1.7912001981990924	4.259062584918405	-0.21857924837880394	-0.4373820983871588
1.7904159601076004	4.3857148408269495	-0.21780559310943778	-0.3205012079444201
1.7790247036821178	4.508569729056027	-0.20656805484920146	-0.20221842779246668
1.7603769417997346	4.626988680685625	-0.18817193331582271	-0.08526502972090869
1.7383500062416595	4.740387089379618	-0.16644223802638122	0.027997482908107014
1.7167667296947962	4.848417680058743	-0.14515021483620333	0.13547188055498272
1.6989725956943302	4.9510752790231995	-0.1275962019890615	0.2359828231333611
1.6876331011772168	5.048841560755255	-0.11640972714132278	0.3294859795889451
1.684605314021826	5.142776313633698	-0.11342279815547002	0.4168731034721939
1.6910976336479453	5.234133717433145	-0.11982750782673948	0.4978150340882997
1.707959007847695	5.324868694673813	-0.13646134790657255	0.5737241103869024
1.7357589132091504	5.4172576383951325	-0.1638861102384477	0.6469185191464418
1.774989751289195	5.513623341886463	-0.20258755171591503	0.7182070656318177
1.8260537241352741	5.6171558437250635	-0.2520831689550282	0.7852914957543395
1.8892778255965028	5.731744567993995	-0.3126525663335599	0.8503149214866356
1.9648501831112786	5.860458833411815	-0.3832196650787876	0.9104224058419306
2.0524851951189174	6.001218843279213	-0.46325000798595994	0.9592619833657816
2.151617700425693	6.141194147669924	-0.5479643864949744	0.989160921104125
2.261109775010275	6.263279053345266	-0.6355806730307958	0.9987254755382471
2.3796905649914066	0.07672041625460047	-0.7220649037736008	0.9950878729847326
2.5062671062315207	0.1518356674395463	-0.803243146502286	0.9872803474741694
2.640578586364057	0.21466445842626677	-0.8753635443706946	0.9752783085329482
2.7806595704091257	0.2756939569122262	-0.9339194433741371	0.9612371480234383
2.922394621159066	0.3468735328738526	-0.9747517705922193	0.9388232419007243
3.0578976585001008	0.44393270800334395	-0.9954431631487606	0.9012276680107301
3.1792421839727334	0.5864152870657958	-0.9979453927503363	0.8312481539448113
3.284480174717181	0.7759118197574615	-0.9878789756655626	0.7135096278634414
3.3785499000214294	0.9777806779334586	-0.9702501501109426	0.5577711586320075
3.470781282172872	1.175198258423556	-0.945823930051224	0.3849541327131854
3.5733888622515804	1.3776346245625333	-0.9073450654589847	0.1916300242530917
3.700853049475297	1.585947984812184	-0.8468006265078719	-0.015100573647064148
3.8620884659705546	1.7942086352991617	-0.7508507968389198	-0.22154708842671259
4.048132146400897	1.9947239093533828	-0.6152227456817141	-0.4105178663785234
4.24706958016286	2.1824448850486244	-0.4483411416398264	-0.5741201125554609
4.461301566670847	2.357192300023915	-0.2480882779324578	-0.7064239742172804
4.689550334245715	2.5225104181242104	-0.022778349722045527	-0.8129517877777359
4.922980850646697	2.6822967405828497	0.20861154189623804	-0.8958213524378837
5.149873590835115	2.8374002547161497	0.42316123442720105	-0.9532073271977659
5.362005692111172	2.9829873757982908	0.6041619821994973	-0.9858704102911614
5.556930855645273	3.1110745940771953	0.746278689017029	-0.9979453927503361
5.73565738007404	3.2172103048515206	0.8524480349330366	-0.9964753634478675
5.9001210316866715	3.30238289998285	0.927427052802713	-0.985591194091864
6.051156225353335	3.3706080817909134	0.9719611846002227	-0.972263248866509
6.188851236677404	3.4258762794322033	0.9939601352704321	-0.9582538197075078
0.03155455230662025	3.4714628134566907	0.9979796776867627	-0.9455683490311343
0.15053624514216357	3.508446530126378	0.9875285731167348	-0.9316990868893023
0.2721176895713445	3.536760194709106	0.962363287359973	-0.921081180641507
0.4090363467869693	3.5559664308392738	0.9163582606979129	-0.9138786507815064
0.5699395727415713	3.5656959624822067	0.8402300746312915	-0.9102299795006212
0.7446012904905068	3.567016127526225	0.7343938932659656	-0.9097349044590968
0.9085392960142256	3.561590464952424	0.6145221200025248	-0.9117695819686952
1.0544456993387992	3.5525163212445787	0.4930358960414397	-0.9151724762456761
1.1884531896591937	3.543325120051722	0.37252331879514	-0.9186192682455327
1.3141275723950208	3.5378497637097737	0.25350241268977786	-0.9206725814131806
1.4321436232837752	3.5396540401524215	0.13808197012665077	-0.9199959597749903
1.5420059386200717	3.5527116400301826	0.028788812624743143	-0.9150992297555258
1.6427428385565952	3.581191714862371	-0.07182736473324501	-0.9044189180065889
1.7332313202412735	3.6307794247720664	-0.16139262561990456	-0.8811634307017633
1.8123963930358185	3.708294500952626	-0.23899929278479287	-0.8431514769010584
1.8793701667742146	3.81756615904709	-0.30316091820525726	-0.778947827519921
1.933576722128695	3.950837978032382	-0.3546424053716013	-0.6891516005532238
1.9747164440870573	4.090394317029088	-0.39223531903537157	-0.582203482640996
2.0029952514870804	4.226549595269304	-0.41807610537270773	-0.4667968612545584
2.0192933714159658	4.359190469226452	-0.4329691038229276	-0.3458866110346179
2.0252749197442594	4.488899753023851	-0.4384349606439532	-0.22162296930950479
2.023466972682874	4.615702479831146	-0.4367828834165931	-0.09653136915803996
2.017224161009148	4.739544965097977	-0.4310782877339319	0.027156367823838942
2.010513619745498	4.86047125238384	-0.4249462871672562	0.14746153658468997
2.0073482310499253	4.978760039505415	-0.4220537983928942	0.2629549812775322
2.0114403490565893	5.094982623338866	-0.42579311970095196	0.37275824956614645
2.0258172951633586	5.210329656220695	-0.4389305758628452	0.47672482584125564
2.0529791965208544	5.326459469868584	-0.46367216035281644	0.5750279263871799
2.094468885643659	5.445208516598052	-0.4991274655293958	0.6675957664230645
2.1513091709745638	5.569084725081917	-0.5477007304860473	0.7541517758296673
2.223558465884755	5.7011415515870505	-0.6062419870355298	0.8336313434198519
2.3109657682760743	5.843770228722462	-0.6742870104227074	0.9031864513965282
2.4122759907929656	5.994202173475937	-0.7447184884060745	0.9570524875077353
2.5262773256531657	6.139545302008935	-0.8152032715981552	0.9888459459228354
2.651649502052301	6.2641707960006245	-0.8807925158225549	0.9987825705515683
2.7864311197517853	0.07960262658048758	-0.9360838318673972	0.9949033356230153
2.925780184079925	0.15790079369185406	-0.9756099459250019	0.9861217404037421
3.060278307525494	0.22632887340076568	-0.995747385265389	0.9730500822603769
3.180587467564115	0.2970857935774287	-0.9979453927503364	0.9545010216511097
3.2840351135910497	0.38530046949736235	-0.9879358498357474	0.9266498177205825
3.375123778608776	0.510893720353534	-0.9711186062442911	0.8721942740270408
3.462507883775538	0.6865160799121484	-0.9489265368606278	0.7720205855550075
3.55682796872784	0.8878422510971227	-0.9135555654916108	0.6307067481189538
3.6695632109653373	1.0790789726279946	-0.8621445822191662	0.4712110125125833
3.809091423610714	1.263766568544034	-0.7840131840678763	0.30189250360542524
3.9725175463129467	1.4470958389469786	-0.6740798338735394	0.123209041350959
4.149854286445269	1.6267585487486411	-0.5323373759573685	-0.055862230415313824
4.34347745795411	1.7990134942774623	-0.3602449452196873	-0.22617832587127143
4.560730329644142	1.9612857738690923	-0.15076170318791843	-0.37996255680179264
4.801308606854463	2.1133976175745515	0.08861261191960815	-0.5153031463167117
5.052940416338143	2.2558730141605183	0.33332999130971747	-0.6314892129517411
5.296098782061127	2.3879479756059827	0.5501439888748823	-0.7278055054567446
5.517004882704052	2.5078481648821827	0.7204152672743578	-0.8041881465968561
5.7123545189068725	2.6163522995417043	0.8397442184761191	-0.863483423227437
5.884496597382946	2.7173839426484947	0.9208448568677747	-0.9101904526823912
6.03720014976113	2.817873583244956	0.9692951876887165	-0.9478750688722273
6.17500629811607	2.9243083835479418	0.99307369460637	-0.9752368726899595
0.01982561702200125	3.0381066375136228	0.9987306384177459	-0.9929140770757943
0.14604708189546814	3.1523593167693775	0.988386127611325	-0.9979453927503363
0.2837395038045883	3.2543751189486727	0.9587036666094928	-0.9917260878141491
0.4488497050662451	3.3333108279686274	0.8990957242432545	-0.9816389274560003
0.6432358953922819	3.3861981350456936	0.8000568131752053	-0.9683114690730834
0.8359127885133051	3.4167276404749294	0.6691226551610282	-0.9605728243945261
1.0017730517081853	3.431556477394563	0.5381067579580757	-0.9568139983570946
1.1483891112453748	3.4381921745594	0.4098027828821061	-0.9551319762662942
1.2848056660552059	3.442261697725321	0.2820695767580423	-0.9541004301161211
1.4140774693228908	3.447984060696226	0.1560523249665802	-0.9526499207439266
1.5369487429660196	3.458218267739043	0.033832598965031144	-0.950055745346794
1.6532414298720532	3.4757995490961457	-0.08231337459130869	-0.943942029968596
1.7622671311140623	3.5042528375365127	-0.1900366156603735	-0.9332717633834084
1.8633235479372579	3.5486843956715637	-0.28778807761987557	-0.9166094865049423
1.9557431503632368	3.616495611738413	-0.3748977834633316	-0.8881679473440279
2.039111289874019	3.7160440682178497	-0.45107844589245516	-0.8393512330339818
2.113359869402572	3.8488074900150333	-0.5152708883512828	-0.7600838114584758
2.1787303915807588	3.9987751791960675	-0.5711337271042979	-0.6537851446026347
2.236005346640354	4.145582820058075	-0.6159666846456292	-0.5359875875523795
2.28610314703288	4.285573446840854	-0.655107893540819	-0.41315683637854717
2.330814925419954	4.421712619727287	-0.6880862642357616	-0.286014932543636
2.3720992553444367	4.555450496963379	-0.7167873795022832	-0.15597028769708507
2.4130934540281443	4.687501403580735	-0.7452867937796128	-0.024824824959140908
2.4572366731822495	4.818472535784772	-0.7739376151426643	0.10568552594396521
2.508742439855646	4.9489735487373006	-0.8047226555058967	0.23393519112715042
2.5718538894012624	5.079716014508486	-0.8416622292893278	0.35844083288881234
2.6506502759918047	5.211524014949605	-0.8803025139194467	0.47778301814254265
2.7484251571831075	5.345367633492829	-0.9218312173309657	0.5905252552053517
2.8649597535410694	5.482471215009853	-0.9601931321076921	0.6951616276336263
2.992246081592329	5.62449835424805	-0.9870535763285979	0.7900478594022726
3.115424170504084	5.77337236247745	-0.9979453927503362	0.8726628838074738
3.222523433782719	5.928657362933742	-0.9957964009833766	0.936412926081915
3.311150474162544	6.0818039739611685	-0.984470789552517	0.9778157532856161
3.3861212675696426	6.2176522270530485	-0.9683309535054754	0.995804157107086
3.4548870045592355	0.04429782759164584	-0.9509001567356076	0.9971637724838656
3.5255472203763083	0.13126634716805632	-0.9252861577074998	0.99120965725422
3.606251007646726	0.20524746289108797	-0.8931917109346439	0.9770772154567886
3.7045700434356106	0.27845990779266633	-0.8449778816992644	0.9603661711661493
3.824152186230458	0.3651850435864547	-0.7750113534944203	0.9330570867005501
3.960016941404905	0.48229944815787773	-0.6827703298322538	0.8845923657104767
4.102699673007691	0.6418001101165948	-0.5725893577669624	0.8009868924539665
4.249503753682173	0.8257664208230114	-0.44611682726437174	0.6766286430648293
4.403842810172426	0.9980237602537951	-0.30313441025848786	0.541179716477926
4.570285036773021	1.1538595414382185	-0.14133593109433767	0.40495602539235265
4.7532246982203965	1.3014940755253066	0.04078367709951407	0.265810724900126
4.954317062468455	1.4437661230849725	0.23914116347048459	0.12652110077909978
5.168875096318675	1.58120000847721	0.4399964166290526	-0.010358287262310369
5.385079615565186	1.713151958363303	0.6230736113771537	-0.14158422267323273
5.589856454812431	1.837615536816234	0.767607377954529	-0.26315951500825985
5.775402352393622	1.9518650825587067	0.8735430601212805	-0.3713540582941266
5.940465000555541	2.054617164789235	0.9401310612015834	-0.46507189763822004
6.087261063612526	2.146336634940554	0.9788582085274362	-0.5434514149015048
6.220769521578016	2.229392242838584	0.9960037460483115	-0.610799893382888
0.06422584172265886	2.306899914312359	0.9958878547900833	-0.6713563237324207
0.19463600992575728	2.3822997919178848	0.9791042968268526	-0.7238788540765451
0.3449488488444771	2.459670604553764	0.9394293102365847	-0.7753923779848242
0.5292342060712826	2.543782571191213	0.8624210623937498	-0.8256661716822237
0.7337455923470082	2.640002806632462	0.7414260449885993	-0.8750811926833173
0.919104008066753	2.752515129625267	0.6058631714234369	-0.9233649977365372
1.0775314791933897	2.8796606473385915	0.4725820793446449	-0.9639195270150686
1.221988258188721	3.00964331830555	0.34107327283046174	-0.989276761737252
1.3589303374540116	3.125479078113577	0.209852865306353	-0.9979453927503363
1.4904737592378943	3.2178436889876587	0.0800611405009117	-0.9963944235611057
1.6172220997636833	3.2882575627825426	-0.04633720986137042	-0.987396264866821
1.7390618870155374	3.344071791175543	-0.16714451239668549	-0.9789896901000651
1.855587207727946	3.39390875926723	-0.28037657704393343	-0.9663569735690977
1.9662326841757636	3.4464600993072314	-0.3844829755894871	-0.9530362157568152
2.0708641740537894	3.511292493996234	-0.4789558934902128	-0.9306318220897757
2.1694263422830353	3.599898528742789	-0.563182886444771	-0.8963068486151375
2.262589406873006	3.7232196895856173	-0.6367367034228164	-0.8353387922232983
2.351463112612193	3.879114328854154	-0.7024410085596541	-0.7390143142309171
2.4377169518762583	4.042209160601176	-0.7622706611859462	-0.6198503505396851
2.523717072907423	4.193430784226211	-0.8136730063636322	-0.49509877378860356
2.612706654474313	4.335776617194676	-0.8616956665908745	-0.36728186788291917
2.708924676736975	4.4740119837348225	-0.9070181437037618	-0.2359115560146791
2.8168755589937486	4.610038073623001	-0.9475007998368157	-0.10211933760576548
2.937873107268857	4.7448840234591625	-0.9786752702520254	0.03248723030799778
3.0644649534206945	4.879290526429511	-0.9962823949464573	0.16604580126384
3.181910074854708	5.0138651871012945	-0.9979453927503363	0.2966842407725692
3.279499940174043	5.149170560482374	-0.9885153976991585	0.4225383551457634
3.356836593507106	5.2858434812919475	-0.9757540572836424	0.5417386370222342
3.4201850672758183	5.424752174355014	-0.9596964329450735	0.6524627590140042
3.477417029521234	5.567229397457703	-0.9433354586976449	0.7529499235695729
3.5360758693210355	5.71503904584612	-0.9213378094785227	0.8412077184843455
3.603375024246106	5.8692987104273975	-0.8946020397834644	0.9142552575738989
3.686181791895602	6.025264391753369	-0.853995138760154	0.9668337433669856
3.7891809249241284	6.169399539370528	-0.7959137059959427	0.9927147143968431
3.9107558736600962	0.0061448443691220845	-0.7170169213618225	0.9996065681404801
4.0424229676750425	0.10088928332554341	-0.6196833039373209	0.9935404290230939
4.177010610406206	0.17843903028955316	-0.5091307486274024	0.9821983684661586
4.312882299054853	0.2500444436517953	-0.3882023817865458	0.9685197516078855
4.450558867846395	0.32831516076178424	-0.2583799037361894	0.944667131874648
4.591168773323695	0.42774486913737464	-0.12073400802815971	0.9082464971329995
4.736330531825441	0.5622882852367006	0.023945786711469123	0.8444012599386963
4.888092148561312	0.7300792530790209	0.17462087072187926	0.7438010423087464
5.048244186711873	0.9014235531001219	0.3289257469147245	0.6203542573754022
5.2171690394310914	1.0558009553630412	0.48278446477854553	0.4918351500206566
5.392868472167018	1.1987049175831301	0.628876122864357	0.36290898584271764
5.570495258519755	1.3356416031973029	0.7550654973622308	0.23254215040069345
5.743951311665366	1.4676088039826451	0.8569695648810799	0.10280485010427111
5.907909210584629	1.5939652361492418	0.9298794909962171	-0.023108217151691243
6.05880015506524	1.7136705355490602	0.9734213868518568	-0.1420958019712631
6.195559632053703	1.825984129331727	0.9943896492351069	-0.2520164963536925
0.03803810382394638	1.9311528338774233	0.9975645596501574	-0.3524274895330133
0.15904454611919322	2.0300579486038695	0.9859032520171847	-0.44280562681307867
0.28673432257775894	2.1245504786950598	0.9577606209966252	-0.5248339021015818
0.43553171964290677	2.217017808501898	0.9048702235271459	-0.6011317978669759
0.6120902829082658	2.3102452066578967	0.8172511416305287	-0.6737860716379972
0.797231071619331	2.4077301153491923	0.6977382649996291	-0.7415581683684805
0.9646784435189707	2.513416911065005	0.5685098870992036	-0.80751659090675
1.1148821035383962	2.631262974608245	0.43948972428124433	-0.8707953413689664
1.256246716627658	2.7640665532525097	0.3089448132856444	-0.9276968966592027
1.3924466832375162	2.906457493731756	0.17719922615104486	-0.9707120141460261
1.5248086606286912	3.042224857294582	0.04590830627163877	-0.9934403426131082
1.653682712495007	3.1559962311663114	-0.08275412838345535	-0.9979453927503363
1.7789271453952162	3.244510909153142	-0.20647181305279982	-0.9929866309479134
1.9001349430535959	3.3145593035071124	-0.32305380646897464	-0.9840351767144346
2.016882849926423	3.3764362324375723	-0.4307664023478723	-0.9707859243454111
2.129159915865215	3.4409739818520904	-0.5287729290023712	-0.9544268414172464
2.237121337556583	3.520262900015694	-0.6168386038363918	-0.927267830479259
2.3418385350786695	3.6281460087987676	-0.6957499441851921	-0.8824548089890257
2.444768538923696	3.7738867940430554	-0.7664854007365051	-0.8050550209768451
2.548165196823358	3.9440497574187083	-0.8282856707343987	-0.6938708124828837
2.6552595474020597	4.107810326874712	-0.8825628150187246	-0.5682663368371097
2.769825162704752	4.256861101875862	-0.9298564325646635	-0.439393783396463
2.8940425600005755	4.398504564520212	-0.9675650663162902	-0.3082485093874642
3.0238534972965034	4.536683609709341	-0.9910926744082018	-0.17448392707676086
3.147610726425006	4.6730022037532795	-0.9979453927503363	-0.039306649020705776
3.2538137941565157	4.808409442304713	-0.9917978192682879	0.09567579387727432
3.3394553721988958	4.943576246172367	-0.98015986385969	0.22867681446801907
3.4092618204333007	5.079061789749606	-0.9624652667293727	0.35782728415788057
3.4709943308012456	5.21543760625377	-0.9457440346934299	0.48125042880251456
3.5327115675115617	5.353431952517571	-0.9225994561685125	0.5971348554872538
3.6022123634743264	5.494127043792012	-0.8951721870337854	0.7037842709793196
3.6867915534518274	5.639143838028289	-0.8536961230170655	0.7995349750748557
3.791278564264131	5.790277369220784	-0.7946599451858382	0.879992667271758
3.91387411705634	5.946608865287988	-0.7148490997377736	0.9420657173931005
4.04588476475276	6.098728483405765	-0.6169786158769663	0.9810488032651714
4.180146173540469	6.231860280377771	-0.506451231133389	0.9967138466783616
4.314886892439361	0.05560716082166773	-0.38637061184626653	0.9964396773342836
4.450135724550025	0.14054852631423514	-0.2587852797537768	0.9894365039940312
4.586276468135775	0.21352499453013352	-0.12556029449529774	0.9754959776912868
4.723965197053467	0.286314403617561	0.011595270492567636	0.9578928502776497
