0.9604059918792239	0.3008669263732404	0.5720116331828895	0.953310371743775
1.2038250986650143	0.4726399413773371	0.3581071489169649	0.8887805978802783
1.3583926465236942	0.5776123001969243	0.21037671613809578	0.83604720109411
1.4574559993990748	0.5597502432669347	0.1129038175647637	0.8457849020207805
1.5404771051196278	0.6180853403914455	0.0303158139790476	0.8139828687189478
1.6233414460905224	0.6068279358210678	-0.05244922279530201	0.8201199692413866
1.713404638300191	0.5602410332837497	-0.14183349284610156	0.8455173423315312
1.815183407263365	0.4967458908085024	-0.24166928363237192	0.8783285825564102
1.9314636479871876	0.4229937254900494	-0.35271150720346994	0.9103065290910666
2.064705473577162	0.348317938055425	-0.47369293275209645	0.9383684097145873
2.150047993968778	0.2703672725676443	-0.5466229828198871	0.9629144803372631
2.250845986564567	0.2837672054928862	-0.6275616166159073	0.9586949435589188
2.366216384972001	0.30198528220386656	-0.7126975725230702	0.9529582100139417
2.4909763543413552	0.33338333599413955	-0.7941038511471108	0.9430712021105719
2.621718991675907	0.3827224060711583	-0.8661151493834267	0.9275347048787748
2.7561580279131226	0.4522799733759254	-0.924731120880989	0.8976084060589972
2.8928656774904167	0.5424987083806649	-0.9672667491491276	0.8551897699991414
3.030741181238011	0.6521879981818353	-0.9919728485812958	0.794257780794183
3.16894856192588	0.7780553806724224	-0.9979453927503363	0.7119238838031163
3.3071558908411745	0.9151919520218014	-0.9849812556397534	0.6090695335053682
3.4459086270760504	1.1202087318400604	-0.9531760034011678	0.4347703741193508
3.5868611975878353	1.3150163921253264	-0.9022928055114513	0.25263647107027704
3.7326004566250632	1.5064814794255816	-0.8297318998188293	0.0641383042085899
3.886028850824102	1.6934247821181925	-0.7342072968362934	-0.12212325282578554
4.049248816373187	1.8926337212599715	-0.6143502959471956	-0.315867551968843
4.222670336630411	2.075917049260837	-0.47011190896421373	-0.483273863479209
4.403395847851093	2.212120542650739	-0.30356260516878886	-0.5973055838577058
4.648629756565951	2.3397568707066614	-0.0636498883937029	-0.6943027585533432
4.875903786505294	2.4566452242891703	0.16274623560973814	-0.7735841056383463
5.091707267139331	2.5636162269520892	0.36968653665357637	-0.8375207645285117
5.29329041522883	2.6628608823901594	0.5478422220239573	-0.8862903685299703
5.478960557744669	2.757581227423687	0.692564545429315	-0.9252648348737831
5.64961182575574	2.851080983219906	0.8055393347029748	-0.9566751297496212
5.80837684969704	2.9453729293467124	0.8878403584747978	-0.9805763314515737
5.959008025233797	3.039664875473881	0.9459701183855382	-0.9931132036355786
6.105321966222519	3.130099644731921	0.9823083410707244	-0.9979453927503363
6.2503451835982355	3.210828905805733	0.9978973672706186	-0.9972908396915523
0.1121616913046137	3.276118292246188	0.992818698061972	-0.9889475370356717
0.25679693526238334	3.3215302109217264	0.9671876761564917	-0.9831443674494511
0.39952066081887305	3.3546859117797094	0.9204841340985712	-0.9762992138943043
0.5384775241358735	3.3715611974147697	0.8573819637481758	-0.9720216523176325
0.6723316835242608	3.3788495527783957	0.7812090160156813	-0.9701741938784223
0.8004874404351445	3.3815016269656377	0.6953292979990351	-0.9695019438859089
0.9233529176721393	3.383656744773713	0.6023807206375273	-0.9689556628137905
1.0410531580810927	3.389410319709022	0.5049015807059724	-0.9674972418066434
1.1533950089213103	3.402676121239431	0.40536759749476314	-0.9641346152924979
1.2600087067057248	3.427049391398558	0.3054167226610587	-0.9579564583009555
1.3605629465127105	3.4653399400180938	0.2082622794045129	-0.9478644875598713
1.4552140131898852	3.5195438591224986	0.11513391522764185	-0.9275374779764939
1.5450757973309093	3.5902417484160596	0.025722632816666608	-0.9010250652775753
1.5795818744801078	3.6767229387219493	-0.008742092428599826	-0.8586335846930073
1.6169894359760784	3.776895704267862	-0.046104824896842166	-0.8032565927870973
1.6506303384700016	3.887102304338485	-0.07970541230765407	-0.733461025476048
1.6803662127975894	4.004659913001422	-0.10924090105676115	-0.6491874258732045
1.7062392343531723	4.126909756120003	-0.1347647817226698	-0.5519447854611536
1.7306655158475548	4.251974408045917	-0.15886144521576626	-0.44385917719363904
1.7065456394088316	4.379061052961994	-0.13506705202609298	-0.3268756112487057
1.6994142126933498	4.508497556085372	-0.12803185963186123	-0.20228962683222107
1.701738401263604	4.641849810599402	-0.13032468467298747	-0.070421709308161
1.715078318773484	4.782268795317448	-0.1434845880064181	0.0696737625028282
1.7428293329280906	4.935073513131261	-0.1708611188889227	0.22039294073215254
1.7895747637751513	5.014836511905722	-0.21697574821637397	0.2975951740458674
1.7774887735111482	5.12816956749553	-0.2050528511335945	0.40388181557989467
1.800793452961228	5.264674992421323	-0.22788354622779142	0.524388721973307
1.8474919485587706	5.398103980112669	-0.27262122808415934	0.6327491994677117
1.9127418965393106	5.452948601301696	-0.3351314091198748	0.6733216561141625
1.9934682972605342	5.537846850556759	-0.40937050526972885	0.7339163685578592
2.0874088004035047	5.639532873200106	-0.49309422011216897	0.7997869859835502
2.1932391436047225	5.7503755468710915	-0.5825536231228423	0.8604718088477816
2.3088653093047493	5.866166383217434	-0.6728267586720099	0.912897122641633
2.4325162700623593	5.984482408241951	-0.758789652680754	0.9539918074945974
2.5625760738313725	6.103844198544421	-0.836899064127307	0.9820260465216799
2.6802312902289738	6.218619727387418	-0.8948084939425079	0.9958661026068858
2.8013940780388285	0.05004491815407761	-0.9416950902694061	0.9967958073425238
2.924113842729987	0.16377164800126007	-0.9751875603200255	0.985000244654212
3.0472978080082984	0.27464454728319043	-0.9940886128063271	0.9615675991197213
3.1705901313296123	0.45296446854962613	-0.9979453927503363	0.8973116181616748
3.2937518658475997	0.6243139901735792	-0.9866941502375663	0.8105872503423455
3.4167120615269684	0.829019670106218	-0.9605767733593402	0.6742219838037857
3.584251617361893	1.0122194459644536	-0.9032714240899189	0.5295447838832342
3.749373572165456	1.1891977031330467	-0.819706594454433	0.3718250949953769
3.9475555367034256	1.368656452319845	-0.6914335735708386	0.20037709944382542
4.13652843126251	1.5532522641407478	-0.543725079076694	0.017555964642255763
4.3239079082974765	1.7429929299572746	-0.37812733128503984	-0.17102250827443452
4.529723175326566	1.9413986627399298	-0.1813504345771378	-0.3617899874184342
4.754614587751263	2.156039165085287	0.042166196484218196	-0.5517427801669387
4.990647168935798	2.2790041657079576	0.2745361374548621	-0.6495614881337007
5.228152409664208	2.3403799310586613	0.4925156431435913	-0.6947359138694997
5.45630586070442	2.4369879006265207	0.6758052590384759	-0.7618349066365118
5.670054417651857	2.475885161988612	0.8166838432458927	-0.7850838326964688
5.87133328369554	2.5338681167602597	0.91513742116745	-0.8197402938718467
6.0335938171757455	2.6080403759984505	0.9686062782978939	-0.8594074102853198
6.174387388486224	2.6984290281596457	0.993034068091536	-0.9030821709412721
0.031542014608074216	2.807052319832548	0.9979804804296406	-0.9438169873031698
0.17212083615830082	2.9068821313792905	0.9834053185094519	-0.970819651653585
0.3121153215262153	3.006422243456711	0.9497683378164319	-0.9888651419655511
0.4578323272755624	3.0895397255516914	0.8952009801159427	-0.9979453927503361
0.5986997437804855	3.2012374632363936	0.8245511444120829	-0.9979453927503364
0.7338415431482477	3.2865346699747557	0.7413638895580315	-0.987616432598863
0.8635007912480162	3.3278125400141234	0.6487138526084784	-0.9823415513125662
0.9879240611877047	3.332487629519487	0.5494575355460393	-0.9817441236323083
1.1069915837624857	3.3175261358173667	0.446480661826151	-0.9836560464875597
1.2255960265474903	3.354218712281344	0.3376898152832286	-0.9764176400155604
1.3369889019377204	3.3837927664847363	0.23122953096454815	-0.968921183916233
1.4409638493357888	3.417667330338048	0.1293085149537206	-0.9603346310187582
1.536886361658659	3.46259392835104	0.0338946494839781	-0.948894269287734
1.6241392746049974	3.5222710013156813	-0.0532460951962222	-0.9265147724892895
1.7024561163135181	3.598092274817984	-0.13103271458927607	-0.8971926019953199
1.7722907708078277	3.689483354150608	-0.19992499235546138	-0.852376113944709
1.8351211331891473	3.7941489104446506	-0.26076984839347833	-0.7929443368427168
1.8914859973548857	3.9083616896660387	-0.3147680196120151	-0.7186813725206131
1.9447069178909575	4.0290650324901875	-0.36481302560027173	-0.630119804689494
1.9996246324404185	4.153558941299275	-0.41499607991840687	-0.52917153713814
2.0587499679840575	4.279839028782147	-0.4686036136285101	-0.4183968689487994
2.126471897314722	4.40670821349892	-0.5264758638750346	-0.3003893217760742
2.2100376940444977	4.533571220988382	-0.5956782626628593	-0.17755431598085628
2.3158035285242025	4.660220250947736	-0.6776502505374751	-0.05207328400028485
2.4522334626461837	4.786686257285535	-0.7709471919678145	0.07406780006224964
2.547214284615069	4.913160259484249	-0.8277173097021343	0.19904373154537874
2.6400417937948624	5.039909879820989	-0.8751003112637148	0.32110962050450875
2.7215995567832354	5.167220762404673	-0.9117713499741837	0.4385306899849708
2.8173006748517753	5.29531899431702	-0.9476602225181076	0.5495048666777742
2.9249157687443677	5.424322429696657	-0.9753908331997048	0.6521448464066743
3.0325308626403635	5.55422576546589	-0.9922015511991562	0.7445263738445387
3.131792339639149	5.684924289463856	-0.9979453927503362	0.8247903208531872
3.2196210054882672	5.8162449093157225	-0.9961673010487293	0.8912518432594319
3.2978438157119174	5.947978369562355	-0.9861712417216189	0.9424969638542604
3.3704515739466596	6.079906750885993	-0.9723029206063245	0.9774533311401182
3.4468328842922804	6.211852484094003	-0.9529417219056954	0.9954328208257994
3.5321838224797832	0.060572687620515216	-0.9227973658122391	0.9961217528557105
3.627381991496097	0.192567206569961	-0.8828294688854361	0.9794994955573717
3.7342118687359718	0.3249184459192053	-0.8287687574353622	0.9457367314975544
3.8524216655115135	0.45771009121104406	-0.7575712148459677	0.8952539800288117
3.9815392624411063	0.5905176756951014	-0.6672514966763814	0.8290116907136321
4.120894887887586	0.7222210473487425	-0.5570848333450035	0.7488914652582905
4.269580263062315	0.8508890895395331	-0.42777118835700567	0.6580436229617428
4.427793816492229	0.9736083667175524	-0.28018907792680614	0.5611908285761438
4.594690072500376	1.0859866982523445	-0.11726022666940028	0.4650908227419912
4.814589189005058	1.181801571973581	0.10182277132839745	0.3787613761817767
5.033145500960724	1.3751481069757925	0.3147658128009244	0.1940525391822318
5.250652877160706	1.5274229930186976	0.512450877762666	0.04330783686239687
5.453589673080855	1.6597798445812884	0.6737959023830458	-0.08884395369825974
5.644892560927633	1.7812788485011857	0.8029665744844855	-0.20879178133750365
5.821579332611999	1.897313206367341	0.8935647774251612	-0.32035055111702376
5.986802106394516	2.0136580498862275	0.9547222627680688	-0.4278196243016647
6.146238171758983	2.0363304683446457	0.9901244693848829	-0.4485373693199423
0.010970234090662931	2.0820816545941834	0.9992976161252601	-0.48854187025409757
0.1591924161113873	2.139057615947111	0.9858750047538413	-0.5372310781080726
0.30655275377843266	2.202669528943465	0.9515199480166283	-0.5899215450598085
0.45009726120879207	2.27192006707928	0.8985548006859176	-0.644026710516986
0.5862060396766245	2.349683877543027	0.8313622275088708	-0.7012040736039507
0.7110586482898774	2.4359298347159863	0.756122293044114	-0.7611627834248568
0.8226003520656696	2.5324021185649577	0.67897080870682	-0.8188640655088951
0.9971946399962831	2.638639759199241	0.5418592721193842	-0.8744127795356726
1.148386264962013	2.75373176939912	0.4098053046664477	-0.923821249770546
1.2853432832084046	2.8512918602287924	0.2815457978044042	-0.9567285830309535
1.4137781335238764	2.952195683637457	0.1563500734821873	-0.9819355531728634
1.5369626125524107	3.0530995070184086	0.03381880292468566	-0.9948300094313944
1.657238341108026	3.1519194179794776	-0.08630549594958138	-0.9979453927503363
1.7769259968641393	3.247432950539881	-0.20449766881950118	-0.9926132245339199
1.899179025041515	3.3378909072205185	-0.3221380263060802	-0.9805564257564352
1.9454873954927614	3.4264171469127063	-0.3655262153279713	-0.9581167201642642
2.0078985301048418	3.5073565171908885	-0.4225566541215174	-0.9321078525976088
2.0769853966024057	3.6303564867669738	-0.48418682720178063	-0.8813708316449385
2.1489354774598928	3.7336731826817444	-0.545672274025233	-0.8290907305462112
2.2250436504552935	3.903534689571891	-0.6074023557357101	-0.7220371321114085
2.305662833194936	4.11408132138646	-0.6703897972570472	-0.5629074144427626
2.393771733547971	4.278276725863431	-0.7318542171176357	-0.41982447992778005
2.4910088660265215	4.422832767047871	-0.7941232834088702	-0.28494181886364833
2.5991171165525975	4.559046579344208	-0.8550316095698903	-0.1524227322886124
2.6869656137014024	4.691629573609265	-0.8981108811080276	-0.02070160210816778
2.7840512946787888	4.8226159471691	-0.93519137375985	0.10980696612350742
2.885839728211166	4.952860623787447	-0.965485805624585	0.23772221334242863
2.9815441015297877	5.082646035701436	-0.9856859748921775	0.36118868178957164
3.0733382587933304	5.211949010557595	-0.9974163108295461	0.47815956085920774
3.1587830078233514	5.3405551672033225	-0.9979453927503363	0.5865809074623893
3.2363420861992216	5.4681712140362455	-0.9940305213252418	0.6845829025559887
3.3584146197170197	5.5944309353080675	-0.9753540578745371	0.7705706549793979
3.481569070704878	5.718964384461361	-0.9417784018957567	0.8433476609120821
3.6066633121228397	5.841505892839463	-0.8929895244766012	0.9022046658246687
3.734230725122699	5.962040747551838	-0.8287574869570451	0.9469250995358822
3.8644872385647657	6.0809365397435995	-0.7491831556576154	0.9776500493289633
3.997565097971669	6.198925973300351	-0.654730576170752	0.9946051837249796
4.133780333760277	0.03357379199891068	-0.5460734850941091	0.9978503931712839
4.273814146223681	0.15125736250028082	-0.4239023239949958	0.9873908197320621
4.418799385203807	0.3016749055892333	-0.2888058438485231	0.9530559452449976
4.570305205891191	0.4480138716610497	-0.14131603414630683	0.8994581303614722
4.730204505820889	0.5866225824530701	0.01782710210471548	0.831135144536507
4.900373657801402	0.7148757759138064	0.18658625542100277	0.7536496173818674
5.082353794748552	0.831510288233985	0.3609146107408461	0.6723794969049628
5.277035594890509	0.9336438190541286	0.5345196011354723	0.5939461901499887
5.484726492670357	1.109217110075025	0.6968300164951549	0.44450886327581873
5.625080079825941	1.2522150020545795	0.7904246921467535	0.31272585844820733
5.773739090157302	1.3768091757943985	0.8728218919950768	0.19243422607121266
5.922346631115853	1.4882644772829992	0.9344257247166238	0.08225870732984927
6.068483806009797	1.6057472270090323	0.9752712323431432	-0.03487608853472823
6.213031205105525	1.7104079091633004	0.9955082900112762	-0.13887720276943893
0.061490482708776016	1.8063828078744166	0.9960629898006125	-0.23323821084147803
0.19290485169843566	1.8964793643199862	0.9794349959877218	-0.31955172109572033
0.3226239363460256	1.9832019682582953	0.9464592550793	-0.3999892746377951
0.4480478833639613	2.0693355679475607	0.8994433833447228	-0.47764961240840703
0.5658111117310146	2.1578972614640177	0.8424807515139031	-0.5533306294747606
0.7113244009825505	2.249561136031022	0.7559501426000919	-0.6265577680888552
0.8396893638555153	2.3463861035497215	0.6663288544924854	-0.6989114412255658
0.9497111970687823	2.4499888444990523	0.58077719895194	-0.7696055818002063
1.1282644514610416	2.559713381881358	0.4276330708302198	-0.8351880307242411
1.2788496838539372	2.6751589488691705	0.2877471718501219	-0.8923211119397976
1.4131459016224346	2.79508001622911	0.15697895285710192	-0.9393272541970924
1.5406794886987987	2.9178120921216104	0.030113672935308564	-0.9735901872828453
1.6608040048570656	3.0272431080086717	-0.08986688662567303	-0.9915258313055028
1.7757068166594498	3.136674123919067	-0.20329494071958132	-0.9979453927503362
1.8869890284557327	3.2457514600757866	-0.3104598730356858	-0.9928281014782409
1.9964903352827212	3.353757053975076	-0.41213200216491186	-0.9765346615507896
2.106702315127719	3.4580869385003608	-0.5095816285969882	-0.9500890347925214
2.2175202924291915	3.5535889877775118	-0.6015243865277666	-0.9147702156111137
2.3355881250411477	3.7002610202131363	-0.6914046214131357	-0.8470909466632635
2.464759851784371	3.8275874449434815	-0.7784342253648696	-0.7729580964521715
2.608636337532608	4.001832253357779	-0.8596996587538709	-0.651396664920212
2.7179224963831308	4.144511272480151	-0.9103924156973537	-0.5369032860594005
2.8120651025602497	4.318782787324909	-0.9456968307578306	-0.382810596534939
2.913434860593621	4.471444354419563	-0.9724806429586044	-0.23837137365893757
3.0148827789126527	4.616410525730404	-0.9899463101582422	-0.09583050787008188
3.110895117750224	4.760742283282318	-0.9979453927503363	0.04826139877699888
3.1986994094800734	4.909151170455643	-0.9979453927503364	0.19513783597647616
3.2785634939699007	5.066082927582449	-0.9886350657574461	0.3456553748812698
3.3521695434189906	5.169031752124126	-0.9769370650599286	0.44013521242236653
3.427441135945254	5.279889391738897	-0.9578571585642246	0.5368586029031015
3.5084504378478583	5.401437129307527	-0.9316976214548227	0.6352149663610306
3.59377979998063	5.527822718584846	-0.8993073595671551	0.7274228924145112
3.683728305587091	5.656456768306469	-0.855198282881338	0.8092709320033575
3.8090460595307603	5.7861209481158005	-0.7840402982168856	0.8781904990059616
3.9411443851032493	5.916205013442425	-0.6958906448471411	0.9324917761068704
4.068867510790947	6.046425002120265	-0.5990222893193636	0.9710573899450795
4.191607186156168	6.176647628632376	-0.4966571423244927	0.9931787829826292
4.307924179804707	0.023664371126478033	-0.3927330431530486	0.9984848570643317
4.495539434980471	0.153901117327666	-0.21507288587389675	0.9868857893488414
4.66827130069987	0.2842478642302869	-0.04403188258442688	0.9585435877848556
4.8402500704477225	0.4147188940342613	0.12734758120372927	0.9138943846710881
5.020587762964172	0.545219216051854	0.302988844554797	0.8537066546908325
5.14277613954039	0.6755563735733173	0.4168729492269127	0.7791201121622693
5.285929481418548	0.8054730746002993	0.5418091236261594	0.6916410707556809
5.440951787468555	0.934657944338375	0.6644467619387968	0.5931150024521714
5.601850554539268	1.0627391985886296	0.7753769684442964	0.4856879218989371
5.747002586054282	1.1892605790037818	0.8586330013800747	0.37176612839380446
5.891007384459772	1.313836394976291	0.9236678465405833	0.25378609523747536
6.032299156826357	1.4363821384974882	0.968358962319264	0.13386593042335948
6.171532504450876	1.5574935979876399	0.9928512803320306	0.013319713587853322
0.02710616682484945	1.678921029844246	0.9982644915025116	-0.10781521997957055
0.1661049328638301	1.8040725973342502	0.9845545226318441	-0.23102500326712885
0.30449140820386467	1.9384742067832468	0.9521690500317871	-0.35911765967629844
0.45576910616984867	2.0809726771106716	0.8960955650264034	-0.48759418575842717
0.6019354043741446	2.1457459881886463	0.822787187702911	-0.5429466735721962
0.7406931734389547	2.252250578756974	0.7369255104584338	-0.6286590188168981
0.8728057488228048	2.390300638613371	0.6418303154517715	-0.7294410909750719
0.9986839085530607	2.560007449766874	0.540638652022076	-0.8353637953484733
1.1215940453890014	2.6875333555863383	0.4335429973715823	-0.8983892911846769
1.2659046491688302	2.776144341268796	0.29988735684788037	-0.9322261874708168
1.3999078243606946	2.8761734087735915	0.16993013388493614	-0.9630355788546096
1.5275742743112404	2.983976982687227	0.04315735776687251	-0.9859968717305297
1.6662680826320355	3.0917309432810347	-0.0953244162781702	-0.9979453927503361
1.8019782984817554	3.196146485664232	-0.2290186415080147	-0.9979453927503364
1.9352920244263943	3.2978839116010645	-0.3562098250845964	-0.9861661178851633
2.0047271702490037	3.3995200182160294	-0.41965870898280366	-0.964934626937745
2.0876336783389378	3.5065209780085445	-0.49328639113096495	-0.932421188113701
2.1758350772567625	3.619786918526187	-0.5686595159181026	-0.8865539516192557
2.267513754975822	3.7396906745688865	-0.6405840766858091	-0.8254940705487828
2.3609779193145273	3.8648036686012004	-0.7090557595899333	-0.748963171586998
2.457289139290849	3.9931872452801924	-0.7739689741802102	-0.6581509747784126
2.557727329050762	4.123261695203236	-0.8340009652653168	-0.5550622615339175
2.6621063908730975	4.254046523661606	-0.8859203799019159	-0.44196570636462357
2.770379650101886	4.385053115630547	-0.9300643708617762	-0.32113514809461535
2.8817136896072726	4.5160927467628325	-0.964439933893726	-0.19479692869219659
2.9945953933435008	4.647121795066766	-0.9873537938684107	-0.06515604275964677
3.107477097100207	4.778144865216858	-0.9979453927503361	0.0655717003039169
3.219492298190153	4.909169627916778	-0.9961837484990844	0.1951558183448258
3.3308301181139	5.040203778952001	-0.98195593630304	0.3213852466351413
3.4423522881271595	5.171247829488993	-0.9540774671849743	0.4420986392804762
3.556951794294703	5.302292225932034	-0.9135091296706244	0.5552202002982524
3.6753649106401256	5.433315976972575	-0.8592995364439429	0.6587980112757025
3.7974609668417743	5.564284983155249	-0.7909647179290269	0.7510425779677106
3.9231076715297477	5.695151712937679	-0.7084298769540747	0.830365915614129
4.051784083842633	5.825859984025477	-0.612369501723712	0.8954208102811814
4.182957525485519	5.956359105078092	-0.5040487705876978	0.9451359936117611
4.31636563808464	6.086628751982501	-0.3850193543577036	0.9787374194960485
4.452126416219087	6.2167077294338595	-0.2568781748369046	0.995743684386817
4.590753853195678	0.06352293026214062	-0.1211433290582006	0.9959328596342059
4.733132556397279	0.19360222346284195	0.020751643720477487	0.9793017786690139
4.880462099560474	0.32385224003429747	0.16718721824615798	0.9460724716068338
5.034161014507851	0.4542144086365335	0.31571818740862156	0.8967696609581397
5.1957798152579135	0.5844723440405618	0.4638337828747743	0.8323073711543099
5.366861794683131	0.7143061124182696	0.6081420946962985	0.7540186364977739
5.548843081101835	0.8433317654112417	0.7410395549755235	0.6636343116912993
5.667820005290976	0.9710898292196705	0.8154657282548597	0.5632550482709388
5.7951949166492005	1.097012582665839	0.8821248496703158	0.45532197715244876
5.924289299222763	1.2204251981275775	0.9350374561014714	0.3425391505794584
6.052501388240464	1.3406259111195298	0.9722181479620837	0.22768613795283754
6.1797386428765995	1.457061846516082	0.9933766892938155	0.11329588037923415
0.023620030194307112	1.5695667804430244	0.9984876960516759	0.0012609995717204926
0.15050975784440931	1.6785746276965754	0.9875336329240955	-0.1074734923208753
0.2756928874990251	1.7852564869623095	0.961237484773507	-0.2127157439560849
0.39614014254572394	1.891615791769992	0.9219498813363834	-0.3148923641155257
0.5076162336230595	2.0005099216286397	0.8736153481742555	-0.4158050450362059
0.604761614206167	2.1154796073096436	0.8212464476745863	-0.5170823252643704
0.7567002945069262	2.239971314562409	0.7265563474157088	-0.6190652793482408
0.9620663260672998	2.377965688994307	0.5706508059036253	-0.7208657595727922
1.1333867204327872	2.533335628439288	0.4230947814035825	-0.8194220251514136
1.2848783346592028	2.7088199943385534	0.28199877863499623	-0.906978886761624
1.4272028856676242	2.833413352807503	0.14299650856828341	-0.9521967239532818
1.5662750770929093	2.971222378611897	0.004548758161609299	-0.9843669663529773
1.7123800695654607	3.0743508747094297	-0.14082275005121392	-0.9975457125826148
1.8093408749744795	3.1735721064339573	-0.23607207225690585	-0.9979453927503363
1.917388057885104	3.268816393896961	-0.3395824837312033	-0.9898806434900513
2.0314970015318026	3.36218902907587	-0.44412061364094635	-0.9743973174200524
2.150867735890037	3.4595267050737406	-0.5473234990348494	-0.9497240815522117
2.2334963042715175	3.5604090813746354	-0.61400637998722	-0.9122126125779967
2.326018454054092	3.664903931330008	-0.6847517284010757	-0.8644294064233011
2.4262730073183705	3.7685473574520274	-0.7544492987502875	-0.8082464067495108
2.533075723521853	3.864783614793842	-0.8192666797621376	-0.7489771131148747
2.6465324687204856	4.041187559860311	-0.8782832177067592	-0.620648523068067
2.7662935113098315	4.19236538958966	-0.9285320281131806	-0.49600921425636935
2.8641750066155525	4.327390754435718	-0.959994213797887	-0.37494475425373147
2.9646264265114426	4.451213144092889	-0.9835240724665724	-0.2577530997634428
3.0650778467522373	4.5644940168179025	-0.9963607163220992	-0.14704880471255072
3.1639097482939023	4.729120870809864	-0.9979453927503363	0.01674476571626915
3.2606115459292924	4.874495155509648	-0.9909291374884163	0.1613738626030892
3.3550908294982293	5.012003731048629	-0.9761965750109154	0.2949385196220065
3.466908557201043	5.144736518274008	-0.9472762404914434	0.4186098291385406
3.5789852319687356	5.276517044128346	-0.9052463710702334	0.5340945915031332
3.692951239635049	5.407824327167702	-0.8506755273063928	0.6399400296882267
3.807314524995802	5.538863773421794	-0.7850752378749445	0.7345751153084239
3.9195391312746666	5.669708900352496	-0.7109107476714063	0.8164954806099793
4.026141719487013	5.800371530002663	-0.6324037773195647	0.8843693595681995
4.197614004423512	5.930844830109151	-0.49152397359482225	0.9371017428282042
4.353270628780939	6.061139412066075	-0.3512960800387285	0.9738682497180143
4.501406975013365	6.191299573155276	-0.20928452477040907	0.9941168932801319
4.6476859894149865	0.0382237326276694	-0.06459252453900734	0.9975526745183231
4.796128318068389	0.16838382395672932	0.08345979257241234	0.9841191913257624
4.930743011743841	0.29866364376980525	0.21617390591911612	0.9540041686478451
5.073652345838424	0.4290342446400771	0.35275416914395863	0.9076874412637859
5.2231122515926085	0.5593485420143182	0.48805010331913223	0.8460038939697583
5.378175705729872	0.6893712702854969	0.6174150946129091	0.7701710378209987
5.537934640716307	0.8187393616286215	0.7339732376521846	0.6818270572089218
5.701445801153602	0.947033615320413	0.8337972084877867	0.5829717729791505
5.867832142749689	1.0737705899979686	0.9136193735617522	0.4759141971550295
6.036737964494604	1.1984142672939255	0.9692068975039176	0.36318156512631394
6.167832964257334	1.3204660827711392	0.9926144123350108	0.2473270547930404
0.015809496540553587	1.4396544348544877	0.9989877758900978	0.13061098602268575
0.14698151344973637	1.5561941987183643	0.988207625308064	0.014617555663782344
0.2781433586719669	1.6710457529632434	0.9604658500723345	-0.10004621523113492
0.40923433696332095	1.7861690778612724	0.916272414821437	-0.21361601998885837
0.5401766684505686	1.9047743640681658	0.8564556561435921	-0.32749842376749205
0.6708915152495775	2.031370019983639	0.7821419345327426	-0.4440045796438806
0.8012969960948252	2.1216941409268473	0.6947304122524807	-0.5223929986048212
0.9312932160383892	2.232657594511372	0.5958727689854495	-0.6133510994426237
1.0607451829791525	2.3612615761484066	0.48745460381411104	-0.709252959532386
1.1894733642115423	2.50744011678116	0.3715665729773968	-0.8039442559012808
1.3172427148883354	2.672055493881088	0.25046745358203026	-0.8907992352489358
1.4438065610579667	2.782085984773565	0.12648087723593252	-0.934454362969157
1.5689814628277343	2.9040156433840623	0.0018456157454154916	-0.9700930518689328
1.6927510053256523	3.0150432650057355	-0.12145856824647153	-0.9899668186071593
1.8154301807171205	3.1260708866356155	-0.24190569536520062	-0.9979453927503361
1.9378744061639193	3.235792849941531	-0.3585695700970671	-0.9941007079907527
2.061723818068627	3.3453409855563465	-0.47114493810037383	-0.9786679736423968
2.1895284709633867	3.4559831410722865	-0.5796544895908666	-0.950622307131612
2.3246549950857425	3.5701594973156703	-0.6838038434993865	-0.9085561094772969
2.4091321964909422	3.686775735676504	-0.7425329036381576	-0.853703879760327
2.508970916601731	3.802977911752676	-0.804859216250539	-0.787667235283233
2.620714662867355	3.9377925714654425	-0.865622645187437	-0.69822084591245
2.7142010704737753	4.064663944824998	-0.9089968439126347	-0.6023065184130321
2.8148247482849253	4.1824678108829385	-0.946731725393109	-0.5044672596400629
2.9188973262047266	4.346348013029816	-0.9738652733297438	-0.3576218713632978
3.0210174466848	4.493353458601879	-0.9907302567184227	-0.21722936381389366
3.120406274067319	4.633009019964907	-0.9979453927503362	-0.0792519051850015
3.215605105571994	4.784372060166126	-0.9966804911744743	0.07176587440085196
3.3061216692132103	4.936340354191648	-0.985113418377463	0.2216271734590795
3.396913499148516	5.044115499006123	-0.965595329580247	0.32505375786525215
3.4871973336119293	5.164969532019368	-0.9396677472431099	0.43653611783131996
3.5785044923289657	5.291349695537624	-0.9054266532237414	0.546251587851533
3.666834659240889	5.420112522563782	-0.8634826133119947	0.6490304794745834
3.7976080736745086	5.549896918051706	-0.7908767920505102	0.7417222140937534
3.9160090559059864	5.680078864827783	-0.713364877367621	0.8221487831986081
4.09691040663513	5.810347506735594	-0.577112488177137	0.8886948088512028
4.2565523979875675	5.94053948451416	-0.4396758727754841	0.9401545156326272
4.4040698484972705	6.070583702614995	-0.30291690500021085	0.9756723707453359
4.545608516433424	6.2004891411451535	-0.16567945660969624	0.9947052676319069
4.685295619567041	0.047150608611664487	-0.027027965572710477	0.9969811193727227
4.825421501504243	0.17706133666622575	0.11259764348817364	0.9824615460994786
4.967383509816399	0.3071403969735425	0.2518712820668735	0.9513349036519929
5.111983286262342	0.43738958292194324	0.3887019065741101	0.9040646790072092
5.259468784178813	0.5676451877923353	0.5201216592043659	0.8414808843523602
5.409584608560747	0.6975947476171297	0.6412422346986096	0.7648439976325874
5.561561705147332	0.8268747366131263	0.749278481003937	0.6758087432575167
5.71434665679635	0.9550764873460748	0.8408302548183193	0.5763797508821801
5.836559170112045	1.0817329288155104	0.9000598334090218	0.4688596285124461
5.9572837541568955	1.206341588479665	0.9454271585613799	0.35574712033164296
6.075646887696754	1.328468281019374	0.9766395793063081	0.23953083214588955
6.192723516202916	1.4479464716090984	0.9942080631336595	0.12236291932577183
0.026531271539111317	1.5651362917302887	0.9983012999402378	0.005686178809756227
0.15141036717281312	1.6811882588217895	0.9873615916025839	-0.11005185406348644
0.27294006689446865	1.7982823257738954	0.9621043270069655	-0.22547785825497216
0.3858953073280114	1.9198765721488638	0.9263919040408531	-0.3419665082699505
