1.0302529063389119	6.181567052758946	0.5144705175495713	0.993493755676097
1.2644864009462227	0.019593273848429626	0.3012174263466516	0.9987455144994388
1.3296892498444222	0.1213610072756588	0.23834129090859196	0.9922296995826964
1.284191884880891	0.15398815212460598	0.28266755928023773	0.9868691632924473
1.1968909988543204	0.23793881652395232	0.36461012527372927	0.9708322616198477
1.0917563361052585	0.27020386136661634	0.45997896965347945	0.9629659372793671
0.9808468126657837	0.2747569272972142	0.5552581225121629	0.9615322115095766
0.8665255345523224	0.2740735050943601	0.6464762354288895	0.9617474159539696
0.7500134765885589	0.2792493462322974	0.7308879636343992	0.9601175830165782
0.6317278038725629	0.295829533818385	0.806545526547056	0.9548966082772525
0.5114668033958943	0.32625232855406616	0.8719457929307993	0.9453167020192585
0.38844548502258164	0.37051248281863614	0.9252861813055447	0.9313795166783718
0.3400119490906481	0.4263510193207243	0.9409839023527168	0.9088508516590226
0.2848838990091301	0.48938973380887385	0.9583433052792186	0.8815181132531558
0.30176044739098845	0.5529373035681245	0.9530290087834045	0.8494990526070475
0.3272625802883159	0.7050273827196174	0.9449985814456829	0.7600292526895391
0.3664571595249591	0.8355983125905686	0.9326565070843098	0.6693552953081376
0.42160176135938454	0.9434735781371846	0.9109100660090181	0.585889616717432
0.49319101169575774	1.1320195835141784	0.8798699303082175	0.42430605380194963
0.5803718506601436	1.2869833004368478	0.8345428011692745	0.27994799441820006
0.6811235588395139	1.4262975717949269	0.7755137764902192	0.14389702184682104
0.7920724155334155	1.5770466573133062	0.7015544888309213	-0.006209913452905117
0.9107365325989951	1.7274875877472475	0.6127212418991733	-0.15572640134689203
1.0344441825287674	1.8638543305379487	0.5107570802971626	-0.28829657329667957
1.161036368043968	2.018752905538746	0.3982355161399889	-0.4324752335172142
1.2890214959039596	2.1956268645695514	0.2779622618523363	-0.5844191398588172
1.417426498109005	2.401116179562948	0.1527210550246814	-0.7369601203024564
1.5456003233568376	2.5276902573061193	0.02519873538000793	-0.8160477820438008
1.6730681132147651	2.6954803029141825	-0.10204128494544815	-0.9019763696022983
1.7994597332389097	2.8266370690757094	-0.22660582779469962	-0.9504790658614078
1.9245103250208877	2.9382662323599176	-0.3463576560468437	-0.9787749199303012
2.0481283245559343	3.054765682646766	-0.4593180885094748	-0.9950429292994334
2.1704926513717355	3.171265132938665	-0.5640941083640417	-0.9979453927503363
2.2921237343310046	3.2873946826892215	-0.6598117540548782	-0.9875065319433982
2.4138636579069392	3.4047439530901347	-0.7458222441634376	-0.9636104595381674
2.536695249394611	3.5240785782092723	-0.8214300734418241	-0.92583691314912
2.65499577857655	3.660868192393701	-0.8824334676852331	-0.8664084578486169
2.7755230595686644	3.7975377277277187	-0.9319932006447493	-0.7909188378824857
2.8823350489227835	3.933593319856165	-0.964597436574914	-0.7011401909688302
2.990067058259562	4.068549117666572	-0.9867751198726457	-0.5992710485801364
3.0978016781968627	4.202530889258285	-0.9979453927503362	-0.48732221513336493
3.204921205034571	4.335889554608263	-0.9979453927503364	-0.3671786672234034
3.3108517187622692	4.469081491283132	-0.9845089673768229	-0.24063502301027495
3.4145164814924653	4.602597256931928	-0.9611333108305986	-0.10945974494365088
3.534474986076902	4.737037925549472	-0.9219381566412932	0.02465233269852878
3.6507663124482654	4.873200383951224	-0.8713622321684888	0.1601124183057177
3.7609259734723133	5.0121983929619125	-0.8128017144090778	0.29512107854878955
3.9256952317934792	5.155625410159837	-0.7066309894458052	0.42825730044194954
4.077440909529707	5.269135308730741	-0.5923239275480631	0.5280444439066346
4.220344856664796	5.391481791119066	-0.4720991641981309	0.6278502965302377
4.358120550350246	5.517731954745798	-0.34686428822896487	0.7208862531882309
4.493212407409555	5.6456837309804415	-0.21736851160507595	0.803397889723631
4.634214851539835	5.774334027171246	-0.07804751867238062	0.8730798486793483
4.775150741860509	5.903231312720944	0.06259345384013644	0.9284064566018453
4.899237814057856	6.032193336941956	0.18547964815605406	0.9683387477909658
5.028150291944747	6.161164261328817	0.3100811778786093	0.9921874397322651
5.159723853795816	0.006949570067229271	0.4318884887925472	0.9995550445039498
5.29286018688511	0.13593988987881175	0.5474896023702447	0.990316881176135
5.426910813632908	0.26504062790990957	0.6540596576089608	0.9645918001540023
5.561311335719041	0.3943049535977685	0.749116295598339	0.92274559457145
5.695463025704844	0.5236614535189925	0.8305356312651981	0.8654591110297627
5.828786160491835	0.6529103773626079	0.8966895610248122	0.7937898348423597
5.960893048195542	0.7817660878663781	0.9465636977533964	0.7091788104761341
6.0918895666872395	0.9098927273467445	0.979742380787794	0.613412833516027
6.222260448089277	1.0369307843811366	0.9960992046074705	0.5085539709022613
0.069346443094332	1.1625409813764749	0.9955600014550761	0.3968244512296922
0.19952562000430582	1.2864853138108312	0.9781702458981546	0.2804331629295632
0.3288122894499732	1.408746977344207	0.9445105898385733	0.16131849961470401
0.4556508967602173	1.5296783326018832	0.8961468190358927	0.04106445663425665
0.5779359967290023	1.6501381126966457	0.8358707342945286	-0.07921377641511258
0.6930752194243002	1.7715790027122933	0.7677716774138948	-0.1992228291429741
0.8458416943999045	1.8800980431407959	0.6617775391788734	-0.30385823191744876
0.9821626824971401	1.9945386893048604	0.5541796218251742	-0.41034861483861385
1.104767710579156	2.1128524401757303	0.4484509957171978	-0.5148372611423648
1.2140324479783258	2.234564029630691	0.34853443536194356	-0.614840589493399
1.3989999156180273	2.3592476980372967	0.17081467316796262	-0.7078528993181251
1.5608286525853845	2.4861446908025377	0.009988655702245441	-0.791215961757807
1.7146766239080733	2.613991359341733	-0.14308831377200668	-0.8623256619991763
1.8695376737189215	2.7413666202843454	-0.2937412797236742	-0.919184195684627
1.9627985124835765	2.867238418681779	-0.3813448765993769	-0.9607707300614564
2.070743738628017	2.9916338970413476	-0.47885297455143294	-0.9869753455277197
2.1860491625898333	3.1153968889673496	-0.5769361200258756	-0.9979453927503362
2.3063168588147405	3.239159879404331	-0.6709007848294954	-0.9936704367416113
2.431454409373458	3.3615900634732294	-0.7580514407227327	-0.974549143724093
2.562241983112935	3.4780769973897647	-0.8366993778219404	-0.943087964173079
2.6626321100539516	3.583981758306853	-0.8861781828249011	-0.9033726239235949
2.7693776502869745	3.715284120008176	-0.9296886109503755	-0.8397238975227552
2.8798505050448404	3.8875578441113343	-0.963967652305914	-0.7331443314773093
2.9919607813849285	4.080348508498343	-0.9870171179376113	-0.5900522322296435
3.104066745547701	4.294093136954803	-0.9979453927503362	-0.4053716604062858
3.2153260755750632	4.4411534898709295	-0.9967161482979577	-0.26739036118714415
3.325817114179111	4.578083700649721	-0.982596545923123	-0.1336425055037166
3.4362884570859165	4.711999783702579	-0.9556145321704441	-0.00035580356900437315
3.5497174602009216	4.844863887209835	-0.9162220770161918	0.1319369323495838
3.6668409650596803	4.977603887547408	-0.863479521055567	0.2618285885290708
3.7875268607366723	5.110804761626566	-0.7969023415616863	0.38759665599342236
3.911746506301133	5.244978171100485	-0.7163282275724554	0.507423133484801
4.038793632037942	5.3806919942553595	-0.6225188891967428	0.6194774710263898
4.167858492464402	5.518623266955174	-0.51695175527988	0.7214636313177362
4.298304001010425	5.659542397827206	-0.40152383058737995	0.8109530975882738
4.429752688912128	5.80420871879236	-0.278312456207042	0.8860331129974103
4.562072192129122	5.953154178523905	-0.149437948331412	0.9441267866595524
4.695329490619605	6.045816506261669	-0.017006119059188095	0.9709411503855441
4.829743826506846	6.139315628292685	0.11689704856345663	0.9888020718828784
4.9656402787332325	6.232173198955598	0.2501729215379031	0.99673388170782
5.1033937953205335	0.039557198993394	0.3806464620267039	0.9974672975550739
5.243354040027944	0.12418885625874894	0.5059841663171957	0.9920486427784835
5.385798782039556	0.2596144615472577	0.6236461715950848	0.9663004585973214
5.530844778833723	0.38997171170011086	0.7293805358478603	0.9246244299537972
5.678384318152766	0.5539226411302294	0.8212249820489267	0.8489618847697038
5.8281081088601	0.7006219689629414	0.8963955669605874	0.7628830109212451
5.9602904042933815	0.827642233567603	0.9463739297804075	0.6752409713185974
6.09287451308553	0.935348227908356	0.9799305328251265	0.5925492388130171
6.2252465947253395	1.0215311441471466	0.9962903966301242	0.5219128185871582
0.07436134844844085	1.202355654967055	0.995238915448619	0.35948523084343037
0.20662907330466446	1.3642482765152866	0.9768132896080666	0.20467180934403342
0.3384818738002688	1.4995961819019334	0.9414657114033598	0.0709870911693531
0.46921407805318033	1.6226920283701367	0.8902660061220824	-0.05180058333374497
0.5979491039386526	1.7403511892276522	0.8249603641515599	-0.1684164162496473
0.7236965018297226	1.8564453065256248	0.7479356888878592	-0.2811986453037491
0.8451765338803727	1.9738347183490936	0.6622696055977227	-0.3914296101495425
0.9605490832308674	2.095026190424583	0.5718943540133454	-0.4996037142432762
1.0669883942809846	2.222308894053245	0.4819231684295863	-0.605265701615742
1.2403250626197457	2.3577515847673527	0.3238765481035307	-0.7068127923455527
1.3930143742559742	2.502959523304392	0.1766461474297494	-0.8012662013854008
1.5356736541084994	2.658652090587164	0.03510092642818067	-0.8842264551926527
1.6744734063456987	2.824310286196219	-0.1034276144894295	-0.9498892709828021
1.8134495539390776	2.9546851060992014	-0.24000823272666222	-0.9822536754002121
1.9506974891282165	3.0698407045053453	-0.37028712743175396	-0.9969693598690459
2.09516975400823	3.1850202610476006	-0.4997263975117716	-0.9979453927503364
2.170830241206962	3.3001397523302933	-0.5643825981282585	-0.9858778449671052
2.2629471562476016	3.416389626190051	-0.6370162115627637	-0.9606585045393621
2.363476868736727	3.5338120562902655	-0.7107930443065062	-0.922186761914652
2.4697819802396395	3.650449335900063	-0.7814359557960494	-0.8715176715810505
2.564114661818205	3.795909103298523	-0.8378186794701359	-0.791892268083171
2.6634913487369523	3.933173889274243	-0.8865995375178375	-0.701431781640159
2.7657535919718863	4.063658400922161	-0.9283295529833745	-0.603092145798783
2.8698528134781145	4.187237761657836	-0.961433429050315	-0.5003910647112295
2.974851069049549	4.302513156344026	-0.9848306751457294	-0.3976775621752212
3.0798613382982114	4.406302805414547	-0.9979453927503361	-0.30077770726191494
3.1840800330685908	4.589576219161585	-0.9979453927503363	-0.12230507162814858
3.2866456201871546	4.745431091514926	-0.9876022543188661	0.03303139743426885
3.3859970994787214	4.891492802965707	-0.9683624277374534	0.17793399269914648
3.503713301132645	5.036103442225758	-0.9334740949091211	0.3175398458602049
3.6572077988954628	5.1545165394655355	-0.8682034468417689	0.4272748498570199
3.8047941646195187	5.279838590298048	-0.7865816594064551	0.5368169655104426
3.946303435931259	5.408061970304398	-0.6923040415826239	0.6401158311734391
4.084105356246254	5.537468850423184	-0.5871170222735923	0.733671505974602
4.219720837602014	5.667325128006474	-0.4726324240700341	0.8151959403457305
4.354364539963185	5.797284135853917	-0.35029647900419475	0.8830307070066954
4.489016559250536	5.927181737702635	-0.22150773931270942	0.9359482629400584
4.624541044641648	6.056959738694277	-0.08770973253054194	0.9730698163599618
4.780651541130406	6.186632839204523	0.06806508410506719	0.9938180994123238
4.939498293702971	0.033078960646491115	0.22470382799484265	0.9978820754088537
5.107151701288283	0.16275702684129384	0.38417072246805695	0.9851940653927819
5.205623016852264	0.2925609974135199	0.4725547809258929	0.9559258454867692
5.323670508354346	0.42247833706771515	0.5727420643380516	0.9105299945763552
5.451253025038027	0.5523668333435864	0.672067318077779	0.8498100508563474
5.582575084093594	0.6819780399518073	0.7628906197168955	0.7749602569702084
5.714112564392916	0.810991173981857	0.8407026367157244	0.6875589412218214
5.8437411148396405	0.9389926565083143	0.9031738280086685	0.5895622269862588
5.970627260130981	1.0654882672625086	0.9496289269227463	0.4832522689950029
6.0951385865905605	1.1899752546075917	0.9803630335615947	0.3710958873125953
6.21854790816852	1.312022985586345	0.9958615042855707	0.2555528276922195
0.05872323770891723	1.4314119999265629	0.9962401663539378	0.1388097139157689
0.1816722364672138	1.5483049620534388	0.9815807365518745	0.02249733790839644
0.30184067323504776	1.663412228649672	0.9530037462763852	-0.09247198473641073
0.4341142437203864	1.7781521704010743	0.9054848220147806	-0.20570729588084727
0.5527128264164133	1.89472443614629	0.849621428847186	-0.3178704802482159
0.7253166933588374	2.016035943894443	0.7468861541180217	-0.4299925112317931
0.8740337662149528	2.1119967915404336	0.6409218638785117	-0.514106060592788
0.9981837905137737	2.220115713131139	0.5410485540018108	-0.6035521782285971
1.1798296631506837	2.3364284603869825	0.38061068276851207	-0.6919888276160088
1.3329391776014738	2.459285088227065	0.23517501589325857	-0.7751619545498452
1.4709807774539982	2.5876012801484256	0.09945075714556825	-0.8493844572617095
1.6004903775315598	2.72007740332566	-0.029625538838411302	-0.9112005272655912
1.7243496036311108	2.8551613723102873	-0.15263076244210752	-0.9577094302034531
1.843775491549372	2.9913733919020613	-0.2690608206407964	-0.9869420556878393
1.959364800557853	3.127794518272899	-0.378207197737555	-0.9979453927503362
2.0716725823561744	3.2642156446374875	-0.47964672448158274	-0.990468571262211
2.181516155712397	3.4008525289390503	-0.573394500080032	-0.9645968610004708
2.2900429297255185	3.5378749050715816	-0.6581860298295577	-0.9206631531520724
2.3987286745591687	3.6749275347195143	-0.7353003124180069	-0.8595140174727571
2.5091236179362246	3.811472437135744	-0.8049504859674954	-0.7825900502673788
2.6224303592971614	3.947157754140995	-0.8664639908538454	-0.6917101144083967
2.717444072968159	4.081970916669635	-0.9102130021512167	-0.5887846512850059
2.8155754226030636	4.216197338330807	-0.9470132357397945	-0.4756434551139238
2.915290856256024	4.350288684488148	-0.9729511022979991	-0.35402093983390437
3.0150062899049024	4.484860620184956	-0.9899620935749022	-0.225518440778928
3.11310795485016	4.620741398573208	-0.9979453927503361	-0.09150482512283616
3.207769883608953	4.75907089201129	-0.9976817508244371	0.046598870367146696
3.2964775358384726	4.890893732237855	-0.9863458380399224	0.1773503419783273
3.381874686644557	5.029042644619131	-0.969407380405156	0.31091804906619547
3.4589884488587677	5.145563040708068	-0.9498605191896753	0.41934212141840055
3.5920800721746984	5.26996380525751	-0.9001408745169739	0.5287234883318475
3.762835486568334	5.397786538245014	-0.8116603968143339	0.6325143652007592
3.916134301205619	5.527103902259543	-0.7132778060796063	0.7269572544248193
4.04945930228284	5.657033944879106	-0.6141858441570038	0.8095855862936361
4.163120895108242	5.7871458663927084	-0.5210003023675491	0.8786348897803862
4.338591732571181	5.9172661013839685	-0.36470945406326316	0.9328259046147802
4.48684252361491	6.047323167756637	-0.22361975509355914	0.9712289644537417
4.6180322103025935	6.177312229570169	-0.09421076671627504	0.9932213349444182
4.790181287138206	0.024086664996608408	0.07754429687306161	0.998457819135849
4.948913411877579	0.15408070903565632	0.2338766021828199	0.9868514823593392
5.088590553215162	0.2841699620098933	0.3667636025290326	0.9585681186004873
5.2304933237028335	0.4143490183542252	0.49458967429829265	0.9140547577892141
5.374449929031932	0.5445155113773116	0.6143614090335745	0.8540902871967782
5.5199546735771845	0.6744880544055459	0.7223260957347394	0.7798121526350845
5.666212243382367	0.8040352804727665	0.8145892387951803	0.6927047090604252
5.812287068371027	0.9328907263925065	0.8895357766792078	0.5945634327780748
5.957719745387339	1.0607728901860112	0.9455644488778434	0.48743005544997364
6.080538228147293	1.1874425240677686	0.977573960783974	0.37347114686584315
6.202736586052402	1.312857346589758	0.9948491632907573	0.2547399430386629
0.04162485812316676	1.437447838373795	0.9973349129205065	0.1328058816176443
0.1635528887039425	1.5624346548884231	0.9850420337379093	0.008384578024039198
0.2840124877229212	1.6902344760622148	0.958617706053591	-0.11897599803431996
0.40017164762812996	1.8249298660296658	0.9202018749772113	-0.25100650030142274
0.5623886180145011	1.9726784345756903	0.844346562398139	-0.39037301389669554
0.7126853805101295	2.025304483967864	0.7550685213167047	-0.438461976025988
0.8489885781227525	2.1126770277225075	0.6594495660677706	-0.5146873611987336
0.9718356412253674	2.218893580574231	0.5626437729446556	-0.6025973310031152
1.0810294122664201	2.3381553603815624	0.4694829385599685	-0.6931893789120781
1.2589359040639385	2.4685436326566537	0.30642282444866953	-0.7806957943968867
1.4126442687539003	2.609293309333185	0.15747792572462266	-0.8600218255240324
1.5550096513240872	2.759315701610009	0.01580068350260434	-0.9259152799705588
1.692905026661239	2.8792591980496836	-0.12161051115662128	-0.9638177673121309
1.807600749579513	3.0037666742628835	-0.23440501263723162	-0.9885257879186581
1.9259185165899089	3.129404591417255	-0.34764444218822405	-0.9979453927503362
2.0466749383399643	3.255042508572841	-0.4579900041195907	-0.9916408023806749
2.1706317013056724	3.3812702643395367	-0.564212934461483	-0.9695605898786992
2.2998151042373705	3.5091423894870095	-0.6658209902655794	-0.9314381326976875
2.3762583423014254	3.639124938933459	-0.7196788018500451	-0.8770709455443335
2.464997585830221	3.7708313186226503	-0.7785763192054219	-0.8068812812234404
2.561280958679279	3.90347903755763	-0.8361249727040097	-0.7220758217275185
2.663432845916229	4.036291964073395	-0.88657084882103	-0.6244734322628962
2.7696260751175137	4.1688129972768015	-0.9297817727363599	-0.5161360764900015
2.878619558961719	4.300892756340086	-0.9636556310588675	-0.39915826147383454
2.988944993376875	4.432557503477205	-0.9866317316831377	-0.27562541243672567
3.0992704277475083	4.563893179135145	-0.9979453927503361	-0.1476415344515699
3.2087637992554	4.694977452594304	-0.9975547387707968	-0.0173577352039446
3.3172862658932187	4.825846546201006	-0.9836866993621587	0.11302043430686103
3.424989603061685	4.95648278940651	-0.9584785751786442	0.24125114486287708
3.5344007517232425	5.086808721444405	-0.9219659952633557	0.3650925550689007
3.645009423113712	5.216680452754104	-0.8741853037850487	0.4823515808822878
3.754990193491998	5.345918853619742	-0.8163495351305906	0.5909770409909902
3.903404369960966	5.474294911420755	-0.7221277310912514	0.689113035890171
4.045490913842854	5.601536240865474	-0.6172863300004887	0.7751733609550866
4.183953202583548	5.727372514566272	-0.5031979077320266	0.8479314474622578
4.3208387331048135	5.851618540990873	-0.3809319014800826	0.906589373995788
4.457736801482368	5.974287635857489	-0.2515033629122662	0.950781551349057
4.596023375431474	6.095687213445834	-0.11594491586073663	0.9804678364835957
4.737081160611278	6.216393428947817	0.024695515947661152	0.9957235608788415
4.882483110640144	0.05379383312642949	0.16915620874860388	0.9965557780594121
5.034136533786266	0.1865979792647382	0.3156952287610667	0.9806397832732602
5.194379077926896	0.31808501083820195	0.46259274077918744	0.9478885281377007
5.365993480864854	0.4461589781685499	0.6074304156021986	0.9002623872219253
5.5521559042626505	0.568205302224064	0.7431855500823477	0.841175531679806
5.675158238067907	0.6811108478098463	0.8194662482617168	0.7755220104967283
5.812585587890939	0.7806526953931995	0.8896652107264129	0.7100024658660189
5.957117247233458	0.9656317254457948	0.945374726799877	0.567728567253977
6.085993336089731	1.1177355737547274	0.9786160374645129	0.4369615724439566
6.215688761525118	1.2520887402723546	0.9956784436068973	0.3128442699806322
0.062212386499949646	1.3763735407526085	0.996016768947179	0.19285864792047702
0.1919831623883207	1.4940526126370544	0.9796110641694897	0.0765012646334614
0.3219255214842628	1.6110510440797996	0.9466791805977479	-0.0401735495386197
0.45207313389902615	1.7245141527899421	0.8976980888731217	-0.1527930911088488
0.5823610052267393	1.8371122862986753	0.833458391219046	-0.2626773953754858
0.7126470378856228	1.951660002096729	0.7550933590700588	-0.3711666585808019
0.8427484903455978	2.071311960738632	0.664065801631438	-0.47933855274606074
0.9724592624434992	2.1997149275331	0.5621326464668317	-0.5876131269237026
1.1015438475224202	2.340671328076985	0.45130731265487023	-0.6949384948348813
1.2297192554625185	2.421620015477919	0.3338229456274726	-0.7512145107473994
1.3566393989719132	2.5225001006814822	0.2120848353130077	-0.8129456210334789
1.481897058374122	2.634541179177957	0.08859236182292748	-0.8724029120093265
1.605050940316025	2.752660261248414	-0.03418063626808332	-0.9234194235408575
1.7256945441970886	2.873557437955205	-0.15395755384275664	-0.9623724803743577
1.843574682784562	2.995121256705437	-0.268868443594832	-0.9874209937216102
1.9587468387643328	3.1166075864433567	-0.3776425127264402	-0.9979453927503363
2.071724162219836	3.2380939161440367	-0.4796908024162636	-0.9938066557288856
2.18355497198275	3.3593052822537772	-0.5749874189888768	-0.9751282919866341
2.2957817425877125	3.47827912904001	-0.6626697411160727	-0.9430121627908261
2.410427028236532	3.590792974433674	-0.7434330784804987	-0.9007720433460523
2.5293992050039678	3.690535707115379	-0.8170692215301892	-0.8518600595943819
2.6205002180340586	3.768800787077146	-0.8655174854237146	-0.8080949316479367
2.7176788038489677	3.928398737562509	-0.9103010285696482	-0.7047514959226557
2.818921557738689	4.0406507847815964	-0.9482680697461349	-0.6210679032668196
2.9222015503529506	4.235813230155968	-0.974702830842121	-0.45862703988693976
3.0246344216567196	4.460344171122883	-0.9911924683968399	-0.24900547359127817
3.125313510554767	4.629820908345699	-0.9979453927503362	-0.08243619618777702
3.222747934001197	4.783286817492075	-0.9957677121968649	0.07068638642669074
3.3464238513717803	4.934135700232338	-0.9783934879059794	0.21947926702218354
3.4707210080566626	5.04665947430363	-0.9458465334451862	0.32743956304018873
3.596154452910922	5.169569506108984	-0.8981428738706085	0.4406116581609788
3.723018879271214	5.296871013871068	-0.8354588167182925	0.5507769181492602
3.851302471142701	5.426048868460206	-0.7583492855242056	0.6534220156234223
3.980807269070438	5.556005483097663	-0.6678234001373465	0.7456792471323398
4.111311365822963	5.686228990424005	-0.5652744994199164	0.8255015932334324
4.242676677715251	5.816458068280737	-0.45235531564453774	0.8913442661185738
4.374896426588818	5.946554657573663	-0.3308653699625514	0.9420486477968912
4.5081051809333195	6.076465409166054	-0.20267670711720964	0.9767959395735434
4.642567599537897	6.206215335581994	-0.06970478056420813	0.995071894870927
4.778646936941924	0.052714115802471845	0.06607110970085131	0.9966249084016963
4.916742284915933	0.1824700293982303	0.20253355608194606	0.9814283360094684
5.057180698439196	0.3124188308976258	0.33730663644058695	0.9496727650279422
5.200106467496027	0.44254649167338866	0.46766716222546345	0.9018287127596317
5.345311283184031	0.5726409221201137	0.5904790699024416	0.838757403681367
5.492111708238631	0.7023785404490027	0.7022933843145032	0.7617451313451596
5.639421248640956	0.8313775510750986	0.799714677337387	0.6724776919969797
5.786172887617389	0.959201223047016	0.8782130192749958	0.572999074328082
5.931561522287125	1.0853441191781086	0.9373274237342643	0.4656601426731525
6.075617226155592	1.209254079496793	0.9766339131305551	0.3530157116786464
6.1953767355925455	1.3304237523603872	0.9943779390451507	0.2376256943972684
0.03183350756180511	1.4485566306190079	0.9979618172043521	0.12175599579680196
0.15134945816007525	1.5637664023009192	0.9873732269107167	0.007054426570736769
0.26947612725275005	1.6767648328968987	0.9631950952069065	-0.10568811961527562
0.38334574678567745	1.7890049328748516	0.9273384196372719	-0.21641360684190206
0.4884802077125826	1.9028026002002518	0.8819124715306855	-0.3256094518961314
0.638739602558465	2.021299324047375	0.8027229657507851	-0.43480211582438216
0.8193745766394599	2.1182158188208278	0.6813571436070102	-0.5194205740246722
0.9740966525810023	2.2286678288524997	0.5607906243715723	-0.610233911664454
1.1095808785755266	2.3496405644849703	0.4441865672877173	-0.7011739621046457
1.2308327514061885	2.480616358959607	0.3327786806193641	-0.7879116731330951
1.3388228240676894	2.6214906885753693	0.2294428137651924	-0.8660031937828159
1.5109612516838224	2.7714407759148885	0.05968228677084643	-0.9304623036114088
1.6614731450935933	2.870221221385903	-0.090535224968011	-0.9615268133962146
1.803128496292308	2.9717442801069596	-0.2301205438939901	-0.9844336599209101
1.9433711755531233	3.0732673657533014	-0.36359244257265516	-0.9974072514384045
2.0842697111211934	3.1736406603887546	-0.49041168932358076	-0.9979453927503364
2.1554295176016667	3.27128021864977	-0.5512218016289238	-0.9895657923829349
2.242480313336108	3.3619476323773996	-0.6210255499459452	-0.9744585068579346
2.3377684961532936	3.496284044723231	-0.692920428566309	-0.9362601400646503
2.4390878161651046	3.6856520078233133	-0.7630900279324361	-0.8542549350304083
2.5450575621150393	3.863775234995663	-0.8264282348372415	-0.7496781448349709
2.655641455384908	4.020135248935217	-0.8827500956009733	-0.6370966084767931
2.7706112809413654	4.163900562671655	-0.9301512347338301	-0.5203340319764823
2.8889544852505	4.301173319198652	-0.9662753368550632	-0.39890188698180445
2.9987454724353015	4.43519252165405	-0.9878841306933756	-0.2731010355082392
3.1085364596030858	4.567583934148834	-0.9979453927503362	-0.14400058396056836
3.217432594065491	4.699166543290081	-0.9964469572046722	-0.013173664692735492
3.3256656218918494	4.83032562912865	-0.9826159050574566	0.1174757660693108
3.4341684213912687	4.961212231136271	-0.9561519205989846	0.24585885134279006
3.5459659795573786	5.091843691618726	-0.9176289196256031	0.36981447902363307
3.661886350635959	5.222171957317775	-0.8659091719551688	0.4872170100963936
3.781787891879722	5.352109688838288	-0.8003325281080754	0.5960511143355801
3.9056787687318733	5.481526559827399	-0.7205465553423595	0.694462799186916
4.032879195278403	5.610263703727105	-0.6271398147241849	0.7808268750990291
4.162590530772439	5.73816213004339	-0.5214535289348778	0.8538135275072245
4.294246237647135	5.865112864233486	-0.4052317590935224	0.9124403309854631
4.427639397960347	5.9911246636343645	-0.28033701261000477	0.9560834031074864
4.562925212073692	6.1163806041195965	-0.14859643937877326	0.9844208471462534
4.700589999560604	6.241222502355084	-0.011751914284826429	0.9973132754320466
4.841413909282073	0.07407120270972284	0.12850524856752182	0.9952574924166686
4.986422964145715	0.18933925410268954	0.2704206631777897	0.980116123867485
5.136812647533295	0.3018654923941125	0.4115893429050033	0.9529959309123035
5.29383423366542	0.4079679334379787	0.5482879413067338	0.9168215103503592
5.458772755527745	0.5020520610998372	0.6776301961262121	0.8760278985134751
5.632780075027446	0.6772817677342912	0.7954126287865506	0.7780024287704755
5.816804963153713	0.8290169087658993	0.8914946750679686	0.6742240265630927
5.964100432457839	0.9583485457038831	0.9475736786191624	0.5736979376034871
6.088648170943413	1.0680362092741174	0.9791231844395858	0.4809948127085891
6.21463518377689	1.157056552227834	0.995610986885826	0.4019678893193715
0.05751249429673606	1.3402819949301499	0.9963176858163425	0.2280212017816994
0.18365336974907903	1.483627640925631	0.981202285233247	0.08687095600530068
0.31018568214966363	1.608559109239243	0.9503759665533611	-0.03768460101985471
0.4374238784390894	1.7251314202904222	0.9040498089324265	-0.15340202895506638
0.5654870491980885	1.8388619457940418	0.8426574178429571	-0.26435358877013554
0.69425310593636	1.953842514373589	0.7670086609265756	-0.37316100836462285
0.8233827498792846	2.073881769451665	0.6783920135454173	-0.48153460082673794
0.95247957045879	2.203040419496615	0.5785082111449267	-0.5902113203494292
1.0811372887031592	2.345479843423716	0.46938736089801114	-0.6982814037177384
1.2089340400273993	2.426116362508216	0.3533158528879622	-0.7543403983330983
1.3354061721063086	2.5278124535008484	0.2327715215242916	-0.8161208188128839
1.4600288394157612	2.6419257398846536	0.11034462050786219	-0.8760241634387596
1.582217582208811	2.763141141355659	-0.011374641538827768	-0.9273498579799584
1.701369942138383	2.8883156656314153	-0.1299611976824091	-0.96611340832146
1.8169569931535943	3.0149042183314076	-0.2433683987813018	-0.989949049892358
1.9286560695848163	3.1416828027146675	-0.3501459805674019	-0.9979453927503363
2.0364885964555963	3.268461387126001	-0.4486818646188847	-0.9899260096528611
2.14090725221112	3.395376639701544	-0.538811697765453	-0.965984894003705
2.2429481452715887	3.5218199448002405	-0.6213910651456347	-0.9266839231755036
2.3440333501632207	3.6458997042597314	-0.697275792875134	-0.8737487264447479
2.445792596800592	3.76454678910447	-0.7670974809968463	-0.8106375498391065
2.5481943609314737	3.8736625857175735	-0.8283031021465199	-0.7428043989544111
2.6522239459390686	3.967520688210163	-0.8810742124364374	-0.6775536797768346
2.7582613575248995	4.037612248918121	-0.9255198904364382	-0.6234418990517836
2.8660560110943134	4.19608916177887	-0.9604710123930575	-0.4928270385841024
2.974824729349846	4.429366311757084	-0.9848273092068155	-0.2786826098494182
3.083593447594991	4.601533691531769	-0.9979453927503361	-0.1105089581673839
3.1915326908263904	4.7505306800411855	-0.9979453927503363	0.03810394444969488
3.297978848436612	4.891218622502917	-0.9861539859477175	0.17766686960782851
3.4020288161265793	5.020880178787591	-0.9642986947361883	0.303263079601588
3.5056895778562716	5.151367999224659	-0.9327329714522878	0.42448526833302547
3.60664316021313	5.282209002132175	-0.8929994065988749	0.5387597798607933
3.7006847027583785	5.413203464643081	-0.846883180611426	0.6439193592429505
3.781485742920145	5.54427142307277	-0.8005131227971182	0.7380781063004204
3.919945749428164	5.675366150706784	-0.710628064277626	0.819579594171664
4.02935919363979	5.806449642358961	-0.6298899777726389	0.8870047473038962
4.183201920017352	5.937485866301904	-0.503839921524405	0.9391929545244098
4.390783286637037	6.068445864081495	-0.31564558008625304	0.9752639843841446
4.555738912331355	6.199322719490061	-0.15568576432131254	0.9946305859291362
4.69913922030924	0.04696929613731786	-0.013200954929858327	0.9969927281458097
