5.8912007022925055	1.2367986330788465	0.9237516665517337	0.32718372402460655
5.987609134340935	1.5302286778458547	0.9549763897193051	0.04051702969767415
6.084383936295726	1.6206228054510978	0.978308597536157	-0.04973384016072278
6.1780395719915715	1.5594910683155723	0.9932679040134084	0.01132463701800448
0.0015978254092245264	1.5230621934805748	0.9998976970962684	0.04764551245486315
0.1164904151292571	1.4736305873006108	0.9925415457434795	0.09681499840549188
0.24489559795993487	1.4382747618996232	0.9695033237175112	0.1319833430066708
0.3802272480611467	1.4117167389601386	0.9283204111244524	0.1584005371201965
0.4870476220829248	1.3987213752677805	0.8825336213840317	0.17108604392376942
0.5474482719973371	1.3137926122780756	0.8524914598098058	0.2538287509744106
0.6628235730882777	1.2617333870211036	0.7873682214668235	0.30379927329919804
0.7467166631054253	1.2193134226453646	0.7330235879220461	0.3435818020947584
0.8062706581959598	1.181170528729588	0.6910510415941096	0.3793531846944627
0.8496761617300027	1.143444663287963	0.6589409117003747	0.4141835243092854
0.8834980901947334	1.104543040368329	0.6339204320875224	0.4486500517308318
0.907838986865167	1.0627988826423276	0.6150961007112288	0.4856350423037167
0.9234667157823739	1.03893296762469	0.6022874505152542	0.506780052528484
0.9414074599397739	1.0075680235297806	0.5875830288180881	0.5333571383971287
1.0266819770838427	0.9717238733576723	0.5176343323689301	0.5627353790588927
1.0926882313034603	0.9322414692435195	0.45915331794560127	0.5950955707331589
1.1500830702680065	0.8908420812920097	0.40830194870803765	0.6284875609335909
1.2058281140129092	0.8467835440121709	0.3562286698345743	0.6610807862114411
1.263072253976419	0.799235550940159	0.302543649585527	0.6962554094601096
1.3244518217188308	0.7471440760199703	0.24344390827683415	0.732746716510962
1.391652541469611	0.6933718677090452	0.17797292680728094	0.7675795132878285
1.4658117280352556	0.6365395220485077	0.10459239672425526	0.8039223643477401
1.5479256703110915	0.5755287767411728	0.02287617510948644	0.8371830573040266
1.638956258704613	0.5154344206912456	-0.06804532269892287	0.8699441703655659
1.7393408057931374	0.45507535113779596	-0.16741966733286678	0.8963963678737144
1.8496527586548468	0.4011970232144713	-0.27469130835962274	0.9197572859195696
1.9701049583394974	0.353145057035969	-0.38802140660919665	0.936848386727496
2.1009707760193232	0.31850841250375617	-0.5046837016055813	0.9477552021792961
2.2427255314613532	0.296697067585298	-0.6212171378757525	0.9546234285041622
2.3960585555726506	0.32785147749367877	-0.73344402958751	0.9448131422027736
2.5617537150498935	0.37708807054544957	-0.8364075395871243	0.9293089142054107
2.6740669243760062	0.4465984244896876	-0.8917856034086997	0.900071849209902
2.796093331283275	0.5371749051770717	-0.9397072574359231	0.8580921011020056
2.9229443656114613	0.648227911391633	-0.9748911202777539	0.7968230631717311
3.03550678442417	0.7774915177400437	-0.992581842965953	0.7123410132112971
3.1480692032348263	0.9214377881264383	-0.9979453927503363	0.603950380858844
3.260345757623366	1.0742472454277745	-0.9909631024618928	0.47549188424854805
3.372831524945752	1.2286551551718081	-0.9716996486281051	0.33482088612741234
3.4858516197185887	1.486363902517521	-0.9401724033576194	0.08414920394630704
3.642659908588004	1.7105855184517955	-0.8753374620748408	-0.1390524153272365
3.8145682682392565	1.9167004725177392	-0.7807396693948112	-0.3389237692475643
3.981911649893403	2.1053110739019734	-0.6669605518655098	-0.5083927336383627
4.147518648052213	2.275245609259013	-0.5343333121467874	-0.6466249431764405
4.341688673156313	2.428574717434787	-0.36187951223340464	-0.7560494615113696
4.598386062179528	2.5681866904376043	-0.11361411215160298	-0.8398639030223206
4.827552596802931	2.6980087043560608	0.11471743826010199	-0.902924545328129
5.048265293097337	2.7711874227380426	0.3289455410234622	-0.9303672936464686
5.267348095917276	2.8442820166700677	0.526579625577963	-0.9549517219979773
5.407582241533555	2.917376610599394	0.6397609417725257	-0.9734798010608241
5.555715228226872	2.9880625657496838	0.7454912245599863	-0.9865189666356015
5.7049761951808415	3.0501226338673324	0.8357218424381379	-0.9944495960897828
5.822776394536847	3.0944815453988643	0.8940838073691115	-0.9979453927503361
5.939201530289572	3.1265973334957775	0.9397332040417495	-0.9979453927503363
6.05369336710152	3.1370402448235697	0.9724458489329735	-0.9979453927503363
6.167037039384274	3.1307057322078924	0.9925634521830468	-0.9979453927503363
6.280203514524134	3.109302526047564	0.999809086746764	-0.9979453927503362
0.10997553837438964	3.153451579558874	0.992958669420214	-0.9979453927503363
0.2442476452539963	3.1908374323091695	0.9696271006275331	-0.9979453927503364
0.37483024851409374	3.2148498574875926	0.930019885159774	-0.9967770040028524
0.5240506815423893	3.230372991211094	0.8652469190017688	-0.9947933094104549
0.6619554477617908	3.24049595272282	0.7879305794957057	-0.993499700505994
0.786480313812868	3.2964458643334114	0.7056913631442197	-0.9863498853279533
0.8977603693316414	3.3498657670038456	0.6233566411345915	-0.9775210282406284
0.9970739690818193	3.406734011688482	0.5419581752639411	-0.9631060178131675
1.0845486749353979	3.471108211681074	0.46636489992352054	-0.9457013282291395
1.1595450626794699	3.5412954128099634	0.3996341004971235	-0.9193804286788809
1.22116933195546	3.6196770142292367	0.3418412828214078	-0.8866078466454109
1.2687366896197314	3.7062630816600346	0.2972313967959052	-0.8441476471959823
1.3025518209406683	3.796645737532519	0.2647802057219762	-0.7914519811776232
1.322922649493307	3.888495663047199	0.24493371979689393	-0.732492354094447
1.3309378018521592	3.9752347303809086	0.23712487647634367	-0.6721772020850251
1.329030203628412	4.128314708125455	0.23898337335586328	-0.5507441738594545
1.3194059739689405	4.261281184864208	0.24835987652473998	-0.4353547721864273
1.3048922283259115	4.3823919181327	0.26250004013567413	-0.3236846051058583
1.2886222628054955	4.497271975789482	0.27835121873982965	-0.21336372466274864
1.2737295872100443	4.6096333194304755	0.2925489295877643	-0.10251862988350978
1.2630694459910872	4.723173559024783	0.30254628298607233	0.010804581158792691
1.2590206984404213	4.843048334060441	0.30634330211116234	0.13013100650637485
1.2559997055947745	4.873820564091414	0.30917646655723774	0.16071663508519143
1.2624258785839018	4.932676908972777	0.30314983697969333	0.21805802487065762
1.2780355591881027	5.0040521236388695	0.28851067880818654	0.28748129858457777
1.302875536664599	5.082591540371585	0.26446482240106134	0.36113757467383173
1.3372147249127477	5.168069382045757	0.23100952064519076	0.439282560213889
1.3815697676598517	5.2639662463472705	0.18779617125627784	0.5238078262725686
1.436758589875465	5.374092340261291	0.13349147524840255	0.614068325534276
1.4915686132277919	5.503909468173195	0.07897209217668225	0.7110210242013859
1.5604031466450061	5.5546260947876664	0.01041365171851124	0.7447857009271948
1.6423084286792224	5.634925595930846	-0.07139347545041676	0.7968024637209188
1.7249427494722143	5.737695594491533	-0.1532159041362572	0.8535591904119251
1.8216715676008783	5.858308145034554	-0.2478850139101595	0.9094898962994138
1.9190302000798274	5.958472287063598	-0.3411556743475263	0.9458014185177608
2.027808339050066	6.066272530455465	-0.4407499644578756	0.9748488174773459
2.144966900745947	6.176091757393417	-0.5422808989273589	0.9931431925848812
2.26859618939949	0.0013959490756627383	-0.6414297783246071	0.9999106224978791
2.3970767651111866	0.10765994808158805	-0.7341518950024133	0.9931069281782976
2.529238537630039	0.21253964238392495	-0.8169731905047157	0.9756842072377078
2.66391354470727	0.34427478182713833	-0.8868065745809396	0.93964156880434
2.800409369307038	0.4796393655665889	-0.9413258146864103	0.885745741730214
2.9381657159746033	0.6206424362013603	-0.978749440952526	0.8125888392219314
3.0766269609716868	0.7683936615226272	-0.9978365726686447	0.7189815668796365
3.2152832225109313	0.9224394909475471	-0.9967216244726207	0.6031293747418403
3.3539395233160447	1.0803924164276013	-0.976488409068981	0.4700473117891116
3.4930708773823986	1.2364531410201625	-0.937465109823466	0.327507735323897
3.634009786811132	1.4878220756293785	-0.8795793211499324	0.08269876306692242
3.7786600318657793	1.7057156303324923	-0.802202052687534	-0.13424824342383546
3.9285760123856774	1.905283743007313	-0.7046282533959412	-0.327986414496793
4.0834371222878705	2.0882755800997113	-0.5876391107635262	-0.4938349327880076
4.302458916111545	2.2548436947952513	-0.3977271261557169	-0.6306850098933211
4.509254516028534	2.40774480098457	-0.2015428816089529	-0.7415683779108057
4.707413364026163	2.550241223450255	-0.004936726903862047	-0.8295265136075751
4.931696858744061	2.6862133942265642	0.21710320101458236	-0.8977420066472849
5.136305330645413	2.81923033326891	0.41113986419138465	-0.9483838636456465
5.322832402591599	2.898765393367339	0.5720551440824516	-0.9687622140849017
5.4925455416083135	2.978300453441999	0.7026143216316298	-0.9852714704959649
5.6483192425431294	3.05508837343552	0.8048346684488824	-0.9950841658167544
5.792600785123023	3.1245515650754725	0.8810000691450284	-0.9979453927503362
5.928550194827926	3.180879396498589	0.936379179661953	-0.9979453927503363
6.0602727893422355	3.2299560388365633	0.9737027007791358	-0.9948465915753436
6.190321462475016	3.2666628535003333	0.9940542684387796	-0.9901558434925375
0.03706425756978277	3.296468238016389	0.9976269114559392	-0.9863470262046135
0.16660233831675825	3.3228688835183315	0.9844595044161205	-0.9829732990531996
0.29346769669140954	3.339184720793987	0.9556403327926911	-0.9802284688051319
0.4137496163314415	3.3492591754211474	0.9143146504412409	-0.9776747875844992
0.522561494513258	3.355845346793559	0.8660587660343023	-0.9760053193331607
0.6768279079107145	3.3615486131069665	0.7782964320762059	-0.9745596505977485
0.808360899869379	3.369215515669628	0.6895047415589044	-0.9726162376965771
0.9160408481283127	3.381878025411934	0.6083737693710765	-0.9694065340915972
1.0002278261300357	3.4025385029767246	0.5393732410158026	-0.9641694988853171
1.1488730211848615	3.433765322235327	0.40937404253794796	-0.9562540985116039
1.2635772705149786	3.4774247634037	0.30207003214423156	-0.9433325584146838
1.3547802136963187	3.53426830358458	0.21389616538772016	-0.9220156646346553
1.428870091996886	3.603663105165857	0.14133814290877017	-0.894460770250465
1.489530246895574	3.6831924095686506	0.08099964969462602	-0.8554610763364783
1.5400223319400221	3.765807573475326	0.030770042160832917	-0.8098839779528311
1.583353716105687	3.8468175381019587	-0.01250941389873297	-0.7614642534845215
1.6248835091493041	3.915815923485203	-0.05398943785371008	-0.7134991441918798
1.670674523314227	4.0660046235081175	-0.09967999510331625	-0.6012590515784376
1.6469543614537048	4.1773096420655556	-0.07603384056315259	-0.5088752090231328
1.6544712747285302	4.333359695737524	-0.0835417456080867	-0.3694904175605951
1.602453561959139	4.450746522172679	-0.03158637059595209	-0.2582001287896767
1.5262099224739383	4.642287706915745	0.044514474876353204	-0.06998433776449317
1.4998205714308859	4.804469384417942	0.07076389150735694	0.09175662887577829
1.4952979868334881	4.967002127986673	0.075262494263915	0.25149971695865114
1.5043065761090353	5.083514526979243	0.06630167469826351	0.3620031751484541
1.5238985965010694	5.122945658188204	0.04681354461599608	0.3989826996682613
1.5549095855306354	5.207436099156018	0.015900629377728126	0.4741611573762782
1.5978490002576708	5.318822452670711	-0.02698732697735114	0.5687685471551474
1.6528899192218023	5.371240774471943	-0.08196228518959832	0.6117311523659882
1.7199254564983515	5.449152005724148	-0.14826631651829528	0.6705130450574236
1.7985998877064087	5.542113284065005	-0.22578208614335882	0.7366800975551029
1.8889254285069987	5.645220825589627	-0.31231496597458447	0.8031455316513909
1.9895543228818116	5.754805014514675	-0.4057939691655119	0.8628865828766988
2.0996559164042963	5.868678657675117	-0.5035600790887397	0.9139864110434212
2.2176424480852215	5.9851044040147965	-0.6016198262479328	0.9541876692242148
2.3420460446928177	6.102705502327163	-0.6958942061210277	0.9818085240112653
2.4716156188651968	6.220583097768609	-0.7825319231555358	0.9959918100151773
2.605262419840789	0.05506620617781217	-0.8580451521759498	0.9964743126771276
2.7420059710290903	0.17201164612625902	-0.919423958582408	0.9834261768292759
2.880794567542082	0.34054080805886094	-0.964206954060652	0.940817368693229
3.0206980702552833	0.5074332089423783	-0.9906894437416454	0.8736947052131719
3.1609436939957436	0.6692439897571858	-0.9979453927503363	0.783209175817113
3.301189317738437	0.8290391145120064	-0.9857437214543152	0.6742075993975529
3.4419832232381533	0.9920940936866844	-0.9541710180630247	0.5460397332621472
3.5851013434034757	1.1569442011160649	-0.9029527683602984	0.4020732550688469
3.7334861692811	1.3211975037234232	-0.8292025086141666	0.24661446052632693
3.890764002025335	1.4767776041366019	-0.7309153911500538	0.09368466920800823
4.060535066500196	1.6933828550323464	-0.6055323943546433	-0.12208189152078663
4.24536828246682	1.87485708003145	-0.4498957641399088	-0.29883733055421047
4.445846619798966	2.031097537815517	-0.2628942901479272	-0.4437555891759455
4.659153488424855	2.1656156171094785	-0.053138768120489954	-0.559926404489155
4.8810070931912355	2.280536116516634	0.1677181838077312	-0.6507583951066563
5.101182557102933	2.378705084357978	0.37857270620535677	-0.7213797916910093
5.310934138800941	2.461814982762227	0.5623032025405064	-0.7766740746561926
5.504990643181258	2.5331533707815193	0.7118208460470085	-0.8193130895950032
5.6830831339714285	2.5976769967347564	0.8237865942602742	-0.8543254015561649
5.848533329762321	2.660925951837491	0.9052516679191087	-0.88534151452118
6.006015856930282	2.726266688639267	0.9607725264140066	-0.9135215709089781
6.152979342528059	2.7896519449076584	0.9914122196791224	-0.9372916733831318
0.015909381619116633	2.84291814411506	0.9989813806146707	-0.9546060064371895
0.16219808034486788	2.8681972045205515	0.9853008396520155	-0.9610137639011723
0.30791916341869835	2.91519737427221	0.9510896760321674	-0.9729274064062243
0.45115673960973907	2.936864902721165	0.8980954251067219	-0.9784197097164649
0.5898340914386494	2.977450851271333	0.829384354347703	-0.9851629001994217
0.7229967492172512	3.0625820283401874	0.7483889777020987	-0.9960417767590074
0.8507490435563226	3.1294164098145294	0.658147224909557	-0.9979453927503361
0.9732460107174453	3.1719417770348453	0.5614878193466117	-0.9979453927503363
1.0903692478763631	3.187033972660385	0.4612079187535232	-0.9979453927503363
1.2016246714532592	3.186005430733436	0.36017076590020414	-0.9979453927503363
1.3061703590594178	3.260036811111861	0.26125480833042863	-0.9910025826039265
1.4030179307197799	3.3332516211960868	0.1669000812819408	-0.9816464934640381
1.4912718671696397	3.4276107076672218	0.0792672646840068	-0.9578141753817135
1.5704124293483546	3.5258075567126315	0.0004163640876535986	-0.925188528988197
1.640655144222847	3.631149491247107	-0.06974217228156107	-0.8809819569750308
1.703357601646711	3.742610552368301	-0.13192203491922083	-0.8237488571150974
1.7596981637642195	3.859922756072336	-0.18750231498230466	-0.7523564114277073
1.813568840074992	3.981158875797838	-0.24012251018100272	-0.6675486912228175
1.7935925823434957	4.104338531551661	-0.2209393487357561	-0.5712331839090425
1.7928935133278074	4.227884074155329	-0.22024971323665796	-0.4656564729519208
1.7978619497107566	4.35064212999676	-0.2250751332778163	-0.353697966175902
1.8066206966818215	4.4717341122879395	-0.23346611098358513	-0.23809378237542975
1.8196744343961584	4.590405178038579	-0.24597173792997457	-0.12148729905342673
1.8387362877114797	4.71653419098828	-0.26423320691953384	0.004173169706517349
1.8659685667660597	4.83860773399203	-0.2903220352849543	0.1257139535406838
1.9034338239218542	4.958783089938382	-0.32621417129181846	0.24349223594129227
1.952757825467944	5.078402576075585	-0.37216983451995694	0.3572090566945831
2.0148415618238777	5.198485480938316	-0.42890110127754594	0.46623098107290006
2.089783097487543	5.319905560078413	-0.49512319235742425	0.5696562733233852
2.1770010736538863	5.443293724903092	-0.5696559263267815	0.6661792591823086
2.276405312826653	5.568974405573026	-0.6475310148850153	0.7540803125746802
2.3858116801067366	5.69694754165971	-0.7263203399356045	0.8313449318091397
2.503529921398548	5.826920927630794	-0.8016071288093736	0.8958808211532775
2.6277320335078107	5.9583947668208905	-0.869063833427594	0.9457770079839919
2.7563571013097663	6.090765111562912	-0.9248057753876784	0.979527578720495
2.8876931386011497	6.2234669688032325	-0.9659556096469553	0.9961764537059873
3.020353326035951	0.07298836104046129	-0.990645389025901	0.9953268227993295
3.1533679335076306	0.20582115842098075	-0.9979453927503363	0.9769676237237305
3.286382540989517	0.33939174241325104	-0.9876358730965575	0.9411792007098094
3.4198698415283735	0.4744398494479711	-0.9597763366323002	0.8880001819589085
3.5551908778656047	0.6111328107405739	-0.9141694908718294	0.8177731183351792
3.69443110948849	0.7485804862602087	-0.8499498266134203	0.7318162323899247
3.8401228917939454	0.8844547139785056	-0.7654656492528172	0.6332127496174349
3.9950740082073635	1.014260941597388	-0.6566768545318254	0.5278715526941473
4.1622686041178865	1.2211979647974929	-0.5217286336180644	0.34181443020897784
4.3444755952909295	1.4024412223902083	-0.35933286101149525	0.16746194520986815
4.5435678722906045	1.5729498042996248	-0.16769256348517295	-0.0021179700866320525
4.758743762644246	1.7417934655023288	0.04627347566404248	-0.16983922987205444
4.9978442315799105	1.916390800298607	0.2815479485895553	-0.33862709979297007
5.238845153774643	1.9930434994471498	0.5019893290835136	-0.40898233085427504
5.4722971438198575	2.096678799571275	0.6876351454859736	-0.5010159629940474
5.6920885053012205	2.1231205435527576	0.8286959735712256	-0.5236119409848576
5.899294088391531	2.169980917281605	0.9271666546599073	-0.5636568024039722
6.049823258854835	2.2250487538886388	0.971706551086334	-0.6074063430275489
6.198014848148598	2.2851771554974674	0.9945468477214657	-0.6543844200980974
0.06280488908944805	2.3519640109774675	0.9959788331783371	-0.702789236125533
0.21117845930595083	2.385136656446881	0.9759442308996533	-0.7258510594142884
0.3587848092277309	2.436614894325081	0.9350724717339919	-0.7616119604542257
0.503448334356018	2.505469259272867	0.8754224932166796	-0.8027662726993663
0.6437033743309922	2.5911569088651047	0.7997539876193828	-0.8511280715516064
0.7794023592353793	2.6936870226193106	0.7109274282134075	-0.9013038716290553
0.9109871844890901	2.7817850497815817	0.6125158049864783	-0.9343415093495833
1.0390706196706097	2.8781222068805397	0.5066580939144405	-0.9635295618355941
1.1642402978237838	2.974459363960487	0.3952307887527736	-0.9847806193206088
1.2867659407667835	3.0631526574112184	0.28015975927702574	-0.9961146972029482
1.4068747626986413	3.1392539917816427	0.16314252368500323	-0.9979453927503362
1.5250884126831386	3.200818973853745	0.04563003765417309	-0.9979453927503364
1.6426306250606393	3.2861026526053108	-0.07171528571336078	-0.9876716399129823
1.7619105438334222	3.394608150135496	-0.18968484031096225	-0.966179691384377
1.80620562289496	3.506425991223991	-0.23306846564649408	-0.9324568091040613
1.8650532451570028	3.6220682955115135	-0.2894451469308806	-0.8854352067138618
1.9283853676600584	3.74256538706162	-0.34989861686143575	-0.8237758524571529
1.992181873892629	3.866976396881337	-0.40819498924038705	-0.7474526777767532
2.0581171371906803	3.993916856771544	-0.46806282363035145	-0.6575809322701275
2.1270266831939315	4.122187995170573	-0.5269499600437673	-0.5559797994362499
2.203673682808815	4.250992019790199	-0.5907060864148906	-0.4447568701075309
2.2912188801787066	4.379898224546383	-0.6591047951641231	-0.32607359149362897
2.3267454556673313	4.508733329043987	-0.6852571443092108	-0.20205703548810544
2.38357129199749	4.637491113890333	-0.724762808603914	-0.07477518257769486
2.459408939997746	4.766261440568381	-0.7752359808580769	0.05375128971132127
2.552268203990592	4.895179819876499	-0.8307380415932755	0.18152610624703144
2.6603116100337507	5.024392567629429	-0.8850402527097717	0.306557087795559
2.7818853880287255	5.154014224407404	-0.9343791371917203	0.426829802724639
2.8785522283734286	5.284102537465354	-0.9636385640447955	0.5403117412395
2.973248584613276	5.414678332106184	-0.9846258943477759	0.6450104233237793
3.0634107922335714	5.54571242289721	-0.9961476841410454	0.7390115634824274
3.14635715760529	5.677145960560941	-0.9979453927503363	0.820549877500961
3.220494628515687	5.808896680551423	-0.9960556611372169	0.8880657501388494
3.338663500628523	5.9408590511287	-0.9803605881304572	0.9402551447246313
3.457783558359817	6.072911136443152	-0.9501659358453615	0.9761169750581034
3.57843408398774	6.204947850396212	-0.9054530570530307	0.9949907424407594
3.70063102380493	0.053759946879803254	-0.8469095037733074	0.9965579476715651
3.8237460075637904	0.18583520700322867	-0.7752541268274984	0.9807854938979936
3.9535608523285424	0.3182292905479923	-0.6872586419131467	0.9478430955564165
4.0819166064098935	0.4511729905526626	-0.5888270836713593	0.8980883789165293
4.207616950553766	0.5845950947574242	-0.48297588573946854	0.8322404522225192
4.400636578575273	0.7181520509058456	-0.3062060160418407	0.7515272976079994
4.5825687336886665	0.8513062351159445	-0.12921799529246122	0.6577350307890323
4.76454511889717	0.9834120652746198	0.052044069153038955	0.553155614623463
4.950890263613448	1.1137665480516779	0.23580256999755594	0.4404780975389016
5.141581210433293	1.2416076302887573	0.4158142515751041	0.32267372330215277
5.33269902699968	1.3660718957230662	0.5801419327212677	0.20289512987091401
5.517434216076093	1.486152149750807	0.7206933827278157	0.0843598338548325
5.691396335499991	1.6008982854536198	0.8283186294310032	-0.03003295792573265
5.8529090024928	1.709901213602552	0.9071489007396534	-0.1383773447610225
6.004834350103425	1.8140122584732152	0.9604004789166347	-0.24054730997326867
6.152178204087231	1.915881550184607	0.9912591800516981	-0.33813923247960304
0.015524066189423476	2.0200317663244354	0.9990060509491656	-0.43364383896265357
0.1624969599487459	2.1327341700257127	0.9852437453710635	-0.5318273329933005
0.3083822267582287	2.157259018910337	0.9509438609148269	-0.5527852148188338
0.449502560887448	2.2105596183767338	0.8988126547434625	-0.5960860400334319
0.6243661470386629	2.2819266432897107	0.8105588164416223	-0.6518448080523928
0.7850472384950097	2.365635448082389	0.7067515106107234	-0.712293701692132
0.9314221257260643	2.4589189306657984	0.5957671132561332	-0.7749431018653608
1.0682963233083584	2.561491689220566	0.4807643537502978	-0.836250926527014
1.198920527824916	2.6719062234446893	0.3627067810370632	-0.8907260357990769
1.3251425057838433	2.788590619855241	0.24277100233491197	-0.9368936659167341
1.447793701785058	2.909416038524774	0.12251487905958038	-0.9714619485651024
1.5672928670450674	3.0155252738269267	0.003532187923652265	-0.9900284143074294
1.6840893394863614	3.1216345091703834	-0.11291378638652938	-0.9979453927503361
1.7990692846534402	3.227145807571179	-0.22623177367637115	-0.995205709821944
1.9139550403102334	3.3317486817292723	-0.33629361444094813	-0.9818385534530921
2.031666891314137	3.43387374961502	-0.4442758565938794	-0.9562266142483289
2.1564157151525536	3.5615325164915133	-0.5520645636710204	-0.9117913132187548
2.2813975658974415	3.721087341694754	-0.6514314420249369	-0.8366132983636485
2.3614430057656137	3.8711474970388684	-0.7093790904969857	-0.7445529037794884
2.4045039960360115	4.0134066980317185	-0.7393153507560709	-0.6423535980933481
2.468871215881619	4.1498341700554695	-0.7808915911678933	-0.532354566559527
2.550236565845444	4.283355841224046	-0.8295237297532347	-0.4151832539750816
2.6457569882817737	4.41535059859905	-0.8779029365013198	-0.2921098200460399
2.727652700330657	4.546579790649033	-0.9140413390991582	-0.1647212891563965
2.815422484321536	4.677460211559722	-0.9469558823608203	-0.03485398366770278
2.9031922725869124	4.808226819644214	-0.9698843431477053	0.09549413960719105
2.985165770877549	4.9390019842251425	-0.9861487864628675	0.22422029346207922
3.056381316694433	5.069836379669787	-0.9952493904805798	0.34917545835952646
3.1126053577134187	5.200733460328325	-0.9979453927503361	0.46822267287066655
3.2165388248385	5.331663725928823	-0.9965611715903764	0.5792933891270975
3.319481814847846	5.462572606834143	-0.9834061311040856	0.6804412156765236
3.4199144069170644	5.5933840037522975	-0.9597650401601435	0.7698924690676243
3.573279941707112	5.724006204472334	-0.9073859117481058	0.8460962657108122
3.7225663405668343	5.854407722207486	-0.8357292994851756	0.9077987254424229
3.867309051602638	5.98456479527714	-0.7472214142073197	0.9540177505442362
4.008403835243157	6.114489931986777	-0.6462623145628695	0.9840596764121552
4.147338509830283	6.244251650898419	-0.5344872505292506	0.9975072207091888
4.286387170525884	0.09077603602986761	-0.412413266835991	0.9941879431748459
4.427157780155539	0.22051699510115574	-0.2807984078616538	0.9741603119588651
4.5710869696221215	0.35022208842304414	-0.14054481984749184	0.9377688072723593
4.719514009583398	0.47956451338466144	0.0071494173024827835	0.8857781966291494
4.873550757953182	0.6079311562203019	0.16045377372385378	0.8195185362515551
5.033799008031678	0.7344402024482678	0.31537868846574213	0.7409760874128115
5.200044427976102	0.8578619045611179	0.46761219570596557	0.6528853370800349
5.371075938398483	0.9763809989663473	0.6115960509948413	0.558918350163891
5.529481154396968	1.1196880075917464	0.7284972012336148	0.43523173164730433
5.687108518479916	1.251327053568224	0.8259810778302314	0.3135585992754867
5.8406555009676415	1.3751871662765525	0.9018359473512082	0.19401448526308102
5.989618546089921	1.4930309790994145	0.9556091381684944	0.07751748077041619
6.135416197669833	1.605885079421482	0.9880571726503917	-0.035013775745561734
6.28016731197406	1.7150217153116771	0.9998067688301921	-0.14342874837433917
0.14187768304065992	1.8225708775122897	0.9891825982521093	-0.24874656287854036
0.28617930587025453	1.93181049076957	0.9579353915289089	-0.353028447380805
0.4276918436260203	2.0473456299767165	0.9082694882812561	-0.458602872938222
0.5636367904337035	2.1751224884129514	0.8436661071868075	-0.5680505681178921
0.690852393799949	2.2194528355365493	0.7692115891392182	-0.6030342746440389
0.8076720655880137	2.293192308451721	0.6900143211386587	-0.6606466266950191
0.9114849176544538	2.3847877380203486	0.6121078576743733	-0.7256084892188454
0.9977139188218785	2.4881318018416025	0.5414336657586349	-0.7924036597088295
1.1195805638045455	2.600581296595641	0.43532692598522393	-0.8557496162712246
1.2976131079535078	2.7198151105307518	0.2695917968428001	-0.9111021648548312
1.4343818078923631	2.843607718633548	0.13585565390568435	-0.9547808003653236
1.5888300483149165	2.969830195368067	-0.017979183299839222	-0.9841890598540961
1.7191063026399063	3.0968029311706773	-0.1474582166492847	-0.9979453927503361
1.8352210341128468	3.2237756669958615	-0.26086555459738137	-0.995636378638818
1.9420312844847543	3.3510317341609324	-0.36236806849197867	-0.9772254779063304
2.0423324039898305	3.479377197383299	-0.4540218557915159	-0.9426003762243559
2.1382312270241486	3.6092685081296794	-0.5365248816511301	-0.8917119847368079
2.231811052037584	3.7404730711255554	-0.6126896992305273	-0.8250264314642151
2.3253596368401177	3.872403830946125	-0.6842937146987234	-0.7436794928666464
2.4212853209345497	4.004507730819838	-0.750981829081356	-0.6493063251963853
2.5200524681671284	4.136449883959172	-0.8114826690066399	-0.5437922022263132
2.622955252167485	4.2681115492601895	-0.8667213885694921	-0.4291132788848898
2.7304583989060363	4.399512757889837	-0.9150935040121777	-0.3072826488465017
2.841835795010701	4.530722532158186	-0.9543316516771296	-0.18036456346586766
2.9324086124239686	4.661811540188359	-0.9772901255090024	-0.050483901752436625
3.022981429802306	4.792848259252017	-0.9909812332776118	0.0801971268742424
3.111794461064376	4.9238820611882295	-0.9979453927503361	0.20948955538900504
3.1973031891590424	5.05493960905241	-0.9979453927503363	0.33520488542840987
3.2772669237335905	5.186028332874051	-0.9888007539111556	0.45519404731211005
3.404953136395696	5.317140475387645	-0.9635574355781764	0.5673899809686913
3.5310510263380395	5.44825434521833	-0.9232221756490497	0.6698489819065447
3.653689840758281	5.5793328973783565	-0.869928588179073	0.7607903817963791
3.7703686415511144	5.710322455154574	-0.8071578237009593	0.8386364161014337
3.9305642861092296	5.841156492052732	-0.703245993506403	0.9020531703447865
4.076302376687762	5.971770311049709	-0.5932134586542481	0.9499888649476602
4.211048323237348	6.102145386947455	-0.4800435821179382	0.9817015264629556
4.337040267396828	6.232347048201105	-0.36612716166009157	0.9967450126377226
4.507453633487414	0.07929926538834162	-0.2033194623215739	0.9949227587281035
4.667044705490261	0.20949840944883244	-0.045257007848697475	0.9762651669465143
4.825028023735049	0.3398319763301444	0.11220625220758637	0.94104057440371
4.967437775518034	0.4702454507537922	0.25192415097600684	0.8898188167963852
5.118433805299608	0.6005430196590978	0.3947513684990026	0.8235462618668294
5.2765390831896095	0.7304303040704369	0.5341126549484273	0.7435736369589122
5.440577163827838	0.8595483849434288	0.6641696262581734	0.6516377279122997
5.6094019170867835	0.9874647790527561	0.7802686231720531	0.5498339679911491
5.782034234909942	1.113648241781503	0.8764185551472945	0.4405829159500395
5.924355392867801	1.2374821705288552	0.9350582684866982	0.3265426851013544
6.067586445582483	1.3583691320729925	0.9750998116517087	0.2103996253297215
6.210674934538501	1.47595299276974	0.9953574266443576	0.09450490792066576
0.062300143985004004	1.590424062476805	0.9960111501571076	-0.01957128720342144
0.19704657049248026	1.7028234540612088	0.9786438130050631	-0.13139509533464044
0.33114413239327517	1.815252820929109	0.9437763102630352	-0.24173578270166318
0.46361026424783885	1.9310236020321823	0.8926957443878489	-0.35230939924534255
0.5933394503134634	2.0548580238844125	0.8274733685918418	-0.46527772546929375
0.7191963466047807	2.192704750254889	0.7508508191631189	-0.5821361037592344
0.8397950052565318	2.2587217381352986	0.6662507040545775	-0.6337149094754999
0.9531605700311002	2.353786705108091	0.5779500567674389	-0.7040563840829863
1.0562050874785935	2.4692755442628695	0.49147709219177405	-0.7811332585838107
1.2292229775314123	2.6012073302478727	0.3342883677789378	-0.8560566115480001
1.3790391860122906	2.7467702285299453	0.19026161604271918	-0.9212106026014693
1.516392632098798	2.8706426691787628	0.054279707254526695	-0.9616336423367313
