0.595627749133583	1.1793849769019433	0.8262258767924083	0.38102772091919995
0.8071534152012583	1.4916375232816732	0.6903980036197314	0.07890354753109985
1.0262781478366327	1.6804652165375489	0.5179921218588786	-0.10933856880069964
1.2063282245490414	1.835415155313974	0.35575965336797816	-0.2610515248824297
1.413372758696227	1.9831527418287196	0.15675329873487842	-0.39994429220162575
1.5686741661040964	2.1310713992091164	0.0021525442062532395	-0.5304064005161582
1.7221303199645333	2.2820403869291326	-0.15044142667597615	-0.6519336754979936
1.8806919739697598	2.436579352981595	-0.3044272243042673	-0.7615907173631226
1.9686950674451464	2.5939158626818966	-0.38673306764763743	-0.8524810112659128
2.073569932403448	2.7528837085122717	-0.48126811828749344	-0.9235032184905374
2.185089480873684	2.912659772322898	-0.5761863245811579	-0.9722841729327292
2.2984722503953505	3.0731696090546134	-0.6647718239881304	-0.997394759151859
2.41159787803667	3.2222470078639	-0.7442470603262743	-0.9958317253328363
2.5237222736431635	3.371324406618566	-0.8136761148477889	-0.9720816742475398
2.6348344306861002	3.5198107863471373	-0.8725467171028488	-0.9274373776084217
2.745271297290715	3.666226458881517	-0.92064848845607	-0.8637808634731396
2.855454742453694	3.808922473916827	-0.9577837939138114	-0.7841141654430037
2.962545935191192	3.949001743801344	-0.9832582073741869	-0.6904281616701842
3.069637127925309	4.08716072196953	-0.9969433449053053	-0.5847298773872112
3.1760097332735304	4.224467914010486	-0.9979453927503363	-0.46857577659165156
3.2797810721180696	4.362167055527197	-0.9884794719687584	-0.3430602500223795
3.3774978710392682	4.501817673488239	-0.9705168193009613	-0.20887936842483754
3.4940310242571226	4.645469180420729	-0.937105045181528	-0.06680667692086052
3.6399687400697163	4.798996100579731	-0.8766571611376242	0.08631236813687074
3.7729550468545696	4.963303739471576	-0.8056119270605416	0.2478965245101613
3.887004212024183	5.0447278789806065	-0.7335292198448242	0.3256280634859009
4.055929154860394	5.153961257870989	-0.609130974496561	0.4267828747961171
4.196549341265769	5.274676555449542	-0.49243378897223616	0.5325861077175907
4.312984685177233	5.400141334486415	-0.38810882275221625	0.6342563750158364
4.501593872733338	5.527496975174121	-0.20910014912293948	0.7272118809202168
4.660434208165727	5.655471227139255	-0.051859583187514796	0.8087336531684025
4.8053184434357314	5.783532002309958	0.09260118560117503	0.8770679669392366
4.943835908359403	5.9115284132308155	0.22892979298221955	0.9310191503332499
5.0796206908543855	6.039476217862791	0.3583514359251428	0.9697299797252971
5.214443965811822	6.167424204914405	0.48037007130148346	0.9925882409726907
5.34916251922774	0.012188650207744378	0.5936355832747515	0.9992196054076867
5.484162253794942	0.14017415025259325	0.6964126089752427	0.9895080201890737
5.619590431713456	0.26838733791695346	0.7868685838319708	0.9635379466727976
5.755396288682617	0.39700931546599416	0.863208922629374	0.9215730196530177
5.89141473410805	0.526059841792663	0.9238444678671207	0.8641516027284188
6.027463445560249	0.6553887110462726	0.9674352075563147	0.7921844089865127
6.163438005132746	0.7847644637622133	0.9923330192130646	0.7069606991389392
0.01620083367119538	0.9139686121865498	0.9989627200081651	0.6100721956390379
0.14783659195052465	1.0428751990322593	0.9880442816354724	0.5032872669654813
0.279448456697424	1.1715456624178822	0.9600548846482175	0.38837963077554066
0.410968370869514	1.300370382341139	0.915520561051421	0.2669054943596041
0.5423323285678323	1.43027313242072	0.8552804738225559	0.13994254236613926
0.6735010203241936	1.5629739674335992	0.7804515378983563	0.007845911788220819
0.8044530195161348	1.7012947456225616	0.6923956778581096	-0.1298870158984147
0.9351629443450677	1.8494863705739222	0.5927010991608512	-0.2745319067143695
1.0655789480869442	1.9612137654581543	0.48317192650830315	-0.37989675650352617
1.1955995757861044	2.096938539669446	0.3658212548952321	-0.5012379257188102
1.3250389429905984	2.252622527141113	0.2428718994345653	-0.6289496205855936
1.4536586828421736	2.3434847844533144	0.1166809981486777	-0.6968944266836496
1.5811553295118264	2.458772208335018	-0.010313661839967191	-0.7748554058039876
1.7071645047085997	2.5865320883982252	-0.1356775661102566	-0.8488601454837266
1.8312922518943446	2.720109917246018	-0.25710173722542407	-0.911212720309593
1.9531811964023882	2.8557255713020377	-0.3725567050730058	-0.9578524438377641
2.0726059772358307	2.9915215047793065	-0.480444363630204	-0.9869609829688182
2.189584636591128	3.1270897360482954	-0.5796983715687364	-0.9979453927503361
2.3044406940102955	3.262657967313332	-0.6694349448533445	-0.9906676261785485
2.417769328594767	3.3978054503246535	-0.7485374899918055	-0.9653692370469515
2.530389234370014	3.5305465205176243	-0.8176609629207754	-0.923411370357032
2.6431064191259526	3.6571814277945314	-0.876603146611906	-0.8682163787399191
2.75644715666608	3.77306260900505	-0.9248395470433275	-0.8055476370721004
2.8705237994602064	3.9527157496842356	-0.9616035111406306	-0.6878461623706825
2.972435590232116	4.119127130360752	-0.9845220021449334	-0.5585954829525863
3.074431247820598	4.266223988998995	-0.9975559834279762	-0.43083810556228147
3.175730336732433	4.404541177602249	-0.9979453927503363	-0.3024653664382426
3.27500355208331	4.538887293708701	-0.989089989202381	-0.17230998046970525
3.369696623440047	4.671412196402018	-0.9724942860948391	-0.04089475091540179
3.5075414232752045	4.803097184726912	-0.9320385109741612	0.09039170552726494
3.6565681522419218	4.934390812971879	-0.8685171176815748	0.21972781319110918
3.7975071172642205	5.0654786987552995	-0.790937133782444	0.3450887136153089
3.928707848242508	5.1964205521413405	-0.7045366003127962	0.46440147063958176
4.049882077057006	5.327210647744659	-0.6138555319352776	0.5756435996369894
4.159599628607232	5.457805122840565	-0.5240094253819886	0.6769143695893673
4.337009828037893	5.588138445619746	-0.3661549767287886	0.7664944784298607
4.491841898668753	5.718140626140894	-0.2187205261533832	0.8428985798128557
4.635755831880804	5.847773315139348	-0.0765083850342621	0.9049221358047084
4.7748623782298605	5.977079169508652	0.062306619310944195	0.9516605840259207
4.9064697365010215	6.106134160588226	0.19252542180284943	0.9824634926859626
5.038490840273365	6.235034195685476	0.31977880888087423	0.9969170608407484
5.170696258191921	0.08069225423170275	0.4416099515135221	0.9948335707588054
5.302743355443441	0.20960983840358288	0.5555899507677738	0.9762438809304523
5.434091005600489	0.3387433704807061	0.6593713549277159	0.9413833680911452
5.563972366635527	0.4681122882280823	0.7508400698684035	0.890743727365483
5.691494803866293	0.5975532701976589	0.8283723105666949	0.825176157360684
5.8159341051506885	0.7267624173530876	0.8911170827553939	0.7459496366925895
5.937167685984376	0.8553665871892124	0.9390927619667719	0.6547313003430838
6.055801732703282	0.9829659012940737	0.9728486051480347	0.5535212952919167
6.173078805294601	1.1091635777837712	0.9929502843067092	0.4445562924586127
0.007016983595274205	1.2336208025535593	0.99955072826287	0.3301639748626283
0.12382809195197404	1.3561504863736409	0.9920717411945762	0.2125611633609874
0.2379954212876813	1.476849475923966	0.9708214485424693	0.09361317853408219
0.3447305291116342	1.5962429356073105	0.9394980574569856	-0.025383187026539855
0.4692084671758247	1.7153937433099933	0.8902684389230087	-0.1437957560782132
0.6215805121620472	1.8359411021806422	0.8120774365773495	-0.26155538787187466
0.7471862945328787	1.960057947094343	0.7327193680176316	-0.3788405855355809
0.9273314451485049	2.090358001680753	0.5991198778746528	-0.4956144807726549
1.0685850703495539	2.229827665382842	0.4805085261763734	-0.6111400872562504
1.263629011592133	2.3814792467158656	0.3020215080371962	-0.7233084061010633
1.4217363859459602	2.5479256472358425	0.14843402116467605	-0.8281424917430554
1.562221945686502	2.6750662473011686	0.008597032316355637	-0.8922756528124411
1.6935631043963713	2.775738410543249	-0.12225970852787998	-0.9320739594053058
1.8190222910809548	2.884093138342505	-0.24534697732929536	-0.9650430785576802
1.9402899807067437	2.994605486562564	-0.36077688898290466	-0.9873550836765405
2.058299713862034	3.105118192837583	-0.4682188458068927	-0.9979453927503362
2.1738842993392065	3.21487767682572	-0.5669924649504764	-0.9967734489815797
2.28807507552211	3.3223332755297394	-0.6566485532967081	-0.9830417441680547
2.40220284977037	3.4230958873847803	-0.7377155799874497	-0.9589585958189965
2.5176315218184437	3.5471800196872887	-0.810035667323623	-0.9171736424839676
2.635406970283403	3.69106140793092	-0.8728274798885429	-0.851602265677405
2.7467728560160736	3.852986532062715	-0.9212115879349394	-0.7571785162112585
2.8600924235083798	4.036038386409639	-0.9589593572028361	-0.6246715514663432
2.975136439949487	4.176607171893184	-0.9848671425704851	-0.5094755098416124
3.083559008114603	4.344219849298237	-0.9979453927503362	-0.3595665581918719
3.1913056545616096	4.491139170657202	-0.9979453927503364	-0.2194137712723921
3.2976990963540085	4.630230292748993	-0.986189735346219	-0.08202730238862875
3.40236690235066	4.7666316690820265	-0.9642129963561428	0.054119555019835466
3.5078671461040467	4.894650428537626	-0.9319163616688564	0.18101034137626798
3.6129429218488016	5.024360991100859	-0.8899101204877086	0.30652747451851814
3.7147335110662243	5.154744316478939	-0.8399939059223466	0.4274766584729405
3.8748471816738	5.285348357438365	-0.7419808606979805	0.541332828329377
4.024906154541283	5.415977352461051	-0.6333691192161242	0.645971400825093
4.167307003228102	5.5465199222007255	-0.5174230342792657	0.7395346489204326
4.305381886366518	5.676900872806313	-0.39505615602742705	0.8204162651591846
4.441495672176965	5.807069723075187	-0.26706254670514795	0.8872736059591643
4.577262261051231	5.937007033456179	-0.13445286026808279	0.939042173709723
4.713904563148705	6.066734360121941	0.0015466931993101916	0.9749370397326876
4.852515517789057	6.196315184062587	0.13954798874323557	0.9944380244605744
4.9942341970662225	0.04265707701284353	0.2780308359213183	0.9972688237288523
5.140350256195744	0.172244517569154	0.4147236359452421	0.9833816919349776
5.292366673174935	0.3020059103158765	0.5470851133677772	0.9529517143786441
5.451941381190532	0.4319648260240491	0.6725765439516996	0.9064167806071466
5.620780663208044	0.5620116328592203	0.7876395972061787	0.844552080089092
5.8004532071580455	0.6919150719156654	0.8844047736837938	0.7685232028518272
5.933723491236605	0.821342103089946	0.9380082112834903	0.6799016247269004
6.072569615413374	0.9499594382767099	0.9760517350839726	0.5805737378595819
6.189607079880388	1.0774595548346177	0.9940085291399903	0.4726458037524674
0.023708434856945335	1.2036261097056375	0.9984820358251962	0.3582937658583721
0.14105176249313728	1.3284705039267408	0.9893403719481815	0.2395286664558856
0.266188769839281	1.4524474985460956	0.964230259008627	0.1178857599161351
0.39215787631859483	1.57673278447703	0.9236765383904244	-0.005896416760208443
0.5191920073453168	1.7035436398746768	0.8678956798033194	-0.1321055626730125
0.6472387277607609	1.8364640020492822	0.7974638408796121	-0.26205633180307875
0.7760429582573344	1.9807788173354581	0.7134126154128961	-0.3977750325598175
0.9052731438465776	2.143665854534116	0.6171990925059423	-0.5411690807512147
1.0345994017108133	2.2257486280962757	0.5106195573407196	-0.6079531519162992
1.1637160865583767	2.347223504638335	0.3957224075004061	-0.6994936075151138
1.2923374696358956	2.4974631432929284	0.2747316408774087	-0.7979810103974185
1.4201909439837472	2.6041760442331663	0.14997126813520525	-0.857512413753414
1.5470297400935167	2.697339196723685	0.023771031648934175	-0.9026734732970968
1.6726837881407655	2.801863415704921	-0.10166214610754279	-0.9418710965692113
1.7971633716537483	2.9122802796640874	-0.22440588767436856	-0.9721879788148302
1.9208159940694067	3.0242758610112324	-0.34286648499237754	-0.9911466480859306
2.044506058169982	3.136271442358864	-0.45600811116805995	-0.9979453927503362
2.169746157280005	3.2478845748646696	-0.5634561865961422	-0.992555511655397
2.271376256258722	3.3578209031669237	-0.643601833321577	-0.9755045536443301
2.379249570774731	3.462333306437581	-0.7217583219332797	-0.9489920051013072
2.4926252755418608	3.5547530311917077	-0.7950894127451982	-0.914333687735883
2.589927620677904	3.7101380726206115	-0.8505252514541226	-0.8422474235926605
2.692053414494789	3.9149043431455963	-0.900605844129865	-0.7141328803443037
2.785510352891186	4.088243166743186	-0.935738535123016	-0.5838841676620097
2.8811916433795544	4.239376197756509	-0.9643076051774466	-0.4553712489623074
2.9765162848055544	4.379801721418555	-0.9850434723520924	-0.32616604257102855
3.0696265246406105	4.5149901714541505	-0.996941989916107	-0.19588462540916174
3.158052205298133	4.647865955954884	-0.9979453927503363	-0.06441277367007842
3.2728352883126446	4.779717197083907	-0.9893670706985126	0.06713569459059093
3.3865772783674997	4.91111274319094	-0.9682153635054217	0.19704891807024083
3.497546122058771	5.042298823368383	-0.9357868484924105	0.3233500329344522
3.602813613809409	5.1733750378524475	-0.8948773450354808	0.4439833289126236
3.6979744136237356	5.304369998768961	-0.8482122560693746	0.5569231646634449
3.848256693958777	5.4352735898719	-0.7604667282002003	0.6602461963988097
3.9784714173377465	5.566051353210077	-0.6696483916519661	0.7521868049036173
4.174109105198535	5.696653877824395	-0.5116102502767136	0.8311848376714666
4.343207326816059	5.827029394836731	-0.36049178734858955	0.8959278510743278
4.499080546534066	5.957142550676756	-0.21157955949435267	0.9453826946613737
4.651755634487425	6.086997247402162	-0.060527756508121464	0.978807812325625
4.807550418286371	6.216654494295137	0.09482132499258235	0.9957402759360312
4.97193744894541	0.06304880585476526	0.25630800336144743	0.9959632160819907
5.071823287354028	0.1927121018545809	0.35103883126249036	0.9794718165455509
5.192198998618038	0.3225757671582795	0.46066120791139153	0.9464744231894996
5.323154992566361	0.4526135122914309	0.5723195422023157	0.8974637880730545
5.459469053812586	0.5826376058719508	0.6781452973587896	0.8333075992710777
5.598017498674433	0.7123543389564365	0.7728939747163441	0.7552829648652718
5.73656288137716	0.8414190913038685	0.8529416791372318	0.6650492524023076
5.87372342078521	0.9694534488696495	0.9161737524498463	0.5645962427338084
6.008909789373717	1.0960558500053876	0.9616838036903363	0.456169634653645
6.142526655596881	1.2208555782391306	0.9894154670181504	0.34213552909054723
6.275517994914437	1.3436394949119466	0.9995090901020772	0.22475012343748743
0.12539471701676322	1.4645526859987106	0.9919714359345264	0.10584476245766418
0.2580608078560428	1.5843373646256955	0.9667896923067337	-0.013491883619455622
0.4129540240966908	1.7045922107386842	0.9146596085294055	-0.13313998370285535
0.5634386214643311	1.827995585194535	0.8437741412259028	-0.25394349360075524
0.7078539352931682	1.9584931635317124	0.7581982560749996	-0.3774107077782156
0.8463433411003959	2.1014369003223434	0.661406435530671	-0.5050820314018081
0.9809363480111583	2.2634706548776817	0.5551847384059275	-0.6374252189258769
1.1127831844702625	2.346440854251081	0.4413493498235228	-0.6989495042435078
1.242529332664815	2.4627663484920843	0.32180932721280997	-0.7772427067586826
1.3704130405025792	2.603857568755589	0.19866572562539114	-0.857356239293724
1.4963715703120704	2.7018313877397118	0.07419460366018277	-0.9043580896743233
1.620152561168708	2.811661538322226	-0.049264159416642604	-0.9455454901487131
1.7414512047370954	2.9281883416360044	-0.16950158771032722	-0.9762203677249776
1.8600550585363207	3.0466987103939074	-0.28465682816314286	-0.9940120543794557
1.9760127433140324	3.1652090791501832	-0.3934198594892767	-0.9979453927503363
2.089806575713051	3.2835552502537153	-0.4951432558398938	-0.9879971713655569
2.2024230512562317	3.4019247031132798	-0.5897289730393125	-0.9643250853902461
2.315301011648514	3.51920633642744	-0.6773008977733903	-0.9276640523491668
2.4301570597367492	3.6671195938328607	-0.7571495154272934	-0.8633428866797068
2.5487649821435268	3.8085454781226735	-0.8286441629282487	-0.7843394961484638
2.6722693878893287	3.94364878883503	-0.8909041248982805	-0.6941495682616371
2.7696065019628504	4.072468953171177	-0.9297744326083952	-0.5962084969487589
2.8710198534033067	4.194414683575398	-0.9617292513107734	-0.49425797569090735
2.9742534690557987	4.346427697355362	-0.9847543080991565	-0.35754905691954353
3.0774870847417075	4.486094809183796	-0.9979453927503361	-0.22433607389378077
3.179611845510542	4.6193298490148775	-0.9979453927503363	-0.09291468308749518
3.2801541009144293	4.80338025717199	-0.9884318027790621	0.09067327692837616
3.37873362553212	4.984367078498436	-0.9702035792141779	0.2684176957748254
3.505171109834545	5.179797350682175	-0.9329274021248378	0.44967344682140165
3.6324503275372306	5.282522249523704	-0.8803440510166174	0.5390165207016506
3.7607860255974606	5.428934197396869	-0.8128853613724054	0.6555564981060356
3.890178867270687	5.502668193792959	-0.7313221803620942	0.7101027654936656
4.02050183683276	5.605821864528077	-0.6368101948346022	0.7779495210346284
4.15162072568156	5.7240872851273386	-0.5308278529042263	0.8461404677404253
4.283456591623781	5.816847290161411	-0.41509118964167024	0.89151302748899
4.416031128683097	5.9141263009635585	-0.2914578646028462	0.9318372053858741
4.549504538190134	6.012771940578626	-0.16183600932711162	0.9628999656773822
4.684162484608126	6.111754232631635	-0.02815974258856676	0.9835370820779934
4.820387681525157	6.21019452020582	0.10759051627004237	0.9953266674757127
4.958605910842656	0.02228498840107795	0.2433196174137517	0.9985731738837731
5.099195266333452	0.10858025274055072	0.37670897403524567	0.9930480044445869
5.2423525266089674	0.21529411146018396	0.5050968334213547	0.9751580273670393
5.387970523366362	0.3425008146687306	0.6252527627050033	0.9402001775459088
5.535658823796843	0.5029731545867394	0.7324989989934586	0.8756285247710175
5.6846998333569685	0.6805572747439742	0.8246679560858705	0.7758806064835841
5.834338845735565	0.8296862270648534	0.8990971306342073	0.6737288843398763
5.95639214281299	0.9381837988024332	0.9451463969427519	0.5902251752283122
6.077671479722411	1.1446058554360534	0.9770263324484647	0.41315471733389186
6.1981395642933235	1.3020753602408122	0.9945548328390349	0.26524440238187713
0.03529545443490767	1.4380181727580976	0.9977401614366833	0.1322385715368423
0.15542940242013847	1.564628558525142	0.9865938445747168	0.006193303550062548
0.2737034973442244	1.6884367882773987	0.9618639285752402	-0.11720256896668542
0.4295870949229107	1.814379211571071	0.90744773281984	-0.24089885515128823
0.5786393986054131	1.9477520299477988	0.835487266862385	-0.36759560723184426
0.7159088669837376	2.0950213684578842	0.7529803971206718	-0.49959959359777434
0.8393923439902468	2.1526635891901393	0.6665485811556564	-0.5488581580827644
0.9481058306865707	2.2433693862125623	0.5820929740421699	-0.6217201789896891
1.1283200973676402	2.353020627313376	0.42758376900109973	-0.7035238021777099
1.2828148673190811	2.4758506231614406	0.2840091325789592	-0.7850631888102158
1.4230581920600813	2.608859068809855	0.14711922417181447	-0.8598088820358163
1.555377619115467	2.749975099006305	0.015433156681917805	-0.9224124609534632
1.6830814528465212	2.8969329301987075	-0.1119195005716786	-0.9682977197817937
1.8080163957474782	3.010297757735421	-0.23480320632183124	-0.9893603922709582
1.9315765242553398	3.1236625852950355	-0.35281465198912576	-0.9979453927503362
2.0553704495307685	3.236358182909895	-0.4657156224035919	-0.9940284643334975
2.1815695736092935	3.3482296898850223	-0.5734362352669021	-0.9779357424428823
2.3129765514972207	3.4816690971402395	-0.6756849190507918	-0.9417408909861438
2.448674085690206	3.628929561096838	-0.7688197493466307	-0.882070569493662
2.5526543669041843	3.772792472960474	-0.8309688514937881	-0.8057090976147336
2.670067713585523	3.9120025607179785	-0.8898244647077194	-0.7161502169968731
2.797700241053944	4.048308313209488	-0.940309864606174	-0.6150851072664252
2.891323709898208	4.182684205681297	-0.9668758899087245	-0.5042823379456218
2.984947911310107	4.315791745323415	-0.9861209462823	-0.3855437696915457
3.0746442487395655	4.448188689447156	-0.9975832027239417	-0.26065056119123486
3.1578016433480856	4.580295575813884	-0.9979453927503363	-0.131460478266708
3.2328587893588066	4.712445462033087	-0.9944756503326397	8.934066290354134e-5
3.3146437585564485	4.844940108817332	-0.9840243842399476	0.13201274977791794
3.425346239424299	4.978116111922218	-0.9583881746939027	0.2623276283113202
3.53728128308846	5.112420017754103	-0.9208857673087458	0.3891114845500135
3.649873371048129	5.248460695848045	-0.8718001140480042	0.510508622616089
3.7613755068703996	5.387054100092334	-0.8125330279163117	0.6245748194035602
3.9109449994799435	5.529236027577816	-0.7168854399507099	0.7283384119083426
4.053847583468346	5.676203355744341	-0.610757297809122	0.8200360058997187
4.193107682540691	5.829130851131693	-0.4953748826027544	0.896839014248386
4.330955917162846	5.988821600003553	-0.3716869574525315	0.9553581859181698
4.469185950394162	6.106338480456336	-0.24053495001185218	0.982502523438823
4.609433267435697	6.216769786699458	-0.10271598229674603	0.9957476576860473
4.7534366813129045	0.04353868641719169	0.040994536112488426	0.9972123775104476
4.90327278656494	0.15300370465009502	0.18941076096587425	0.9870572200215219
5.061577224122622	0.26222816071260124	0.3414298108037726	0.9654774246450455
5.231689416263079	0.39099765598553515	0.4956494027603054	0.9241795943158851
5.417728700357059	0.5201812805671352	0.6472669970940272	0.8673563663968854
5.5645412271168615	0.6496257351832483	0.7512085688042505	0.7959175747495026
5.675622528497114	0.7790819781998962	0.8197193614031906	0.7111644367912894
5.801599490865704	0.9082786415013103	0.8849017868760001	0.6147357551695808
5.933876312451921	1.036977761628121	0.9380563335197832	0.5085123494363721
6.0681638320241325	1.165058938259689	0.9752101084511214	0.3944630467899059
6.202694687115076	1.2926878225262526	0.9948464806553912	0.2743903060274631
0.053990142863425156	1.4206109450254998	0.9965432090665738	0.14955349422661493
0.18847802232257602	1.5505828868406992	0.980280642986825	0.020222142974389408
0.32277774140205506	1.6858980374795947	0.9464108230390627	-0.11469807708642996
0.4565719003437664	1.810041257749971	0.8957474842743194	-0.23674304680087518
0.5896035389604947	1.9532590712206555	0.8295100426202784	-0.3726278660138276
0.7217588699020524	2.008219459460078	0.7491908565903764	-0.4228499149645482
0.8530289885367693	2.0993082011622293	0.6564605878817135	-0.5032629365870076
0.9834211989798888	2.2117940859518854	0.553148128543022	-0.5970505245587956
1.1128866576580647	2.3409723551162345	0.4412576734049798	-0.6951477706489163
1.24128322982053	2.4862392419058907	0.3229779543678423	-0.7912724750323605
1.3683661891974366	2.5727726264079664	0.20065989122907676	-0.8421127608552452
1.4938087024049749	2.6749749510248138	0.0767438814864478	-0.8922308828140102
1.6172520670536186	2.7859487422642233	-0.046367141238660856	-0.9359029355046529
1.7383959947154806	2.900612754323943	-0.1664876059133632	-0.9692304846918178
1.857136134275349	3.0163063314459664	-0.2818604660260068	-0.9901282253251553
1.9737335695227414	3.1319999085241563	-0.3913371817393529	-0.9979453927503363
2.088969670218502	3.247203704267703	-0.4944280723728557	-0.9926425198165959
2.20423674480586	3.3603801090971346	-0.5911460044766539	-0.974855843975611
2.321446483221712	3.4677573099672103	-0.6815732666918668	-0.9469579497497987
2.4428885881876696	3.6183330027827467	-0.7653617525893675	-0.8872669248986864
2.570704227959999	3.7552711455927565	-0.841098456669277	-0.816181609822016
2.706288741246715	3.9290423907148324	-0.9060296416386533	-0.7043040243674605
2.808093763676118	4.076441701493755	-0.9442075391182152	-0.5931046047466331
2.9029606651467277	4.206035779625564	-0.9698256350992354	-0.48432708645899686
2.9978275666493546	4.321312375287567	-0.9877668319071674	-0.3804990937498359
3.08952882088048	4.4604467786396125	-0.9979453927503361	-0.24890717444093569
3.175951633991579	4.578148722949242	-0.9979453927503363	-0.13357836064108253
3.255687896687937	4.750664079536994	-0.9915583285105971	0.03823663657001791
3.346510763135369	4.899058376603945	-0.978371457439146	0.18530482940019027
3.4737122989434455	5.037521829744554	-0.9447247695667259	0.3188700459945084
3.6014848588543686	5.171816176106196	-0.8955289417886827	0.44260218984717703
3.7300611766792984	5.304300250721367	-0.831249629593043	0.5568659984335838
3.859506226850448	5.435947946302603	-0.7526459850560344	0.6607450656854559
3.989761865945687	5.567146253802177	-0.6608272098032371	0.7528960644079872
4.120746456272945	5.6980299817408575	-0.5572116766235679	0.831935036175203
4.252434728503486	5.82862764014431	-0.44343854267314853	0.8966208287350426
4.384900748516307	5.958936075433526	-0.3212811174967349	0.945947461941649
4.518333677605751	6.088969569068537	-0.19258623786537007	0.9791845803816814
4.653034245685147	6.218793626297964	-0.05925067759142898	0.9958772367166588
4.789388792428218	0.06535042888947912	0.0767560045127679	0.9958158515962421
4.927809091916393	0.195169817813655	0.2133155048280503	0.9790023247379893
5.068647003454975	0.3251586969218306	0.34806003089015425	0.9456610782874028
5.212047547816601	0.45525933158148574	0.478246864084232	0.8963165964288173
5.35778480688529	0.5852532842980606	0.6007025004883607	0.8318816328029585
5.505150840763539	0.7148143950597029	0.7119393555620905	0.7536893789405636
5.6531554788680705	0.8435499223449537	0.8074711969924627	0.6634729255326703
5.80073366767771	0.9709954434267499	0.8845263775914781	0.5633324078547525
5.9472351462492465	1.0965969748548812	0.9422629284958985	0.45569020235586977
6.09269234331151	1.2197287614553982	0.9798957333536206	0.34319228672355906
6.222751097648773	1.3397780058452735	0.9961306191001686	0.22851221824936774
0.0695258090716902	1.4562917621308156	0.9955485173090559	0.11406188124969555
0.1993868248646376	1.5691471883973573	0.9781967596133636	0.0016800887804557726
0.32829548331195296	1.6786924204424647	0.944673328153669	-0.10758969552439096
0.4546037361585445	1.7858186205655269	0.8966008537830612	-0.21327029190387647
0.5760688117751284	1.8919479837082473	0.8368886511406606	-0.3152106077132851
0.7176332448292354	1.9989727438659894	0.7518633720821715	-0.4144003930802285
0.8479072705638641	2.1089910041159268	0.6602494859706408	-0.5115374438428196
0.9666309295057457	2.2233425132542575	0.5669096091477728	-0.6060732641184449
1.0721462147833503	2.34355221138137	0.4773533806305668	-0.6969413022908773
1.251523281277171	2.470628522725198	0.3133745719054368	-0.7819419349566424
1.4055764561489692	2.6049403030134766	0.16440741198338185	-0.8578871920659744
1.547030164687646	2.7458852502180786	0.02377060756363617	-0.9208787269193484
1.682859390753718	2.8919221259518277	-0.11170043507347396	-0.9670275769126178
1.7955801686535775	3.0005182217984423	-0.2228891614666101	-0.9881106695732162
1.9103692419474836	3.1091360206627296	-0.33285837944459357	-0.9979453927503361
2.0258799676033217	3.2169955671046733	-0.43898784507888444	-0.9965028046923219
2.1425153168661577	3.3234253952759385	-0.540185880708094	-0.982902182654679
2.2337284883631394	3.4260028423090585	-0.6141877844792558	-0.9582217384431797
2.3300344508136117	3.5880271624175517	-0.6875436735801737	-0.9018555570862613
2.4305423273951927	3.7424045677940594	-0.7574173558280864	-0.823871974269579
2.534093779692766	3.896154805953932	-0.8198751727977298	-0.7271676717316471
2.6410635846846926	4.040332925648206	-0.8756013785400694	-0.6213162453225942
2.7515050489026276	4.178526598326	-0.9229862074042455	-0.5078352505054178
2.8647567650342562	4.313355713683178	-0.9601416784104909	-0.387769781992415
2.9679482138608844	4.446385910353227	-0.9839485622454761	-0.2623776437563051
3.0711396621670897	4.578533426100703	-0.9971353531108262	-0.13319884882764416
3.173234785227761	4.7103253944547046	-0.9979453927503363	-0.00202818623748623
3.273597104695936	4.842076816219189	-0.9892697185100401	0.12916464031806343
3.3714346915328033	4.974011639763665	-0.9720537191348482	0.2583288047625323
3.5039508937495736	5.1063541354458675	-0.933384995311139	0.3834227447985986
3.6362047483902256	5.239372341674132	-0.878502952754906	0.5024564133548195
3.768284263698261	5.373407665769021	-0.808403658108963	0.6135071591539235
3.9003538478403623	5.508885720443081	-0.724248472475856	0.7147023109913135
4.032558842706143	5.646295240760393	-0.627390104893667	0.8037312611474398
4.165080914952716	5.786115324091027	-0.5193253536463792	0.8781880605044917
4.298162830585005	5.928674562917832	-0.4016528301858723	0.936418342225851
4.432139923931613	6.052400336969766	-0.2760254583187473	0.972198844371056
4.5674727571712435	6.177065508714078	-0.1441102606716056	0.9932055383124185
4.704773575822136	0.01865576590864552	-0.007573351599393138	0.9988055396961578
4.844814848168907	0.1434904829048145	0.13188815334723575	0.9888745088161996
4.988504879209655	0.26883820130698216	0.27244899000342315	0.9633959732265984
5.136814229151112	0.39517438230146756	0.4115907442057652	0.9223686219838313
5.2906883798996684	0.5226562347671526	0.5457095666326739	0.8660071173209566
5.450972015399634	0.65107555257652	0.6718594353150982	0.7949784056841113
5.6182886160798	0.7800314820920471	0.7860252879950979	0.7104620214100772
5.793116008298872	0.9091058295193386	0.8812234629816647	0.6140577832118282
5.922530813615181	1.037969537038341	0.9344837223822969	0.5076336443385674
6.054938769207125	1.166479351071869	0.9726837552229753	0.39313094728360715
6.187926426137748	1.294848817683748	0.9939009230416979	0.2722849346201794
0.03771977093772509	1.423953810376444	0.997584941337935	0.14622835503713183
0.17071861594302876	1.5557894107343395	0.9836731814010268	0.015021858551985992
0.30365988464197163	1.694054363845529	0.9524308904656938	-0.12274433872576256
0.4363950003473159	1.8234314224501185	0.904495916629297	-0.2495709745680192
0.5687739656155395	1.9745818568595348	0.8408655184458409	-0.39211233507282517
0.70070450015619	2.048165992489805	0.7628295485031581	-0.4593525089508022
0.8321694719898483	2.1632317686909825	0.6718918519221553	-0.5578892700839704
0.9631896236446857	2.310052142440787	0.5697301394516445	-0.673651852229344
1.0937926056087528	2.4899870703717024	0.4581748511254469	-0.7935125552805802
1.2240085544222248	2.7069229159806465	0.33917858729105343	-0.9062674634808218
1.3538962573406204	2.8833122092552	0.21475736881527946	-0.9648451279967118
1.483613422120653	3.028421957206076	0.086885099412437	-0.9916764759382035
1.6135344194683563	3.1593216511590168	-0.042653948862987734	-0.9979453927503363
