0.8761591720505529	0.36869446337717526	0.6393495504182037	0.9319519971482209
1.1141460908007879	0.5441689048480076	0.440141825692432	0.854279243638627
1.3508983803010837	0.7316756222011764	0.21767808086764145	0.7427669393220999
1.4710027528461616	0.9048324679909936	0.09942889828198412	0.617560275049733
1.5543384518205843	0.9376034584157575	0.01647107864410262	0.5907008282836541
1.6305498858952583	0.890228435506315	-0.05964902404315363	0.6289415182496705
1.6484750666497738	0.8084948709135953	-0.07755272335399997	0.6894056336743843
1.6927260812351712	0.7081505421508059	-0.12143398049162511	0.7580061187847664
1.7575898086593893	0.5890372551869971	-0.18542241086359018	0.8298187585787796
1.8403672672952667	0.5662201791769612	-0.26579570362954635	0.842257743801909
1.939978526908607	0.5167639655884242	-0.360492286773987	0.869219354034051
2.0566205844022853	0.4572245088153984	-0.46678393393637585	0.8954645220219732
2.190985952138305	0.40191979018910023	-0.580793213740057	0.9194439038843181
2.2765521754883453	0.3530771667062502	-0.6476457580888119	0.936869764875039
2.3834560276737085	0.319189947790019	-0.7246826761505346	0.9475405919105604
2.5031632658226504	0.299657618923822	-0.8013879784611226	0.9536911734453666
2.631236259001372	0.3389608560715647	-0.8707822405315002	0.9413148835356994
2.7644980446811402	0.39655709552559293	-0.9278587102429775	0.9217690961344828
2.900780493207346	0.4748568963392127	-0.96927300328487	0.8878193560383001
3.0385659157140124	0.5747631511438934	-0.9929727680397935	0.8376004466963755
3.176773504895586	0.6955384281881007	-0.9979453927503363	0.7661760492449281
3.3149810940786852	0.834647149248479	-0.9839812762784237	0.6700589383021811
3.453816820492817	0.9897820195804883	-0.9511714278916328	0.5479347334000642
3.5952052171696134	1.1574445756455782	-0.8986083614495739	0.40160399102249805
3.742209825990103	1.3334850911479348	-0.8239883716107395	0.23464315409450293
3.8985059383768284	1.5126958191370639	-0.725533150284894	0.057956917182165314
4.067636258902739	1.6890457529745195	-0.5999842614415202	-0.11780331605088937
4.252217746633323	1.857149284601859	-0.4436368177300362	-0.28187306418610125
4.452886071576972	2.013190643859382	-0.25615041649508424	-0.4273925150851534
4.666857108192276	2.155737612274916	-0.04544438033105311	-0.5514850860953606
4.889740186408796	2.2857075885616935	0.1762264882773739	-0.6547988453065721
5.1106893127528545	2.4052174058472273	0.3874883850834761	-0.7398113175614285
5.32014392368444	2.470463503134891	0.5698516386298363	-0.7818433026077537
5.5121730583441595	2.536747165022644	0.7171341880210421	-0.8214611034566689
5.686371260059543	2.6008334235954407	0.8255791531229372	-0.8558732546695921
5.846158387475701	2.666542494439793	0.9042219248988665	-0.8880957627066697
5.996577622502315	2.735844057162279	0.9578004983065805	-0.9171131795042133
6.142745690885845	2.8029534726499437	0.9894573088238953	-0.9422798787815311
0.0046818736969142846	2.858521809893892	0.9997002367897435	-0.9585612367446452
0.1500293599743718	2.883758632614137	0.9876254022205105	-0.9649582877646954
0.29464418234239953	2.958492279819447	0.9552698664253412	-0.9827401924950007
0.4359350247685121	3.0403876526559253	0.9046953558512196	-0.9932055670212885
0.5706988587617523	3.0978755544470853	0.8398161413305913	-0.9979453927503362
0.695462798924616	3.098593717976054	0.7662250407007023	-0.9979453927503361
0.8085757125773065	3.1625368421121274	0.689345829361308	-0.9979453927503363
0.9075343208500655	3.2052433803682896	0.6153458081661449	-0.9979453927503364
1.0691865891556558	3.2246417224205373	0.4799755853150649	-0.9955257057880105
1.204407063928462	3.2317209187358786	0.3575613669911231	-0.9946210583309059
1.3220975175074627	3.2917851256047177	0.2457376129866618	-0.9869454791286232
1.4273374963848695	3.3544275953890437	0.14286261164924946	-0.9763646921499756
1.5225846645923615	3.4201409142199815	0.04812050915787417	-0.9597076248987519
1.6094453775947615	3.492178834190017	-0.03856980727597141	-0.9377996349061524
1.6897476467523063	3.610969292562676	-0.11849573819361767	-0.8908779516366991
1.7663732138512847	3.7328746937789146	-0.19408728927667543	-0.8295679880397087
1.7901627069426185	3.8574621628708883	-0.21755575744384392	-0.7540670306681782
1.8221408381630881	3.9839715833554736	-0.24833458036509698	-0.665351134180155
1.8580895770798944	4.111755629337956	-0.28277387491235734	-0.5648948509136027
1.89820572646113	4.240512939953088	-0.32120559536406906	-0.4543325095343357
1.8847791114132393	4.370396960400545	-0.3083427477555035	-0.33517590896983007
1.8914629482563947	4.502130353313544	-0.3147459383174859	-0.20857090802601763
1.915113609161567	4.637198168393813	-0.3374035363777565	-0.07506777700985097
1.951358733257324	4.77816172303734	-0.37089136324747896	0.06558846873268935
2.0030833662350456	4.919190099581091	-0.41815662342083926	0.2049183642979568
2.074294858634166	5.076362179892909	-0.48188760908831746	0.3552955209081626
2.1698880629025097	5.140534759578229	-0.5635774530423014	0.4148871044695482
2.2958220841530514	5.237191232593964	-0.662701259817966	0.500523968117861
2.3713118851602277	5.348779531706023	-0.7162399949993559	0.5933216826932222
2.484314069015672	5.468428196313008	-0.7901217975653618	0.6847730105749121
2.5565911441723617	5.592834156234457	-0.8333218666012109	0.7695362864326012
2.649882115913568	5.720341227833268	-0.8799258224828355	0.8440982625382581
2.7588802667831014	5.849952797464815	-0.9257519875731504	0.9058671300157405
2.8789334014793755	5.980895684381433	-0.963735184123846	0.9528623754797018
2.9898702542944515	6.112516666466668	-0.9867499703784582	0.983682728053898
3.1008071071258114	6.244317577893569	-0.9979453927503362	0.9975114417730168
3.210016455427931	0.09290514964135774	-0.9973946623764395	0.9940516238350907
3.318046330023923	0.2247942610352289	-0.9835895710932918	0.9733432357188726
3.426663704233355	0.35720506352584613	-0.9580542226075375	0.935569921618758
3.5396829385336708	0.49042107500380694	-0.9199851225941682	0.8810709375878969
3.6587678799274896	0.6240241895250767	-0.8674384120764462	0.8107452384203442
3.8011359037281784	0.756348332496193	-0.7887682050395544	0.7267843429096295
3.9514570553162254	0.8838161115721108	-0.688721214290083	0.6336851691161215
4.112287573435568	1.0727387529260743	-0.5644402743497269	0.47682839656533377
4.286431930799541	1.238419945308199	-0.41237236551184325	0.3256632159006606
4.476216713654342	1.3917341684082023	-0.23379940005640745	0.17789340093607384
4.682365513946266	1.5370431439412255	-0.02995455977010328	0.03373869856844649
4.902089322246123	1.6758063025001275	0.1882577588734196	-0.10474252401063103
5.128587892890282	1.8092926503752638	0.40427413184671707	-0.23602587255068921
5.350446506030854	1.8949988734840344	0.5946879522980737	-0.3181333942917715
5.556982516497225	1.979985819704648	0.7463121541101296	-0.39705040220133353
5.744338765584528	2.057923865100523	0.8571807897362269	-0.467897661608569
5.91579008433939	2.1290707049300166	0.932361118093847	-0.5286966931712668
6.069786826139772	2.1654845914556247	0.9755201452713652	-0.5598144355966044
6.220846052780628	2.2075282081571816	0.9960086460606707	-0.5937176114852555
0.08930357916327965	2.253085924783583	0.9942822191903615	-0.6293116712900824
0.2418972200966158	2.3019737987236577	0.9700760969208609	-0.6675075695398517
0.39294440427280136	2.359004485143634	0.9233355104523425	-0.7076838162469431
0.558420498886091	2.4238718938485913	0.8465098271030557	-0.7527800301781636
0.7130840818762549	2.49630689838286	0.7548102487982952	-0.7972899218353947
0.8562899887085726	2.577953049417187	0.6540481947385728	-0.8446531440916096
0.9905165828166278	2.667365021121014	0.5473326776830512	-0.8884991145157242
1.1179657515530592	2.763296750346061	0.43675763675175105	-0.927408212901363
1.239710528215873	2.863819753786865	0.3244528742032272	-0.9599041640124872
1.3559930374067188	2.9665127317144857	0.21271455961081898	-0.9837651225984296
1.4665049479891183	3.0692056545684436	0.10390285269734145	-0.9968882071103199
1.570684142972954	3.1703876116142253	0.00014497608325308303	-0.9979453927503363
1.6679992135988786	3.2689797824208493	-0.09704078708610785	-0.9898597641407479
1.7582586785405652	3.363199238932459	-0.1860822547473622	-0.9741412485771084
1.8418481239327433	3.4555837520951953	-0.26721438087545335	-0.95072354458498
1.9200877486734202	3.5407844039667	-0.3421688177458823	-0.9195720620852073
1.9953789690064876	3.6098429340876996	-0.4111164509049018	-0.8914302969148501
2.069145413377894	3.743377380081952	-0.47748711448565084	-0.8232905235411874
2.145429267541212	3.8403255759582122	-0.5426760177189486	-0.7653445047561727
2.229199104138073	4.014269898107447	-0.610648994897062	-0.6416791833642044
2.3239447288698716	4.248329150051857	-0.6833100621404807	-0.44719016395119526
2.434807227098822	4.422103492238616	-0.76038233983577	-0.28564047229958545
2.566874868694016	4.5699331481510885	-0.8392206100015425	-0.14168307119061926
2.6703743602117096	4.707183240914047	-0.8899748385183649	-0.005166574237633972
2.7979939001957503	4.840187490146329	-0.9404199897094575	0.12728533274595216
2.899649349254451	4.971748648436366	-0.9689862799656193	0.256124062554341
2.9906308983706764	5.103202272489414	-0.9868471727583141	0.3804668470115535
3.0731409920846953	5.235266890045825	-0.9973911022015622	0.4988190159789515
3.1422169566229043	5.368420031590208	-0.9979453927503363	0.6094192419754041
3.2254287512968243	5.5030746226152925	-0.9954251317058851	0.7104034297232014
3.2935712725274153	5.639637717407252	-0.9867172281804001	0.7998549024235753
3.3582888632252543	5.778485658706504	-0.9753859347356952	0.8748799402521563
3.425818068369581	5.919855071688133	-0.9582685750965538	0.9336411516370906
3.517140265255381	6.0636749379540795	-0.9284388496185947	0.9743526053767239
3.610794721063179	6.209425927784828	-0.8909635582580273	0.9952774573204608
3.7075487887423573	0.04632940939303815	-0.8435171603201048	0.997033697748384
3.835666461467841	0.16655703588263954	-0.7681292614330805	0.984468158435558
4.00050039659683	0.2879365379114928	-0.6524372392226827	0.9573820525482248
4.157232634786275	0.41160433017907877	-0.5260321565724952	0.9152448176517302
4.313374511763246	0.5380207353354218	-0.3877526045646788	0.8576309872924901
4.473357425550986	0.6667839511904172	-0.23653863008655815	0.7848027503819518
4.642078547509651	0.7969735878995237	-0.07019324651503991	0.6979287439715421
4.822320050735015	0.9275389007649664	0.10951263873496084	0.5989498450799631
5.015946874139391	1.0574989188649258	0.2986365001804948	0.4903307679099311
5.223496370348093	1.1859810952315981	0.4883904294707276	0.37484171224969487
5.376734534315587	1.3121510667801082	0.616233895437021	0.25542804329266894
5.5384857828504535	1.4351997427412928	0.7343302589194329	0.1350420563074886
5.6962504948672175	1.5545081249799835	0.830964928922362	0.016301608820137835
5.844984052803873	1.670098502857193	0.9037127491860264	-0.09911174769646149
5.985685100073986	1.7833554556951845	0.9543705259886821	-0.21084036596437944
6.121597611209562	1.8977431508262064	0.9854174399704512	-0.32076244272446214
6.256374175102731	2.0191112216201375	0.9982833814959033	-0.4328026578378191
0.10831143406368253	2.0473063857022757	0.993065215919046	-0.45856701205850225
0.24234469955782884	2.104498861689318	0.9699906159521119	-0.5076986519887604
0.37104794469326946	2.178283907858677	0.9312109038139627	-0.5707521813044264
0.5147110833202887	2.2633288668479543	0.8703385058564376	-0.637314440511517
0.6386186373955837	2.358307309383894	0.8027889112677713	-0.7071991354521254
0.7338832638310101	2.4645188086606473	0.7413368635512947	-0.7782901536856697
0.8905307833992203	2.5826614120328606	0.6287178500665178	-0.8469620376777689
1.0908983300744446	2.7124797649879215	0.4607391561487831	-0.9083513372097065
1.2436594495324436	2.8524909964427727	0.3207494746766184	-0.9570325410856522
1.3980554311547657	2.9649165657929113	0.17173484671702285	-0.9835611492407562
1.5298023310972895	3.0600977543555046	0.04094111566379377	-0.9957243124533313
1.6476284174329436	3.1527947670394627	-0.07670708875720109	-0.9979453927503363
1.7556445974872787	3.2421724143880524	-0.18350344914818786	-0.9932854661897201
1.8558771562466128	3.327617928945759	-0.28065435097255476	-0.9823664205774202
1.9497711245716325	3.413066211175351	-0.36944062820572404	-0.9615009265686923
2.038926702444061	3.493895312161157	-0.45090977243071306	-0.9371559385693282
2.1237360025880703	3.6462362792130594	-0.5241378858251795	-0.8735836763382812
2.20636226339101	3.7862734685218657	-0.5928066635535016	-0.7976514951500302
2.2893054493858633	3.9096820505227003	-0.6576098394219078	-0.7177634496862166
2.375335099298737	4.014479892385082	-0.7190369577438759	-0.6415151156841203
2.464850421796128	4.183607599833279	-0.7784883591376046	-0.5034932449890586
2.55966461689098	4.316986359104592	-0.8351588838481907	-0.3844521480033197
2.6605569353258423	4.425093141274792	-0.8851605556769959	-0.282776355035609
2.766859082420207	4.614604034589415	-0.9287441229131624	-0.09761499154082792
2.877153499062312	4.7702453192860075	-0.9632840129641923	0.05771404317561681
2.9894236917332426	4.912314718112149	-0.9866929043405295	0.1982199543044533
3.101693884440958	5.0458923726736336	-0.9979453927503361	0.3267201554892028
3.2129079113892294	5.1780530506625935	-0.9970251644608286	0.44812801092582216
3.3232325714215234	5.309650712520614	-0.98292682353223	0.5612512929275277
3.4336068975596232	5.4410242253485235	-0.9562942561314653	0.6645003493769239
3.5471670629676515	5.5722920341650335	-0.917178501382892	0.7562294205647838
3.664740740287086	5.703471628118474	-0.864509432280075	0.8349016108077676
3.786257442172878	5.834530298647407	-0.7976610741123937	0.8991801420407518
3.911816274700956	5.965416043867964	-0.716279724159927	0.9479879546280054
4.040933169988114	6.096091415874169	-0.6208472768466851	0.9805450503406321
4.173097972927269	6.226575640339557	-0.5124743204591995	0.9963754905488598
4.308117385147404	0.07380309600064121	-0.39255649476084653	0.99527465830644
4.446201088650656	0.20428570775453564	-0.262554705017572	0.9772609373209138
4.5879044314303234	0.33492724622455156	-0.12395429958785094	0.942585036542727
4.733966396385415	0.46568002229427136	0.02158448443909542	0.8917983251478483
4.8850411277146675	0.5963362533721749	0.1716483827774839	0.825839627750222
5.041337340758466	0.7265725252338618	0.3224483299231852	0.7460726458418561
5.202285506356172	0.8559912697347257	0.4695977732640046	0.6542691783528839
5.366308934775499	0.9841098764994093	0.6076889649292189	0.5525836812396356
5.529916251114076	1.1103149623278583	0.7287790500920006	0.44353617494208886
5.690324520598437	1.233825698684455	0.8277343175009166	0.3299718180245119
5.845851795749872	1.3537313730592182	0.9040889908517886	0.21491800899550872
5.996765876310682	1.4691606092579328	0.9578597779964491	0.10126127356331105
6.144630801541758	1.5795764892758186	0.9898174171618952	-0.008736713677911557
0.008365536495133072	1.6850918422345196	0.9994643853641436	-0.11390276096208347
0.15544810841998827	1.7866576026805234	0.9865902712107365	-0.2140979524590227
0.3019535925293536	1.8860505674181944	0.9529681888509887	-0.3095608168499402
0.4458758015874932	1.9860077212339207	0.9003851687772845	-0.4025531332239397
0.5848841704957931	2.0900278363827907	0.8320828593374205	-0.4953323356988916
0.7172523007245556	2.2012277734348364	0.7521101417239338	-0.5887951073101099
0.8423573573357598	2.3235806090003903	0.6643551504634768	-0.6830569238101765
0.9591189214678612	2.4608619575217956	0.5730665295638078	-0.7761044506628269
1.0653137095808836	2.5401318133705706	0.4834069257077266	-0.823484110640835
1.2294148930303868	2.63807087980297	0.3341083845098186	-0.8741338116445895
1.3720403965350938	2.7484990326610648	0.19708025753748584	-0.9218589213710651
1.5017831536436992	2.8658474237041665	0.06881171624951571	-0.9604181394862061
1.6229984139166325	2.9872676335928174	-0.05210660170939052	-0.9864173825966447
1.737601590649958	3.109827436137869	-0.16570392185368155	-0.9979453927503361
1.8464175386615862	3.232387238695618	-0.2715919313680977	-0.9945359095893896
1.949957334758305	3.355393895462913	-0.3696107845202947	-0.9761197535956361
2.0489361572189955	3.480045323182611	-0.4600562749169564	-0.9423498223944868
2.144468209948154	3.607172359420196	-0.5418547392043449	-0.8927398971356642
2.2381042077856597	3.7365526783657	-0.6176065163725059	-0.8273696535371369
2.33186297908217	3.8674038261047086	-0.6888148774655216	-0.7471555264016259
2.427944634073394	3.9989252777133997	-0.7556114237567073	-0.6536678732379095
2.5267663972415084	4.130575513018704	-0.8154955901007244	-0.5488121871627694
2.6295384341596657	4.262095753828063	-0.8699496587599969	-0.4346104302396739
2.73664496616638	4.393424392699845	-0.917413528358517	-0.3131153708948236
2.847350329125482	4.52459935251139	-0.9557294804163141	-0.1864051144801736
2.9510125705312253	4.655681414914549	-0.9817843636570845	-0.056606680715904634
3.054674811904383	4.786717637776536	-0.995031316966287	0.0740990141523966
3.1568225325107795	4.917747705265334	-0.9979453927503363	0.20351309703491277
3.2566298582798963	5.04879476789923	-0.991437955643269	0.32944209605038915
3.353448684419976	5.179865289904966	-0.9766128273246221	0.4497336404305521
3.4504524665539895	5.310951611969187	-0.9520242271538363	0.5623175237320921
3.5457053338593907	5.442032813426731	-0.9177266643586115	0.6652464735216445
3.676044994976542	5.573073471398813	-0.8589660357154365	0.7567356234010284
3.8004031809686536	5.7040227862534705	-0.7892061540534981	0.8352020808545786
3.9165609707286384	5.834818616136146	-0.7129811828527479	0.8993051526245099
4.088895631153334	5.965401722997149	-0.5833743998563538	0.9479834450949027
4.243923481063638	6.09574288631823	-0.4512160038456138	0.9804784715439234
4.389700762547245	6.225881936863245	-0.3166826502897199	0.9963310752582117
4.5313422250185935	0.0727629750319342	-0.1797532329884984	0.9953412534392478
4.672291062866782	0.2028980054096711	-0.04001693767965191	0.9775260268972104
4.814493795622943	0.3331816525274637	0.10172788378732545	0.9431347106975158
4.9590206458817425	0.46355476184517996	0.24372367722381794	0.8927198094828479
5.1061672053005145	0.5938069308748045	0.3832474369217604	0.82721851631401
5.25535116386673	0.7236238891359531	0.5166135222858003	0.7479827262568819
5.405133087777602	0.8526230005418104	0.6379491290107713	0.6567609259999708
5.5533418175273495	0.980339713355021	0.7439537661746716	0.5556737464150723
5.697792080273529	1.106194437894632	0.8318053415186502	0.4471869267028147
5.836873539980618	1.2294917602278508	0.9001961399541374	0.3340362964837783
5.970542001261484	1.349502600531891	0.9496020795543654	0.21903793343682953
6.100480794106715	1.46565170358173	0.9813835431342606	0.10475157261853507
6.229055259116715	1.5777715890721238	0.9965342514495099	-0.006933976457261928
0.07452887166205235	1.6863360148398767	0.9952281895513488	-0.11513014420523143
0.20249293728993456	1.7925908194365219	0.9776034061252772	-0.21995110401767382
0.3265250565733583	1.8986239813236478	0.9452308220440147	-0.3216062882072703
0.467946129708532	2.0074394069329804	0.89081577146387	-0.4221371136642851
0.6261343316345448	2.122734177030142	0.809594870752426	-0.5232817687599272
0.816443809601522	2.248373284363324	0.683525239876246	-0.6256297043835114
0.9804714466500913	2.388599748279492	0.5555657764275803	-0.7282586217520599
1.1233987269265158	2.547626769117225	0.4319440639330367	-0.8279638520384246
1.2555965688095072	2.7284899141527843	0.3095545385571665	-0.9143553026218499
1.3803985794853433	2.868064136031353	0.18893721319087278	-0.9609800335887633
1.4986624345073012	2.9725590944925804	0.07191588719581957	-0.9845377847013413
1.6264903586867718	3.0770540529201673	-0.055594361751024036	-0.9978911505653341
1.745753870369724	3.1773295921802704	-0.1737461914539059	-0.9979453927503363
1.858508810410234	3.2735502661384777	-0.28317550513869183	-0.9892757039891837
1.9658162385157625	3.3681560525527017	-0.38410243325723903	-0.9728847912973202
2.0685076629500885	3.4673807154870806	-0.47694212037934625	-0.9470991764310632
2.167676276989289	3.571494597945864	-0.5616873558592066	-0.9080554334421851
2.2646816869233306	3.681001311023109	-0.6383713933667927	-0.8565355503715926
2.3612264635811173	3.7927291381246624	-0.7092285490637429	-0.7937929359608427
2.459041174189379	3.901984138270403	-0.7750161669229385	-0.7231150847319809
2.55974482967123	4.0642705809804935	-0.8352068270948823	-0.6026138519943257
2.6630900015640493	4.211269901862681	-0.8864027243177977	-0.47985423054775544
2.7692690355376173	4.351024340953017	-0.929647879337467	-0.35334870704638094
2.87774920380827	4.487742286173005	-0.9634350127035423	-0.22275777248458492
2.9874096471776768	4.623963661609298	-0.9864355304516688	-0.08828642363006042
3.09707009057898	4.781391513680453	-0.9979453927503361	0.06880113281388162
3.205941008650902	4.941972264496036	-0.9979154619699492	0.22711411908323742
3.313743368231171	5.114407469014217	-0.9841394447329586	0.39097536723234916
3.420261183771301	5.189686830610756	-0.9596771388718668	0.45843544710728834
3.5277146557744445	5.295836206876497	-0.924473347843615	0.5499287795051852
3.6348699134054727	5.415285756437629	-0.8791575310417646	0.6454597781888374
3.738955050596394	5.540543097858424	-0.8259337536201744	0.7356629554522639
3.90313184469334	5.668418017180762	-0.7223171923016789	0.8157917411522626
4.056774111451062	5.7974736855503	-0.6084708133285343	0.8831128932046252
4.2031501718024336	5.927007358951275	-0.48679300288671923	0.9358933523999213
4.347211725878451	6.056667440936635	-0.356832622408677	0.973013979393906
4.492365245054592	6.186304522851503	-0.21820424201276195	0.9937970785197642
4.6417475180277625	0.03272371623379533	-0.07052387929291343	0.997904820406363
4.798755045393974	0.16237580700746312	0.08607259119079567	0.9852668889378309
4.967551248688507	0.29216879912050564	0.25203470336099465	0.956049345740913
5.153486830615882	0.4221079123409789	0.42636253603463486	0.9106906057537429
5.363468905125685	0.5520579231973551	0.6053612469016422	0.849978456691633
5.509584719912254	0.681762697041235	0.7152194104815475	0.7750997527446415
5.691412132249773	0.8108810365957796	0.8283272412065448	0.6876404176587974
5.836346642558225	0.9389623165629845	0.8999676843212785	0.5895870939230194
5.949620159158207	1.0654324048732762	0.9430139508884978	0.4833017626260087
6.069216593158472	1.1896448118647371	0.9754112149809735	0.3714057849781486
6.191499943668638	1.3109427410253418	0.9941297222695953	0.2566052668907625
0.030853264541667563	1.4288118490545956	0.9980245785716102	0.1413960770070927
0.15346105691263853	1.543099697324243	0.9869698530743197	0.027696364675331504
0.2766359609444805	1.6542304661807123	0.9609405181312126	-0.08330122564398391
0.40095294178615715	1.7634044686527717	0.9198631163427311	-0.1911586055119458
0.5267096254813083	1.872759453488348	0.863797365853469	-0.296827780830221
0.6538147883999826	1.9853298338043062	0.7932039714966428	-0.4019336889884865
0.7819092484293847	2.1044020048189567	0.7090729044527149	-0.5076158822700733
0.9105396689065429	2.2341814576336234	0.6128825934420793	-0.6145416875388752
1.039264934135913	2.379381942355215	0.5064859328490623	-0.7218503474547411
1.1676928821668169	2.544456411036377	0.391992866749134	-0.8260689263283835
1.2954821652673785	2.669484343721875	0.27166788932564334	-0.8895383909605421
1.4223523218746392	2.772951923700765	0.1478213513501163	-0.9310289990834879
1.5481278214175573	2.889917356880757	0.022674266259858397	-0.9665194063646364
1.6728374617100086	3.0119837108921588	-0.1018137459442468	-0.9895758395008556
1.7968843451288647	3.1204486817824333	-0.2241385771381297	-0.9979453927503361
1.9212743299187933	3.227329425071956	-0.34330557586994975	-0.9951822454203709
2.0478476693324112	3.3337074659921897	-0.4590616296156139	-0.9815882412532984
2.179410193911244	3.4410860479118868	-0.5717146569593218	-0.9543984348182827
2.248768476992345	3.5522132553153	-0.6259384667867536	-0.9152861289879617
2.332958860772314	3.6658418448383956	-0.689576741028884	-0.8639694710570913
2.425810368785099	3.778716595356974	-0.7541276696504706	-0.8021682446409406
2.5191537306627	3.9322725464890937	-0.8109454928390618	-0.7020584005829524
2.618230378597238	4.075088889541624	-0.8644043983178404	-0.5941615512552495
2.7220750995292904	4.211965432683157	-0.9119496832407828	-0.4792598598011658
2.8295535686306565	4.345259810916075	-0.9512183426182234	-0.35861625552933574
2.929672720459584	4.476232153090968	-0.9765966293159387	-0.23378460890318117
3.0297925618122776	4.605369415222696	-0.9918516249122487	-0.10672499526439239
3.1281868659569185	4.764064840220981	-0.9979453927503361	0.051566337243310986
3.2234891751614527	4.920240015906685	-0.9956729893073084	0.20594125590614826
3.314161271491527	5.0830501929209495	-0.9840860410547786	0.3615677107788658
3.4033487284546937	5.1740272853409115	-0.9639641222506365	0.4445612149816244
3.4876481242768436	5.287112768730842	-0.9394986962534913	0.5427789582927834
3.5959981113387642	5.4097279419797095	-0.8982195408741234	0.6413482685958407
3.7642159306705154	5.536540536908801	-0.8108353042053	0.7330701589775671
3.9177916107141173	5.665218750583349	-0.7121256345093587	0.8140476250388498
4.055818410779464	5.794721486044344	-0.6092174983992394	0.8819195765301363
4.179839486648708	5.924538079868667	-0.5067133125702694	0.9351157952313007
4.290128651744558	6.0544157681506325	-0.4089943526155545	0.9725838475381745
4.474893787220855	6.1842542109734415	-0.2350667783979018	0.9936658045661333
4.635642580503157	0.030875006351342854	-0.07662150069204487	0.9980231865232366
4.7863775008098255	0.16072555979940825	0.07376068082482741	0.9855821318534219
4.934303486016757	0.29070798867947756	0.2196427340210981	0.9565093438182538
5.083152644420634	0.4208351327987415	0.36166379241863944	0.9112424658378006
5.23483086696992	0.5510022088276102	0.49843270301372816	0.8505539912359947
5.390073082284124	0.6810071377167176	0.6268081746795611	0.7755891922754042
5.548795399444854	0.8105878757617816	0.7410086675427813	0.6878572895228008
5.710527103699816	0.9394381123350527	0.8387479825540797	0.5891971267280782
5.874675855418621	1.067162271055386	0.9165867152917299	0.48176911499522806
6.041047305500454	1.1934073138086474	0.9700301009708464	0.367877214312668
6.17304511615689	1.3179881839858878	0.9929481273147174	0.24974117276758395
0.02188296415169872	1.4411295364770125	0.9985989140227423	0.12914370639919098
0.15391635904105355	1.5638124269762896	0.9868828777595089	0.0070084570510986766
0.28589793507345546	1.6881561138879688	0.9580239930489367	-0.11692568210960164
0.4177040323285422	1.8178856190156394	0.9126000688722109	-0.2442580327587603
0.5492121638610908	1.958775853318896	0.8515298543517366	-0.37766902582844397
0.6803343010477346	2.0669931747271293	0.7760250453618015	-0.47564790383382294
0.8110062931157015	2.205281644353532	0.6875477565260548	-0.5919623802685944
0.9411544749297446	2.265168440659052	0.5877903779803021	-0.6387516920925074
1.0706267999706096	2.3620537101017605	0.4786995700277603	-0.7098036558363667
1.1992195646343387	2.4836575476561564	0.36242633666006147	-0.7897293941927418
1.326681062560267	2.6248534106633685	0.241272047821141	-0.8676522102445412
1.4527257338359032	2.781956102512764	0.1176090000203842	-0.9344056558276139
1.577086791864799	2.8841209356991215	-0.006249999907359589	-0.965050124654983
1.6996123179886649	2.9907456705902207	-0.12822729161517418	-0.9868618394509627
1.8204167388173342	3.097370405568944	-0.2466828738800776	-0.9979453927503361
1.9400733111278452	3.202477580433849	-0.3605788992934911	-0.9979453927503364
2.0597972447900457	3.306228344434912	-0.4694985713769463	-0.9850997863966915
2.1816329379578914	3.4081444790232625	-0.573485741576272	-0.9627484913684671
2.3083749811435705	3.510187740870434	-0.6724858795757971	-0.9310461155162741
2.4431746654449267	3.6081023409869375	-0.7655327412083217	-0.8922838514463308
2.5192030554153373	3.694581954550982	-0.8109749742854886	-0.849875854996168
2.6076411639464663	3.7589920530785137	-0.8592116441089266	-0.8139576202663757
2.705297282745823	3.905757401605405	-0.9056578348250107	-0.7204918892942221
2.809033697464846	4.090182464096889	-0.9445600236515644	-0.5823690024803758
2.9023760106475063	4.25251817734012	-0.9696774363857096	-0.4433622882707953
2.9952409616553393	4.455482679803621	-0.987436290765753	-0.25366283672911916
3.085689161884593	4.616931420931143	-0.9979453927503361	-0.09531023690745027
3.171460766739747	4.762127175672232	-0.9979453927503363	0.04963894751901404
3.2504912879501955	4.901380521655659	-0.9922224009096035	0.18756720272318772
3.361758382716962	5.030106561383787	-0.9745064780208169	0.3119158174507024
3.471382203797651	5.160132034514538	-0.9455985784562181	0.432250133651525
3.6173236140697167	5.290621943846821	-0.887761910377863	0.5456551149483739
3.759984424747058	5.421328207152149	-0.8133644788796025	0.6499298075980701
3.899059868656357	5.552075082267065	-0.7251480546122393	0.7431331948558139
4.035698923341981	5.682757658792999	-0.6249367725886144	0.8236091578116602
4.171061446006879	5.81330147177283	-0.5142146488393184	0.8899756083452663
4.306171777740863	5.943656659593676	-0.3943343641234961	0.9411360903140782
4.441960388122274	6.073810364341325	-0.26661734362421863	0.9762887524881861
4.579360756300757	6.203803078697204	-0.13238268295184585	0.9949174469053134
4.71941259156125	0.05054659761537834	0.007048120819166292	0.996763686645646
4.863339471220092	0.1805435416531847	0.15031454616036527	0.9817963485173125
5.012579502138776	0.31072097256212855	0.29547849249351876	0.9502074076810823
5.168764274034642	0.4410881922507511	0.4398982289699043	0.9024610117676306
5.333700567272237	0.5714543366176895	0.5809628056117769	0.8394042840933944
5.509247636958106	0.7015333289321203	0.7149700463096941	0.7622926461660278
5.697219584157777	0.8309995510715976	0.8314932388320042	0.6727573254126531
5.8462842100282995	0.9594975864604419	0.9042764798647103	0.5727561717724023
5.971736783297301	1.0866406379502944	0.9499783073138892	0.4645114373888919
6.101210344076078	1.2120549294933038	0.9815229073811982	0.35038900283346014
6.231503873048522	1.3355129705530882	0.9966910272235683	0.23266747205642857
0.07861210362104547	1.4571735597332545	0.9949667551771033	0.11318475954204629
0.20895295035202624	1.5778997103619101	0.976369364738926	-0.007061944207158933
0.33942057628083494	1.699593086213964	0.9411701211446049	-0.12820831936172472
0.47004885750315656	1.8255377188663768	0.8899040569846666	-0.2515888301276046
0.6008175710382255	1.9607765735600093	0.82339658709928	-0.37949725654341226
0.731672965270368	2.1123189236464466	0.742768660440384	-0.5143813408459627
0.8625594729286783	2.1793178093779897	0.6494102125408447	-0.571635709107714
0.9934454021220114	2.2840560570080353	0.5449321867244085	-0.6535085103810415
