0.1205253714384156	0.6073826136870837	0.9922832022821267	0.8198175803736836
0.2593823032392938	0.822109592089501	0.9663735634795858	0.679333858672801
0.3960785025658425	0.9974202471672775	0.9219766076022842	0.541674362120607
0.5283677151568211	1.1413197024317971	0.8628934396464801	0.4160662226679131
0.687039086243474	1.2715536301595363	0.7716817902214267	0.29458959782720406
0.8346306305865541	1.4148882607438271	0.6700711583281431	0.1552458329170304
0.9745872276048114	1.5508431799817604	0.5603885439472098	0.01996216176727884
1.1102396226575781	1.7090811535083372	0.44360292528864914	-0.1375683508853499
1.243353261791236	1.8691016533064786	0.32103662538055455	-0.2933235672846512
1.3749052465924088	1.9778200930769836	0.19428914836914485	-0.39507139091351984
1.5053751394876496	2.1060501035071777	0.06523877757449117	-0.5090242765768862
1.6349167202052917	2.24499818723886	-0.0640106251615931	-0.622992754646095
1.7634853928836014	2.3902225821372887	-0.19123843771887383	-0.7293868256419193
1.8909322337974717	2.5386116181969682	-0.3142375079212586	-0.8225754886980514
2.0170790594433323	2.6874704404139984	-0.43094569591326515	-0.89835843875258
2.141798636340952	2.835116010287977	-0.5395734363328164	-0.9526283150015291
2.265110946631984	2.9811147734486028	-0.6387067722416143	-0.98563111124105
2.3872394415349203	3.1262508517007044	-0.7273129282953612	-0.9979453927503362
2.5085901271260522	3.2716562252542647	-0.8046316180584181	-0.9895177426604157
2.629644130777495	3.417492610458707	-0.8700014904184533	-0.9603789191605243
2.7508216147139186	3.5851585061749693	-0.9227299127758675	-0.9029313317515962
2.8723511232852283	3.746639477968404	-0.9620667027186036	-0.821340764871638
2.994178823967096	3.8969946095852284	-0.9873005606466881	-0.7265838351799296
3.1161025715261514	4.0391218743984645	-0.9979453927503361	-0.6222624347675902
3.238026319088291	4.176339054463681	-0.993815293927611	-0.5097046314736893
3.360173286993179	4.310700304489365	-0.9749082694162358	-0.39019625849281586
3.4830707385797246	4.443443468708878	-0.9412152614847421	-0.26519653581013664
3.607283086557934	4.575303955040683	-0.8926855986036679	-0.13638474011494073
3.73311330693201	4.706690686177422	-0.8294253687560114	-0.0056585386992166545
3.8605130527461125	4.837808357788	-0.7519460336183426	0.12491881617674216
3.989201102513675	4.968737508451296	-0.6612653320054334	0.2531904289430367
4.118830365042027	5.099507221785532	-0.5588490858395613	0.3770015338461258
4.249098485663767	5.230117492212866	-0.44648715562104024	0.49425669059780264
4.379790942059197	5.3605561886471085	-0.32617636931803407	0.6029739539883989
4.510781192062767	5.490816770021733	-0.20003680715106406	0.7013354266602085
4.6420123609188355	5.620918784519725	-0.0702593537881878	0.787729070034829
4.773474842093776	5.750926522974871	0.06092644084171137	0.8607721796582308
4.905184116043185	5.880951683015317	0.1912728930578592	0.9193078296953722
5.037162979734896	6.011120520647344	0.3185335072667518	0.9623799461238954
5.16943053326813	6.141500258233905	0.44048852933316524	0.9892193966986975
5.301961579213225	6.2441626115876385	0.5549491987866374	0.9975015198485151
5.434651952146397	0.06357598694627306	0.6597863268779527	0.995929462609213
5.567297166941118	0.16570112327370065	0.7529938235825647	0.9846316614459045
5.699598206092269	0.2652898890429307	0.8327899712915687	0.964513309722441
5.831221359324108	0.3576439706039325	0.8977454304724879	0.935431713124089
5.961928878621233	0.43508391491541754	0.9468898728620119	0.9050643856316994
6.09179741096337	0.586679823651618	0.979724776492547	0.8311039388542988
6.2211796679636056	0.792452209978048	0.9960300062178886	0.7012735279398559
0.06728934798595063	0.9638136085390678	0.9956917097140787	0.5692187149009593
0.19652431092115716	1.1110911321084112	0.9787435790456633	0.44284849471135745
0.3250857837866714	1.2456190566361298	0.9456840380781081	0.3189117049571566
0.45172856787562465	1.3734272084812937	0.8978474880646765	0.1957291419606269
0.5746891717767644	1.4975845351830024	0.8376407773791558	0.07298807075969868
0.6916830791435558	1.6199204169870807	0.7686734841465412	-0.04903229343539882
0.7997001545981453	1.741805348932125	0.6959117091780626	-0.16985095294210129
0.9753968154174231	1.8644924529845548	0.5597249973020381	-0.28890790174819336
1.1307460058317023	1.9891566803059513	0.4254344334638269	-0.40543060883365345
1.2739457578684064	2.116767737294912	0.29234619920909466	-0.518183105788409
1.4104811153875223	2.247894014668567	0.15962899807185443	-0.6252552529087432
1.5433876080007243	2.3825149974881543	0.02740879902951204	-0.7240284662875123
1.692103712649551	2.5199315720544155	-0.12082001039634835	-0.811410409297679
1.8398597177493554	2.6588753610385214	-0.26530946547945666	-0.8843359428755686
1.9462069192496416	2.7979765254338704	-0.36618370626820673	-0.9404134740006844
2.06140000336393	2.936401487877944	-0.47086821997067874	-0.9783022429327735
2.181023490356624	3.074041218854869	-0.5730095826294723	-0.9975061417939366
2.3036736481862294	3.2115083105569435	-0.6688356550522612	-0.9972040188501533
2.429498808076296	3.348975402255346	-0.7566918949011612	-0.9777467186449135
2.559260637073018	3.4850777306255085	-0.8349174247688463	-0.940462619476148
2.6638616325027455	3.6261840361457014	-0.8867811177999196	-0.8834169239416432
2.7732866802199623	3.757721995138849	-0.9311545361126594	-0.8147167349725821
2.885566957189892	3.874883176963676	-0.9654166633970065	-0.741955836555269
2.999111797525488	3.9738661658345715	-0.9879309432193388	-0.6731422654447521
3.112698171629391	4.047787364311784	-0.9979453927503363	-0.6154921225339419
3.225575708415336	4.207718598440646	-0.9954063521188187	-0.4828890218239733
3.3377654643490753	4.449169021317546	-0.9805882231208507	-0.2597113922786184
3.4496203171666013	4.63186406100238	-0.9522351610794907	-0.08039549203464494
3.563444136407694	4.795841062111112	-0.9110744367087531	0.08317405984294898
3.6791784463017705	4.959499037556515	-0.8574294493779104	0.24418975515557811
3.7957762624050537	5.055231547403247	-0.7919716671977066	0.33547867268918696
3.9342123941418268	5.170871369756677	-0.700709806790043	0.44176509896227933
4.070185206477117	5.294741374873075	-0.5979927790073633	0.5490314437355746
4.204655676467132	5.422058500889582	-0.4855064633039894	0.6504700576783663
4.33850181221864	5.550784281302578	-0.3647916220480907	0.7422970341496109
4.472472380754983	5.680001195682037	-0.2373865129145927	0.8221064409915784
4.60723930275832	5.809284279363341	-0.10488034073823277	0.8882338077684917
4.7435490487844145	5.938452768333082	0.031155653037148852	0.9394974246067882
4.882331442742064	6.067464997953726	0.16900844476361188	0.9750766117914731
5.024802021149162	6.196357822551564	0.3069410837908152	0.9944407544467218
5.172547843120103	0.04201818183756729	0.4432504409818501	0.9973097298448982
5.291035394140986	0.1709281756440641	0.5459939831370555	0.9836331496949756
5.418123224548529	0.30005715686002915	0.6475588546236692	0.9535653619935052
5.549544710797726	0.42947497419140873	0.7414940597350872	0.9074963468604165
5.682825781427507	0.559087231234423	0.8236462956308808	0.8461463504759437
5.816442645779244	0.6886611213142682	0.8913375791294383	0.7706310612340801
5.94947539393694	0.8178513950637298	0.9429683654233487	0.6824839490640665
6.081602855645704	0.9462836301633195	0.9777773341179686	0.5835864686639985
6.213144554521135	1.073625320997024	0.9955155473588475	0.47604290433043195
0.061396517439332006	1.1996430682101535	0.9960690060523623	0.36202916416244585
0.19275603388211898	1.3243114247767198	0.97946342431172	0.24358069141888117
0.32332424922946273	1.4479763002620145	0.9462387318882887	0.12233324884480169
0.4517576405512726	1.571563295215085	0.8978348825436933	-0.0007331225873897888
0.5762717859067954	1.6967903366759969	0.8367779975133783	-0.1254433912457788
0.6946872126594257	1.8263657279792311	0.7667274533708699	-0.2523820721323213
0.8041964430106332	1.9641718187864572	0.6925854856992484	-0.3825997850630353
0.9778830056233967	2.1153286811294314	0.5576872897862704	-0.5169533502372807
1.1322483089620436	2.1879696225955505	0.42410340488066584	-0.5784365676636896
1.27494711670133	2.287844373124629	0.2914070992548227	-0.6564683064463143
1.411245401140302	2.4023522472797345	0.15886937558411543	-0.7378194420374005
1.544174949305528	2.5252955508482393	0.02662240127044551	-0.8146164639657417
1.695191449888204	2.652957518880777	-0.12386608047508843	-0.8814339429836242
1.8459986190714708	2.782510053783637	-0.27119060170841225	-0.9346133930720384
2.0030209114657693	2.9122623228829663	-0.4180995531092881	-0.9721834271148693
2.0867329722811383	3.0415493867328176	-0.49251668644459934	-0.9933540245200889
2.189600279848729	3.170545814212875	-0.5797105935826526	-0.9979453927503363
2.303336783433284	3.2995422416688878	-0.6685724639827699	-0.9859542005979359
2.4250523625668	3.427581766033176	-0.7536006991538212	-0.9578215115314201
2.554343547715401	3.5977305496175798	-0.8319784762952952	-0.8973699853158793
2.6429385213909646	3.7609920541122643	-0.8765208126807524	-0.8127622179546123
2.7384229948411796	3.9118374479227636	-0.9180803068223131	-0.7162650044083707
2.838210536342426	4.053789761313726	-0.9534127180649665	-0.6108024740247446
2.939908650877823	4.190915564826258	-0.9791912415557208	-0.49724817218846706
3.0416067653922183	4.3253357318324985	-0.9933613569143336	-0.3768226057223949
3.1418215422505216	4.458318712509352	-0.9979453927503362	-0.25094588563037934
3.239349679904833	4.590645929525755	-0.9936461822171584	-0.12124979636300358
3.332767991544562	4.7228080445347365	-0.9817082962895204	0.010439504699415757
3.424975129042021	4.855173660161429	-0.9584822440653058	0.14219203582431322
3.5128379125822984	4.988102124075858	-0.9300522747262586	0.27205660173735374
3.6603909115530615	5.122021462735666	-0.8666425075091255	0.3981159655079575
3.7993272449747724	5.257493335998752	-0.7898492419082993	0.5185025611989728
3.9269308728862593	5.395262052388193	-0.7057719643024443	0.6306468239403787
4.041929920518874	5.53627133811744	-0.6200685196869857	0.7328957762046325
4.204647121631992	5.65691130177031	-0.48551377389842937	0.8095187260255913
4.345232234764032	5.782361147902001	-0.358641454238845	0.8765603002219836
4.47066500663741	5.909936244805496	-0.23911799756378257	0.9305177886275282
4.673246737407612	6.038040706145476	-0.039062408414236506	0.9694557572349194
4.859595866983319	6.166440325081154	0.14659079307707257	0.9925252467536206
5.049596549643414	0.011672835267695067	0.330194027500477	0.9992526311474519
5.176809528314574	0.14014276230475103	0.44702626005039303	0.9895140161563105
5.332541830067771	0.2688113429460934	0.5800130924704952	0.963404430719797
5.424881553482275	0.39785037162863474	0.6525584699318292	0.9212083490174447
5.540325775528323	0.5272816224658491	0.7355221774407728	0.863485535273808
5.668011732660729	0.656986657117936	0.8155702505835829	0.7911492844766023
5.8015252723889565	0.7867770124837633	0.884869606743104	0.7054718740913101
5.937302121589847	0.9164782828083552	0.9391350947146127	0.608015243328685
6.073522647648761	1.0460128145116656	0.9762337906324196	0.5005073646929556
6.209593322992361	1.175524664176794	0.9952881750219709	0.3846480210398655
0.062391014225407534	1.3055967483862603	0.9960053320687218	0.26181365433523796
0.1983556109654671	1.4375956348498342	0.9783937500246098	0.13265886885973988
0.3340050712327873	1.574145897020425	0.9428754224211882	-0.003312629416117638
0.46891765450184336	1.7197555846863672	0.8903945313855149	-0.14809873702440923
0.6027903462159109	1.8815466638642875	0.8223211065568568	-0.3052460267966808
0.735535028005816	1.952859148463854	0.7402668765146523	-0.3722624220838994
0.8672122776591734	2.0665864256566975	0.6459682028392592	-0.47530031355953173
0.997907579971023	2.2099267209394418	0.541274939053745	-0.5955915598245568
1.1276369498499996	2.2702714476486205	0.4281890322493288	-0.6427386508213803
1.2562773605437727	2.3630967717062275	0.30891607463644516	-0.7105287985574585
1.3835775593466437	2.47484280236663	0.18584005988115893	-0.7844608134675888
1.5091780840885527	2.5981739483622297	0.061455998790318905	-0.8545690974052239
1.6326342060036148	2.7283830949866	-0.0617308463131	-0.914315244370517
1.7534695280518442	2.862355447700664	-0.18135773096869998	-0.9595329904758564
1.871265441466398	2.9978554207716135	-0.2953965005786339	-0.9877703913734895
1.9857761913132628	3.1336367795882962	-0.402341564358047	-0.9979453927503362
2.097045999585286	3.269418138381595	-0.5013297563444646	-0.9898037468207683
2.2055310279165985	3.4054563215607407	-0.5921572226381301	-0.9634298877799053
2.3120926041400116	3.5419341306387677	-0.6750703935144634	-0.9191409031308819
2.4178076902341834	3.6784649482861864	-0.7485641592349959	-0.8577793355541441
2.5238249403843183	3.814415463472872	-0.8137374788459302	-0.7808310009330964
2.6311506357627	3.9492911953597547	-0.8707402524853931	-0.6902269332002728
2.740261637369005	4.082889865887629	-0.9187698160847619	-0.5880666799764108
2.8510985640332995	4.215201226512202	-0.9566795861489666	-0.4764946894631159
2.953485655546607	4.346237101512567	-0.9821003981291785	-0.35772322078652674
3.055872747073514	4.475958483846926	-0.9951844005871187	-0.23404678710436602
3.1572140471381998	4.619350320822465	-0.9979453927503363	-0.09289423581321544
3.2562915466670175	4.760681637242221	-0.9914811883389969	0.04820107432373971
3.351163112102184	4.904026315131513	-0.977192176115435	0.19014489379959765
3.48600218002193	5.019431681747007	-0.940115941744152	0.3019046419867686
3.6356869296323238	5.143462200369412	-0.8787568814571969	0.41748079364577356
3.7807155122008913	5.271264663924163	-0.8009734903503591	0.5297896857111234
3.9208346132867993	5.400667970881602	-0.710010120759841	0.6346459653138261
4.057783175162082	5.530710751542318	-0.6076824359308812	0.7292937150616083
4.192903581822416	5.66093256969799	-0.49554929830473216	0.811710965395292
4.327270875606334	5.791144977008947	-0.37505429788379563	0.8803688503349008
4.461758354141195	5.921259574801787	-0.24765067041934788	0.9340834189660708
4.597145897804324	6.051253308677736	-0.1148375412532571	0.9719797302036268
4.734230924755095	6.1811526670213714	0.021848695799348894	0.9934672240763528
4.873917828067817	0.027831009331406607	0.16081139549877535	0.9982180824939049
5.017296607419957	0.1577337579185664	0.2999023146122289	0.9861536488620156
5.1656553331431025	0.28774100452713014	0.43714373215336877	0.9574436245211081
5.320443427209642	0.417841084706306	0.5700971148539952	0.9125406448052746
5.483198344075734	0.5479142905086211	0.6956995365818923	0.8522374045849814
5.597168269265992	0.6777537748970158	0.7723438571680723	0.7776966699018543
5.719410343045673	0.807095967911727	0.843590780242444	0.6904405014547684
5.844037573490005	0.9356324970003261	0.903302368490567	0.5923162488897941
5.967930339574479	1.0630092441103285	0.9487796871884937	0.48544866372202433
6.090263272773053	1.1888799641446672	0.9794317136146493	0.3721230787546917
6.211629806113261	1.313076558555955	0.9954185635709734	0.2545263735615797
0.04973290172735192	1.4358081067878912	0.9968157846105543	0.13443691822370507
0.17070763729998975	1.5579192743089676	0.9836752786258693	0.01289454739482182
0.31474629535318044	1.681191248034959	0.9489398642048343	-0.11005480293901912
0.45435689043128746	1.8087068333379532	0.8967078827690502	-0.23546465326715804
0.6070185173820509	1.9451175101071483	0.8200160715631817	-0.3651882191358503
0.7463457028215136	2.014400605168972	0.7332638902006335	-0.42849816113434047
0.8711492480588373	2.1087940214406933	0.6430557465692415	-0.5113691109145051
1.0398817084393377	2.2170259416132465	0.5059394757388844	-0.6011381522339891
1.1882009411018037	2.334672311617612	0.37275988395132725	-0.6907679423952227
1.32541481422368	2.46026787165784	0.24250570308090602	-0.7757493650387828
1.4561436380240336	2.5929377726739444	0.11420921990102022	-0.8520013740904477
1.5825110295195328	2.731505999421631	-0.01166773718381409	-0.9154863646405582
1.7053452866031718	2.861417829154056	-0.13388289726075825	-0.9592953221391373
1.824938803082925	2.993598748608835	-0.2510150620985498	-0.9872264330657587
1.9415081314865636	3.1262835923856676	-0.3618900184576633	-0.9979453927503362
2.0555017416302226	3.258968436151668	-0.46582781898910114	-0.9911391097812952
2.1677845764246007	3.391988264001774	-0.5617799039021205	-0.9668437823220486
2.2797527228019865	3.525800110877209	-0.6501463327647583	-0.9251913212506477
2.393182390728355	3.660443463899031	-0.7314445024334385	-0.8666167368146291
2.5098157460034285	3.795350223871618	-0.8053641714994575	-0.7922263107899721
2.5938201470981452	3.9299312031770013	-0.8524340741212071	-0.703686116580809
2.683119735850261	4.063871971882718	-0.8962249340329037	-0.6029252836707927
2.7758253597157845	4.197158774788728	-0.9321065662110977	-0.4919129932758063
2.87031136427501	4.3299870555503395	-0.9615496628914584	-0.3725722899053844
2.964797368840233	4.46266469913732	-0.9835459171133605	-0.24678238176101114
3.0570924722631423	4.595565534436594	-0.9953402687453123	-0.11639657856631473
3.1443866727030167	4.729123327348623	-0.9979453927503363	0.016747219311124904
3.2722846734703266	4.8639226811892255	-0.9894374335327609	0.1508946635508294
3.3997162544556465	5.000783454787416	-0.9648848848109042	0.284411516552326
3.525427938712993	5.140874659644768	-0.9253308895193944	0.41518825321565966
3.6474810582848027	5.285843803911319	-0.872973259798704	0.5417389014444478
3.76331002578027	5.4379284118497635	-0.8113767643254511	0.6622101565331986
3.9218083120211125	5.591142382148024	-0.7093331995246046	0.7684403816000462
4.065383638864112	5.7553855772191005	-0.6017442243700832	0.8632030831547483
4.197214676979335	5.8504204317415995	-0.49186522166628366	0.9060698899460586
4.318864277846198	5.954365177462086	-0.3827361316142879	0.9445081209980672
4.429786407646641	6.061773485684443	-0.27828015328169203	0.9739893753379688
4.591275196915684	6.169914871764369	-0.12062902055863967	0.9927477092409434
4.754902401901709	6.2775085015301135	0.042452484446928104	0.9996365349439884
4.906431606931821	0.10029227631618076	0.1924882736840817	0.9935786531934276
5.053863324917702	0.2026069924930406	0.33419551860759	0.9775816184230529
5.1965441355039514	0.3288327548158515	0.4645109645125	0.9445041454507925
5.340871360073861	0.4505514862588479	0.5868400624486736	0.8983578548158856
5.486492034531149	0.6030574027991437	0.6981361130466758	0.8221755176614562
5.632615569975452	0.7418008883110035	0.7953060649829639	0.736207950063635
5.7783446492939055	0.8675920924844208	0.8748188004681581	0.6456872268712072
5.922894826353715	1.0229954496964866	0.9345983472200927	0.5207126584320337
6.0662277500155986	1.1634213970702363	0.9748402631732658	0.39599877484819196
6.2088309470037215	1.2956987963045195	0.9952393628820945	0.271456834344819
0.06273293314078165	1.424218897874829	0.995983440253958	0.14596467321420922
0.1997467823652267	1.5522902784224386	0.9781279977627628	0.01851679752186829
0.3360764570661475	1.6834867874990267	0.9422231588050368	-0.11231936547644364
0.4707831955483238	1.822744145425665	0.8895856578889203	-0.24891255548034286
0.6029442208673134	1.8897825089015385	0.8222372200626289	-0.31313605859278587
0.7317414343147904	1.9832427448898629	0.7427243072626963	-0.4000265357644398
0.8563016200321473	2.0911326662870935	0.6540395902234672	-0.496276475851625
0.9753686011886901	2.2099341692599226	0.559748121979226	-0.595597379167234
1.1345706036243315	2.339873361433176	0.42204587034479285	-0.6943837436093027
1.2827782915891803	2.4821997076863824	0.28404476685406	-0.788858042008098
1.4264422695378998	2.6327539882487643	0.14375309139037803	-0.8715265067681671
1.5702577037072047	2.7470121440151787	0.0005709043063973594	-0.921301323318125
1.718475206947558	2.8421969704596877	-0.14683563721434462	-0.9544232027332973
1.8188492855058471	2.9408091848346047	-0.2451812360504917	-0.9794195096594626
1.9339746835534997	3.0394202902916008	-0.35500605706325183	-0.9930819482001677
2.058432621572115	3.1363021279272716	-0.46833242302380795	-0.9979453927503363
2.191560116885006	3.229209474403041	-0.5812418063352367	-0.9949419947237047
2.258044649270849	3.3131568085567182	-0.633185902683258	-0.9842144009418694
2.3397894129482695	3.4492308756915606	-0.6943253821160639	-0.9523338770316838
2.4297441434228433	3.5758299973175043	-0.7568624535143952	-0.9064296154933876
2.525634867291258	3.7527661339445886	-0.8148192736911164	-0.8176788574057328
2.6252105764617952	3.947994975591547	-0.8678273577190448	-0.6911280730043128
2.7279227237846855	4.108777572445724	-0.9141426005840926	-0.5674397703424943
2.833051550884902	4.24662793233017	-0.952105014098056	-0.44874471337181127
2.93951905654434	4.398766502305796	-0.9790924868568412	-0.3079975700548864
3.044380342503507	4.53901587747385	-0.9937157911423227	-0.17218313186525477
3.1479411502601793	4.6740450658553945	-0.9979453927503363	-0.038265036679126396
3.2489960739262345	4.806817604239327	-0.9924134736676329	0.09409239682748527
3.379212393639334	4.938625836317079	-0.9700822206722342	0.22385382755501776
3.5094832485171765	5.070022732330584	-0.931310307166116	0.3493502246565617
3.639917720355419	5.201232769774946	-0.8766821802580116	0.4686650570552376
3.7706456399399344	5.332331587317596	-0.8069922615293592	0.5798407753118412
3.901755832217843	5.46332108100654	-0.7232738044772826	0.6809949151141751
4.033267670306009	5.594160193204565	-0.6268363007557676	0.7703952724729604
4.165225201573306	5.724795348112351	-0.5192020525015868	0.8465264762282674
4.297739670362112	5.855217879763656	-0.402039508193596	0.9081499988579762
4.431018585356802	5.985424677552927	-0.2770997132336277	0.9542885209210711
4.565384722504091	6.115438780825371	-0.1461701185647467	0.9842409328159675
4.701284547969208	6.245318881040133	-0.01105819821943381	0.997575551542969
4.839277951721342	0.09196624486053503	0.126380617316594	0.9941117384664209
4.979995995681654	0.22184445488122714	0.2641591240934398	0.9739067303806888
5.12405431769445	0.35181328996435324	0.40002242894151224	0.9372677500310456
5.271949427289861	0.4817991594699208	0.5303509249330668	0.8848092841541089
5.4239835971855745	0.611593993356918	0.651894187963453	0.8175216994527885
5.580152746333815	0.740888433496201	0.7613214671460469	0.7367990240427491
5.740206708421105	0.8692966278776012	0.8549281523704949	0.644426261131216
5.869625457884545	0.9963486087996557	0.9143969308748776	0.5425526881435482
6.000418850309798	1.1214494773299875	0.9590100716752012	0.4336710835180287
6.1308494190000635	1.2439588153007561	0.9871847914606584	0.3204687217935464
6.2608251829413595	1.3632948486773542	0.9985683632115492	0.2056006960663978
0.1076103613696858	1.4790725734468764	0.9931101030336885	0.09140186939673273
0.2373584443434836	1.5912310340243307	0.9709431287780564	-0.020377291680429104
0.38623165458390074	1.7001621660322697	0.9262460683963069	-0.128769719789603
0.5317935300970248	1.8067801254205718	0.8610258181598521	-0.23361884550108314
0.6730240755649163	1.9124206476148429	0.7807604952649132	-0.33482364905189754
0.8099681076826059	2.0187187980270296	0.6883157759336476	-0.4324440665408176
0.943637890509278	2.1274458369810234	0.5857549445774067	-0.5273081508557851
1.0748940840724315	2.240182641548954	0.47491879037199064	-0.6192303882684076
1.2041734490474936	2.3573771290057324	0.3577804570084292	-0.7065524684406683
1.331558610859082	2.479402112261772	0.23652004701708917	-0.7871859168533992
1.4568538107709925	2.6059339752486737	0.11350281297632937	-0.8583744704762977
1.5796677186156158	2.7360162776413532	-0.008827833688941012	-0.9171777638993353
1.6995129114801755	2.8683206810195103	-0.12812922653782527	-0.9610450628278387
1.8159342991291523	3.001572470756584	-0.24238864645060137	-0.9882453915948489
1.9286646963891185	3.1349778462548046	-0.35015386362285034	-0.9979453927503363
2.0377774654585665	3.2683832217059092	-0.44985961543600517	-0.9899359983783278
2.143782758134775	3.4019889969423986	-0.5412689815440439	-0.9643087881364394
2.247779723179312	3.5356838666870147	-0.6251659574302828	-0.9214848143709753
2.3512390173416677	3.668667505020514	-0.7022852161754298	-0.8625838197800548
2.4558171701354667	3.7996752559253495	-0.7730891769693615	-0.7896412354683933
2.5617015657285322	3.9272594119369004	-0.8363763698935792	-0.7055435619720867
2.669835250780642	4.049742979967851	-0.8897104692653497	-0.6139642079286483
2.7804971018965063	4.164752250249299	-0.933858516063574	-0.519606216376537
2.8932233072164366	4.268582989231247	-0.9673574014324596	-0.42868248350548654
3.0070150582048414	4.3552576622380865	-0.9889408975076411	-0.3494803561192235
3.120806809187583	4.487399060671583	-0.9979453927503361	-0.22308658635944595
3.234034730493795	4.680548594412974	-0.9943253773199863	-0.031769301916447806
3.346833107296048	4.87756372104794	-0.9782897493705536	0.16436344364092126
3.459706674701414	5.0529074092328425	-0.9496784626998288	0.33329903640118796
3.5748772690396806	5.228428462193042	-0.9067868980875922	0.4927602234808822
3.692495073781727	5.417627886136662	-0.8508992225692544	0.6471924176640356
3.811789843065965	5.522500559872183	-0.7824003364740604	0.7239752811172315
3.9312826377868704	5.657890545472645	-0.7027465910856885	0.8100525717268472
4.074254954885644	5.7761656304167115	-0.5948131010302677	0.8738740072020614
4.213322922966119	5.909515414644771	-0.4780998069476916	0.9303852724164007
4.351164829879371	6.021236512880931	-0.35322033019238797	0.9655653950001848
4.489374923448514	6.136893138314688	-0.22115421102439292	0.9883393092131847
4.6295871747330875	6.253273059870301	-0.08266964969523888	0.9980848284554699
4.773521336388233	0.08619991052496628	0.060972688591577555	0.9944809357160136
4.923217349167336	0.2025566739475036	0.20884195297397296	0.9775912306586779
5.046025764448521	0.32021125370059705	0.3268452537113167	0.9472189904610855
5.179640271367047	0.43973225493214413	0.44953427580189464	0.9030489279446205
5.319406825427889	0.5622341347037488	0.5692475051835597	0.8444307807098468
5.462546882002675	0.687263692630479	0.6804221851939197	0.7715362937116292
5.606921557239543	0.8138401787194153	0.7786618847990846	0.6854513303259102
5.750688843321276	0.9408807962269475	0.8606426059259258	0.5880146879097095
5.892702872915143	1.0673966229072587	0.9244029875217581	0.4815614811248997
6.032616456472111	1.1926277890813832	0.9684195753383046	0.3686082725623768
6.171079477906934	1.316108783794169	0.9928222747031021	0.25157219742896
0.025960344970554834	1.437816895215823	0.998337854275551	0.1324387817677423
0.16421040241694668	1.558408259108388	0.9849164304107734	0.012406148592249427
0.31123699404404276	1.6794862636854244	0.9500449164482156	-0.10837282632947351
0.456121282493859	1.8039469136629673	0.8959428661109025	-0.2309045969022461
0.5971492873043599	1.9362741103148462	0.8253963931717027	-0.35710724169942787
0.7340857004260412	2.0751891619093836	0.7412057282865099	-0.4826518422318679
0.8673258242533973	2.13493183386967	0.6458842043691881	-0.5337053620629427
0.9972182085793887	2.2273990982899416	0.5418399550619785	-0.6092426576055591
1.1237899835857075	2.338866974748589	0.43159741365572685	-0.6936840975138019
1.246572925861683	2.4640699408860893	0.3180171419726938	-0.7780218650366503
1.3644821622144772	2.6006799041999766	0.20444394383404352	-0.8557979716091162
1.5032090230578188	2.7469971597314835	0.06739340777154029	-0.9212957040624825
1.6324775168248191	2.8664679340055255	-0.06157434490980376	-0.960575426958574
1.7556518012338014	2.9906034821986136	-0.18351055568447688	-0.9868436692574596
1.8744242159178537	3.1159619358769017	-0.2984226418848366	-0.9979453927503361
1.989889947161485	3.24132038954051	-0.4061006580289418	-0.9933943460791008
2.103154032204186	3.367165224657141	-0.5065494185089748	-0.9731359471845036
2.2157091057219827	3.494646068191612	-0.6001093136762722	-0.9368743975797101
2.3294381964655937	3.624266141693239	-0.6871291539597286	-0.8843574237632755
2.4463702362983906	3.755659946293205	-0.7674427366139092	-0.8159492233140652
2.56853695502034	3.8880305115587372	-0.8400356662688143	-0.7328157302158752
2.697151131230113	4.0206646249306655	-0.9026029468637077	-0.6366830091518807
2.8322978805702714	4.153147222742886	-0.9519139731136805	-0.5295233741215513
2.933757805613416	4.28526654646196	-0.9776321201318783	-0.41343727773541455
3.034363318538224	4.4170189320059645	-0.9924357199514288	-0.2905115379550682
3.132321711624739	4.5484904200822225	-0.9979453927503362	-0.16283644252011398
3.226412715620972	4.679780115350566	-0.9952993913274479	-0.032536860037532485
3.3165559124013537	4.810967456258366	-0.9837800309212471	0.09822024348908223
3.4077403341666592	4.942103421015011	-0.9628509343461684	0.22724189964950553
3.4998109278261023	5.073212539640307	-0.9349375237701822	0.3523417076297044
3.5945267402217222	5.204296905651971	-0.8989410739445989	0.4713798569865152
3.6888894278451314	5.335338150984489	-0.8526673643749119	0.582304986362927
3.8436404400326563	5.466296999048323	-0.7633632076913704	0.6831964127837005
3.9905546919732995	5.597112523608585	-0.6602077780333552	0.7723077460017909
4.131650050574597	5.727759008683867	-0.5478939335490793	0.8481421490708019
4.269103681713267	5.858219612823168	-0.4282066818571001	0.9094515099237721
4.405184836724109	5.988486663027173	-0.3018487337898193	0.9552527168163354
4.541370307301042	6.118578472357838	-0.16986047365479393	0.9848407008434003
4.678794496367656	6.248547589595878	-0.03352129785976346	0.9977822739161697
4.818489514361557	0.09528796395677634	0.10570241448870868	0.9938990609692651
4.96148324060484	0.2252548176028293	0.24612288506089003	0.9732552566606707
5.108804353058941	0.3553006456648882	0.38572062161631815	0.9361696082926002
5.261406235955098	0.4853509091196722	0.5217096149595165	0.8832692932953481
5.420044721385564	0.6152047462965891	0.6489803221336408	0.8155532569388929
5.585309025406465	0.7445661890519355	0.764661624203088	0.7344166314296887
5.757534058292249	0.8730663789932345	0.8643743517392641	0.6416375088271425
5.936898699728664	1.0002272822682536	0.9390080602443696	0.5393736867706118
6.078144699081248	1.1254751759595985	0.9771167304504524	0.4301043466624735
6.202818995481875	1.2482149801357048	0.9948544396644345	0.31647718142813697
0.044440224057763975	1.3679317539800786	0.9971546553601291	0.20108314413724276
0.1693220002943059	1.4843524767290768	0.9839399736651885	0.08614996377769057
0.29467201262856496	1.5976110966946615	0.9552611028802784	-0.026749708516738115
0.4209465006421363	1.7083962973853823	0.9111941782393771	-0.13689273648453226
0.5484021112452646	1.8180949649374776	0.8519714636321626	-0.24445858849678317
0.6770186357302828	1.9287541421569026	0.7781728815733086	-0.35023559793863634
0.8065987525933431	2.0430071176782487	0.6908083268952897	-0.45463839990579413
0.9369147004542933	2.1639673667469577	0.5912653415180995	-0.5585178805680041
