5.98574736625294	1.0066975891487284	0.9543901331340021	0.5340705555266754
6.076535736281447	1.2824979855983996	0.9768093740000909	0.28431785780303004
6.164256484311214	1.5849071126527268	0.9923854234345257	-0.014060948863405576
6.266947912953881	1.732793236721241	0.9989603791698816	-0.16096045377391482
0.09460403043270402	1.848908798821938	0.9939428507256853	-0.27397858650653706
0.2028688074035982	1.9552657802867457	0.977531604524925	-0.3744615692349185
0.3382223651457631	2.061854200527655	0.9415474287013563	-0.47125635734626947
0.4723305700960956	2.1764661174664406	0.8889147371051835	-0.5691987757603879
0.6045230026010533	2.3067090878592933	0.8213765294707276	-0.6712072317961748
0.7342805939908972	2.3861750005365243	0.741079479278872	-0.7265729224906101
0.8610959814548337	2.497052073713956	0.6504928609954737	-0.7977353137619132
0.9842288268526533	2.5603486484295233	0.5524861882850636	-0.8355677300781152
1.102496456726603	2.643106530840845	0.4504633085030174	-0.8766032013948144
1.2140177590796488	2.7401729378667223	0.3485482109872462	-0.9187365528878799
1.3554432832511876	2.8469559342492747	0.2132501631618387	-0.9556295088718326
1.4829787135802324	2.9578099758851675	0.08751644229349441	-0.982653001168242
1.6009780877799225	3.066236578054066	-0.030112664617341273	-0.9965087900975638
1.711351696239674	3.1724722725173735	-0.1398082540059416	-0.9979453927503363
1.8148882627757312	3.275900794949765	-0.24138653190727957	-0.9889753309217812
1.9121234312949578	3.402013253023418	-0.3345389124883017	-0.9643026396846495
2.003783344826216	3.529450068624934	-0.4187962542567255	-0.9238225507384266
2.091057057179518	3.658652802176741	-0.4962118635578264	-0.8674948440682662
2.1757920999093545	3.789306724058001	-0.5686227893240922	-0.7958385157470821
2.2604568093887223	3.920759301418842	-0.6350705136306961	-0.7100624780248646
2.345404889871753	4.052435322627315	-0.6982292955561562	-0.6118606914942772
2.433003349395599	4.183998652962389	-0.7591282731721807	-0.5031590677916398
2.5252095927992997	4.3153363434229846	-0.8145650867670888	-0.3859599097019847
2.621944554873698	4.446479410730174	-0.8662257613866144	-0.2622880693478835
2.723403562197938	4.577528807275773	-0.9124478699741951	-0.13418991092478466
2.828700378043705	4.708607930903302	-0.9510020751516307	-0.003743591589474536
2.936057960124358	4.839839959780284	-0.9782151652292587	0.12693964522391507
3.041359380636121	4.971345157366005	-0.9933297437225868	0.2557309572946252
3.144964456888739	5.103276014101845	-0.9979453927503362	0.3805360037839166
3.2458219996525974	5.235830829708734	-0.9928190872560122	0.4993186620193212
3.3683497583297193	5.369271736909073	-0.9728356905942643	0.6101173085695447
3.4918353156267177	5.5039326344590185	-0.9379284577891399	0.7110381619462891
3.6169407021422413	5.64020084656546	-0.8879496832759122	0.8002196886978071
3.7440055838162323	5.778455289914346	-0.822915045637154	0.8748667727524935
3.873031049092589	5.918949342510932	-0.7432434470266908	0.9333559444203277
4.0038782294488975	6.0616514677162785	-0.6497981520723506	0.9739660665271124
4.136479219790952	6.161582605778597	-0.5437671330852724	0.9922142247938402
4.270965668762279	6.260928320517774	-0.42650522363024523	0.9985749667324909
4.407715817692935	0.07536255068928785	-0.2994240256719451	0.99517481213929
4.547333738380986	0.16880543816860058	-0.16397751549635614	0.9840386513359014
4.690552992240372	0.28839253426846656	-0.021776893307530555	0.9572384627698448
4.838037210028334	0.4023383214590204	0.12514645488576803	0.9192624343570873
4.990124264964736	0.5755452869075677	0.2740266929678581	0.8371740566014069
5.146443228211764	0.7321462399320511	0.4201219605216406	0.7424620805057323
5.3056636802866315	0.8715968888214289	0.5579834795762914	0.6427245949441653
5.465463290222641	0.9977395132268148	0.6825796592269723	0.5414126883164525
5.623237008973471	1.1118192367404205	0.7892307796319796	0.44220339981861356
5.775826536666602	1.2330517042538902	0.8737269807145758	0.3306976898203674
5.922503151097529	1.3356532322164136	0.9344750116662609	0.23253082071110778
6.064500146071432	1.4838659969446748	0.9745102429789048	0.08663386391310866
6.172099946704568	1.6060957654624006	0.9928876115794358	-0.03522420930142134
6.280671454099109	1.7144122605007517	0.9998390472024024	-0.14282751779012204
0.11094842386008061	1.8146478222540023	0.9928963791289158	-0.24115618719426807
0.22085403064102468	1.9103303367681403	0.9740959288375197	-0.3328211078470024
0.3619548171145943	2.004194859802158	0.9340742604040632	-0.4191722909975084
0.4890151653138648	2.0988780399365505	0.8816805211127114	-0.5028953392910522
0.6372430111731535	2.196888412723719	0.8035388493512413	-0.5854047823310762
0.8270321663558826	2.298947777973733	0.6756922813096655	-0.6651433517625049
1.0285870157465922	2.406360185399	0.5159464833184056	-0.7406057848011692
1.1879343109744587	2.5197294913086217	0.37300993651207237	-0.8112896254647668
1.3264926911769919	2.638928917910833	0.24145557054812275	-0.8745545775977747
1.4548049154468294	2.7629910313907966	0.11554084365429222	-0.9272935652479064
1.57627630345436	2.890254227248222	-0.005440482782029105	-0.9666047965483258
1.6920432016884328	3.019057300192866	-0.1207603159943148	-0.9904797704399679
1.8024081143251924	3.148210086427319	-0.22943040990043215	-0.9979453927503363
1.9075092980191835	3.2773628726584927	-0.3301185211268007	-0.9887884926392458
2.007701111748126	3.406937852170873	-0.4223762559348895	-0.9630543481564813
2.1038539711986775	3.537583675240224	-0.5071475562916232	-0.9207723672397395
2.197395034243692	3.669466285110889	-0.5858006036762987	-0.8621921128581453
2.2902835134531325	3.8022041803395665	-0.6583739969232333	-0.7881296952041563
2.3826303820312105	3.935263804565206	-0.7241086823180567	-0.6999788599196681
2.4763481937550273	4.068282592819495	-0.7853605871754175	-0.5994792833655651
2.5729113270153756	4.20117593712726	-0.8421807770572636	-0.4884800989912783
2.6730636279463265	4.334107451379285	-0.8912936054721361	-0.3688071287111766
2.776035979605916	4.467435907587751	-0.9321855507678585	-0.24221151062277624
2.881142526997127	4.601695777441337	-0.9642951551155752	-0.11034905950983548
2.9873121011439383	4.737644645007492	-0.9864230650859066	0.0252583250670969
3.093481675283401	4.8764000828552145	-0.9979453927503361	0.16322975735250464
3.1989332642787303	5.019605300627932	-0.9979453927503364	0.302067466218978
3.3031550967912575	5.169658417754221	-0.9854925153933236	0.44069043316902845
3.405247727681013	5.32997291110266	-0.963482762331741	0.5779075795978162
3.5238536759808645	5.505203682399054	-0.925921253724999	0.7119784462681541
3.639230537939287	5.605841774382782	-0.8770191617529897	0.7779624183275714
3.793473350981093	5.727243850373778	-0.7933481193062466	0.8478613047328181
3.94033686819087	5.8381208278479	-0.6964520354770546	0.9007369471909291
4.0820898593990975	5.956104944105528	-0.588691721811377	0.9450559602580617
4.221086107562984	6.0777585489864965	-0.4714657230380903	0.9770429650890382
4.359273798370804	6.200536483128385	-0.3458104660054302	0.9947082987655497
4.498324660564531	0.04022919980568269	-0.21232524523662272	0.997424271806447
4.63978974047053	0.1632198109423703	-0.07247931065967324	0.985105660814001
4.785244007302278	0.286930930118705	0.07263319787613341	0.9576987107800182
4.922149916023914	0.41197220682099583	0.2078019954286941	0.9150853112896351
5.0662206120347175	0.5384963173024455	0.34578449888615026	0.8573717184423713
5.215456120971222	0.6661538129090441	0.4812668326944053	0.7852109441196811
5.368160468244293	0.7943236071464983	0.6092065011402423	0.6998891227085106
5.522324565783203	0.9223160850458068	0.7238612748949105	0.6032305195105963
5.675949915950877	1.0494524317212064	0.8198978403501775	0.4974598912978952
5.827439469539563	1.1750865137627904	0.8961056539478538	0.385058929717381
5.976255241673503	1.2986692209047699	0.9514011354284901	0.2685628681093242
6.122862153737881	1.4199271116717038	0.9856590026112304	0.15023370142764395
6.26854678548947	1.5391681591669921	0.9990627491172756	0.03162319129764085
0.13104513155965541	1.6576638476237977	0.9912519155613548	-0.08673049254055092
0.2764261437685955	1.7780170298984657	0.9610065879612121	-0.20557397901817223
0.42030270452200774	1.9044883471044325	0.9114733195746829	-0.32722441631253457
0.5613475129257792	1.9655859232869584	0.8449141325288885	-0.3838919743601019
0.6987642292375091	2.0474312002355055	0.7640864257028386	-0.45868106586704377
0.8332034168167861	2.1414921045980413	0.6711269695917408	-0.5393114874794751
0.9652954350500536	2.2431050308420644	0.568004194382278	-0.62151363920754
1.095480726686913	2.351822154164523	0.45667918932358575	-0.7026906164132326
1.2239512212828862	2.4667856015111975	0.33923235577719524	-0.7796450176922922
1.350673202855647	2.587450805817196	0.21789746227326068	-0.8493106674441834
1.475452708514959	2.7129467720336122	0.09500253932570688	-0.9085264695036459
1.5980438394577123	2.8418507311893406	-0.0271819326831056	-0.9543354377122364
1.718291019225345	2.972542814941009	-0.14665393499484208	-0.984535704344437
1.8363157038263558	3.1037392363655107	-0.2619142604444139	-0.9979453927503362
1.9527284497033164	3.2349356577891224	-0.3721429913491506	-0.9942102482078031
2.0688121678825815	3.366405224941118	-0.4772023372076131	-0.9733285925508602
2.1866025023777627	3.498603737386286	-0.577368442164965	-0.9353902322098033
2.3089771571137194	3.631637892370971	-0.6729045159436778	-0.8807424541341475
2.4391490380956244	3.765175377446926	-0.7631266203321594	-0.8102618420544411
2.517070291746419	3.8987389031464583	-0.8097002196342429	-0.7253711917713752
2.6075684003281707	4.0319313570875925	-0.8591759621818316	-0.6278803568704399
2.707659687335013	4.164544096636784	-0.906543760077607	-0.5197840955077463
2.8142725283348464	4.29657824841497	-0.9465246374112276	-0.40310079963913137
2.9086897746440807	4.428135389049291	-0.9712778545866205	-0.2798618475911568
3.003107020940662	4.559331045234134	-0.9884414911038875	-0.15214210509505463
3.0947540526682764	4.690245743087494	-0.9979453927503361	-0.02208377425461708
3.1817500909710836	4.820900523072718	-0.9979453927503363	0.10810063838049734
3.262501055464744	4.951246304042363	-0.9906876778762965	0.2361494459895152
3.3671435497287603	5.0811567727173665	-0.9731414413635546	0.35979201282910006
3.471378790440965	5.21041787683152	-0.9455998584989753	0.4768029885983317
3.573367896212559	5.338716499009073	-0.907352927932458	0.5850739157650433
3.7053156806643837	5.465690105177759	-0.8446122350497509	0.6827474503381841
3.830955525980357	5.59091272092359	-0.7709449915638521	0.7682916106455042
3.991794641044716	5.713958845891319	-0.6592390108371222	0.8406188353483167
4.14177647266781	5.834532333858394	-0.5392403284425431	0.8991810244808514
4.284871828626097	5.9526444681242685	-0.41379796547997827	0.9439662827384083
4.424976741735452	6.068768200394362	-0.2828878670980986	0.97532555954608
4.564829250476648	6.183805246761902	-0.14671809483072912	0.9936370590334569
4.706463414937736	0.015472374541004516	-0.005885537578227053	0.9990093605759255
4.851618714702467	0.1301472071081548	0.13865594112078855	0.9914234439970281
5.001947283757295	0.2785065019885195	0.2855073258471877	0.9603514990088962
5.15906685996418	0.4225158901941725	0.4313063975013781	0.9105137120460068
5.32454987230643	0.5580502032199305	0.5734628002374816	0.8467116979438915
5.499903123189436	0.6824937111387747	0.7080572466304911	0.774626213228589
5.68646562209955	0.79179437857941	0.8256305956487345	0.7017601724880955
5.812719403094742	0.881917933367972	0.8897232311982766	0.6350893861792538
5.945966234749757	0.9449763986702627	0.941863357933088	0.5846578892784994
6.08131026756504	1.0963595456494908	0.977721441692176	0.45590056273685353
6.216860064491846	1.3130751207134417	0.9957534378421584	0.2545277743942031
0.06915389123898234	1.4654342021172007	0.995572329844528	0.10496792074134302
0.2046141658788258	1.591080864184778	0.9771981927234707	-0.020227301803633413
0.33977479204544564	1.7039674645116982	0.9410585812992502	-0.13252366805105528
0.474232504226957	1.810251699507137	0.8880900840568764	-0.2369446523614167
0.6076851758483733	1.9134804179747278	0.8196526352136769	-0.33583892092724754
0.7400211607224413	2.016254862544325	0.7373608298012889	-0.43019255609142354
0.8712587176387309	2.120901659445617	0.6429747641558698	-0.5217157779903057
1.0014318498964123	2.2293995427551883	0.5383864105343641	-0.6108055967782163
1.1304782979810206	2.3424091277875325	0.42567162048287605	-0.6961466236792584
1.258224925838696	2.4605463912413716	0.3070895980335833	-0.7759158364297503
1.3844005554157512	2.5838016914865234	0.18503824762989313	-0.8475212095453366
1.508661309372726	2.711470663863362	0.06197003321268781	-0.9079729142364523
1.6306547307570256	2.8422367932206347	-0.05975374325938225	-0.9544332970401901
1.75012531733925	2.97458886406834	-0.17805864837154228	-0.9847971680837798
1.867064229613436	3.107358804321392	-0.291371692565356	-0.9979453927503362
1.9818777120048197	3.240128744562635	-0.39877918743652513	-0.993546625879093
2.095576691782223	3.373141841508189	-0.500074149044016	-0.9716209893252175
2.209868698359034	3.5067504651384196	-0.5955462270170765	-0.9323351281541019
2.3270032478181646	3.6409630072061594	-0.6854363629679464	-0.8761695909987779
2.4496023651349956	3.775423754224035	-0.769374582756983	-0.8041363785749529
2.5800610660085423	3.9096267604839303	-0.8456868762793335	-0.7178018876547807
2.7199357395700394	4.043209745561728	-0.9111474019461365	-0.6190685975554922
2.82320881330154	4.176083041757987	-0.9496100687083093	-0.5099234089290376
2.910723573673102	4.30834048752943	-0.971793383672726	-0.3923526268641653
2.9982383340626404	4.4401573318892416	-0.9878193236985147	-0.26834469169165365
3.0823429642782356	4.571717225511473	-0.9979453927503361	-0.13992306888291128
3.160819807472058	4.70318110546988	-0.9979453927503363	-0.009163913543436694
3.232055489913235	4.8346825177377175	-0.9945783036238269	0.12180955147114628
3.342763035180833	4.966339557228014	-0.9793214346688549	0.25085420069002606
3.453190271506883	5.098275295917147	-0.9513302460548385	0.3758462022221072
3.5652167715579415	5.230668196440088	-0.9104096808703882	0.4947446101477895
3.6782554529805394	5.3637487158819	-0.8578820681614265	0.605590582726215
3.7905070623849246	5.497804467963085	-0.7951210725124594	0.7065047224933741
3.89905826476745	5.633164770818932	-0.725149169645485	0.7956618287124355
4.061421959640078	5.770150585141233	-0.6048394683302706	0.8712523930348581
4.211804206098001	5.908979066627352	-0.479397637111629	0.9302163805123802
4.355548125424366	6.049631734384422	-0.34921493484351945	0.9716699646087653
4.496653242271939	6.191742222092539	-0.2139741087430091	0.9941452344689464
4.638023703314643	0.029105239252983937	-0.07424323140578934	0.9981364982230289
4.781990003306979	0.14974060376381618	0.06939644883853063	0.987680562653
4.91336415142221	0.27120564658306534	0.1992423753298737	0.9626504827477369
5.051478316430447	0.3943798544748266	0.33195879657780525	0.9227131185589612
5.194243182287745	0.5195829233872925	0.46247233832752294	0.8676825675330407
5.340256142901274	0.6465195753994512	0.5863358240145432	0.7979296965481809
5.488080038558578	0.7745660345435778	0.699310872269375	0.7145052006481917
5.636039365907915	0.9030636657988848	0.7975239465181864	0.6190100038404371
5.782700909883071	1.0314737174760564	0.876707616445423	0.5133888886257125
5.927148343969864	1.1594642619024524	0.93593774750805	0.39970987753479215
6.069495899570216	1.2870450362179602	0.975464570240205	0.2798878477085189
6.191685279639144	1.4148315786814	0.9941415886523923	0.15530221441234354
0.030548489459994686	1.5444658172770351	0.9980440922028618	0.026331881873607098
0.15243641340451478	1.6791681509738998	0.987165588358928	-0.10805900635797078
0.27270401744584916	1.757569683823145	0.962178657179774	-0.18540255759992638
0.38825131441437477	1.8550063304590863	0.925370371068666	-0.27982009011390874
0.4944637325510993	1.9637502466781624	0.8793180956700083	-0.38221455825264955
0.6456339462277317	2.0824824340377424	0.798503393294645	-0.48888435914182643
0.836809513419058	2.213737613735179	0.6684592841398836	-0.5985689949579641
1.0015478341369528	2.36160832546697	0.5382913486368102	-0.7094940217508812
1.1484547719281393	2.4492945839098423	0.4097446080412339	-0.7691906216580351
1.285513050661911	2.561937240194676	0.2813804001443215	-0.8365172327215966
1.4167495458504673	2.6919704692283366	0.1533944176187317	-0.9005651693116009
1.5470183040654133	2.7960417549823218	0.023782453972160784	-0.9396879158093199
1.674601988191145	2.9070569299202083	-0.10355446120008215	-0.9708639597345536
1.800980456469552	3.020240448567839	-0.22806269768340842	-0.990630964462724
1.9277148325230113	3.1334236702588383	-0.3492858910500886	-0.9979453927503362
2.0569663647907133	3.2460949137001682	-0.4670794229953442	-0.9927842116870711
2.191759787824842	3.357942448739961	-0.5813978084332367	-0.9754737441703879
2.275538127000032	3.467257458601373	-0.6468534861048139	-0.9471453989909516
2.3747946329525886	3.598097282546525	-0.7186612222789464	-0.8971901462982437
2.4849247488466863	3.7655376268782836	-0.7904868014175711	-0.8100453252625133
2.5705223621033673	3.9192121367665598	-0.8410092730306762	-0.7111380762264745
2.6654408618669576	4.062728731532114	-0.8875555425517359	-0.6038184927344602
2.7666826127098885	4.2009390356180125	-0.9286779450139978	-0.48868254483950613
2.872292699093893	4.336502651383294	-0.9620518933055124	-0.36661842779945675
2.979921378032098	4.471115482961646	-0.9854786077532569	-0.23868643619934
3.0875500569267755	4.605986980557037	-0.9979453927503362	-0.10611576360340283
3.1939902280666734	4.742225526029947	-0.9979453927503363	0.029833716385487517
3.2990830539792055	4.88110979508174	-0.9860128799956107	0.16781824216417546
3.4032698194269946	5.024353964162727	-0.9639841241772551	0.30652088447600667
3.519689826907242	5.17438514526125	-0.9274827386032461	0.4448782760148596
3.6384436946879246	5.279823137856936	-0.8774050150707302	0.5368043005279668
3.7605597447305277	5.398715832169866	-0.8130206096382185	0.6332018298355847
3.885889089387443	5.5236938010003085	-0.7343044598303567	0.7247482440850429
4.013869732853176	5.651494301713259	-0.6419918308594493	0.806565587611462
4.143905871986294	5.78060127975717	-0.5374206353024912	0.8757972450736984
4.275600329470914	5.910262525676891	-0.42227013424250104	0.9306205319878571
4.40883876350659	6.040094812107948	-0.29834823100425	0.9698481483563114
4.54378347099767	6.169950242793411	-0.16747987415319707	0.9927499739182717
4.680849905672122	0.01660811734376699	-0.03146835174715071	0.9989366431276085
4.820684346915399	0.14647776440712923	0.10788560853721244	0.9883038553250837
4.96408838160908	0.27643755757388055	0.24866097005531673	0.9610029938408945
5.11190467267173	0.40649857865856254	0.3886281807358572	0.9174586028123056
5.264865261017419	0.5365730040915319	0.5245446681062083	0.85842023423815
5.423437363169756	0.6664826846436599	0.6514900999153431	0.7849979061460258
5.587892121460981	0.7959871598212148	0.7663349134866861	0.6986584747924387
5.758202756886383	0.9247968247099566	0.8647389002873559	0.6011972793159579
5.934408675538125	1.0525839847580074	0.9382239705993272	0.49468536030113175
6.077722000860706	1.1790313211428214	0.9770359833849167	0.3813593883458004
6.205224307510419	1.3039639956530196	0.9950084429763606	0.2634043802134548
0.04960328480564391	1.4275924511435734	0.9968240835069087	0.14260900883528274
0.17722894371709208	1.5508650483229958	0.9824295285113678	0.01994031963295017
0.3051329813966236	1.675876432661744	0.9519670235218075	-0.10481170780782813
0.4335172024485866	1.8063186423209587	0.9057436910769454	-0.23317673952254142
0.5624377955815968	1.9478980698091264	0.8443197526951718	-0.3677290564540805
0.6917787082157704	2.005670623959715	0.7686115371270112	-0.42052082404348456
0.821269711721199	2.0949048634535843	0.679955177757378	-0.49950003342826266
0.9505764245708322	2.2025566520271256	0.580068049434924	-0.5898333547814478
1.0793483595668918	2.3243297942723857	0.47097233783477654	-0.6835777619317314
1.2072096497901428	2.459633602096693	0.3549330302071321	-0.775370261584894
1.3337357211299534	2.5707180939772543	0.23439897529747053	-0.8411052563066286
1.4584420459762755	2.6954086110787885	0.11192299968181199	-0.9019494844499112
1.580799892032934	2.828782788467328	-0.00995865031550653	-0.9510229646150288
1.7002916223536446	2.9436050032637397	-0.12889742917565686	-0.9801281960631446
1.816516571040188	3.060099263910152	-0.24294646946345208	-0.9957245053586715
1.9293368900758439	3.1765935245529833	-0.3507681049941453	-0.9979453927503363
2.0390240858112763	3.293097069100823	-0.45099876001598915	-0.9867778264326463
2.1463668443516952	3.4097576439854778	-0.5434772305659231	-0.9623395849589145
2.2527996625235702	3.5254211633847263	-0.6290880157437273	-0.9253334303349827
2.3601237431221436	3.6370306510855017	-0.7084619311470262	-0.878097945411256
2.4547743858172866	3.783921447641083	-0.7724659038992044	-0.7990573000225059
2.5542534566172805	3.9176425595764557	-0.8319246287696466	-0.7122292557596117
2.657303604714008	4.037516705064248	-0.8835651827636363	-0.6235165470785191
2.7634889367965685	4.141862337815879	-0.9274802847346513	-0.5391669517773237
2.8719119997043294	4.331466199151911	-0.9619553933044886	-0.3712206687698194
2.981574204570562	4.4898813480740705	-0.9856898217468306	-0.22065462029506058
3.0912410737797757	4.634583897006549	-0.9979453927503362	-0.07767891546784032
3.200046761364517	4.77431935494146	-0.9979453927503364	0.061766475503910206
3.3076363829385245	4.901236762606806	-0.9849198537609716	0.18742714401461408
3.4137546267184917	5.030505118941021	-0.9613264264186028	0.3122895949333259
3.520776106777197	5.160742539704898	-0.9270753728316998	0.43279103637756294
3.6274910942946748	5.291372677062383	-0.8827759668991979	0.5462704237497729
3.7311426095636677	5.422137428947386	-0.8306032562421415	0.6505284463614135
3.86537815635038	5.55290303098723	-0.7485637842374013	0.7436695271065639
4.031209019337793	5.6835822157123195	-0.6284447164338588	0.8240586742760196
4.1821416308827315	5.814108180900191	-0.504745999049645	0.890325386568487
4.32588328161465	5.94443525182001	-0.376322262241516	0.9413812630737237
4.4677479069218355	6.07455395111404	-0.2419126117659913	0.9764307981532727
4.610767244748302	6.2045079918484225	-0.10140000620694876	0.9949625799103539
4.757537825190616	0.051211823460738465	0.04507393291668119	0.9967210946733162
4.910757854221749	0.1811700308675682	0.1967031638995736	0.9816766717285472
5.073599092439671	0.3113111291701557	0.3527042267430036	0.95002157186187
5.249945521117389	0.4416360600785566	0.5118241659539022	0.9022234636491452
5.444527348257373	0.5719494108120301	0.6670918578834122	0.8391343888366557
5.583304965262932	0.7019584943966478	0.7633634253397521	0.7620172306179662
5.7443070611383	0.8313280828841897	0.8571635057013239	0.6725142871267757
5.861979589453177	0.9596883169860945	0.9110817851994445	0.5725998470372011
5.987621910292012	1.086631717793628	0.9549804127689541	0.46451934057650396
6.116889912374616	1.2117537761885215	0.9845181391267901	0.35067143211400503
6.246893732286941	1.3347802314344988	0.9976763834952982	0.23338135056000853
0.09370076842188832	1.455790482243904	0.9940006832811092	0.1145605030073438
0.22372735662243878	1.5755148104912549	0.9735470440065662	-0.004679902388142303
0.35384292939307327	1.6956301881359137	0.9366286320396316	-0.12429889821359867
0.4840500376238651	1.8190665174089828	0.8838333336724916	-0.24538934664692919
0.6142805342188268	1.9503303250627282	0.8160571015320067	-0.3699516179446381
0.7444062750320967	2.0956623936697185	0.7345202212343441	-0.500147386193766
0.87425822610207	2.152097575327153	0.6407558149781547	-0.5483744669616534
1.003631881531062	2.2419489458865116	0.536583241578875	-0.6206103947059585
1.1322425247055803	2.3515202814500342	0.42410852968572654	-0.7024807526806687
1.2597518148726563	2.4755149587033842	0.30565764240007287	-0.7848625618793461
1.385761702777485	2.6112564312071087	0.18371213603424522	-0.8609845040332156
1.5098128661662769	2.7568647916150852	0.060824582761903064	-0.9249961643092197
1.631413668977997	2.875739473644606	-0.06051177197272492	-0.9629255846136434
1.7496572963861168	2.999119636178611	-0.1775969430801347	-0.9879319449174553
1.8647062997155273	3.1236743285577675	-0.28911276931178087	-0.9979453927503363
1.9764560419661363	3.248229020932746	-0.3938249397173996	-0.9925114950402738
2.085252273866081	3.3733322844907137	-0.49125134521668745	-0.97157271567805
2.192008355653384	3.50015583337555	-0.5815920134726866	-0.9348081807535735
2.2980760940784664	3.6292509001513253	-0.6644623086594569	-0.881912990789036
2.4051034409875514	3.7602691315474375	-0.739732088503336	-0.8131943093838849
2.5148271154404314	3.892400201014047	-0.8083594712563076	-0.729777895740539
2.6285405830116546	4.024903605601784	-0.8694603310884376	-0.6333711106922495
2.715850677591091	4.157288916983601	-0.9096154630131815	-0.5259840602255614
2.807053376312416	4.289333777802204	-0.9438173834936439	-0.4097206975217923
2.9001266232786507	4.421025977027432	-0.9691072597861456	-0.286672743941242
2.99319987028334	4.5524417327783535	-0.9871754605758349	-0.1589384504161351
3.084365991088822	4.683669967813428	-0.9979453927503361	-0.028651669153691904
3.1713820680306513	4.814777680760413	-0.9979453927503363	0.10201026357137666
3.2510079671303544	4.945799013758672	-0.9921563746990495	0.23084236828937338
3.3734959465346095	5.076735023629807	-0.9715312304857002	0.3556451833116478
3.4933713275982243	5.207555100524479	-0.93735243799978	0.4742665916389496
3.6074046558092747	5.3381966146653195	-0.8926259833005135	0.5846478131152737
3.7735500186291717	5.468563670777696	-0.8052563119269536	0.684873230646199
3.925115628161342	5.598564500362199	-0.7070339333881022	0.773248313867089
4.06166661948741	5.728125808229974	-0.6046483165807397	0.848342113962529
4.184901102513008	5.857188646047893	-0.5023878731912427	0.9090044966018391
4.294894057374767	5.9857473669370815	-0.40463979031173974	0.9543901333494331
4.476314247238156	6.113883867626496	-0.23370596179063163	0.9839439013361312
4.63452103783011	6.241768602948417	-0.07774169931416834	0.997348240251172
4.78240113036083	0.08640754663780653	0.06980539581518035	0.9944676415368496
4.926612342668085	0.21423860460032357	0.2121495597585592	0.975359658406501
5.0704617672934	0.34182422876686586	0.3497619628866029	0.940413229291209
5.215430804640816	0.46844878657748806	0.4812444026277224	0.890597826208821
5.361812932333406	0.592925609487649	0.6040039942680236	0.827698978565476
5.509007986390371	0.7136016505725121	0.7147927597853471	0.7544749758797914
5.656030374999196	0.8281405798625469	0.8090384789034916	0.6748723092144899
5.801712802190705	0.9330502239930053	0.8849509171418981	0.5944327068752446
5.94550728374419	1.0813406604754814	0.941718837758379	0.46920717513090326
6.069872421973235	1.2304520658455669	0.9755364964458871	0.33313569728593506
6.193721581074746	1.3611424955801237	0.9942719655687511	0.20769764785898745
0.03433338869596098	1.4813977964752336	0.9978017589792598	0.0890889762933071
0.15794072836336964	1.5949237380753498	0.9861141117756066	-0.024065570414061117
0.2797033226845596	1.7037708157490439	0.9599746292908015	-0.13232967294536943
0.3963204759969852	1.8095722869359232	0.9218716911783326	-0.2362937675080345
0.5030458974986144	1.9140014958892149	0.8755969844231962	-0.3363381194059653
0.6338692555984534	2.018855116957445	0.8053780900901374	-0.4325686329097159
0.8031175352551739	2.126043738368642	0.6933836302972942	-0.5261099776411702
0.9433263397200503	2.2372760067279227	0.5860102948652597	-0.6169594462346134
1.1277530887622458	2.3531195343764804	0.4280861341000174	-0.7035925629647695
1.2815816918300253	2.474055840616371	0.2851850248144541	-0.783990445762946
1.4207391119324253	2.5998532402092973	0.14942600694840538	-0.8553925909403388
1.5519336701260524	2.7296833515496512	0.018872978460721185	-0.9148028535333725
1.6783614937284081	2.862195577372523	-0.10726323446762591	-0.9594924664108009
1.8017473895527285	2.9959402984176986	-0.22879742816757592	-0.9875256587102974
1.9233893952416334	3.12994853519214	-0.34533183214026175	-0.9979453927503363
2.044827402394132	3.2639567719849705	-0.45630175111261406	-0.9905016524873079
2.168190244941959	3.398238251064461	-0.5621265707821954	-0.9652595303519071
2.296239197636117	3.5331203985887694	-0.6630271488958448	-0.9224461404422386
2.372207064346048	3.66848032059694	-0.7168623289707057	-0.8626756115451115
2.4606847640469507	3.8038338202350896	-0.7759985419728391	-0.7871556580583872
2.5571585554116734	3.938764830220796	-0.8336610087795135	-0.697544925759275
2.660025258837136	4.073144675803716	-0.8848998314008749	-0.5956805575879849
2.7675840044869187	4.207147399843661	-0.9290159759090477	-0.4833771435959295
2.8784262615724554	4.341185442546381	-0.9636066338742827	-0.36233935746257984
2.990875464677229	4.475860464972838	-0.9868784257816039	-0.2341406902836607
3.1033246677563735	4.611978841584955	-0.9979453927503362	-0.10020475914206686
3.214856014023317	4.750704665310769	-0.996776217261796	0.03827700713022472
3.325597399350583	4.893740354835442	-0.982624623186708	0.18012369285951704
3.4363305641649387	5.043599731013911	-0.9556038588326868	0.3245700574354201
3.5500750701643096	5.20396275712992	-0.9160879697178081	0.47108380406291583
3.667596661539724	5.295518001416971	-0.863108941536044	0.5496679749799014
3.788789574216734	5.408050340082495	-0.7961476166452046	0.6401072274733184
3.9136441198669285	5.530013092864456	-0.7150089951716185	0.7288417826655076
4.041534913682986	5.656302523919278	-0.6203771369308048	0.8091868439435126
4.171787609210623	5.784619147694327	-0.5135941009745093	0.8775393385501806
4.303970384389094	5.913837263448604	-0.39634596717460047	0.9317461896747152
4.438003033791864	6.043388565631231	-0.27040853339942256	0.9704773464902939
4.574171624639112	6.173017574704579	-0.1375017903976838	0.9929463639364859
4.7131137835017025	0.019454350496180866	0.0007568612185363914	0.9987544092524256
4.85579754893738	0.1491100531773293	0.14281261631470185	0.9878010152763048
5.003487461303228	0.278909487981087	0.2869517437874912	0.9602246017903592
5.1576782448132885	0.4089355167528462	0.43007609556063253	0.9164019792440241
5.320051029243734	0.5391776894336198	0.5697755013739076	0.8570002607732379
5.492371449709635	0.6695404921731674	0.7024855335051282	0.7830171061825535
5.676361163613164	0.7998957958126434	0.8201220366315933	0.695766979494068
5.814939561464646	0.9301377051973228	0.8906858619948737	0.596819837765519
5.961252971518666	1.0602486104415882	0.9466770348654387	0.4878945631191022
6.09118985567982	1.1904254264392244	0.9796087166088918	0.37067370464180727
