5.783871768146689	0.966779768504494	0.8772152848344384	0.566787619146501
5.8587088959549165	1.2186156071234255	0.9096636565063138	0.3442362313594705
5.936468227136654	1.300651248345127	0.9388725077051003	0.26663185781209814
6.022698422250151	1.304824645236447	0.9660257391216402	0.2625658836447079
6.103612024608327	1.288291832416687	0.9819816948704962	0.2786731438909723
6.170165830526601	1.268544269439332	0.9927637772105381	0.29741185336818754
6.277509622075309	1.2517862162650641	0.9996366066883897	0.3131279847410874
0.09511470038495728	1.2277014811050475	0.9939101544006286	0.3357152660869622
0.18081891679342016	1.2080622010159547	0.9817437442398045	0.3541334858371715
0.2416936039502666	1.189726016504844	0.9701149932433776	0.3713296291873334
0.33099928260892897	1.1704947875132232	0.9438219223564533	0.38936516816979255
0.38254982730768294	1.1485879005714463	0.9275890486164419	0.4096266571258026
0.4827698781809436	1.1222311428756813	0.8843883935821881	0.4329785340832457
0.629399577143512	1.0892808176971231	0.8078147854944346	0.4621722592052497
0.7408896053694907	1.076688899108401	0.7367982649215333	0.4733285985750664
0.8241620506906643	1.0505440745303687	0.677815509456251	0.49649270448169847
0.8902284655560432	1.0136802080203493	0.628941496019755	0.5283475280124262
0.9460586757022865	0.9651542557575084	0.5837708436948594	0.5681199064081717
0.9957094145048453	0.901119526969255	0.5430765784780212	0.620603440374502
1.0435575451733277	0.8144811805875469	0.5026827137304992	0.6849771357751733
1.0907286943170411	0.7955373125019142	0.4608894520759299	0.6989912587640327
1.1394733232572964	0.7313053392173562	0.4177020998800276	0.7430068028562654
1.1913607814718266	0.7549767828842624	0.36979650474156767	0.7276728113285852
1.2469274904467482	0.7346089886627867	0.3176846222258523	0.7408667503390006
1.3075143189877736	0.6851757041464068	0.25994544176573225	0.7728888600432477
1.374254425348385	0.6139394246608323	0.19492321755419958	0.8162430612382152
1.448060307988703	0.5198611291938007	0.12224968658461294	0.8675309005133656
1.5299073668196408	0.5133294221416702	0.04083663691277635	0.8710917339640463
1.620903747866379	0.4802588672117486	-0.050014445896070285	0.8854771341523686
1.7216541465866726	0.435549365153477	-0.1499716789719174	0.9048625726711857
1.8331086521049484	0.3864563239201928	-0.2588418689728397	0.9261486547950533
1.9558049551781993	0.3362203894539218	-0.37495425985554554	0.942177835592809
2.0905875600980934	0.294607494327037	-0.4958106515301307	0.9552814192018371
2.2385435817635537	0.26093063344303896	-0.6179497974849921	0.965886006095816
2.386937320710835	0.28703938765775894	-0.7271028920755084	0.9576645583273544
2.491842100057999	0.3253325498184563	-0.7946213080951875	0.945606333334915
2.6105759213384205	0.4134067088674258	-0.860650794631586	0.9144633305037623
2.738105659609911	0.5191908583213786	-0.9179613029496465	0.867896306206623
2.8704344458031517	0.6432213423591508	-0.9615808617005903	0.8000662404027911
3.0050681549570792	0.7859583493474058	-0.9886921035776721	0.7060774972843928
3.1403888349128612	0.9455670400015708	-0.9979453927503363	0.5841737934611168
3.2757057131995437	1.1219387303648916	-0.9890002603348678	0.4332376092339755
3.4115495112392344	1.3137447502268431	-0.9618853809424064	0.2538753810623168
3.549798453962862	1.5179885712167622	-0.9161917035486944	0.05269223089874906
3.693348344544525	1.7318558972145446	-0.8504807944335531	-0.1600357631010081
3.8452053847465786	1.949264941653811	-0.7624278389104372	-0.3689780851980927
4.007663564935567	2.1660116033336982	-0.646840684761187	-0.56026479729764
4.181451141827236	2.296190830762015	-0.5053360613205675	-0.662989360052662
4.365031053137645	2.4287359623234135	-0.34031650823168413	-0.7561615599308686
4.55430849043766	2.554901647250717	-0.15709688353049123	-0.8323120528602332
4.760622773155151	2.6305047484022186	0.04814252237437301	-0.8704235213188019
4.961151593042058	2.704836569065572	0.24579977406568257	-0.9054850626057986
5.141943486985854	2.778832122456077	0.4161352257092373	-0.9332341321887374
5.315744769012221	2.85155062738271	0.5662460454145354	-0.9567941755464723
5.481089613776329	2.9211274646618546	0.694139559198572	-0.9744305706989954
5.639622278461347	2.979298436136438	0.7998449013155293	-0.9853990022759216
5.79245121351783	3.052203916728248	0.880935216909527	-0.9947155623328099
5.941747681845363	3.1057169938367934	0.9405349677664514	-0.9979453927503362
6.089376949116016	3.1464897916721632	0.9792624012519693	-0.9979453927503363
6.208194651122844	3.1665181219680445	0.9951986231893406	-0.9979453927503363
0.043750423424464314	3.172123289700421	0.9971988207660458	-0.9979453927503363
0.17075575444022004	3.16621245151035	0.9836660869196194	-0.9979453927503363
0.2970917885104105	3.1507393603357867	0.9544991338923916	-0.9979453927503363
0.4216033351483277	3.1767372643285823	0.9109093836353079	-0.9979453927503363
0.5429249755788603	3.1890000797230886	0.8549573856490553	-0.9979453927503364
0.6597669956012948	3.1912218440345264	0.7893482246279582	-0.9979453927503364
0.7709703613753749	3.2392822967487525	0.7171651751464914	-0.9936547930817374
0.8754001732108072	3.2866591084304866	0.6399110356988505	-0.987600530662043
0.9718263757415968	3.330090049441731	0.5626513670321358	-0.9820505093608475
1.0588008074878024	3.3729708745056968	0.4891773049808169	-0.9716643261846079
1.134954747224399	3.4486803131056187	0.4217055221810956	-0.9524734340983971
1.1991548167431298	3.5537884311622743	0.36248705889036914	-0.9146954223551944
1.2518123629440054	3.6559954572078786	0.31310346371606534	-0.8687979566905597
1.2928844908113335	3.7533450418033034	0.2741986999599101	-0.817332843688276
1.3238457845697986	3.8420116221483362	0.24403434610400768	-0.7643367535203474
1.3475011687442675	3.996988824243848	0.22098784861580434	-0.655180816504354
1.3266715745740372	4.1322585701509995	0.24128129158776934	-0.5473739188720979
1.3095384131307302	4.254167529640821	0.25797344755767015	-0.4418551327605041
1.2938549041747087	4.367652264548604	0.2732532649174438	-0.3378053583395673
1.280639089990096	4.475197288562922	0.2860690209561668	-0.23477602071265732
1.2725394885385375	4.578278867872414	0.2936650345955246	-0.13344997194549973
1.273007239979919	4.67850293331407	0.29322636531657137	-0.03381251150569766
1.2716185581987787	4.778387988457355	0.29452870664945763	0.06581353433848842
1.2483239890344036	4.881635199889315	0.3163749500916595	0.16833012311646744
1.2447231700439472	4.993985106306541	0.31975189034334345	0.2777881567272286
1.254602167454905	5.123810719148712	0.31048711361011566	0.3997939759877436
1.2755627992853185	5.163771975462951	0.29082969636241357	0.43547509228038395
1.3066733764695628	5.2517360775814925	0.2607647385267033	0.5134105846901426
1.3478630855372058	5.275082244649187	0.22063524751671107	0.5329186148319689
1.3996791339591093	5.344779099860734	0.17015293782364377	0.590042886880305
1.463217272655491	5.445839905201445	0.10717309452477651	0.6680628493599656
1.5138649979589107	5.5745856101409705	0.05679393814714716	0.757715163262948
1.5805815450947989	5.7336838881086765	-0.009740565043209835	0.8513721636257612
1.6598966256907077	5.850845466490694	-0.08896059485780312	0.9062541792943539
1.7504400734201135	5.932632902355462	-0.1783691570080992	0.9376647931544811
1.850613096121325	6.020707292773736	-0.2756113224093325	0.9653987476207831
1.9596528046960644	6.108304104285344	-0.37847037196886235	0.9828780120224652
2.07607222139055	6.205151090873877	-0.48340646691225886	0.9950037551835162
2.198722856738758	0.010469343975906686	-0.5868380260231459	0.9993296862831724
2.3265438423522666	0.0898556695377459	-0.6851169815160754	0.9942468708675072
2.4586239423318594	0.16073357297968435	-0.7747667870883267	0.9855806011140873
2.594062575398714	0.23108043510035145	-0.8525529564575894	0.9721424023949138
2.732002915125848	0.3465777918119348	-0.9156727129793618	0.9389163685077447
2.8717305256724805	0.46202490889545955	-0.9619093931144718	0.8933831331374256
3.012489399879706	0.5740910855126564	-0.9896404612794153	0.837966830822556
3.1535714823027	0.7653618559613748	-0.9979453927503363	0.720945523174149
3.2946535647160355	0.9351072195854007	-0.9865789225263871	0.5927467717571454
3.436254942230725	1.1477948503945263	-0.9556230275440878	0.4103292932529879
3.580089519597475	1.321970023086618	-0.9048322522097697	0.2458618257167568
3.7289701543010145	1.6011838343343647	-0.831901734592579	-0.030318164606179556
3.8861904586564875	1.8333839799677987	-0.7340949460961033	-0.2591056361494216
4.054526904872418	2.0476403775638885	-0.6102265467426995	-0.45887220924069805
4.235143939843395	2.251873678049454	-0.4592386281947566	-0.6283645478179682
4.426686263886239	2.352204998001136	-0.28125012572913755	-0.7029567717584644
4.624752779741119	2.4563700342207	-0.08749825117331689	-0.7734196243013509
4.824504071366565	2.554099834779229	0.11168507819339035	-0.831832808866934
5.057448485561292	2.643553494814817	0.337557774060635	-0.8768223842269338
5.265095306144584	2.726008601888084	0.5247332155003152	-0.9134247858065112
5.464747750389684	2.8044413257829564	0.6820503236563715	-0.9428378385267508
5.604173417523349	2.881838393993719	0.7768816828089574	-0.9644715440663443
5.741235038594295	2.9592354621824835	0.8554887581125801	-0.9828351634500267
5.873636968229054	3.0343242370038452	0.9161362677847302	-0.9924307257389333
6.001868244009657	3.1016615130653906	0.9594664747077367	-0.9979453927503362
6.127429602275951	3.154101869330496	0.9865315117643594	-0.9979453927503363
6.248314919484677	3.2120500503402165	0.9977673769018589	-0.997134790155889
0.08915411817746972	3.2530620836049713	0.9942917886293972	-0.9918938800368613
0.21767675838658057	3.2841732589958865	0.9747028758235402	-0.9879181962937873
0.3431070295244178	3.309740309064059	0.940009285106863	-0.9846509939448825
0.4819901083185569	3.3317721899902106	0.8847264913025882	-0.981835549342522
0.6084745212430831	3.3466545996791672	0.819222314707385	-0.9783349976312128
0.7648484234786372	3.3595093257083835	0.7212781167181305	-0.9750765708803804
0.9015759218182331	3.374246663464715	0.6202293743791949	-0.9713409381277147
1.0226646044640684	3.3947281368191216	0.5209838226474806	-0.9661492770590323
1.1309727253199493	3.424459160171787	0.42523356180675465	-0.9586130322879054
1.2284660345332958	3.4664441548349703	0.334998248304825	-0.9474503960045814
1.3157717562062152	3.522541898655026	0.25190054996815125	-0.9264131832886568
1.393345270324804	3.593659211187681	0.17632376858513224	-0.8993664940717228
1.4622153733462127	3.6793776777651117	0.10816968107776366	-0.8573317499682815
1.52429848895386	3.7777264844465033	0.04641577266685761	-0.8027600347706985
1.5832559928316754	3.8851324736103297	-0.012411807735786241	-0.7348304636839041
1.5669895544792989	3.9989288103614444	0.003835137001214753	-0.6536651131942752
1.5576797509259577	4.1162445189792205	0.01313378373425154	-0.5610588387500998
1.555602581608619	4.234744088970039	0.015208463782651036	-0.4596040064385778
1.5592773322301343	4.352878592975639	0.01153811696322592	-0.3516543169805498
1.5716432302456016	4.469848836586369	-0.0008129618241802215	-0.23989989761467193
1.598866508654973	4.585609702079619	-0.028003615997865966	-0.12621806294390536
1.5829413651673963	4.701017502064291	-0.01209755711966854	-0.011324924097923291
1.5103251883873035	4.799506495222538	0.060314977224157615	0.08682005631773607
1.4867493560324525	4.9036914692649525	0.08376579436989062	0.18981866682455878
1.4879150374114345	5.0127138457183325	0.08260629423190004	0.29560448334242384
1.5053014149876591	5.129440466277316	0.06531211113669223	0.405057649151744
1.5367603999561292	5.258990195398848	0.03401994325129584	0.5197294028309184
1.5813035849140529	5.299867154784529	-0.01046173957368842	0.5532325866025384
1.638318936902928	5.370881224040941	-0.06740876466038047	0.611436461069325
1.707301598013998	5.459076162614167	-0.13581280942382032	0.6778546478699421
1.7876903222992833	5.557657163677604	-0.21511673614665433	0.7467491800175341
1.8795318079349541	5.6642782965232445	-0.30331577224780243	0.8135349259466643
1.9813936275056796	5.776410408977174	-0.39833683766078865	0.8739801398923426
2.0925055754409647	5.892475031531861	-0.49744970500950436	0.9243041985636101
2.2111959272423056	6.010949162252375	-0.5965831855774292	0.9623259866709727
2.336135459633336	6.130508711614704	-0.6917851317241541	0.987119706915143
2.466143027054318	6.250291258853968	-0.7792609503951902	0.9978939146669175
2.600191627517066	0.08677753938221273	-0.8555585297917654	0.9944439522577244
2.737264924841861	0.20619335920065346	-0.9176460190371618	0.9768965230677823
2.8763736234468733	0.3246305124101289	-0.9630863294381575	0.9458273995656742
3.0166083623754303	0.43995495495365006	-0.9901668217279298	0.9029523682117606
3.157188820420943	0.5887812512403694	-0.9979453927503363	0.8299583220052136
3.297769278466587	0.7250320634363052	-0.9861807668041911	0.7470705329367389
3.4388919585246422	0.8426325246183448	-0.9549545944390218	0.6641515897058097
3.58233762725543	1.0404107473876798	-0.9039891894448855	0.5054707514530682
3.7310694722670266	1.307000554143984	-0.8306469704662872	0.26044598236547883
3.8887388754139596	1.501254227898826	-0.7323232713895709	0.06933783726785343
4.0589842817698445	1.751416692051119	-0.6067440161944562	-0.17933259675711863
4.244335397469292	1.9598117066471867	-0.4508396002838666	-0.3786155743923399
4.445338999435395	2.149452845856224	-0.2633805961421282	-0.5461143948212298
4.659231670919268	2.3311711728052322	-0.053060679319573145	-0.6883339295675464
4.882119651364259	2.443250002881715	0.1688021048698857	-0.7655777704580965
5.104635127392597	2.5624395432588254	0.3818106150293868	-0.8368174596884617
5.319301249650375	2.685602579316311	0.5691609741712482	-0.8974424743589434
5.522041840753469	2.812822062567848	0.7236781300359995	-0.9459806983006747
5.713304456190715	2.9131604240214624	0.8402620874542224	-0.9724110785457889
5.889842898747658	2.9956336697605255	0.9231629412041563	-0.9874864747658734
6.062867407616618	3.0717140166977965	0.9741983447200373	-0.9972087496296592
6.205263752102886	3.132654046841466	0.9950109684690225	-0.9979453927503363
0.056235242540864025	3.1817935390847665	0.9963994635641913	-0.9979453927503363
0.19054952407905218	3.194739958602882	0.9798849287870517	-0.9979453927503364
0.3241642049856061	3.244063753933872	0.9459742362206609	-0.9930437727213614
0.45651550061987506	3.262659536480663	0.8957719384357311	-0.9906674256553292
0.5868012945788293	3.2438103424165408	0.8310377176142083	-0.9930761560703381
0.7144035585517045	3.1937982827992992	0.7539555124143626	-0.9979453927503364
0.8388475773517349	3.2127893863103067	0.6669515836806857	-0.9970403107297656
0.9596962675407205	3.2109744258828345	0.5725933306794113	-0.9972722437433905
1.0763569771383523	3.23349896067482	0.4736226787913629	-0.9943938431150763
1.188077250474101	3.2459587108581682	0.37287588418920437	-0.9928016169897604
1.2940046875971547	3.2540521099696273	0.27310733690191397	-0.9917673649928709
1.3933712600504145	3.327068667289676	0.1762984478318701	-0.9824366104885807
1.4857377209904066	3.424163929767111	0.08477206503012263	-0.9586878675388528
1.571345762096921	3.5240564234658005	-0.0005158501597864393	-0.9258452213986028
1.651577216636624	3.6304049349697105	-0.08065115574039143	-0.881347073546064
1.7093554880565158	3.7422713543044206	-0.13783898345353313	-0.8239515960851606
1.7181673129427104	3.85959303413988	-0.14653189805420846	-0.7525856361046399
1.7341543679504448	3.980510707371479	-0.16230321735451178	-0.6680551025937081
1.750568786471191	4.1030770176945515	-0.17849613315384188	-0.5722945398887684
1.7650720719454498	4.225691600351683	-0.1928037054995508	-0.46753006683617093
1.778066286858205	4.3470993605408905	-0.20562257128481756	-0.3569353003129661
1.7915815554153867	4.466246284254033	-0.2189554594084615	-0.2433511831015529
1.8087242740525042	4.582110741881158	-0.23548136166705286	-0.12966980677554163
1.8333240235991497	4.70956264324932	-0.2590481972766794	-0.0027900233657817027
1.8697092395614867	4.83113768364047	-0.2939056417225756	0.11828351451197117
1.922609415301639	4.949886182054072	-0.34458460262112384	0.23482433337432285
1.9972219960069737	5.067574146798662	-0.4128005836994646	0.34705387844633667
2.0098931471607875	5.185514981509548	-0.4243793078295891	0.45473922210036755
2.0618596813447807	5.3047761003681435	-0.4712610410170302	0.5572560097848
2.1420602264705897	5.426168661021818	-0.5397969800149596	0.6535106346786226
2.2447259352541407	5.550168612854519	-0.6227800452711818	0.7418982137439257
2.366501886603227	5.67687766966528	-0.7128960549797694	0.8204036157062786
2.5060497337350958	5.806038263708856	-0.8031132227770703	0.8868263790563773
2.6614889751531434	5.937104095348714	-0.885617610699083	0.9390727377601265
2.773851110935783	6.069368426048601	-0.9313662032533239	0.9754402192675635
2.8942697414011773	6.202132800697082	-0.9676226524485292	0.9948105051277796
3.006711808147954	0.05176030741331343	-0.9889021453130968	0.9966859772564354
3.119153874902138	0.18467767217716896	-0.9979453927503362	0.9810066151043705
3.230599355869482	0.3183575432037557	-0.9947643823679677	0.9478027097723285
3.3416812003963754	0.4537759318432421	-0.9795956590586743	0.896959778595934
3.4537144577132173	0.591622145829848	-0.9511973748949822	0.8284095764164514
3.5694587862034757	0.7315832743060425	-0.9088188831240755	0.7428267608463597
3.6897426907092656	0.8718571313551947	-0.8522489401125686	0.6425320750818732
3.8142724070490877	1.0089314397826243	-0.7809165058787533	0.5322396681654207
3.991611658276347	1.1366957567587932	-0.6593819745342273	0.4201630016291295
4.167111171371604	1.3174292078389478	-0.5175903837673489	0.25028576093708504
4.395666125239944	1.4663302005892647	-0.3109677660115667	0.10407667346680487
4.616759713048693	1.6619167561658792	-0.09548173901606465	-0.09097830441908808
4.845756136763536	1.828406660752573	0.13282445058509215	-0.2543373085898488
5.078983840799569	1.9830412069315273	0.35775418163657724	-0.3998423731423552
5.305576001152576	2.047887381583368	0.5579116168402821	-0.459097918125855
5.5146227625829765	2.1207113338318164	0.7188721670617775	-0.5215531339005838
5.702182001374516	2.189836195501118	0.8341985563057626	-0.5798949135280285
5.871883415835497	2.254902823368538	0.9153759510612176	-0.6307312068085662
6.030509343190022	2.3209589711703655	0.9680170583509804	-0.6812343453722013
6.184796999397679	2.391644418724481	0.993700557319213	-0.7303752950164693
0.055640606631611876	2.4744330040455287	0.9964375359216767	-0.78421587666399
0.21035506376504545	2.574544158001518	0.9761015222495388	-0.842981487049021
0.36373882547364544	2.6496553385806108	0.9335124897649199	-0.8798146150903106
0.5118499050684581	2.745666707710124	0.8717796852002712	-0.9207967713019878
0.672529999158871	2.862591158992667	0.7810805502446997	-0.9595927387721321
0.819791355629138	2.952172195930184	0.6810488226245097	-0.9819325516888373
0.9560944224258304	3.0474510545541795	0.5755454406360864	-0.9941081961166163
1.084305121167474	3.132284776530745	0.4665806866180272	-0.9979453927503363
1.206106492246561	3.1865190253476916	0.3559675995989132	-0.9979453927503363
1.3219806546598205	3.2114362734583493	0.24585146779894412	-0.9972132244400476
1.4317081613667666	3.2219723785966243	0.13851512292634813	-0.995866820088967
1.5347505404815278	3.2672863419667193	0.03601914507450523	-0.9900761681691639
1.630595736140953	3.3077689990793315	-0.059694819342151734	-0.9849029068012873
1.7190724688245203	3.346494978840634	-0.1474248394009208	-0.978375458455433
1.8007334252877127	3.4166725630398522	-0.22782603904418866	-0.9605867854690301
1.8771117884656894	3.513847412593811	-0.3009973664893977	-0.9296737021664238
1.9486211182802142	3.6487684193121117	-0.36838976822981484	-0.8723419618589212
2.019246133877142	3.7584703510174355	-0.4329259388078484	-0.814269442030135
2.093568702486194	3.907603287673761	-0.4983582076911829	-0.7192086181617205
2.175179132265799	4.124826284823782	-0.568098973520091	-0.5537252304872787
2.270458834164848	4.295783961912675	-0.6428850551488823	-0.4038266077507001
2.385594240480482	4.4427870842878425	-0.7261691745954364	-0.2658253594377079
2.4564569592713985	4.579084875201267	-0.773471579477774	-0.1326548412015588
2.5557688867016806	4.7106359612789275	-0.8328304026145781	-0.001717991594935072
2.6279123552708468	4.840134918118948	-0.8691522598713716	0.12723303949146425
2.7220137258938584	4.96883324246977	-0.9119266675161599	0.2532836987796208
2.835814425716115	5.0972981158490205	-0.9528053499308669	0.3749297777325826
2.9288369419401254	5.225734923815032	-0.9763847754748389	0.4903737699758839
3.0218594581366274	5.354121044681672	-0.9908378570002652	0.597699642637678
3.1079923763632555	5.482278529928805	-0.9979453927503363	0.6950190848112354
3.1803365742906875	5.6099368016537765	-0.9979453927503364	0.7806151130411956
3.2435173024014707	5.736803538432119	-0.9931136035280232	0.8530728760333269
3.2982515309557128	5.862647752502602	-0.9861191399657003	0.9113714917074325
3.35146828465098	5.987395633866089	-0.9771148207214455	0.9549091600465276
3.4437541108609535	6.111212982946582	-0.9537221319809928	0.9834336883997942
3.5365746224282146	6.234502054065223	-0.9211507720953062	0.9968829897634993
3.6508894004691284	0.07318213122547847	-0.8713018720889663	0.995314416404695
3.7608207218811485	0.20051414387458424	-0.8128646233742594	0.9779814104646044
3.929051277446617	0.3264537733712264	-0.7042978462579028	0.9452532685812289
4.085591529372134	0.448538164764403	-0.5859558812191208	0.8992308039263075
4.267175212055174	0.5942127515508159	-0.429968890980274	0.8269972786151074
4.44185887750142	0.7259843392247473	-0.26671459193602604	0.74645366355279
4.620090944354096	0.8418064305211413	-0.09215449984098513	0.6647627101077386
4.806836920339957	1.0236078085726765	0.09411161050092116	0.5202107626875483
5.004110291088991	1.1754519151276126	0.28753584950873523	0.38471624696099727
5.2102757820607435	1.3109617464941605	0.47667709376552375	0.25658675062037933
5.421623205026516	1.4359632924593972	0.6501480384511433	0.13428255545290865
5.6321705477877435	1.5523098491020972	0.7950177865597304	0.01849725029561068
5.7915843839464065	1.659955186294094	0.8805593712706913	-0.08901908528246597
5.946299654055607	1.758634420478809	0.9419683491320361	-0.18645292627377466
6.096468639452268	1.8489624720027846	0.9806171104901714	-0.2740300060149861
6.244963293709449	1.9329823468238692	0.9975527845896778	-0.3540992733703493
0.10400791479997784	2.0140458887769546	0.9933407544818948	-0.42817402616051314
0.24570201587370255	2.0939682158567754	0.9693492755645556	-0.49869961464735846
0.3845515152350979	2.176915212185196	0.9269587323398145	-0.569582552805801
0.517276368272564	2.2673866250334624	0.8689400119564991	-0.6404847505758454
0.6835765874982643	2.3674447825472447	0.7739247428343201	-0.7135515619293333
0.8356866931890311	2.4805398476797107	0.6692899139102582	-0.7878659422763004
0.9763110644873466	2.6093463885631385	0.5589756691948842	-0.8600478545926495
1.1091258762932328	2.7545185606369307	0.4445896956783231	-0.9241163043218652
1.2363092973441767	2.850939854665415	0.3276426356064921	-0.956639356365092
1.3587828835807856	2.953536377312239	0.20999652373497396	-0.9821068798418271
1.4767262483234505	3.0561329000258466	0.09373575269746713	-0.9952176454211792
1.5899254830301275	3.155109566796553	-0.01907330525176765	-0.9979453927503363
1.6980879467805594	3.24979744510751	-0.1267234908811685	-0.992311066788512
1.801158161815549	3.3410700172128385	-0.22823294139536665	-0.9797505822853826
1.8995835479909915	3.4347687791252453	-0.3225255638227754	-0.9559997414163235
1.994503643840821	3.529726667859882	-0.4103165907742492	-0.9237188232701468
2.0880439281903507	3.6262764818073867	-0.49363697302222564	-0.8833715903059918
2.183197937442556	3.718702491342891	-0.5747084693461573	-0.8380387254387935
2.2775154815886354	3.7984621754960015	-0.648398385250205	-0.7903662946684268
2.379676940535474	3.958767647049643	-0.7220554319696286	-0.6836388468060737
2.492820138076324	4.160923902729439	-0.7952058822470848	-0.5228777576319285
2.5543410653989	4.322906475338349	-0.8319769926126204	-0.3790424269876954
2.62814614770773	4.468585086313051	-0.8692669073405821	-0.24111058453188755
2.712001995475218	4.608907629957648	-0.9081721688834337	-0.10323452661266297
2.8012431801214377	4.748831147181874	-0.9416385020473071	0.03641342367753295
2.894346243849482	4.8916718507432995	-0.9676420443533813	0.17810843180891212
2.9874493075558974	5.040560539413767	-0.9864405986343701	0.3217198257313807
3.077437671381175	5.199300383992241	-0.9979401730037282	0.46695297867469765
3.162060407591204	5.292824504323447	-0.9979453927503363	0.5474603565692165
3.239284305600924	5.406424775181949	-0.9936545363713813	0.6389046818084286
3.336518572398154	5.529033093438602	-0.9809042863398602	0.7282069543422065
3.449421220481368	5.655833392252197	-0.952285628274489	0.808931091546845
3.600591411632833	5.784646071171536	-0.8959670717136186	0.8775510122076383
3.7472989288469436	5.9143878043938285	-0.8209466105230163	0.9319195508235596
3.8898848210232644	6.0444863890148985	-0.7315266030875303	0.9706870611576373
4.029307858111351	6.1746723077146575	-0.6299300860134525	0.9930523104252912
4.1677850704946655	0.0216656063504802	-0.5170144985396808	0.9986128306459758
4.306868695689039	0.15187959797956074	-0.39369753006119856	0.9872719555244966
4.447959961603906	0.28223826233629856	-0.2608696850270693	0.9591763961092571
4.592365400006179	0.41280533754431536	-0.1195535291042062	0.9147240770179137
4.741225102713833	0.5435130078788278	0.02883449197148803	0.8546368132371126
4.895288284169744	0.6741587891480011	0.18163177868267602	0.7800254455267476
5.054563904648567	0.8044517995404649	0.33485254021821254	0.6923965803606505
5.217978266552591	0.9340427593393331	0.48350143354951547	0.5936192145165273
5.383305697296691	1.0625221480017601	0.6216196893966933	0.48588022698655914
5.546250027082286	1.1893796585078236	0.7393598150776918	0.3716544525857689
5.7036868613615175	1.314095477083241	0.8350189476272867	0.2535336818721704
5.8541481123883505	1.4363343098675672	0.9076861621179382	0.1339135054331291
5.998473024478272	1.556314227337103	0.9583973459469317	0.01449767088671805
6.139024565573826	1.6753298714950575	0.9887464708434309	-0.10427252215588742
6.278545340354795	1.7963165086684385	0.9997029199331456	-0.22359458344865563
0.1350975874037544	1.9243322344938592	0.9904777842740168	-0.3461949193658886
0.27408232442895863	2.061177078208529	0.9617446388127027	-0.47067771771377126
0.409445856763638	2.1427482529597754	0.916180702682053	-0.5403849378825504
0.5697992240362652	2.26058657943438	0.840306587304108	-0.6351719024426924
0.7181754566214792	2.325700780311037	0.7515121357509418	-0.6845308796981114
0.8529409031010132	2.426381621987487	0.6565257509268019	-0.7545248083236207
0.9748767381633797	2.555965209593373	0.5601512580631004	-0.8329477449732172
1.0837288087779184	2.6408332912610306	0.4670912947954554	-0.8754884469219613
1.2639172233630716	2.743213954700322	0.3017512156584703	-0.9198769644917113
1.4216336593562373	2.8580599301756195	0.14853620302766762	-0.9584441590857153
1.5703049134455525	2.954837031715597	0.0005237511439552915	-0.9822730899094897
1.718599757374099	3.0516141332479365	-0.14695850690766943	-0.9946401941551327
1.8181071424572208	3.1457845012501324	-0.24447025469709865	-0.9979453927503363
1.9319557869480788	3.236404789224585	-0.3531612170358817	-0.9940225085325574
2.056558530978242	3.32198039050533	-0.46673090574712645	-0.9830868391937839
2.1931431960046113	3.469920015215726	-0.5824786596508033	-0.9461469137391383
2.262940193931256	3.615658935258827	-0.6370107719331524	-0.8885782379514198
2.3550290183297506	3.757921238633726	-0.7049200477306028	-0.8145976469669458
2.464604555260975	3.8962606313614416	-0.7783414045013083	-0.727094101269813
2.5910111225120773	4.031848628433685	-0.8510565806315286	-0.6279449924332561
2.733524455244505	4.165530666946288	-0.9162433056797505	-0.518941014922156
2.8372042977572947	4.297956515840496	-0.9531576558632471	-0.401841357769645
2.9471544464959636	4.429591622608448	-0.9810279119148986	-0.27846675953008526
3.0457060336329804	4.560742716475587	-0.9938852006424639	-0.15074948350932577
3.139537285329878	4.6915857997063375	-0.9979453927503362	-0.020745323552676817
3.2267617482976747	4.822189996331466	-0.9952547885915779	0.10938327396892783
3.3083702869177984	4.952533943743879	-0.9848260684866219	0.2374039420031007
3.3866779637851097	5.082510862441565	-0.9681898416811983	0.3610619128452236
3.469195686014656	5.211926287025306	-0.9464185444045021	0.4781394279909623
3.55988162887609	5.34049627787084	-0.9124104125188469	0.5865326411490921
3.6588489050245117	5.467897581746754	-0.8673986788736106	0.684380477341596
3.766949682197668	5.593745171990903	-0.8092013386021841	0.7701264282121856
3.8825326797594344	5.717654390952801	-0.7366378560557854	0.8426335032396352
4.004554321113458	5.839355197105021	-0.64926992438835	0.9012721530921766
4.131424177826885	5.958851594541044	-0.5480869546916944	0.9459208595523028
4.26185602784828	6.076561853671833	-0.4348294885519798	0.9768143631449007
4.395135972051511	6.193292710119038	-0.31147565870437754	0.994244506533589
4.531092589419414	0.026671219129900642	-0.1799994999051682	0.9982923396090118
4.669943761376045	0.14307453494011776	-0.042361426176454386	0.9889539663959399
4.812084914044702	0.28945966557925684	0.09933177574894086	0.9569024312510063
4.957828946585215	0.43168946860319435	0.24256265212096786	0.9065361718798501
5.107120384170079	0.5658432859229791	0.3841413524726998	0.8424632113918369
5.259201802504995	0.6880003837354692	0.5199028382300079	0.7710590767188091
5.4125049221549	0.7958836807282864	0.6434025978139724	0.6987350256176725
5.564797828671166	0.885026148739746	0.7513747912837521	0.6327900187903444
5.713935383656553	1.0652495323042273	0.8406060446475527	0.4834637862626264
5.858177618160566	1.2306889363333282	0.9094333016031128	0.3329135540772158
5.997602067748309	1.3676335063375318	0.958123088308858	0.20137371492206374
6.133826396495762	1.4893617349292454	0.9877534766011707	0.08116726809510327
6.269067156461388	1.6017770708018644	0.9990960665630599	-0.030910690142172646
0.12128482900528864	1.7078221119535029	0.9922345769980979	-0.13632629934026944
0.25602353145865037	1.8095338396207536	0.9673775802631269	-0.23625693454945032
0.387399101178394	1.9089426758903285	0.9257398792611191	-0.33149171318274817
0.53111390298597	2.008301082486439	0.8613963245116707	-0.42292450096651657
0.6622285974941972	2.110176638011103	0.7877536373648646	-0.512550635613352
0.7760437270287409	2.217229017028734	0.7134120466981546	-0.6012968142350511
0.8698339378927625	2.3307830641597875	0.6440287747994078	-0.688064114095448
0.9376564381884746	2.4525259298618196	0.5906574055073961	-0.7711219998703036
