0.35370331990978915	1.1760035943703244	0.9366725940021735	0.3841988680409044
0.5439622104246451	1.4702452716976873	0.8543919254247058	0.10018236274664617
0.7184310859584448	1.539191219745824	0.751346543058649	0.031600158354487116
0.8396822151418933	1.5148083453651724	0.6663341429030389	0.055855593014887496
0.9039443473057258	1.46275260675649	0.6182881880593373	0.10763529644695338
0.9383907538424313	1.4029929103515473	0.5900555527113315	0.16692445762896496
0.9608133623856535	1.344947991719633	0.5716777480518729	0.22347530717708552
0.9772603817205588	1.288187360010813	0.5581975988540403	0.27877492718993735
0.9922786667430267	1.2355493255736905	0.545888455253243	0.3283553565926623
1.007943128259321	1.1849485454645103	0.5330496986345765	0.3758100638606998
1.0250572786447079	1.1369753072724391	0.5190227618449088	0.41991532210521376
1.0437103712715778	1.0901522792837433	0.5025473110271994	0.4614001511948945
1.0634125335131062	1.04403000945299	0.4850913525299342	0.5022641141495943
1.0831568017159237	0.998325598618139	0.4675980884870268	0.5409323265951678
1.139856166796201	0.951848620456307	0.4173629035601446	0.5790253443711151
1.1922688274275992	0.903520278372876	0.36894491599285395	0.6186357593954304
1.2453144396516664	0.8541939891704571	0.31919738256519725	0.6555987542747226
1.3026398591046031	0.8023919892361548	0.2646944336495793	0.6939203681535044
1.366702547933075	0.7467413691671106	0.20228071057141328	0.733007583721124
1.4394497708978427	0.6898105280032939	0.13081456471086805	0.7698864935313497
1.5229951638801995	0.6300512663948843	0.04771218661839184	0.8074595097805647
1.5885793224787081	0.5661447671599139	-0.01772875793217292	0.8422988555098809
1.6704495304814895	0.5030281133622636	-0.09945803841375288	0.8756046953854294
1.7648780535670225	0.43917066560813606	-0.19261230528263637	0.9032924255192345
1.8691849781127172	0.38085486780051303	-0.2934033933823562	0.928122778450629
1.9820056682586158	0.32665570973652014	-0.3988961121062292	0.9451896803584374
2.1018155476591587	0.2833210913215926	-0.5054056071423094	0.9588354215123247
2.227364328360284	0.2482955867777438	-0.6092154920000965	0.9688538317003931
2.3576442142311467	0.2964056227387941	-0.7067381477009256	0.9547152022656835
2.4918809351977353	0.35900225128588303	-0.7946445198910992	0.9350040008866638
2.6291098568885287	0.43938263074074724	-0.8697394924254822	0.9032005202897596
2.768729646251572	0.5382475538362159	-0.9294456029824032	0.8575073346396055
2.910135186282517	0.6538665357341543	-0.971644238742762	0.7931704503817106
3.052591230959761	0.783929887187817	-0.9947650570521298	0.7075780946309445
3.1953664140093374	0.9242884561741598	-0.9979453927503364	0.6016139434889902
3.3381415970579327	1.1401841984765926	-0.9804928806858879	0.41707227010943465
3.481569141584251	1.3451186430658268	-0.9417783753152857	0.22330904837560467
3.6276600369702394	1.5475375443643336	-0.8826931205485916	0.023263835928122346
3.7796007338093953	1.7467266038615297	-0.801639794339112	-0.17470579849134618
3.9408347240715056	1.9361123182790818	-0.6961059230648543	-0.3569593983562441
4.1140863531797285	2.1089990580622495	-0.5629031144884924	-0.5115443263992038
4.300216682679598	2.2608939326435213	-0.3997760483119369	-0.6354120362623282
4.497791191968128	2.391465206575684	-0.21285151499465454	-0.7302507056492881
4.706671375415919	2.502228574896959	-0.005677826318802939	-0.8008293129032052
4.922188104479965	2.579164102175697	0.2078392009185725	-0.8452470218735195
5.14251512138371	2.645040081785467	0.41664168922335604	-0.8775513788694399
5.31481363496105	2.703979733909276	0.5654828782000163	-0.9051637408873477
5.494944939132127	2.760695488790259	0.7043893261790585	-0.9264327139070596
5.679695463094192	2.817411243673093	0.8219397674379314	-0.9477016869274656
5.802200047161508	2.8709144144754584	0.8851621800052775	-0.9617025245627822
5.9282648407912815	2.9114863111931273	0.936289323850048	-0.9719867230199408
6.054971966753623	2.9243331278019236	0.9726900968736671	-0.975243144884242
6.181544860763575	2.983003815374086	0.9934923348039835	-0.9858725110974926
0.024854057247756	3.033417731517596	0.9984086858230726	-0.9923148837921278
0.15134773681624278	3.0660006128198125	0.9873735557350565	-0.9964786362016095
0.27747351573208845	3.125645769246113	0.9606767785102828	-0.9979453927503363
0.4024063304268004	3.1739860454553166	0.9192329465837297	-0.9979453927503364
0.5250733381348691	3.2041149373891953	0.8646894062759226	-0.9979453927503364
0.6443725621352276	3.2228806677200463	0.7993204982105843	-0.9957507502119332
0.7592051206647008	3.234578024200366	0.7249337601488696	-0.9942559500505312
0.8684132358532792	3.2418098970782707	0.6450797688742105	-0.9933317921210606
0.9706984351904786	3.308666182321218	0.5635758389139855	-0.9847882561400858
1.0645969448323942	3.3725003916887095	0.4840419735541787	-0.9717835845642258
1.148570163172424	3.4392023447878306	0.40964237231976885	-0.9548759174683291
1.2211145440597277	3.5119094072449464	0.34189266431292226	-0.9304004734765042
1.2819431928609004	3.587484129292218	0.2848459998911179	-0.9020591999173541
1.3301024871650948	3.665844987233002	0.23793869026585146	-0.8639679300851348
1.3657733332947177	3.8016377048602075	0.20318600733898876	-0.7884682780779427
1.3900072626414521	3.930161537053456	0.1795758563602697	-0.7035259870801001
1.4053720046213651	4.053357719099153	0.16460660095375046	-0.6111400268601914
1.4148375451126467	4.172456530236328	0.15529627961920153	-0.513022469814893
1.4228488803535784	4.287988663068481	0.14732742596430187	-0.41094984491622244
1.419663274283386	4.400046490485452	0.15049613976943926	-0.306771327041517
1.4306003253824329	4.508661231970745	0.13961708440558843	-0.20212815965463707
1.3991846710321043	4.614198184081662	0.17063467333557544	-0.09801536533968358
1.3982728804716575	4.717764867395096	0.17152299451886802	0.0054023712771092205
1.3443026411872772	4.821627216562008	0.22410404646591944	0.10882347844322846
1.3278440349312823	4.929686225013898	0.24013901021626527	0.21514432074994022
1.331814854124033	5.0180098135538955	0.23627039942233827	0.30057117758696555
1.3519315611743206	5.059697404709704	0.21667149394331608	0.3396668680237541
1.3869784149230246	5.124295820655982	0.18252674191004778	0.4002489166027525
1.414651287263245	5.201814133491533	0.15548154980192644	0.46918014066809954
1.459882131983721	5.289083459778696	0.11049054999662478	0.5443941573028266
1.5203539533116268	5.387608425013903	0.050339391679689774	0.624984892868575
1.5957859956366007	5.49894052036192	-0.02492679465032167	0.7073451410376281
1.6872445203265556	5.625751150072678	-0.11602638995590647	0.7908594009724061
1.797238867134176	5.706354854337619	-0.2244782131902497	0.8364734339598271
1.9288731046078398	5.804229267334845	-0.3503443041946446	0.8860420225689479
1.997508381162097	5.914281449153297	-0.4130622785262317	0.9318860603686823
2.09943342509986	6.01083895733978	-0.5033699475822209	0.9622912839836946
2.2238373108764082	6.109312500928278	-0.6064598475001044	0.9830706437059117
2.365759108556787	6.206226821747782	-0.7123796712000807	0.9950726302880168
2.522852921808139	0.01607272052767403	-0.8131565025197017	0.9989709226231146
2.6326510787379145	0.1029531548454192	-0.8714760418552132	0.9934082868953038
2.7534261135919293	0.23963909582476337	-0.9237066257982459	0.9705074611890452
2.8812502267047893	0.37502389248422197	-0.9643224549279326	0.9299589081490367
3.012299557490374	0.5070160363683989	-0.9896162014020069	0.8738755856281244
3.1442852036916995	0.7073261317102542	-0.9979453927503362	0.7585401589932401
3.276270849891128	0.8905305797936218	-0.9889280417597379	0.6287180006880216
3.4088410778686824	1.0589455159382044	-0.9625719169080424	0.48904909444872124
3.544098128579145	1.2898360406205958	-0.918329382347897	0.27716868341676626
3.685219498619398	1.4940423952658353	-0.8544670295117363	0.07651142782518089
3.8357209942229065	1.6899985708815446	-0.7680966671591916	-0.11874327625240672
3.9985700033044487	1.876211024200998	-0.6539454476972055	-0.30013442423428416
4.1756344669680185	2.047645302665733	-0.5103067416656547	-0.4588767097312122
4.366756720622648	2.2007890416233287	-0.33866329945169854	-0.5884523279196248
4.568990166909311	2.3354413867444417	-0.14261332746678018	-0.6913026080638704
4.776368562211127	2.45393584784348	0.06380481647322803	-0.7719647090420647
4.98266836763837	2.5583811168108297	0.26676270952387493	-0.8343917347632313
5.180464318380137	2.6516181491546784	0.45026437487853177	-0.8807771409438259
5.365705762830798	2.737234269827199	0.6071945988899414	-0.9176345231013125
5.537046713385331	2.8191473772905673	0.7333980521940453	-0.9483527543274528
5.695806118508882	2.9004315318294345	0.8307226721602592	-0.9691845482616972
5.844936282295123	2.9817156863790895	0.9036920365361926	-0.9857079016463857
5.987952092957199	3.0602707578330164	0.9550843847744186	-0.9957464204934293
6.127621184053234	3.1304560325963418	0.9865681091891271	-0.9979453927503362
6.266236298346616	3.1852460351286456	0.9989148170951763	-0.9979453927503363
0.12174022597529928	3.2169314660484676	0.9922054195994775	-0.9965109961387673
0.2599564183107001	3.232020623575399	0.966192779018028	-0.9945827591781662
0.3958082225318739	3.2765505176164686	0.9220937973883508	-0.9888923031412149
0.5267731397140092	3.308879330955292	0.8637627403562459	-0.9847610179676703
0.6689753333972415	3.334914469456345	0.7833832072114467	-0.9813108957008687
0.8019563340381803	3.351257555777479	0.6942426532062482	-0.977168236453296
0.9260271056166345	3.3647760333204952	0.6001889282074951	-0.973741561411247
1.0423692892245984	3.3807888333691607	0.5037354990172546	-0.9696826234054339
1.1514707821584973	3.4037179072988315	0.40707244704879797	-0.9638705424871437
1.2533795503395218	3.4371231838724774	0.3116337152472094	-0.9554029449234825
1.3480574777963965	3.4833070653400333	0.22044585889042106	-0.9411266365956017
1.435912874989707	3.543384979467026	0.13433270557464605	-0.9185968203685408
1.5184010531856749	3.6169910749475274	0.05228193619172499	-0.8879249813876902
1.577216165637052	3.7020231127499144	-0.006379218638754732	-0.8462268492076336
1.575808696737862	3.792408975796272	-0.004973436442995336	-0.7939842972556815
1.582392414815661	3.8842222660402412	-0.011549264627188294	-0.735463245478676
1.5881554771887543	3.969301249636341	-0.017305420576216774	-0.6763158227297336
1.5898100146906482	4.139387969805206	-0.018957975288947663	-0.5412814403356232
1.587236155735002	4.28341349051839	-0.01638720083252784	-0.4151305748406132
1.582236759852536	4.41208829757533	-0.011393796200164018	-0.29523514096808195
1.5778086767487092	4.531933442740781	-0.006971019688168007	-0.17916999339445738
1.5776816142129575	4.645983497082174	-0.006844109423500319	-0.06629297661383618
1.5860506975139343	4.755767580437768	-0.015203163258445295	0.043313075213869005
1.6074122657675765	4.862385840951555	-0.036539131919457846	0.14936597269260843
1.6465874133247005	4.967091508966952	-0.07566733218288338	0.25158679728346467
1.6405976129550086	5.0715984391416775	-0.06968470995889577	0.3508279628514934
1.66799503210424	5.178075144859246	-0.09703666201822854	0.4481475862077162
1.7187412777394466	5.288282442370029	-0.1470981175406668	0.5437376350504346
1.7901083974047274	5.404602568707441	-0.2175021807805549	0.637556666422689
1.881561029398433	5.529481143257771	-0.30525978913930185	0.7284971940178169
1.9941284334274285	5.664873186630906	-0.40997372864478004	0.813859236969485
2.053976108870177	5.775576569078259	-0.4645240788011546	0.873618598131625
2.143406350131325	5.898385721471376	-0.5409473194415944	0.926866994192086
2.2501391506748294	6.028318253771275	-0.6270093685930787	0.9675984995960768
2.368207135250072	6.137381957049248	-0.7140815541282528	0.9884326871279153
2.494066146921879	6.247227655894564	-0.7959506227893736	0.9976977633998154
2.6252542907986416	0.0736161143780349	-0.8678487944180009	0.9952866300543086
2.760122453322356	0.18331757816615152	-0.9262178198986533	0.9812664307243688
2.8972685649645693	0.2936137964801761	-0.9683827967641508	0.9555943270824051
3.035594923181058	0.40354514483050025	-0.9925931061798461	0.9187391719812191
3.1742591201837516	0.5482346661310493	-0.9979453927503364	0.8520627482165893
3.3129229502112483	0.6864547979078703	-0.9842442855994109	0.7720602830803305
3.4521601542810667	0.9103182873327049	-0.9515913610344551	0.6130640400971977
3.5937116149353048	1.1072004058206804	-0.8993407962470954	0.4462956471492606
3.740391335771594	1.293032366495861	-0.8250752847545032	0.27405463057735885
3.8956044722480025	1.4744723582608237	-0.7275502670446347	0.09597769109139916
4.062538659778396	1.6509472918179706	-0.6039669950271566	-0.08002198582037436
4.243464925841166	1.818446474143236	-0.4516350253184844	-0.24479533825318506
4.43842092513417	1.9736892136088957	-0.27000818881265576	-0.391296649913655
4.643599724147111	2.115646586412312	-0.06867389284777398	-0.5172250184290672
4.8524847742320985	2.2448430045954075	0.1395174082096705	-0.622871511074188
5.0909740716624325	2.363023254629734	0.3689989271611659	-0.71047768904229
5.305174750239902	2.4726137332982474	0.5575827473923615	-0.783128496997518
5.493862359170147	2.5771036551480484	0.7035884649893647	-0.8442366169164073
5.6587370168729505	2.6814289608674673	0.8105140351166159	-0.8953958093812857
5.804643678061203	2.7906528720007695	0.886221705483933	-0.9376670310131722
5.937068822741483	2.9078666336796597	0.9390616306848663	-0.9710692041235861
6.063255632857962	3.031758446309808	0.9742725064919162	-0.9921028444479747
6.1875655957767135	3.148464256728752	0.9938778203963929	-0.9979453927503363
0.028874704605345844	3.2551240146226177	0.9981512585114358	-0.9916303867575753
0.1522684178916684	3.342971521995547	0.9871976801540344	-0.9792685872559488
0.2695456175958519	3.396993175398371	0.9631732132273403	-0.965575133177512
0.402261417051686	3.421383403349718	0.9192957790733463	-0.9593926777105544
0.553546764495482	3.4301897070815826	0.8491667981382391	-0.957160448444007
0.7308201740306074	3.4230044992793895	0.7433210852873591	-0.9589817609527096
0.8750446402219892	3.4081834375825344	0.6401740486700858	-0.9627386161201408
1.0685012818224415	3.390764294066116	0.4805827621426542	-0.9671540352493766
1.2139332822346731	3.373719812335471	0.3486274355355753	-0.9714744847944686
1.3335065539816526	3.4069691234195534	0.23462224371149162	-0.9630464214941004
1.4365495295777422	3.449888602158754	0.13369942696525122	-0.9521671559743419
1.5265484180769164	3.506478383327248	0.04417777420888165	-0.9324371615434679
1.6047273536323161	3.578596858126161	-0.0338574373689784	-0.9053920151297478
1.6717108888074101	3.666211489475099	-0.10070237546648504	-0.8637882041920455
1.7284566008486302	3.767565455372384	-0.156682338198344	-0.8088332904541305
1.7768830492887802	3.8788709385203464	-0.20445530079588234	-0.7391835206595584
1.8174280383393182	3.9975575614502215	-0.24381966534544353	-0.6547364644244879
1.8540331465845263	4.120744270185944	-0.2788877690613629	-0.5572135447595652
1.8885196798178854	4.246296185883387	-0.3119262541855874	-0.44904785872473285
1.927380209214575	4.3730211436272866	-0.3489801168604462	-0.3326619120449067
1.9742506267466553	4.50052800407198	-0.3918096615387423	-0.2101516345267443
2.034496875481863	4.629099010325915	-0.4468618573110166	-0.08315722908871674
2.1151743517371093	4.759684590425848	-0.5168214669713854	0.047209314532417404
2.225249280989085	4.894014432044151	-0.6075630140403723	0.18039071535450152
2.376066108722326	5.034783815232891	-0.7195451599059486	0.31630226587597565
2.4871988268267584	5.165720827837862	-0.7918460197522788	0.4372017599301931
2.5692430684685226	5.311784990600702	-0.8403819311903354	0.5630005695814561
2.630771078620234	5.4744281294979045	-0.8705541247116096	0.6892115867515405
2.71075980786589	5.565637033742262	-0.9077063361566426	0.751918415222843
2.80656603350966	5.680401709450375	-0.9436346250882427	0.8223247855701662
2.9150476548457105	5.809462888056397	-0.972889455400243	0.8883112500945918
3.022777456170682	5.9470981988555165	-0.9909551675748194	0.9422198048050736
3.1222614377793425	6.089795765900603	-0.9979453927503363	0.9793424068557524
3.210671145939286	6.206722149800025	-0.9973109997571383	0.9951043443274554
3.2897243598144916	0.0392505056806655	-0.9872088235039976	0.9974869340036283
3.3628383340735253	0.1628849520464712	-0.9742327310438821	0.9851696281360721
3.4388769678394295	0.28784107674017106	-0.9549583942905004	0.9574121125437145
3.52240868346471	0.4160187388448186	-0.9264631403119671	0.9133307894508544
3.6130752519964338	0.5489124366105101	-0.8898452282408569	0.8516932540283342
3.7117480219416548	0.686879602686271	-0.8414579343445248	0.7717851011791093
3.874796807020341	0.829315180055601	-0.7420158814610176	0.6740033741324998
4.040301592341424	0.9750442325568037	-0.6213407259084988	0.5600139779050863
4.2124650081216535	1.1224383710735915	-0.4788329441022271	0.43279493155384624
4.39538461596582	1.2697258161191123	-0.3112374550493878	0.2963037686372504
4.591968408937322	1.4154956871778588	-0.11994516301697444	0.15464162747394958
4.804586650735916	1.5590771510208115	0.0918732733674245	0.011738058276425524
5.028598118813984	1.7011251245216166	0.31050116138361783	-0.12971968373237297
5.248359175770207	1.7909778608379476	0.5104186766373863	-0.2183599113268388
5.460366614759958	1.8850760648758922	0.6788092868592237	-0.30862723249892665
5.655758987415793	1.974367200694153	0.8088905289147112	-0.3919161852130677
5.833700869755275	2.056804364899242	0.8988205128332245	-0.46694098485053953
5.999277811480083	2.1352503445582967	0.9586507672417863	-0.5339775476084606
6.159216038962142	2.2130230247237455	0.992062702195814	-0.598010689452501
0.03507942370002839	2.297449394125983	0.997753993092724	-0.6639726705204054
0.1945522635498084	2.3091086500708817	0.979120294703774	-0.6729959306409045
0.35302840062988394	2.344278832910745	0.9368851209409172	-0.6974464539624163
0.5074996763011254	2.39898158969618	0.8736658858607483	-0.7354761405473065
0.6549796462377299	2.470080905590076	0.7924493947810731	-0.7816146237311786
0.795034840861084	2.555134637670977	0.69936297267912	-0.8324513114317527
0.9285438359398722	2.6522880688360315	0.5981261896919542	-0.8811056571142604
1.056722227842232	2.760258449653647	0.4910189099570392	-0.9262688198775317
1.1803685104750192	2.876182241459957	0.3801053379500461	-0.9630378177713683
1.2995683292888733	2.983174601205909	0.267686902664712	-0.9858943357456005
1.4139528946288555	3.090166960933529	0.15617623908027234	-0.9979453927503361
1.5229462217516554	3.194918833844027	0.047760869222252283	-0.9979453927503364
1.6260125099329157	3.2976228390854514	-0.05511708564863674	-0.9861994802298206
1.722972789611517	3.3998820810243116	-0.1512725277009596	-0.9648428509529978
1.8143071991064685	3.5067873957235127	-0.24082986640358106	-0.9323212788168305
1.9014459257171117	3.6191138422907683	-0.32430974254505396	-0.8868840157051826
1.9854197211808744	3.7374665660229907	-0.4020158268403226	-0.8268234221103619
2.0694819501222517	3.8607352220552285	-0.47777470432367103	-0.7517915801741111
2.158002368439006	3.987232828965438	-0.5534204493782883	-0.6628031361707017
2.254984728795047	4.1154920059124604	-0.6307951991871439	-0.5617019040753753
2.366089019218836	4.244537883911433	-0.7126090270829653	-0.4506545709502894
2.439087449171608	4.37384313315999	-0.7630898085801124	-0.3318744368654007
2.4857632645977814	4.503189338734852	-0.7909879829921771	-0.2075262129770715
2.551903454263061	4.632542709223972	-0.8305200303722072	-0.07971765710156303
2.6351141218520224	4.761964774713337	-0.8726838724563795	0.04947740772122387
2.7330236565712935	4.891553624649979	-0.9160555011888964	0.17799324884072792
2.812334798361028	5.021402958151053	-0.9457979693695324	0.303753355474911
2.8916459401400614	5.151572724531046	-0.9669575691010772	0.42466665332051146
2.9638470398342376	5.282070884337741	-0.983424474977786	0.5386465770707959
3.047060587853248	5.412879751178472	-0.9940582985445832	0.6436798854308613
3.123237469264267	5.543967058380111	-0.9979453927503362	0.7378809436058154
3.1898760118375717	5.675282760851252	-0.9979453927503364	0.8195341332554509
3.2746257489368658	5.806762396217635	-0.9891382685042243	0.8871403531688629
3.410690893974926	5.938327365873575	-0.9621030239677335	0.9394579363277842
3.545538971817286	6.0698940459738	-0.9177890517815146	0.9755406272288094
3.678089003000749	6.201403525347369	-0.8579636921403178	0.9947638123004753
3.807231061099805	0.049683030086899026	-0.7851251243162711	0.9968189777088758
3.9317965999566296	0.1812174872891487	-0.7023892814841066	0.9816676062378562
4.050163820923024	0.3129998081503612	-0.6136354065918825	0.9494898197177698
4.240775544629609	0.44515456776209816	-0.4540925449827481	0.9006978860596568
4.4164155881761245	0.5775533786078694	-0.2910895481021618	0.836079322860074
4.589317572235806	0.7098250296895853	-0.12256022826897661	0.7569214119078154
4.766990381121018	0.8414592674363942	0.05447636492193145	0.6650195312672211
4.955701191771634	0.9718588507690232	0.2404896654552245	0.562624750159741
5.156387318268847	1.1003329795867627	0.42893234494552057	0.452380131981571
5.369592835235063	1.2260477903766072	0.6103804841184626	0.3372661395964354
5.5214480701550555	1.347949246635891	0.7232934947153328	0.2205513041941344
5.680392335966121	1.4647477832085753	0.8223196755099609	0.10565069978681897
5.836785597087579	1.575106371194802	0.9001580090990017	-0.004271952563224338
5.988035986745127	1.6780782491036659	0.9551108022890146	-0.10698381205901195
6.13570159550371	1.773587394777798	0.988111691539935	-0.20120411916355305
6.28225698045011	1.8626243487178114	0.999940562642521	-0.28711823693585437
0.14579710774038424	1.9472340845494278	0.9884338795972617	-0.36712231583081795
0.29187239138462806	2.030300129107288	0.9561426822784838	-0.44302692803541743
0.43492825506818866	2.1133036839122488	0.9051318776470292	-0.5152228746459977
0.5720038725539413	2.1994733920009386	0.8391046984064463	-0.5874244161889826
0.6999601882368426	2.2920567712840727	0.7633117021405039	-0.6597594360970501
0.8172736072605448	2.391994988061554	0.6829113796869306	-0.7306190129348814
0.9215166668947307	2.501019372363227	0.6038857309947275	-0.8001065715246656
1.0657737638540028	2.597298208558235	0.4829993212935709	-0.8541396508689999
1.2301145546834094	2.7027508908269544	0.33345222389610435	-0.9047029124911076
1.3716309470810288	2.81466920889705	0.19747916781284036	-0.9466733965733451
1.4993155344530735	2.929996165922403	0.07126625043323698	-0.9766786165435224
1.6178164373579365	3.0465217779919618	-0.046930835204532464	-0.9939894442637914
1.7293255724641754	3.1630484707399473	-0.15753958356373707	-0.9979453927503363
1.8350236218156142	3.2794280453031055	-0.2606764314054002	-0.9885245851138418
1.9359382430778482	3.395846199798682	-0.35680033082492724	-0.9658658695158893
2.033504417409324	3.511592223862464	-0.4459549627366289	-0.9305194204043636
2.129714642660011	3.658259092923557	-0.5292469746801034	-0.8676879117743223
2.227386607987994	3.8002656843570355	-0.609232898983147	-0.7892883358947143
2.3298500272409997	3.9388665246911385	-0.6874154611997116	-0.6974742271498847
2.4398159698467823	4.075227678772634	-0.7635252460046807	-0.5940531157902037
2.5602592482536637	4.210523519137172	-0.835514295517287	-0.48049205714686866
2.6930878402742793	4.345904370472911	-0.9010791722812798	-0.35802726584691125
2.7827970998769502	4.482581361859608	-0.9347210382162652	-0.22770199578478303
2.8783681663953957	4.62203427726192	-0.9635919078600061	-0.09021349581324047
2.9697424268393022	4.76631680725557	-0.9841778439514959	0.05380636280641653
3.05592099338225	4.918427079724434	-0.9951905659621936	0.20417498447879112
3.133394530700292	5.082806383646047	-0.9979453927503362	0.3613390601978913
3.2002900067992344	5.265971276673503	-0.9979453927503364	0.5254511701146004
3.299296226916701	5.469942338697588	-0.9859856387174712	0.6858931291010879
3.3984428252311916	5.5948952267224845	-0.9652076747202982	0.7708714157067631
3.5148686066405106	5.764332928571128	-0.9292907442269107	0.8680808322232558
3.6339256260107704	5.867082705173995	-0.8796205920434517	0.9132944275127359
3.7566259484296283	5.99073981449533	-0.8153718430189746	0.9559622170459345
3.882895812220538	6.0948391348532125	-0.7363854041777431	0.9803058299873062
4.012287365148167	6.201329451078631	-0.6432281283496678	0.9947590695965852
4.14442534957213	0.023231887618044508	-0.536976712083792	0.9985125473980022
4.279235247178383	0.12661584819401261	-0.41894859629700654	0.9918932513816031
4.417028696131694	0.22999061513856367	-0.2905021838132507	0.9723505881870463
4.558483822078215	0.33499495288157866	-0.15297789548322455	0.942563716232315
4.704525287116012	0.44559690352667636	-0.007821342757619101	0.9005060952238357
4.856174088762521	0.5614943534923414	0.14318715946781582	0.8448340807450043
5.0142771244966715	0.6824677484466891	0.29707056621000705	0.7746430314550596
5.17915824927283	0.8070604277897276	0.44910720807357796	0.6904667930040174
5.3504680949721	0.933567559808394	0.5947056468202898	0.5940086930259982
5.527193931166756	1.0605273098101677	0.7270155737449197	0.487647637702922
5.658038950717041	1.186824256965251	0.8101334765124241	0.374050973585908
5.789715474834323	1.311660133805772	0.8797490374261692	0.2559063397124804
5.917856990659472	1.4347128101982691	0.9330119711453985	0.13552640680069208
6.042213987214246	1.5564455038471636	0.9702529694860771	0.014366551697746274
6.164688054404464	1.6785725447361899	0.9924130552855704	-0.10747143746878943
0.0038502980856221793	1.8046170451963435	0.99975347952779	-0.23154659041742218
0.12563650579358518	1.9403700620561737	0.9919559550854826	-0.3608500662216387
0.24349690643081198	1.9805038867588522	0.9697705125323149	-0.39752380476979166
0.3512125999025656	2.052676847821074	0.9374569027545883	-0.46341378614835527
0.47605286644366485	2.141889597817466	0.8873007994929827	-0.5396511681012945
0.6462655595891235	2.2425816885146035	0.7980942440231161	-0.6211047539630314
0.7883961849168756	2.354565910065459	0.7042740573880246	-0.7045980920709463
0.8907055977956929	2.4782578471550907	0.6285885274571481	-0.7865019886300063
1.0569812783953891	2.614289171755756	0.49078939323450027	-0.8624717036762397
1.2760533398009726	2.762315461811005	0.2903696549060714	-0.9270402199262109
1.4410381673964052	2.8658466263301876	0.1292345909783585	-0.9604179373671802
1.5808870090524734	2.9735028332094005	-0.010045662934461377	-0.9846583846666922
1.7076247505391733	3.0811590400809536	-0.13613160119971476	-0.9979453927503361
1.8267837349913008	3.1870106833261134	-0.25278252753201697	-0.9979453927503363
1.9414947362370951	3.29080273230432	-0.3618777780624246	-0.98707101874661
2.0542710079497284	3.421441036667075	-0.46477608688033883	-0.9593780687688633
2.1678155216033717	3.5529276088133543	-0.5618063483219334	-0.9150182393105953
2.2854069969570063	3.685281753976318	-0.6545639943011583	-0.8544365006408674
2.410596226239767	3.8181011837648087	-0.7435507059532611	-0.7786280427930041
2.4761871374706232	3.9508823424728363	-0.7852643236978234	-0.6891207581265322
2.5550958780226396	4.083275194456504	-0.832428144757114	-0.5877656243234791
2.643947367179264	4.215128259190592	-0.8770155319197241	-0.476557044200168
2.7398315496247663	4.346376034281426	-0.9186085288966159	-0.35759626592790905
2.8408774092223426	4.477028300221263	-0.9540887192425287	-0.23302189103464527
2.94440626159644	4.607073189535263	-0.9803312996983108	-0.10504421236309203
3.0479351139940136	4.760486725776032	-0.9941700538645621	0.04800719641163075
3.1496450922192865	4.912937079840204	-0.9979453927503363	0.19882629651798894
3.248677211035391	5.0718594611548715	-0.9924542210195237	0.35107275597918647
3.344614486458751	5.166756652150787	-0.9788521272438566	0.4381194920042276
3.441192791993983	5.281752135994828	-0.9543713772386964	0.5383853275926056
3.537083460679574	5.405281113840302	-0.920959952682565	0.6380586343894434
3.6759548147220102	5.532593759744571	-0.8590102584374913	0.7305134983678653
3.8114268620225986	5.661609879724856	-0.7826172905511054	0.8120802085626443
3.9432588554611656	5.79136518000633	-0.6944206522959429	0.8804643273916989
4.071249024385855	5.9214071975628135	-0.597161622376411	0.9341299042487172
4.194854524470022	6.051507449589699	-0.49388210656588494	0.972028278155514
4.312815450611934	6.181572294582231	-0.3882634669768092	0.9934940912908268
4.4991436406033625	0.028421922005206518	-0.21151731684163488	0.998180248521537
4.672444902803262	0.1584971342751785	-0.03986328210415452	0.9860078228383888
4.847003090774619	0.28868697857941894	0.13406479239202823	0.9571457444998229
5.03277657417024	0.41899030197469356	0.3144198238100837	0.9120423596606078
5.1776081793812505	0.5492904540201792	0.4477338585212004	0.8514871735923093
5.2811150399989355	0.6793736054448999	0.5378631570458887	0.7766473689700207
5.40822642307514	0.8089591339249139	0.6402374885532638	0.6890621853928408
5.545829283943915	0.937704076767281	0.7390872642434502	0.5906183604295734
5.686339178882994	1.0651500538159822	0.8255616637092691	0.48355192340924463
5.825388117336599	1.1907943648762738	0.8952162152339276	0.37032770472851884
5.96116975587052	1.3141979300781357	0.9466508308918928	0.25343386600479384
6.094024564505942	1.4351944993077679	0.9801502244937934	0.13504727193673802
6.225590304202646	1.5542166529474797	0.9963124030880046	0.01659273155406924
0.07395238808128651	1.6726600405331864	0.9952650996817831	-0.10163871895966807
0.2050165354280989	1.7932604925665088	0.9771213289970917	-0.2206117403108965
0.3331580027742032	1.9204559309769194	0.9431421578246199	-0.34252154051667655
0.45430719827738214	2.0023773122364887	0.8967294286183676	-0.417511440961012
0.6177499864764809	2.1058150333550913	0.8141656906717224	-0.5088233957277803
0.7968034560903502	2.213159717310353	0.6980546025389317	-0.5981174868177529
0.9538465597068663	2.339231218955858	0.5773878124489275	-0.6939373222844865
1.096788022619526	2.4840230330582984	0.45552093556120266	-0.7899478451271481
1.2314570599006682	2.573374513857216	0.33219318812722154	-0.8424079152825055
1.3608197761598841	2.681903631449187	0.2080120605209459	-0.8956285790192958
1.4862220675778826	2.8034000247964443	0.08429028677995952	-0.9424473402845251
1.6081345665640452	2.931744717623259	-0.037260567114397423	-0.9771218408972997
1.7266503162935276	3.0461034215660576	-0.15490042836867576	-0.9939359826757808
1.841850125439029	3.160462179851065	-0.267216298340894	-0.9979453927503363
1.954100996125879	3.27454351469074	-0.37339720544459676	-0.9891487771832228
2.064285452986388	3.389205297888323	-0.4733340012069055	-0.9675492109099562
2.1738983444838578	3.5047446420772688	-0.5670044673274618	-0.9330873317818144
2.2850648351146017	3.639951410186177	-0.6542966646370894	-0.876665659390673
2.400330034228544	3.774360084358554	-0.7364135873225038	-0.8047721349544208
2.522186056978212	3.9072900330647955	-0.8127579168460566	-0.7194263946560014
