0.5527999383585511	6.055567350882606	0.8495739387936607	0.9728038317297547
0.7309215131638427	6.1400268505371365	0.7432554393794746	0.988937935026824
0.8192198294579875	6.233333403923795	0.6814716210739947	0.9968081653789176
0.8051062211934185	0.011829987856277757	0.6919124582431607	0.9992425692432862
0.745080297325359	0.10086191435036618	0.7340836001190548	0.9935421813582468
0.6676885569196991	0.1550173812222031	0.7842167609178579	0.986672552033265
0.5849951088908153	0.1852903217327364	0.8320223800255337	0.9808895820736889
0.5060060824439234	0.20956789600249087	0.8743134880606819	0.9762518930905351
0.43682186741253676	0.2374363004813781	0.9043108328133832	0.9709282560997166
0.3764190412129064	0.2742288572265924	0.9295195864446082	0.9616984967512239
0.32903871958205944	0.3230000352249414	0.9444392887152472	0.9463408244079874
0.3396239249389854	0.3837669953016788	0.9411060882015536	0.9272057716892556
0.36260219440845515	0.4827882770492171	0.9338704062268706	0.8843804160804645
0.4038587067103462	0.5876665606971987	0.9186032157691442	0.8305660080728221
0.4626881767346434	0.6924979981941399	0.8930955491267325	0.7681455923122602
0.5372791397084081	0.7915833823836365	0.8580352764766915	0.701916261340931
0.6247752961936075	0.9650683469270308	0.8103357641850504	0.5681903181848387
0.7198641107843059	1.1173929387306207	0.7504182519561748	0.4372651443406447
0.8187036234605096	1.259905488280375	0.6818534952669284	0.30551352354335876
0.9148755673754242	1.399509635105587	0.6093288456731368	0.170318073797473
1.0828566349945539	1.5406477632455642	0.46786403380644187	0.030145360368924397
1.2331253876197212	1.6869718873847495	0.3306285876731576	-0.11575743603193953
1.373463586095728	1.8422339383717068	0.1956937007015248	-0.26758399542952155
1.5085068776345518	2.010796206267776	0.06212364604802311	-0.42520451085543043
1.6406044211720727	2.1979243093979357	-0.06969151001702786	-0.5862141242143855
1.770862078794859	2.4099590383079055	-0.1985155796833075	-0.7431077290583413
1.8997091098795764	2.5594410745947735	-0.32264585351846947	-0.8350252724284203
2.02722757393905	2.738906769725776	-0.44021926926505317	-0.9182617272228648
2.1533586191261946	2.8820379889581433	-0.5494521007950551	-0.9645221375655704
2.2780498748898443	3.0007751936893814	-0.6488159045758226	-0.9881435079008074
2.401360298327351	3.10357837207284	-0.7371298331404428	-0.9979453927503362
2.52350285110003	3.2055153568477097	-0.8135449658079192	-0.9979453927503364
2.644805411417201	3.3056041140706474	-0.8774363008789836	-0.9851795565268766
2.7656015753000482	3.3995030406156785	-0.928272545217214	-0.9649389304341418
2.8861267557264925	3.5642067253182286	-0.9655585616002502	-0.9107884582712391
3.006495243407148	3.7170231725242253	-0.988874470597869	-0.8388710984654068
3.126770661055638	3.8996714817291442	-0.9979453927503362	-0.7247228575136624
3.2470460787038125	4.054407563215961	-0.9926626627197159	-0.6103197878963762
3.376672118201663	4.189618362299276	-0.9707261318238042	-0.4983567057167334
3.5063352579000955	4.311301689415456	-0.9324908350043066	-0.38964672119579424
3.6361171222708064	4.419909124017507	-0.8785459229765353	-0.2877427016347177
3.766127640852929	4.6131995194060185	-0.8096926734101586	-0.09900055363520686
3.8964344696078874	4.781051444792652	-0.7269732478719719	0.06846286720422104
4.027022339711381	4.944689168312406	-0.6317157522987202	0.22976109012872287
4.157808223278171	5.116347520699946	-0.5255402833850169	0.3927947973801153
4.288708255978275	5.195595992422065	-0.4102922907850034	0.4636709173093567
4.419653576315951	5.302363781335647	-0.28798751919522064	0.5552788478560233
4.55059114058973	5.420927537885576	-0.16076406997441584	0.649633404120479
4.681475251799449	5.544352882310841	-0.03084375503137999	0.7381308743226844
4.812254105130891	5.669696637152812	0.0995000696681201	0.816488795188956
4.942852648316107	5.795701860292101	0.22797184193179743	0.882344653612868
5.073150987353267	5.921898820871415	0.35228398231881214	0.9342847126827079
5.202958168513857	6.0481761698078	0.47019374656699975	0.9713919114669537
5.33198536171109	6.174517052518495	0.5795570051808052	0.993042370004207
5.459830456503038	0.01768480839023809	0.6784126525646856	0.9988677065467784
5.586041663474416	0.14409347137875958	0.7651362157018109	0.9887593213196437
5.710177613299268	0.27087705376839355	0.8385574539374364	0.9627539541213881
5.831919240902219	0.39836226541008446	0.8980480225346466	0.9209863987614226
5.951268676328631	0.5266397865651358	0.9435330563847076	0.863835439322913
6.0687056866389	0.6555444642066346	0.9753136176876479	0.7920835145216457
6.185129271796354	0.7847941397664051	0.9937218315028742	0.7069387456935984
0.01822028786180205	0.9141351400006659	0.9988334217591456	0.6099357076995418
0.134292958737485	1.043448166132993	0.9906314906311521	0.5027796226872495
0.2727739713246977	1.1728483042563285	0.9621566292363332	0.3871579799040483
0.4074593531558264	1.3028195457049294	0.9170420239176698	0.2645193721602988
0.5624570872942696	1.4344014578873778	0.844309235601362	0.13583610810840058
0.7049772941041439	1.569427391709494	0.7600616993124032	0.0014002212625153637
0.8323173975893734	1.7108022799482725	0.6717824208632198	-0.13926625175747936
0.9433748352727622	1.8628031423233222	0.5859705474026542	-0.2872895232126165
1.125905605741529	2.0313754025150117	0.4297229893110691	-0.4440094981272235
1.282781367039053	2.1069880527391525	0.2840417705658896	-0.5098258076792613
1.4257289578508876	2.21724257423304	0.14446262061031223	-0.6013074064239619
1.5612479122794969	2.3455924446231875	0.009569898446776508	-0.6983596847510287
1.6926397817671333	2.4840475782153937	-0.12134884558308728	-0.7899625157883323
1.8214663534151094	2.6282152507775858	-0.24768841642157086	-0.8693007942027031
1.9484559577623288	2.775149509642849	-0.36823884681387004	-0.9318531157016792
2.074066149075763	2.9229005758658615	-0.48169216372920715	-0.9748800204162593
2.198811127123221	3.0705545315668306	-0.5869069913176391	-0.997060579522693
2.3234231774873506	3.2180917320121742	-0.6829474764723948	-0.9963627262495205
2.4488584954529933	3.3656289324433017	-0.7689299712180335	-0.9735253678252307
2.576179119976515	3.5126302983708118	-0.8437832420381373	-0.9301301321235882
2.7061601258213854	3.657821710543318	-0.9059814095730307	-0.8679023959708179
2.8389335607158297	3.7997036009201675	-0.9535959908904198	-0.789624293640984
2.950480132224589	3.939202458676593	-0.9817163235945255	-0.6972406838162251
3.0629796967179206	4.076889331991643	-0.9960925946302265	-0.5927548728484577
3.1754792612080887	4.21367588972425	-0.9979453927503363	-0.47779817672603164
3.28796066558133	4.350700211563479	-0.9874342052326668	-0.35364489203686533
3.4012054128530766	4.489311068371334	-0.964507411689549	-0.22121720441564968
3.5162407025600415	4.631270518010574	-0.9287761945897914	-0.08098832372760773
3.6336883102122406	4.779064858580401	-0.8797369673037803	0.06648681523258654
3.754606186313541	4.936349273773677	-0.8165790565463871	0.22163586345216185
3.8787926070600913	5.105422743162595	-0.7392379771633671	0.3825492612661507
4.005573249246256	5.178359081980352	-0.6484738399578456	0.4483991522308304
4.134177727400639	5.283311774318982	-0.5457338895682774	0.5396636234878157
4.263966231242032	5.40184235232986	-0.4329012136337732	0.6355147385747738
4.3944986674683655	5.526228433108331	-0.3120862036335353	0.72639013918097
4.525515750940295	5.653194102820585	-0.1855010822977881	0.8074922532739238
4.656888202661069	5.781258747623292	-0.055401339177563146	0.8760823142941114
4.788562685637068	5.909741505517877	0.07593427830558591	0.9304564667096588
4.920538811552939	6.03836374959482	0.2062323605891288	0.969517467479504
5.052818101900618	6.167027183298684	0.3332152816982276	0.9925628211340163
5.18534987470168	0.012505846194160463	0.45459293878636287	0.9991992965114362
5.3179738175418425	0.14120049480886493	0.5680729969208635	0.9893119599571636
5.45037052746285	0.27006989129314846	0.6714144720222638	0.9630081234347269
5.582032957763994	0.3992391638953196	0.7625394387470321	0.920606187377037
5.712326095130022	0.5287043583393483	0.8397287229349695	0.8627099148350152
5.840765748824175	0.6583300937722281	0.9018837493383984	0.7902790271925614
5.967194750389666	0.7879187635789999	0.9485480557589645	0.7046272398170962
6.09194846594472	0.9172856205695878	0.9797536321770183	0.6073535408491746
6.215810630425086	1.0463336178271834	0.995686246425822	0.5002231355158322
0.0563957241902115	1.1751619912161586	0.9963891885124684	0.38498814502893947
0.17994797612670105	1.304239282725518	0.981910118025346	0.2631361789964262
0.30175801042935063	1.434664520763071	0.9530297761640558	0.13557444017223358
0.4579533273080591	1.5685218707469644	0.8951485161299273	0.0023046570534189653
0.606393987549676	1.709311551717414	0.8203565410147844	-0.13779564000894462
0.7444803783988063	1.862431200490192	0.7344722182306707	-0.2869331987703248
0.8716052076429448	1.9710136255036157	0.642718440921802	-0.3888517342007242
1.0065151331914328	2.110559135935858	0.5342200983390413	-0.5128775019008157
1.127857749967196	2.2772099489463655	0.4279934051077632	-0.6481596738321052
1.2897519173405114	2.3774370537677583	0.2772506413739427	-0.7204982491735954
1.43401621198096	2.5116848595684647	0.1362193111771858	-0.8064813422603156
1.5687493583213548	2.6712647805544125	0.0020774420989581287	-0.8904114841181343
1.6980598587158755	2.769706584035855	-0.1266957818480512	-0.9298119643826783
1.823652986693014	2.878286427608035	-0.24978323559447352	-0.963571188643532
1.9463962668127155	2.990064736135421	-0.3663567294743015	-0.9867748231293989
2.066887223823185	3.101843411595819	-0.47555736274487986	-0.9979453927503361
2.185845087816485	3.212705820895596	-0.5767766772305576	-0.9970509895182259
2.3042599718285692	3.3217644130821475	-0.6692937473434436	-0.9831144388559447
2.423472171739913	3.450505430225252	-0.7525021409563514	-0.9520108018779594
2.5448442732763445	3.5959922871547394	-0.8263007519177098	-0.8982223969458064
2.6693571381295516	3.7649812442947943	-0.8894760117004439	-0.8103778756038902
2.7729319094105356	3.9186993412585305	-0.9310214935252917	-0.7114945747577822
2.8793911167699373	4.062145230729921	-0.9638512061801419	-0.6042743795520492
2.987082973667467	4.200394615153939	-0.986393784984083	-0.48914778316994967
3.094774831227736	4.33604397956952	-0.9979453927503361	-0.36703755581185993
3.2016994664295573	4.470728666969264	-0.9979453927503364	-0.23905701025280152
3.3074648137833154	4.605624775761874	-0.9849417785096385	-0.10647308066235167
3.4115766818606263	4.741818796662808	-0.961878493710475	0.02942747444071305
3.5431469995375013	4.88056617783177	-0.9186860652126043	0.1672886175555202
3.6745687384537002	5.023547357570144	-0.8596899644981875	0.30576442815954447
3.805932335183161	5.173138170583356	-0.7859013738965983	0.44377346640271564
3.937352243964195	5.278901291927617	-0.6985269642481828	0.5360487459553357
4.068937895650467	5.397796126012447	-0.5989672979131957	0.632521457952429
4.200804575199512	5.522579416264501	-0.4887974489343043	0.7240263630566657
4.333102870067637	5.650042432486475	-0.3697251013351837	0.8057740847979576
4.4660523471677385	5.778705205129859	-0.243536977002529	0.87497513262729
4.599976344197127	5.907856340120655	-0.11204529003489996	0.9298628424899544
4.735328048417478	6.037152700658058	0.022944504674423914	0.9692861235960631
4.8727563049443985	6.166473420834033	0.15967976983804152	0.992527365753357
5.0131340743440544	0.012602402428188927	0.29599858450798405	0.999193114369722
5.157572435670946	0.1419411513338808	0.42998234950501046	0.9891704740505323
5.307409875012765	0.2713851398222317	0.55941467905125	0.9625939616943591
5.431181682585364	0.400969089049709	0.6572191223232664	0.9198561151065191
5.561974927987911	0.5306138126238614	0.7495461603067138	0.8616689543885999
5.695971679306836	0.6601293125724609	0.8308129294885152	0.7891135213523838
5.830868022785022	0.7892522285547862	0.897592228503341	0.7036407811863915
5.965313035734229	0.9176747600536103	0.9479555181515553	0.6070345980549471
6.098877622433007	1.045071383948602	0.9810772929493514	0.5013414646579968
6.231871770793382	1.1711561366236147	0.9967145823675522	0.38874493803958726
0.08158888497866028	1.2957977324119796	0.9947761627788978	0.27136044484062594
0.21440138100762524	1.4192028504255554	0.9753285636050817	0.15095412214465304
0.34641867245866037	1.542156356408863	0.9389664739796926	0.028638575095850057
0.4764012484320361	1.6663004725382031	0.8871497457503614	-0.09535676736844222
0.6028202283328091	1.7943994830668857	0.8223048159852528	-0.22173536081841125
0.7239333794815678	1.8837976151578701	0.7477822432443402	-0.30740246334903476
0.8790965756901868	1.9868556813937162	0.637176544583932	-0.4033279875875587
1.0218112454136439	2.0981135463163296	0.5216832446573173	-0.5022420358996904
1.1570198065981316	2.215066822814239	0.4020023503118135	-0.59960750063728
1.2870698671372012	2.3371392683623027	0.27986365593409257	-0.6924829856093525
1.4349714145609902	2.4639690579348885	0.13526917373540806	-0.7779615672112752
1.5787235720112698	2.594881823231108	-0.00788481854498995	-0.8529547003800717
1.7411453474741656	2.7287163589257792	-0.16919985780749972	-0.9144402216673143
1.9088640147764793	2.864091178375779	-0.3314163549545906	-0.9599729649452602
2.0359095224803694	2.9999468301034247	-0.4481527147627512	-0.9880376516738837
2.0964262112834815	3.135782354568607	-0.5008001118990625	-0.9979453927503363
2.1816669467028467	3.2716178790396944	-0.573512312471204	-0.9895226429067085
2.2794014868196575	3.4074445624156615	-0.6498719135118544	-0.962925906818036
2.383642644952661	3.542520134502168	-0.7248124136088812	-0.9189211458449873
2.492759572824684	3.6752814778378307	-0.795169682344884	-0.85934045034073
2.585299988515394	3.8036973995359302	-0.8482559465829226	-0.7872371968258155
2.6822748845116164	3.9253087700999627	-0.8958106346264474	-0.7068996599469857
2.7823611453209436	4.037057746692542	-0.9345575509152677	-0.6238751293987084
2.8762223567000857	4.21186824056896	-0.9630479862161296	-0.4793429160048266
2.9703637915974666	4.362699628096627	-0.9842572478871079	-0.34255003953547397
3.0783125538265486	4.502538970315896	-0.9979453927503361	-0.20816780506474658
3.1855301588877785	4.637362713460219	-0.9979453927503364	-0.0749034291333993
3.2908391967042823	4.77001976403612	-0.9870663589765978	0.05748968397413651
3.3922175640099317	4.9017458693609965	-0.9667856591633871	0.18792314642341626
3.519778226694842	5.033049688735413	-0.9274495878023555	0.3146759576426636
3.6428149201305606	5.164146933391598	-0.8752614472931419	0.4358073020125164
3.7584529851583097	5.295112223501326	-0.8142798216188424	0.5493353951529618
3.9266142667565544	5.425953944760248	-0.7059920707941657	0.6533517938292377
4.07902564863454	5.556646366431582	-0.5910857772927492	0.7460944013473014
4.219488270679579	5.687146220314548	-0.4728311657666638	0.8260016314087737
4.351530751341687	5.81740939403027	-0.3528859561790079	0.891756748163328
4.476765985630407	5.947410841600919	-0.23327319135089375	0.9423182536234422
4.6274767331879465	6.077165313782458	-0.08477756209817537	0.976929640737123
4.769490474218837	6.206739448303401	0.056963200813950024	0.9951054518872148
4.907683779708388	0.053060572004553296	0.19370821568701485	0.9966027260810972
5.044412442631951	0.1826399803152076	0.32533223920108056	0.9813958706780237
5.180590930450314	0.3124182988535712	0.45037655216218025	0.9496729325645612
5.316192039351967	0.4423833490638981	0.5666126328665702	0.9018994491999963
5.45046850616314	0.5723192356139347	0.6714869538168975	0.8389327746927568
5.5821357916810035	0.7018919883844309	0.7626060529525013	0.7620603121740481
5.7098612735029795	0.8307064096555149	0.8383849977449869	0.6729741829118472
5.832688237430559	0.9583144875494537	0.8983814490823607	0.573725852023344
5.95060524596749	1.084207384862398	0.9433241472189438	0.4666672802042623
6.06489524434762	1.2078384524065298	0.9745857176907678	0.35434332301238863
6.177568303144173	1.328701854579168	0.9932377303966611	0.23930327074086646
0.005106136841010042	1.4464624902092273	0.9996730727758678	0.1238390316399521
0.1266689220338212	1.5610884117855397	0.9918898532581953	0.00972920779616879
0.24371658829446732	1.6729717932985357	0.9697285472128991	-0.10194626480865016
0.3493453041518809	1.782964849173445	0.9380448999587547	-0.21045503044309974
0.5009910606716045	1.8923797374283096	0.8764879340232228	-0.3156242326132157
0.6740228658883457	2.0028555357245983	0.7801134944916226	-0.41794843502525686
0.8624391363695797	2.1151215129161747	0.6494992340295734	-0.5167763131859264
1.012009408544972	2.2310466933462996	0.5297169327507029	-0.6120925088754217
1.2051721321446207	2.351335203233499	0.356843866427702	-0.7023520851878011
1.360172069101309	2.4761909048963835	0.20864309567930336	-0.7852665754913909
1.4984442291582658	2.6051536168465175	0.07213293547065586	-0.8579917972081755
1.6278954589976662	2.737204444197274	-0.056997778196991644	-0.9176233381930007
1.7516691044093902	2.8710486339184866	-0.17958160296218342	-0.9617365466199346
1.8711325137210393	3.005545111248664	-0.29526915430964495	-0.9887530536173534
1.9870321145007805	3.1400812779215377	-0.4034892097408833	-0.9979453927503362
2.1000677177767875	3.274617445275392	-0.5039119868432325	-0.9891393296255582
2.211240010147523	3.4092314307290605	-0.5966176273730429	-0.9624729699371284
2.3219010258059525	3.5434140929950493	-0.6818892674390677	-0.9185859025055355
2.4335711670269644	3.6758945215301457	-0.7595230234156265	-0.8590398250990569
2.5477867927110607	3.8049208463335082	-0.8280594982759912	-0.786505941638711
2.6656306898662754	3.9283944888533133	-0.8876486306772424	-0.7047544496509245
2.787381555180928	4.043667753392273	-0.9364402546205075	-0.6187107578892684
2.8882066285773673	4.186339618968154	-0.9660857695174176	-0.5011585788533702
2.9908977050354855	4.310584217916808	-0.9868812678674348	-0.3903023368106054
3.0936858079016174	4.418416970993813	-0.9979453927503361	-0.28917220094515267
3.195445067497384	4.598780351781861	-0.9979453927503364	-0.11322514325069043
3.2961318679826723	4.750741647427282	-0.9863900107867742	0.03831379314222882
3.395427458008043	4.891044917033944	-0.9659720125366904	0.177497635296314
3.5244384955006813	5.024767120287382	-0.9257019405797453	0.30690835286896767
3.6539389475135513	5.156937546832288	-0.8698064308525328	0.4294198430611937
3.784086622664975	5.288409600636064	-0.7989585747708317	0.5438418552962424
3.914944097612845	5.419524412889838	-0.7141052427988002	0.6485954130317463
4.04653257900691	5.550402521930329	-0.6164724812193905	0.7420497363902496
4.178917894678459	5.681068629762172	-0.5075008654597781	0.822688364667672
4.312283548048426	5.811510674891848	-0.38874951224390486	0.8891991429131372
4.446988077764387	5.941716134674269	-0.26180076063148394	0.9405250338026452
4.583618696249746	6.071699609299723	-0.12818220134566224	0.9758855398239469
4.723049493019469	6.2015198317003835	0.010680663833536476	0.9947712589699093
4.866502988410331	0.04809316030400501	0.1534612882159182	0.9969207712430166
5.015604522021746	0.17791737154318332	0.298315433598312	0.9822980197325546
5.172423297746707	0.30791761090114156	0.4431400947750538	0.9510901649081168
5.339499710686225	0.43810532395691004	0.5857158442535138	0.9037543433248603
5.519764078303928	0.5683223404113124	0.7222026310932729	0.8411117269976862
5.716375938875813	0.6982757858624767	0.8419365407328204	0.7644028316931064
5.88178655762201	0.8276323240356037	0.9196698200914601	0.6752483021023409
6.00431412499277	0.9560363643826181	0.9602366639931067	0.5755930256159967
6.131298797213208	1.0831181983100664	0.9872706351436067	0.46763229079651125
6.249426990841722	1.2085461010631193	0.9978385787542798	0.35367967198221434
0.0841141393069359	1.3321569979581427	0.9946144800011978	0.2359370623285395
0.20210039412682923	1.4541759851796159	0.9776783927397847	0.11616643890250443
0.3209536645257055	1.57548725123594	0.9469852109490041	-0.00465237615969602
0.4412504909629279	1.6979450166617753	0.9023906412297864	-0.1265824895185108
0.5639788591274405	1.8246798323982731	0.843479624596978	-0.25076696528190007
0.6890667950510251	1.9604136001399852	0.7703682721228639	-0.37916557641064375
0.815984633371008	2.1116183802429647	0.6838649251052022	-0.5137826865613675
0.9440381824827627	2.17679607769132	0.5854268610860828	-0.5694807455875082
1.072531414580196	2.2770270866166613	0.4770120966849538	-0.6480168042332418
1.200866201248067	2.3994935339157224	0.36088207867999256	-0.7358320472577217
1.3285447983733705	2.4995662606771973	0.2394562843391967	-0.7992380454392203
1.4551394620429279	2.6142993417880533	0.11520807105336145	-0.8624766908712072
1.5802916964837395	2.738603741362566	-0.009451063785222976	-0.918148088568229
1.7037593622195772	2.8680809322830627	-0.13231837397440532	-0.9609842911167543
1.8255246748439178	2.999774271855698	-0.2515763338079815	-0.9880156005295087
1.945951467983042	3.131939839206217	-0.36595027840449157	-0.9979453927503362
2.0659473452647306	3.264105406504703	-0.4747541829230142	-0.9904826585458597
2.187093242889324	3.396630494876382	-0.5777518557425244	-0.9656670657408485
2.3116872934984998	3.5300145028411536	-0.674788619110905	-0.9236108822850776
2.4423661448127505	3.664298893112124	-0.7650494877416975	-0.8647261059289857
2.519597957255107	3.7989334105640027	-0.811211007449579	-0.7900846370691723
2.6070323027997078	3.9333378966559907	-0.8589130699099188	-0.7013177627187739
2.701296865892202	4.067195775720356	-0.9041576386571945	-0.6003284091709885
2.799965855699766	4.200491873107871	-0.9411594926658934	-0.4890646707024807
2.90085116455615	4.333429396278183	-0.9692909171177231	-0.36942672616253536
2.9998639141577628	4.466341906917882	-0.9880270558807944	-0.24325957551850744
3.09675589629846	4.599642815944583	-0.9979453927503361	-0.11237431752395216
3.189583924356397	4.733859322538868	-0.9979453927503364	0.021477538909291403
3.308196769647003	4.869722387746363	-0.984848242184143	0.15666361609185656
3.426766244913557	5.008273769936898	-0.958028230509794	0.2914404665821834
3.544923554507504	5.151011575527952	-0.9180198394027862	0.424169479782465
3.661638002148669	5.300055126012615	-0.8660309574411734	0.5533866497885723
3.7750212254600855	5.408711660340891	-0.8043769703580854	0.6405964529786
3.929570689512366	5.528566454304062	-0.7039367478557451	0.7279046727984099
4.0747117610397	5.653667308088486	-0.5944562002290265	0.8077502264398255
4.214017705074794	5.781247338424314	-0.47750607601802897	0.8760773674189472
4.349992900259763	5.909952827961944	-0.3542912234049025	0.9305230105371396
4.484300011195308	6.039088674172247	-0.22605551047044112	0.9696559481484948
4.618008608112063	6.16832774315587	-0.09423434062206318	0.9926460912141506
4.7626368539964465	0.01438089265300699	0.05014592317969915	0.9990792441601193
4.907671655518548	0.1436468974814161	0.19369640357233325	0.9888446293006168
5.042137055786987	0.2730315494456178	0.32319832315440444	0.9620755198486532
5.181670658636228	0.4025753866571392	0.45133318271727313	0.9191596460769339
5.324794670081594	0.5321919645925405	0.573663439056304	0.8608086071201937
5.470357047436976	0.6616693113383775	0.6861999185725977	0.7881159342021664
5.6171018930949606	0.7907063292317659	0.7852565473787121	0.7025650797703311
5.76374973548831	0.9189327765798708	0.8677628979648866	0.6060035145423655
5.909415083739687	1.0459163022726001	0.930353678978854	0.5005928737664753
6.053804700168668	1.1711945669857384	0.9724671166318481	0.3887088970619413
6.197386350779815	1.2943722642231619	0.994506607338854	0.27274922165316057
0.0577090144576132	1.4153010423935	0.9963051033508343	0.15483524011835872
0.1963262416006429	1.5343287324774109	0.9787814157708421	0.036438716363708004
0.3343665785125637	1.6525661857762854	0.942761586533265	-0.08163893970456394
0.47110752861728	1.7721624017676716	0.8894450314341753	-0.1997983555784192
0.6059936128995304	1.8753744559138978	0.8205748097515273	-0.2993329824447679
0.7387769581785036	1.988095762558258	0.7381668047783931	-0.4044611567470847
0.8693943488499499	2.1102467608529722	0.6443539699962222	-0.5126105595802672
0.9977038151129335	2.244268055287526	0.5414419468642417	-0.6224223055045301
1.1233123452942861	2.3938768402812287	0.432020597369755	-0.7319272879527936
1.2454381724630095	2.5628331557574655	0.3190813427664221	-0.837052722212267
1.3627640446060652	2.662042905469049	0.20611783730601857	-0.8858892478387791
1.501634708527048	2.780251819094508	0.06895937420849532	-0.9337665325695899
1.6307325331743867	2.892378504946619	-0.05983145243872981	-0.9671432602435396
1.753408011950148	3.008268641665586	-0.1812970449898571	-0.989101092399761
1.871240894180984	3.1240641080098386	-0.29537298400425094	-0.9979453927503362
1.9851226227089767	3.238829836416754	-0.40174434233162826	-0.9937126127932627
2.095872968178908	3.353150675196004	-0.5003273341192284	-0.9766883669530186
2.2046134526893852	3.4826101303332266	-0.5914403248229765	-0.9413879941652464
2.3128110772698194	3.613756445760109	-0.6755698803694573	-0.8895111834698264
2.422081231809186	3.746194140675249	-0.7515351511238016	-0.8216069433489329
2.534126553487957	3.8792028002246313	-0.819894761722873	-0.7389528084003392
2.650088776253226	4.0121813375823745	-0.880027164875446	-0.6433109672581395
2.770374936953614	4.144810855940561	-0.9300626033842272	-0.5366472749096605
2.872386655305148	4.277019429615612	-0.9620757094048571	-0.4209733799942871
2.9762798045209764	4.408830653440978	-0.9850132526380785	-0.29835600053794786
3.080172953711069	4.540339220711621	-0.9979453927503361	-0.1708776463498372
3.182939177020286	4.671651327919468	-0.9979453927503363	-0.04065590597192242
3.284183772388167	4.802851656390457	-0.9879168527919027	0.09014747915020048
3.3837115742788257	4.933995841053699	-0.9689417645847822	0.21934300780164254
3.5078872243523365	5.065113111030632	-0.9319088321257506	0.34474585608589026
3.6333680013726934	5.196211052123166	-0.879894040810132	0.4642158552955603
3.760424135927002	5.3272783591593775	-0.813101663134939	0.5756990966212282
3.889004670498528	5.4582850273361725	-0.7321384890430139	0.6772693889863538
4.018883060299784	5.5891817810102165	-0.6380749383949066	0.767170334801915
4.149830834975075	5.719902289256458	-0.5323574165758962	0.8438589702438204
4.281726783738639	5.850387619682733	-0.41667186436151554	0.9060556630788258
4.414568254433929	5.980639948570127	-0.2928593145193314	0.952781846221282
4.548529463354731	6.110683691392607	-0.16279792611312346	0.9833325790557768
4.683946328983479	6.240580168549441	-0.028375639173433505	0.9972721491531034
4.821281097139197	0.08723810896868939	0.10847919438263831	0.9944144636754333
4.961059984445567	0.21713401465539134	0.24571052346322558	0.9748065549059247
5.103770878191389	0.3471452049535824	0.3810000999985617	0.938737694432803
5.249717903658519	0.47721791703179944	0.5116224987020255	0.8867956492339133
5.3988969506013955	0.6071655306499705	0.6333358159868572	0.819935925629213
5.551015672164395	0.7367059925489113	0.7424469255362375	0.7395083439707273
5.705456439832636	0.8654949284884222	0.8359836532032214	0.6472386478394528
5.861649092495652	0.9931293729853704	0.9109384861655521	0.5451912075126762
5.991853833918325	1.1191532750235194	0.9563130132740458	0.4357055004348961
6.121932739064375	1.2431051548666954	0.9854814586711231	0.3212693064074052
6.251571398480364	1.3646640824009264	0.9979758773145296	0.20426670625087287
0.09799058116160181	1.4838717859229913	0.9937260222967469	0.0866281056319198
0.2274211067835435	1.601352130195414	0.9728414354380026	-0.030486258782341496
0.3556829213441813	1.7185889057164143	0.9360492325939126	-0.14694780168658902
0.5069320445700837	1.8381462016294687	0.8739120033417503	-0.2636678978433617
0.6523430295768887	1.963785432333756	0.794157353877611	-0.38224671042213365
0.7923244389517007	2.100592973991523	0.7013680492313656	-0.5043608482298341
0.9278227898746448	2.254905944062136	0.5987171665942034	-0.6307336449938568
1.0601604593586114	2.3390054571754018	0.48797266427506003	-0.6937803713325029
1.1902045634862528	2.454377495117823	0.37088083557451246	-0.7722286819919907
1.3182782938593132	2.5934292736194973	0.24945853028670564	-0.8522423970263194
1.444361429704676	2.7011430521770006	0.12592895088279127	-0.9040999569818724
1.5682184546438176	2.8237379423682167	0.002607709544281016	-0.9497441927885569
1.6895350134466778	2.9536448779287863	-0.1182859742467667	-0.982120745089022
1.8080684846208595	3.0664518782032513	-0.23485310804598253	-0.9965363032111714
1.9238196020717293	3.1792588784366185	-0.34572648288968	-0.9979453927503363
2.0372139074403446	3.29205701188779	-0.4493446438485699	-0.986910734897266
2.149299201093781	3.4058631899352516	-0.5459830966106051	-0.9633267544425973
2.261705104235139	3.520803703416048	-0.6360458013471937	-0.9270650238172436
2.3764352969967515	3.6348634460312166	-0.719801821821952	-0.8791607025219921
2.464736645258979	3.7880388793059847	-0.7784203548049882	-0.7965963076291567
2.5594584609061766	3.933232435938086	-0.8350356642414711	-0.7013910796461943
2.6593266275503407	4.073078866934685	-0.8845572355923444	-0.5957319737912861
2.762576346463389	4.209769241218643	-0.9271380542694978	-0.4811366306386159
2.8682259203515397	4.3449605479922635	-0.9610210428141301	-0.358889717884502
2.9750535239199234	4.479909751010693	-0.9848565467666739	-0.23026142890298962
3.0818808215763323	4.6157563172923215	-0.9979453927503362	-0.09647825820107485
3.187811018935795	4.753749900176322	-0.9979453927503364	0.041306094074983195
3.292237311772409	4.895510441454155	-0.9868876944524372	0.18184821766584397
3.3943625680290506	5.010496906578451	-0.9662419417429882	0.29352538105018405
3.529816128416959	5.1344343813511895	-0.9236852746701362	0.40948221804929663
3.664530053648731	5.262213998623407	-0.8646127490947927	0.522371665697314
3.7985355287231695	5.39167976378865	-0.7903224513824223	0.6279967509569389
3.932083340713353	5.5218920784554495	-0.7021899375798848	0.7235811163581978
4.065553945619447	5.652411715358104	-0.6016111643907104	0.8070657259625242
4.199406013229263	5.783007559838763	-0.489992599886551	0.8768405757401858
4.334187835687301	5.913565846468506	-0.3687336746330426	0.9316607225357243
4.4705958161341695	6.044060991710891	-0.23918428284089593	0.9706057984924165
4.60956060194877	6.17449881443069	-0.10259036608646496	0.993041202286301
4.752346240113793	0.02172649692908894	0.03990987717940621	0.998608932045437
4.9006515307401255	0.1521703260609877	0.1868569759443771	0.9872164184100656
5.056725012183412	0.282711925580953	0.3368792822016275	0.9590272431625579
5.223423747360014	0.4133878494713324	0.4883260860829147	0.9144715076841522
5.404232965871527	0.5441833334325972	0.6372832449875252	0.8542713777337047
5.5176708484645385	0.6750509787906063	0.7208466694935347	0.7794474990096993
