0.3378897764628896	1.1089839002569313	0.941652158343458	0.4447154853133339
0.515403716123547	1.4058188866659198	0.8699609093054598	0.16417122159819267
0.7032567970034886	1.6222757995707993	0.7611762104650004	-0.051384853340842404
0.8594076586042125	1.7805548963088065	0.6517418331677118	-0.20807759844524218
1.048188191579026	1.92874660230695	0.498579997973596	-0.3502287081271643
1.2528109345190233	2.0779387068359885	0.3121669777236279	-0.48500148515594343
1.4719311635773928	2.2337724926174256	0.0985054106202744	-0.6142221648252151
1.7055487017942246	2.3998364664481455	-0.13408356748595446	-0.7360704560234621
1.9608272012834604	2.5786973364202166	-0.37954351946270515	-0.845018128615494
2.117375163968665	2.7107558048140703	-0.5187021865177572	-0.9077048349723362
2.2004963017426338	2.851530013199778	-0.5882236114344208	-0.9567889502460686
2.2494964654511413	2.984976155037046	-0.6265072412262656	-0.9861245555360366
2.3308829927934167	3.1193623231470324	-0.6881335850845003	-0.9979453927503363
2.430504001292267	3.2538959856549816	-0.7573907112900792	-0.9917873160519947
2.5393732157316484	3.3885341684554358	-0.8230306961895609	-0.9677193293622998
2.65285636547631	3.5223380902179504	-0.8813843392326272	-0.9264896134826734
2.769253530286132	3.652993888097619	-0.9296420647137139	-0.8702698704390937
2.8875041773269206	3.777347979754816	-0.9659077115844511	-0.8029862673454924
2.9960003299477163	3.8915835372214898	-0.9875333301137388	-0.7303456453367431
3.1044935666388715	3.990785516114606	-0.9979453927503361	-0.6600274360650026
3.212428356221231	4.180254076797241	-0.9970864466098108	-0.5063590216476277
3.319329184532564	4.33281036216163	-0.9834256356665312	-0.3699923910477302
3.424303677761386	4.464897527023969	-0.9586524440998868	-0.24464330763550127
3.5445873562253682	4.582869748714531	-0.9181459171074209	-0.12892104228361748
3.661803917902419	4.745677476989622	-0.8659495954368112	0.03327647640443972
3.7737293942094094	4.889940292865838	-0.8051490989907243	0.17642144401876428
3.877058592275557	5.026432410022196	-0.7404434747043424	0.30847010422362253
4.046813654741771	5.159572521077017	-0.6162528778841667	0.4317544092115221
4.198276407352229	5.29112911138134	-0.49095791252075605	0.5460707947681884
4.336862363515128	5.421801186877485	-0.36628972778710545	0.6502797042512849
4.466525638533892	5.551844844274867	-0.24308355857237576	0.742984050280122
4.588722213260048	5.681350916696601	-0.12314755323285773	0.8228422565600647
4.75501699994307	5.810377453732664	0.0425664748109913	0.8887077934661904
4.9108251165886125	5.939012075050396	0.19676869494136706	0.9396735460304735
5.0654910443977865	6.067381243211795	0.3451002916749552	0.9750606123164174
5.180497373091305	6.1956142200329944	0.45029366108880753	0.9943931443033152
5.304664648518198	0.04061878641044612	0.5571646626820183	0.9973993280042694
5.433441149512595	0.1688763146969385	0.6588906102825548	0.9840251119562671
5.564461703950418	0.29739923564589676	0.7511570549389508	0.9544023211319981
5.696320605944818	0.4263107137078188	0.8310031507636648	0.9088683276304597
5.828083960718823	0.5555424707203087	0.8963850966514469	0.8480788164779507
5.959177032989318	0.6848543136274834	0.9460233376400096	0.7730970518022124
6.089467023128487	0.813923278389489	0.9792796078826922	0.6853898556053578
6.219261548564532	0.9423713836098304	0.9959071960641033	0.5867929868887212
0.06578002171179229	1.069865478766302	0.9957883463426074	0.47937409453844926
0.1954202541821208	1.1961916099802063	0.978954484456497	0.3652660300683983
0.3243621099888683	1.3213397825410114	0.9459119174430564	0.2464758439480466
0.4513370227427005	1.4456296326289715	0.8980172567660087	0.12466747283893266
0.5745733704691414	1.5698548647222255	0.8377039077624576	0.0009732605312258724
0.691799239206041	1.6954129921938248	0.7685982374721487	-0.12408463320032655
0.8000336952375082	1.8244082825426398	0.6956649655077263	-0.25050681747854964
0.9766358283946965	1.9597263119181922	0.5587094892971165	-0.3785375418602367
1.1330869383345543	2.1050044655647002	0.42336038594996805	-0.508130719330771
1.2777265174189905	2.26449841273488	0.28880050609257185	-0.6382282019843561
1.4163244478794323	2.354431698636517	0.15381726142919477	-0.7045047874757355
1.5523417500652703	2.4680019000824482	0.01846538756238646	-0.7803720003784665
1.7047204108919922	2.594113732267395	-0.13326645387207606	-0.8525780428359393
1.8587273554192636	2.726336507340658	-0.28338487370528376	-0.9135477536174561
1.9696058860124113	2.8609527469205225	-0.38756536116185225	-0.9591774327039492
2.094278676401611	2.996017525265278	-0.49896492088597233	-0.9875355274959858
2.2290490221722226	3.1309531851817414	-0.6105317364639424	-0.9979453927503363
2.373835331965654	3.265888845113316	-0.7179943104445614	-0.9902547536919305
2.530243124275312	3.4005426683258526	-0.8175736327934248	-0.9646754047289625
2.634543962310111	3.533304687873034	-0.8724042768056484	-0.9223770301249543
2.7510556128865704	3.6611078427325636	-0.9228176644214419	-0.8662909377730649
2.8402443176841454	3.779907477816184	-0.95392824266768	-0.8014564531864591
2.9329112814932734	3.884877209063084	-0.9774175424868917	-0.7350079251373746
3.025578245292665	4.081147098327893	-0.9913130792139694	-0.5894282972246117
3.115979138097941	4.244083593026314	-0.9979453927503361	-0.4510696957301749
3.202714612827616	4.389914088957886	-0.9979453927503364	-0.3164782811988388
3.2844833269832274	4.52746820277893	-0.9878785728388382	-0.1835749776243081
3.399778991263305	4.661358825587051	-0.964868982232205	-0.05093607382291389
3.5148451747669855	4.7936328708884695	-0.929299531412885	0.08097757796245458
3.6287668653286906	4.925188834465052	-0.8821503524768844	0.21076269248201612
3.7715581435632966	5.056409321936162	-0.8064468573408354	0.3365832198042039
3.910141110314171	5.187442328009007	-0.7174443085492931	0.45644683571617173
4.045918622279192	5.31832558170419	-0.6169521631284549	0.5683613065102391
4.179972604984224	5.449040688028321	-0.5065995553619101	0.6704306954616013
4.313134261028599	5.579539301798659	-0.3879721423907816	0.760924087356409
4.446022919527781	5.70976202002938	-0.262725393032974	0.8383308885992357
4.579124375868787	5.839659078675977	-0.13261587357182764	0.901403912052567
4.712872002129599	5.969213309223699	0.0005153695959751736	0.9491836845555393
4.847711652884236	6.09846934245874	0.13476959722007936	0.9809993001681261
4.984139850235387	6.22753631043283	0.2681963163393875	0.99643699873336
5.122732941802097	0.07335049949161516	0.3987832087945623	0.9953036364018095
5.264124943742264	0.2024299416935142	0.5239378963185906	0.9776154400286754
5.4089530635527865	0.3317290951062168	0.6407750360581549	0.9435921099618106
5.557770962545423	0.46125567490142444	0.7468228971468966	0.8937166626470702
5.710964714904879	0.5908357935605504	0.8389865512169032	0.828838265186812
5.808729264584233	0.7201614226666684	0.8879931608280851	0.7502256579619353
5.909304068295775	0.8488588781111566	0.9303187210614401	0.6595455143664994
6.010370794377522	0.9765244959979706	0.9621438630340132	0.5588007384947892
6.111483749460197	1.1027482562082436	0.9834854123019948	0.4502402161719692
6.212300938487614	1.2271661416018147	0.9954615337167028	0.3362173211809769
0.027340978434970475	1.3495580835723948	0.9982494573758753	0.2189838785229809
0.11760954504074257	1.4699860476506728	0.9924698919576925	0.10044021221023312
0.24557891464293874	1.588954700981501	0.9693727913085664	-0.018103686583314512
0.3931200860831416	1.7075447599056086	0.9232593371832065	-0.13605268999171732
0.5240495310668609	1.8274767031349337	0.865247546196423	-0.2534463987756139
0.704402862738545	1.9510894366972127	0.7604338069800753	-0.37064528374445127
0.9210112542446836	2.081333286717855	0.6042999724928602	-0.4879023472304126
1.1018549872594536	2.2216153230973563	0.4510316453311559	-0.6047238174320977
1.2557018155387083	2.375486324490438	0.309455835479578	-0.719142090409615
1.4066254524488246	2.4721719343076685	0.16338541671957862	-0.7828644333666697
1.5512396017318646	2.588123239483646	0.01956621508694437	-0.8496404164262215
1.6954028765925169	2.715173317532622	-0.12407465410298407	-0.9093614462441474
1.8435767551864077	2.8478902500066225	-0.26887042897901325	-0.9558663400147561
1.926964585951017	2.9830065780051593	-0.3486003260227879	-0.9858728641329311
2.024845512151163	3.1186358934254623	-0.438042573875025	-0.9979453927503362
2.1277774650260564	3.2542646136049167	-0.5275915459303289	-0.9917402092445731
2.23218964241113	3.390153962775448	-0.612985490358692	-0.9673087425375647
2.3370998766272026	3.5265811808920584	-0.6924556002374277	-0.9248984122149274
2.4414236719171316	3.6633782308971266	-0.7644861708937636	-0.8651775815812963
2.5456597731291413	3.7999074043868535	-0.8267881768704097	-0.7895024801363355
2.6503491469059237	3.935667410962974	-0.880154845808099	-0.6996982703166436
2.755882249791934	4.070515423281246	-0.924627701338548	-0.5977347819534037
2.862239883841791	4.204639751645703	-0.9595036972518448	-0.48552007197196384
2.969142040756837	4.338448770963168	-0.9841011208718425	-0.3648400904198411
3.0760441976630335	4.472495231800276	-0.997762101595689	-0.23736462135724515
3.182194880387898	4.607442814028935	-0.9979453927503363	-0.10467957573001026
3.2864502838433327	4.744197586154754	-0.9876272162663593	0.03180341320366639
3.3868107481071514	4.884041349203602	-0.9681561833997188	0.1706743384426258
3.5306566517140783	5.02883575808974	-0.9233700700613572	0.3107240255814042
3.6707286308166647	5.181286475743213	-0.8615730819674746	0.4509927997403381
3.805123855199294	5.283361168636641	-0.7863846030676935	0.5397041075875796
3.9331194195238655	5.400603217769002	-0.7014696493392832	0.6345980628432333
4.0538235202258575	5.5246598793300725	-0.6107760983231876	0.7253740545397043
4.165481539590394	5.651848928403619	-0.5189829970491027	0.8067589163341771
4.339707858170793	5.780470214862706	-0.3636895537988275	0.8757404170989581
4.494373210561913	5.909696121266623	-0.21622337279422008	0.930442175554741
4.640629323466782	6.03911489237712	-0.07164073381533029	0.9696609565516632
4.784503607497242	6.168570529750293	0.07189672417792792	0.9926616359497976
4.911354853526517	0.014833253679667965	0.19728479651548592	0.9990502811418225
5.042381185236311	0.14430814303108191	0.3234272740031503	0.988718313089336
5.175610249131945	0.2738936851998545	0.44596370826638243	0.9618040398686247
5.309729714570682	0.4036301462104454	0.561316043834678	0.9187023165265823
5.443489738101362	0.5334509937144879	0.6663242640490854	0.8601222332554397
5.575482869965735	0.6631882042319283	0.7582963941648175	0.7871320191064546
5.704272144781124	0.7926113544623014	0.8353380214562309	0.7011557974760856
5.828913717718197	0.9214602941471696	0.8967448681218595	0.6039319346886821
5.949235440032399	1.0494798998518988	0.9428928057671201	0.49743555475333295
6.066268762037914	1.1764949866353718	0.9748480976052379	0.3837380277921714
6.181792588010057	1.3025599195927235	0.9935081958714709	0.2647723155282312
0.014053707983929062	1.4282014257469193	0.9991001925951046	0.1420032634323416
0.1289581415971945	1.554744426616803	0.9916505884373727	0.016065590365974686
0.26113776521576	1.684712222150359	0.9658207818788115	-0.11352826362300455
0.40378864768367534	1.822257612681269	0.9186335924204532	-0.24844645166151585
0.5325698500904849	1.9674087882059148	0.8606025985973269	-0.38555768332110074
0.6364377575248873	2.023553450526957	0.8039778424206097	-0.4368619056844084
0.8014685012325656	2.113009445011733	0.6946035377365343	-0.5149714307274442
1.0025738939961777	2.2201158589954835	0.5374503792364214	-0.6035522921918197
1.1602443210675368	2.3385206637140987	0.3989783180756107	-0.6934433399930391
1.3287962508724391	2.4656936234925935	0.2392113041966022	-0.7789923415057274
1.4747762920886942	2.6002651750569994	0.09567536892883391	-0.8555945961394731
1.608452981445555	2.7408064785480617	-0.037578600409164345	-0.9189741369540108
1.7347995391617197	2.8855076672931252	-0.16293968236770262	-0.9654016345441752
1.8560993981945935	2.994819937313511	-0.2808672612480717	-0.9873824882459119
1.9735314740883994	3.1041322073448887	-0.39115250970333987	-0.9979453927503361
2.0880052706355725	3.2126753543575566	-0.49360393793734025	-0.9970548828240388
2.2005992562566723	3.3192232727282294	-0.5883040493799815	-0.9834391700905252
2.312676802559081	3.4824544703615734	-0.6754765317803602	-0.9414463682051282
2.425769077660923	3.642158466991268	-0.7540989638117992	-0.8755833597214415
2.5415138458344755	3.7939576559716555	-0.8243101526150163	-0.793058649803208
2.6610126405534293	3.9382542097195268	-0.8853840250575513	-0.6978999122127595
2.784611565089132	4.078148066081954	-0.93540148074452	-0.5917714289929124
2.8887117039116204	4.215736637250369	-0.9662137964373672	-0.4760371504572121
2.994527258572485	4.352731815193986	-0.9873450869552819	-0.35178844050425767
3.100342813241734	4.49070524567844	-0.9979453927503362	-0.21984184069412802
3.20528341318884	4.631415944359282	-0.9979453927503364	-0.08084307165708175
3.309342956282179	4.7771476702726074	-0.984701771486243	0.06457979317019209
3.412769065247377	4.928649347890299	-0.9615762473680942	0.214134132716283
3.5338097770871597	5.088964358551382	-0.9221876166385194	0.3671141667449854
3.656885328405994	5.173315622675896	-0.8683615803810978	0.4439306875404091
3.7822117787044602	5.283325322873593	-0.8000791705939208	0.5396747280249881
3.909726553209942	5.404453835906231	-0.7177325111495243	0.6374466382194088
4.039040937254483	5.530480802610657	-0.6223256706309445	0.7291447577348179
4.16975853034944	5.658712673961488	-0.5153280645633344	0.8105007643050607
4.301640471096277	5.787892642421656	-0.39847500998508956	0.8789586818185442
4.434666122168998	5.917439536082852	-0.2736053321111664	0.9328805178799854
4.5690439921827055	6.04708358248666	-0.14256022853312889	0.9711831970325508
4.705207781090755	6.176715489706306	-0.00713966668011632	0.9931831278784315
4.843808004009712	0.02314054202613649	0.13088664816531248	0.9985183959214023
4.985692334024626	0.152786711841311	0.26970883938637286	0.9870986716569916
5.13186094742377	0.28255204735206874	0.4072021761289333	0.9590775875986531
5.283404061347919	0.4124591353354309	0.5397392629027009	0.9148741856374787
5.441445093124574	0.5424189570829893	0.664811695124738	0.8552332473146781
5.607000222319111	0.6722444583227042	0.7787128428091068	0.7812655191390434
5.780872856438555	0.8016881638910566	0.8759149970686383	0.6944410376864791
5.90626200169337	0.930466586035961	0.929360797467148	0.5965502835877755
6.0355842874514805	1.0582846819947518	0.9689865132409118	0.48963458804831095
6.16594492075589	1.1849016153568348	0.9924935278307001	0.3758540761173685
0.013193304884150067	1.3102751496360154	0.9991552810515647	0.25725567455963744
0.14363986176529311	1.4348070618977955	0.9888459733172302	0.13543265488822515
0.2741211500951647	1.5596711974013777	0.9617324129062438	0.011144723797961442
0.40463766075100593	1.6872147807641396	0.9182654717780679	-0.11599705171102723
0.5351575837093091	1.8213933434503629	0.8591918665547202	-0.2476184720575527
0.6656183298346744	1.9681596650972706	0.7855578216925552	-0.3862438243255885
0.7959323705704894	2.022478713860159	0.6986990062876256	-0.4358798260590986
0.9259874749547298	2.110841860679183	0.6002214099128063	-0.5131191063154904
1.0556404285047867	2.2172188604359198	0.49197737553585824	-0.6012888789301496
1.1847081753613962	2.3357622123558945	0.376035489098308	-0.6915256479647627
1.3129640291973557	2.464482806332547	0.25463600642829537	-0.778268635063672
1.4401465725150073	2.6024821432281398	0.13012145801308403	-0.8566817561585476
1.565996418679723	2.7485991598271573	0.004827082631998051	-0.9218964700557054
1.6903480823673211	2.8721065295129824	-0.11908807129055718	-0.9620047028837755
1.8132503120860184	2.9994113633731443	-0.23981735679970617	-0.9879692246103677
1.9351336102256829	3.1276327198044482	-0.3560650683607545	-0.9979453927503363
2.0570068506589747	3.2558540762327253	-0.467114020478355	-0.9915370924979314
2.1806026821003135	3.3845731398244174	-0.5726808068401958	-0.9687233742266392
2.3083279014739366	3.5146222952230195	-0.6724531495053964	-0.9293831134619506
2.4429558257680233	3.6463020298591635	-0.7654019405480913	-0.8735514334425087
2.5174745761496125	3.7792180329797445	-0.8099418607644383	-0.8018685349491208
2.6030675108989483	3.912603468431274	-0.8569688095932544	-0.7157324623288093
2.6961200174841506	4.045820352581319	-0.9022162689381622	-0.617028940846087
2.7938899036617313	4.178570138682068	-0.9388809501297462	-0.5077980427884035
2.8940335552059606	4.310818514617799	-0.967562783773388	-0.39008823969879214
2.992214675179027	4.442672270024352	-0.987049562916529	-0.26593535278817626
3.088136840654065	4.574283707661642	-0.9979453927503361	-0.13739121986823943
3.1796638652030067	4.705800740774069	-0.9979453927503363	-0.006547417596612735
3.2956421700259524	4.837354620531751	-0.9864525890783715	0.12446748494616877
3.4114855965211808	4.969066718316898	-0.9619015820988219	0.2535111649870904
3.526660104886566	5.1010803018093	-0.924868814930834	0.37847680857264226
3.6398008981743883	5.23358993089933	-0.8767394676860454	0.4973332435594597
3.7908839492021498	5.366848347856297	-0.7948958069426016	0.6081310735362773
3.9359593587105186	5.501171873984432	-0.6994953064809847	0.7089958315912238
4.076905629419168	5.63692402017596	-0.5927421397342243	0.7980970117372754
4.215766668049613	5.77446145004637	-0.4760114874268442	0.8731350975235064
4.354435535200692	5.914029497963894	-0.35023160452991264	0.9318067228588631
4.494680959444319	6.055615836981494	-0.21591977679818514	0.9728130939173255
4.6384108402792625	6.198823107845469	-0.0738565583841012	0.9945985976269821
4.787954271863501	0.03494405834369607	0.07532909075852004	0.9977626600402749
4.946366453603772	0.15435811898959406	0.23139520230248237	0.9867984893760657
5.116498983778018	0.2747249867422875	0.39293684333308954	0.9615422693469543
5.2143714960420615	0.3970157571822833	0.4803058636638784	0.9215702266115092
5.335244513614081	0.5215939703472211	0.5822282401940386	0.8665862226987348
5.467964542569002	0.6481449755551824	0.684430013011618	0.796876787711365
5.606163521624839	0.7760001962137425	0.7781708411662113	0.7134442495298274
5.746036975730667	0.9044691886568176	0.8581065880683313	0.6178580225944682
5.885381890141626	1.0330205277526745	0.9212287078961797	0.512018427066175
6.0232075036649375	1.1613887844428405	0.9661860449802476	0.3979050110171652
6.1597546022567355	1.2897268652431095	0.992097184429331	0.2772750486334312
0.012647080017777253	1.4188812568014257	0.9991902538274373	0.15127401045914327
0.14885129076583203	1.5508195179013655	0.9878504460625819	0.019985795491159225
0.284637613123382	1.6891769676619632	0.9584208588280834	-0.11793276007491774
0.43448676884560433	1.833981237866317	0.9053233001328725	-0.2596778159061399
0.5804841755016691	1.8886546713195487	0.8344815660205065	-0.3120555775562325
0.7212109630017013	1.9775559180366415	0.7495457821236968	-0.39482999138501174
0.857770519929011	2.084676711651005	0.6529529407746896	-0.4907594944842507
0.9912385491511687	2.205169065257165	0.5467409465184402	-0.5918744226757737
1.122403603137235	2.3389722040829555	0.4328257356679649	-0.6937572535819905
1.2517042944444996	2.487581609238829	0.31320481312209986	-0.792074809124169
1.379243332917396	2.5738060006259986	0.19006272385390338	-0.8426195083806322
1.5049103591761637	2.67560677069646	0.0657010933024595	-0.8925407154472524
1.6284825252959139	2.7860275148712703	-0.057584140958031604	-0.9359324760169407
1.74974908807406	2.899990062572462	-0.17768749609436818	-0.9690726442636408
1.868665769025894	3.014903173783401	-0.2929059852614734	-0.9899489164100168
1.985523259480273	3.1298162850392246	-0.4021104387182085	-0.9979453927503361
2.101131866522769	3.2442124597119943	-0.5048213626264633	-0.9930247696738341
2.216930613294258	3.3563641992703084	-0.6010636726037876	-0.9758738001715594
2.3348643265884506	3.4621353756481867	-0.690901432361537	-0.9490628335439254
2.457133190762035	3.635990386192573	-0.7738757636124581	-0.8786080719956431
2.5858665059916732	3.7971079879804877	-0.8485337562323056	-0.7911756936933716
2.7223137653639555	3.9410303576348853	-0.9120391853061063	-0.6959699174311712
2.8212023963699395	4.069054768996081	-0.9491014804592568	-0.5988759852408001
2.923736096436271	4.182050728163694	-0.9750918088722175	-0.5048236806065088
3.0242292695056165	4.288581295792674	-0.9911406941774357	-0.4104083052612526
3.121869122625738	4.4870655806478075	-0.9979453927503363	-0.22340606395756196
3.2153254977005745	4.649601150749112	-0.9967162221442905	-0.06267965832429356
3.304175465969648	4.799440935050568	-0.9853621228541962	0.08675484379069746
3.3934275086160697	4.923593170178463	-0.9664789613883661	0.2092081003983844
3.482425135745251	5.051701486557902	-0.9414573689784479	0.3321680912378186
3.572816573814413	5.181462933001135	-0.9075596793234242	0.4511491394624999
3.6607179783201134	5.311910249745067	-0.866482120040629	0.5631032332872652
3.805572207418399	5.442617699489381	-0.786116622566605	0.6656791552305439
3.9393146670314096	5.57337423244543	-0.6971626758909093	0.7569304517100062
4.06132862218633	5.704051053254246	-0.6049123925055093	0.8352174909274905
4.176685249051046	5.834554359669247	-0.5094087884581104	0.8991905745760767
4.357096958293439	5.964819531320884	-0.34779963261115143	0.9478001173720139
4.513865285991961	6.094827156699821	-0.1969943312175098	0.9803035418283079
4.659560544547914	6.224627274482095	-0.052732199811378	0.9962507438252196
4.8443033895620635	0.07116836790362266	0.13137940684419952	0.9954433502882498
5.027867282921014	0.2009676399674077	0.30981576476943473	0.9778947801526043
5.153798871551117	0.33093623825526064	0.4266390018127628	0.9438417745430616
5.300842666964967	0.46103636899103717	0.5540321265963108	0.8938117507390173
5.413094351923852	0.5910794563345746	0.6438386408247262	0.8287054296892145
5.538992732131951	0.7207754090483135	0.7346586527468999	0.7498279271726037
5.670575087322738	0.8497782412033515	0.8169676921641054	0.6588653962730248
5.803151927741353	0.977694860874783	0.8855749026169899	0.5578414951915451
5.934391510065615	1.1040893816885868	0.9382185653228248	0.44905198970030047
6.063724319303673	1.2285325738914052	0.9743620385819707	0.33493584599098575
6.191926285767486	1.3507323184605922	0.9941570193913228	0.2178398682967336
0.03679244380958688	1.4707451307464352	0.9976443146946045	0.09968515429290453
0.1646235688075691	1.5892374350534466	0.9848375041887091	-0.01838608182821432
0.29061228119758054	1.7077588873131957	0.9565394813750672	-0.1362639278785181
0.4116738530151579	1.8289915883310555	0.9152146734854473	-0.2548976757618598
0.5235839429474168	1.9569292904819504	0.8655013667883026	-0.37598166203502115
0.6905003099094941	2.0970596487456192	0.7694396635849192	-0.5013414203302704
0.8379799392486248	2.2562351944935757	0.6675934371306698	-0.6317721829816196
0.9656989166186051	2.3290805668483032	0.5676734966654517	-0.6868805276919084
1.0743884949928868	2.436627936811304	0.4753667382612127	-0.7616197559592873
1.2544613526623236	2.5688653308346674	0.31061917332829675	-0.840196695669784
1.4058320663288184	2.670994772440926	0.1641583811782	-0.890279077153691
1.541657716734859	2.787772774534885	0.029136617202654196	-0.936586965775134
1.6682999493330313	2.911739540741961	-0.09733746457211379	-0.9720509118586719
1.7887031907854392	3.0246363202039874	-0.21611593658079625	-0.9911927110113801
1.9042589690877263	3.1375330995580826	-0.32700466960324687	-0.9979453927503361
2.0158895059238646	3.249931191019668	-0.4298586982227839	-0.9922939754558322
2.124642305162594	3.3618636541476605	-0.52491237305421	-0.9744797937301439
2.2319271685327053	3.4721425707324003	-0.6127804205786924	-0.9453134332817564
2.329500443450604	3.600482190884597	-0.6871724284392962	-0.8960206315401786
2.4284804110618183	3.7630063145911223	-0.7559838991518524	-0.8115582927604313
2.5289733144235726	3.91333794869645	-0.8168146663695812	-0.7152218472167229
2.631561492271308	4.055041805627949	-0.8709417288870618	-0.609824256864209
2.7364485524187843	4.192237843919129	-0.9173398712467129	-0.49611820930473527
2.84336294779301	4.327078912724366	-0.954718755647076	-0.3752297109324248
2.9514229053494874	4.460939534481424	-0.9818368001672992	-0.24843510882507885
3.0580804372644423	4.594799254100826	-0.9954665203685648	-0.11715251840908755
3.1636083247022584	4.729485464935854	-0.9979453927503363	0.017108922914548637
3.2669885169852777	4.865902707207068	-0.9901142270956467	0.15286419011469926
3.3972656665800387	5.005235823895331	-0.965506061883912	0.28859140299487146
3.5276487243446355	5.14914330771539	-0.9244980727865291	0.42251420941172746
3.6582686316293818	5.299952334491733	-0.8676832341701322	0.5533024007821388
3.7892571847113232	5.460820866970449	-0.7958681254565485	0.6791453294412881
3.9207137603418816	5.635777989271146	-0.710094138456355	0.7973546308148374
4.052734569985359	5.743054615940435	-0.6116268907433307	0.8564807211367214
4.185470708182221	5.865500726309184	-0.5019011126668993	0.9126085027627381
4.319186468850061	5.966193548386242	-0.38244171789404624	0.9482327848766721
4.454313232688341	6.070839857235518	-0.2547831801646373	0.9757213033713217
4.591503349575012	6.1762990911343305	-0.12040394668244857	0.9931564674042791
4.731685021797913	6.28122297156659	0.019305843839070077	0.9998743588441226
4.876110627713265	0.10148362465299782	0.16294775275039444	0.9935023755266009
5.026387884395048	0.20153737815981115	0.3084283469503608	0.977785944380594
5.184504933929054	0.33900355151696543	0.4538443280055354	0.9413014390652575
5.3527891011099324	0.4720316843812907	0.5966079677448277	0.889044329929567
5.533825925831293	0.5980587937078338	0.73131167631596	0.8249005655420723
5.674399976200609	0.7145130835363159	0.8190528732894621	0.753884563839796
5.798608272286165	0.8582823149868003	0.8836048347472463	0.6525743296667296
5.930285264260553	0.9828704168971268	0.9369255398060519	0.5535995553030895
6.064441158063259	1.0903133683942254	0.9744989746358406	0.4612574275287067
6.198635153680177	1.2464274813494836	0.9945865636107707	0.31815354356048103
0.04965674223033118	1.3762827777675195	0.9968206608239673	0.19294707467746597
0.1838897283591035	1.4899546239389405	0.98115713419346	0.0805775229889792
0.317952198071863	1.619003699557373	0.9479303498658638	-0.04811667459510559
0.45154359822897844	1.7360374880933858	0.8979276884146655	-0.1641609259218988
0.5844020091321253	1.848193761672844	0.8323457150195066	-0.27329357290851164
0.716394237918058	1.9598936760178045	0.7526659814095144	-0.3786904768789397
0.8474809068842984	2.074610998285584	0.6605648974281323	-0.4821577684473393
0.9776303334361868	2.1954757449436837	0.5578943825556273	-0.5843010707061218
1.1067435372607957	2.3255176661258457	0.44670042904691665	-0.6844035776116848
1.234610377626927	2.467262998172904	0.3292359260198024	-0.7799303580813228
1.360888998421876	2.55499665844693	0.2079446200314846	-0.8323688411326788
1.4851084515630983	2.656541725539631	0.08539799763997041	-0.8831915713656331
1.6066984546321645	2.7651642598896142	-0.035826176211609315	-0.928108547582251
1.7250512862851632	2.876637330109139	-0.15332297631008956	-0.963153174024401
1.8396253684165895	2.9888830611819923	-0.2650849561936996	-0.9866238173945492
1.9500796589874536	3.1011287921798196	-0.3697225627231232	-0.9979453927503362
2.056402954220479	3.212588947249392	-0.4665979565363345	-0.997065924751285
2.159010056654145	3.320718918082184	-0.5542815764184267	-0.9832480422130212
2.2587099507155397	3.4866781966833695	-0.6337057000121002	-0.9398624287623852
2.3567815435752646	3.647427522287982	-0.70613841385574	-0.87299951285731
2.4546165017102606	3.796261485931913	-0.7723715364347159	-0.7916816486847453
2.5536149234999836	3.929840250164238	-0.8315429769846359	-0.7037493476640778
2.6530234932832055	4.048273539504853	-0.8814662956053426	-0.6151122758212622
2.753368774667207	4.174661599627141	-0.9236851231303284	-0.5111381122831842
2.8546142452846137	4.278935323349286	-0.9575707439854422	-0.4192226625783584
2.9564431914264997	4.478459865365222	-0.9824783403692098	-0.23165043559164616
3.058272137552356	4.640700252109516	-0.995491017666035	-0.07156989017311367
3.159242133870775	4.788968681172845	-0.9979453927503363	0.07633812097498521
3.2578652805343307	4.916326340133052	-0.9912800815639045	0.2021283176667426
3.35139019040467	5.04579671440804	-0.9771346161165929	0.3266304447183068
3.462032673831919	5.176144812676489	-0.9490888664865744	0.4464373273003397
3.562393254536813	5.306846008806039	-0.9114685278780512	0.5589525284062297
3.7073893809406595	5.437660317058969	-0.8435953309456422	0.6620118277993893
3.835893504929926	5.5684563910690255	-0.767993557363499	0.7537447508688827
3.9931027954516605	5.6991413107010995	-0.6582169550880037	0.8325408896381272
4.1874295269235215	5.829638859793489	-0.5002271903568802	0.8970592799688011
4.349906782390091	5.9598942925399125	-0.3543699167330382	0.9462491972073848
4.498528977130347	6.089894466724976	-0.21212368580017504	0.9793612614464433
4.6423487314474325	6.219690402872251	-0.06992338636428806	0.9959346540333558
4.785739242833861	0.0662203498911376	0.07312580732976415	0.9957601537434149
4.920047515330571	0.19601244114430275	0.20575371027124545	0.9788413603478046
5.058923953899791	0.32597480879856794	0.338941506049266	0.9454040908757233
5.2014081693486585	0.45605176723466007	0.46882045967763136	0.8959730069919519
5.346757651353071	0.5860255197216426	0.5916645283929223	0.8314606399895721
5.494016270786714	0.7155681927094955	0.7037023243297189	0.7532010805951752
5.641951163507178	0.8442831037841623	0.8013535166777452	0.6629305392145345
5.7894171257354525	0.9716997630084785	0.8796196772712348	0.562755140153455
5.935594795901407	1.097254694260405	0.9385974708641667	0.45510746821202697
6.080507855292394	1.220307848253517	0.9775681587275994	0.34264920429620876
6.206244102168332	1.3402250219388898	0.9950737366899992	0.2280767082951547
0.04868282404234296	1.456525414527986	0.996883017235408	0.1138294678375524
0.1741939154100274	1.5690486393930223	0.9830093029644016	0.0017785196841750145
0.2985462129754433	1.678091081306851	0.9540411467102343	-0.10699647109932059
0.41950724448408555	1.7844760017796213	0.9118182203440812	-0.2119457909522717
0.533801724768258	1.889527697446942	0.8599310282827596	-0.31289194636511697
0.6371527123752168	1.995006486504719	0.803588076754994	-0.4107760815036593
0.7834423351105693	2.1028378505319605	0.7079387714865443	-0.5062792232407767
0.9053131827865266	2.2140241730847716	0.6171662761716726	-0.5987928826192065
1.0008112518742374	2.3297788595445237	0.5388950591691379	-0.6873659849877071
1.066148747829052	2.4507729208168723	0.4826670884845343	-0.7700742248794367
1.1602061816875187	2.577079069733612	0.3990140861627873	-0.8442245606857517
