6.086299391802733	1.9981451229825324	0.9786745025810294	-0.4136441244683594
6.228339999245025	2.4091018232062904	0.9964884559818863	-0.7425117879474001
0.08687444451867439	2.551598159283054	0.9944377477770665	-0.8303375553040889
0.22822584002744054	2.6521764303738924	0.9726877091036443	-0.8810509116857024
0.3751496055564225	2.7396143505136146	0.9299193220604623	-0.918527077066438
0.5178417961168865	2.8238784046285828	0.8686317626173995	-0.9497797972802916
0.6537362396040655	2.9088204692670723	0.793254854179932	-0.9713109831694295
0.782275515285191	2.9937602137818566	0.7088019508786713	-0.987247066630881
0.903230830801387	3.075101792403821	0.6188729936546703	-0.997641672032313
1.0169888873558304	3.1485203068115974	0.5256356997971209	-0.9979453927503363
1.1231879265107776	3.210506785476851	0.43213083141892084	-0.9973320033100513
1.2208493968595153	3.2921813707868286	0.3421413261466306	-0.9868948431269615
1.3086901113428457	3.3666242674524223	0.2587999141616164	-0.9732730694711166
1.3854060019369343	3.441305115450069	0.18405868117880256	-0.954342905394705
1.4504922078594846	3.518854606399661	0.11983068231243948	-0.927795954613128
1.5025771897416706	3.594137120231329	0.06802189067473345	-0.8991321363521254
1.5415818728106092	3.6648738481899685	0.02921237023593851	-0.8644441586364925
1.5686854441032827	3.7198077175994126	0.002141279722562662	-0.8373781307692049
1.5839049511924137	3.8445385834473362	-0.013059988388190065	-0.7628263866117382
1.5908452515304246	3.9253164347535767	-0.01999197150626322	-0.7068943314335459
1.5906553496661389	4.084756911809319	-0.01980229721938699	-0.5866079645464877
1.5855991158069314	4.313658191037298	-0.014752122724618389	-0.38749338233492103
1.578642078424906	4.475007683552471	-0.007803422620117507	-0.23495766443645108
1.5731302950977237	4.6330470181475745	-0.002298244585494408	-0.07921395253915955
1.5725161341251397	4.776311928047821	-0.001684819620235315	0.06374848262304135
1.580170349674611	4.898092907207342	-0.009329862397481254	0.1843642110673987
1.599130392382976	5.031755715398016	-0.028267183488977755	0.3134624363134208
1.632101109300482	5.1824805514534305	-0.06119838847029205	0.4520507412893229
1.6816218606016888	5.242563523025681	-0.11047960464773504	0.5052837745625387
1.7503179880167266	5.342301060858532	-0.17824871907392115	0.5880118601764676
1.8413587305485817	5.468784853909684	-0.26674553653168853	0.6850368554983528
1.9589264230567707	5.619981880887644	-0.3778066143897384	0.7871221584937017
2.109081339409542	5.796497961049094	-0.5116146405023045	0.8826898321894345
2.2090199714096697	5.890835522663131	-0.5948831200830443	0.9235933295779882
2.308975022694008	5.985186447102115	-0.6729030320822155	0.9542135039672901
2.4404830748885082	6.08569814350561	-0.7639239752531215	0.9785596475064355
2.5350865128578235	6.1880944482834845	-0.8204685302512749	0.9939116808837629
2.6570181925443874	0.006022677998959591	-0.8834252219361387	0.9996143900053308
2.761889552602488	0.105204282440124	-0.9268804997305825	0.9932641554474755
2.8769328739992757	0.2033996899119843	-0.9632280887379063	0.9774301912645584
2.995726385141645	0.3266257318775121	-0.9874983228246117	0.9451991201578248
3.112091593780408	0.46722887273844704	-0.9979453927503361	0.8911267644352892
3.234439567675189	0.6123149656791049	-0.9942736433504259	0.8171286532948134
3.3570987346020758	0.7634126832045822	-0.9756876095387118	0.7222081668455372
3.4822963929645376	0.9208252972068374	-0.941505648803608	0.6044523848274912
3.6133619377351534	1.0835116645318938	-0.889704642878725	0.4672836828643413
3.7538851975581835	1.2482995838044013	-0.8170099921361019	0.31639783794127496
3.9049732456717776	1.4589583194967959	-0.7210370392307508	0.1114094637970687
4.070173623972328	1.6577634164695885	-0.5980018283715255	-0.08682994206355318
4.2520309689872136	1.8516130195285017	-0.4438074925812573	-0.27656926023363704
4.451201535431537	2.0444110540392724	-0.25776422099104784	-0.45592129769646966
4.66500848253033	2.2424977859536077	-0.04729079060959156	-0.6210392012313537
4.889061425430948	2.347066994635355	0.17556519852381586	-0.6993848008166856
5.11197742213308	2.4059195633939985	0.3886964070435313	-0.7402994617246498
5.323134642875267	2.4826042238517565	0.5723028633824949	-0.7890998216627448
5.515592458292771	2.5677314567627554	0.7195003207987293	-0.8396406648824706
5.688595506789023	2.657840447378559	0.826791726205852	-0.8838284404364486
5.845813291767639	2.7546351414025216	0.9040722960431699	-0.92416002327021
5.99265801862448	2.860168700938439	0.956566244910587	-0.9589786920698744
6.134817573598504	2.9728089757542544	0.9879428188755951	-0.9845697169204637
6.2759288378793245	3.0831294457493867	0.9995353948710732	-0.9979453927503361
0.13416713375483244	3.1821219428372784	0.9906555266871999	-0.9979453927503363
0.2746497898997482	3.2584768612952355	0.9615659482597131	-0.9912019279211007
0.4107429415589523	3.289360509314992	0.9156183041672924	-0.9872553198030797
0.5817462896207892	3.27402342926595	0.8337935103348992	-0.9892152386763153
0.7393987246462543	3.3279746298488884	0.7377640341707847	-0.9823208379221882
0.8824751028980946	3.3611851305778297	0.6346772083555123	-0.9746517864545304
1.0142285434099187	3.3766637352737567	0.5278981065877089	-0.9707282567354109
1.1373897398585953	3.3867521930466338	0.4195481381415873	-0.9681710259856404
1.2530923385959072	3.3998425049708216	0.3119030697747041	-0.9648528827242772
1.3621152595934285	3.422170454950517	0.2067499226720323	-0.9591931752097231
1.464703748349813	3.4579368864498075	0.10569450114260269	-0.9501270701123273
1.5612730321127184	3.509800929914794	0.009544808717032876	-0.9311911734776201
1.6227119979632334	3.57881193916946	-0.05182052899538485	-0.9053113575961123
1.6818028808582797	3.6644306310833055	-0.11065818214466214	-0.8646615040744678
1.7340087945045306	3.7646006334127136	-0.1621596083348364	-0.8106053670504663
1.778983429522693	3.8753933651994408	-0.2065273376597737	-0.7416011506153712
1.815909171808041	3.994138796353972	-0.24236457419552337	-0.6574075317717051
1.8476712263962651	4.117921776405391	-0.2727929782605858	-0.5596255266390224
1.8750814745316224	4.244664100402568	-0.2990523029988381	-0.4505392360518429
1.9035913306221948	4.37336935712535	-0.326365064474991	-0.3323283196133921
1.935173309267732	4.504019099335688	-0.3561013448008771	-0.2067076494972895
1.9729691118826584	4.637511002620455	-0.39063863083294836	-0.07475531768212443
2.0208759621927146	4.775765119158493	-0.43441525356831506	0.06320457328892821
2.0833236789720124	4.921988596200855	-0.4896032509075495	0.20764482795808759
2.0985070029164645	5.074458270621436	-0.5025782670001508	0.3535099860419471
2.1413156427665956	5.24685296060909	-0.5391606907823148	0.5090841820261808
2.20691622068003	5.3289280621083766	-0.5932394681436965	0.5770512104256679
2.290504820799215	5.448949428597983	-0.6585469034579552	0.6703631843875764
2.388059716444207	5.593668496626671	-0.7278831883617043	0.7700767591086848
2.496435944814855	5.757800864937895	-0.7973670529970935	0.8645198043783826
2.6130951850360513	5.854768365154637	-0.8618861947628207	0.9079550953717979
2.7358374914361945	5.964309874735662	-0.9171107172915312	0.9476396303966188
2.8622744671979823	6.079272349345231	-0.9595124634700195	0.9773321428779058
2.9905233097722568	6.187507770540753	-0.9868334240575241	0.9938741180585071
3.119296181453096	0.01179513031482977	-0.9979453927503361	0.9992448010438862
3.2480690513866963	0.11796452283882126	-0.9925319374798675	0.9924471640305398
3.3772013564698518	0.2224137578337077	-0.9705919800630658	0.9737979777515562
3.5078586846395488	0.3434179677552271	-0.9319195348023269	0.9399113730271524
3.6417307761620505	0.4619063685608355	-0.8757930913613012	0.893434530631539
3.7806871851557076	0.5744434315513991	-0.8009904214492569	0.8377747454226817
3.9267188648619338	0.7728849874135704	-0.7059193535601778	0.7157487904537952
4.082088141622396	0.9495103545239707	-0.5886930639033686	0.5809418116038864
4.249401853243883	1.1100074724745421	-0.4462099424872412	0.44380860849796044
4.431329166893649	1.262517639411827	-0.2768021726424774	0.3030637813256408
4.6294851030457345	1.4109730829167453	-0.08277159906041102	0.1591402497899529
4.843118428549275	1.5568876257200404	0.13020072930622434	0.013924959661429467
5.0675282495733125	1.7022679960279414	0.3470108348531616	-0.13084713287399086
5.2940132478856	1.8072139812377546	0.548434663235335	-0.23403448423360113
5.511585730705672	1.9198412599357062	0.7166997001053055	-0.3419326787742104
5.698198770517303	2.035651929865947	0.8320270532721838	-0.44791733016476565
5.870759562604123	2.157198491575785	0.9148886634217226	-0.5527334907600752
6.033473325277988	2.1927705789205567	0.9685832610087455	-0.5821875354295674
6.192060744722292	2.2566316651890914	0.9941656283053069	-0.632081943933047
0.06712759944934939	2.3432733207090375	0.9957020658799485	-0.6967474158126902
0.22597924660322327	2.4538418187375224	0.9731168706606167	-0.7719085077657966
0.3836786672231222	2.5941625339869385	0.9272335855281837	-0.8526019742928908
0.5369889390377991	2.695758854024358	0.8581934826312339	-0.902080829043231
0.6828176498591918	2.7807412279018755	0.7744163707844922	-0.9339500657472994
0.821360073607218	2.8811144776313315	0.6798883306605522	-0.9642880451387741
0.953963236902172	2.9725529874261887	0.5772921825983947	-0.9845370042819497
1.0819602438682785	3.0493910472627603	0.46865822918996164	-0.994356106951751
1.2059812927625493	3.138957815652796	0.3560850148808726	-0.9979453927503363
1.3261493886893496	3.1986323479170014	0.24179003647185437	-0.9979453927503364
1.4422973641760968	3.2312924973043127	0.12798207132235717	-0.9946758061216678
1.5542412879264922	3.252539114154828	0.016568126097487847	-0.9919607100783154
1.662074771014145	3.342564434459543	-0.0911361299031791	-0.9793717761464964
1.766499750849936	3.4365019851624576	-0.19421211873451286	-0.9555604068942557
1.869239565370925	3.5359784281814437	-0.293455688587156	-0.92137435087647
1.9733133871719981	3.643741973192348	-0.3909532248703561	-0.874806837688252
2.004114048173713	3.7586112532642235	-0.41909844643982674	-0.8141852246378933
2.050644922337337	3.8796914180126616	-0.4616177210451165	-0.7386131183658592
2.1049461163509764	4.005012287540679	-0.5080808566004607	-0.6489121170703762
2.1634146035432074	4.132734678381108	-0.5580455128907882	-0.5469670572408717
2.225086315910129	4.261603443409821	-0.6074356900830713	-0.43506029674746094
2.292956280028617	4.390923645300222	-0.6604622186423394	-0.3155111149147518
2.367275441103993	4.520387122351646	-0.7134338347362059	-0.19056050312327008
2.4506073240357664	4.649910269036787	-0.7699752475431184	-0.06237091048237221
2.5428497616112824	4.779521791946666	-0.8251086306062607	0.0669413256252115
2.6440765164063005	4.909299618339101	-0.8770788643021894	0.1952824628296274
2.7531544261224172	5.039326249065772	-0.9236047402909302	0.3205622766378396
2.867723629980943	5.169655705020623	-0.9608937218291074	0.4406880297087119
2.971971982976878	5.300305364263806	-0.9844627579728741	0.5535917476784918
3.0762203359745732	5.431257103400475	-0.9977846102348812	0.6572749164501108
3.179076094045594	5.562469897938047	-0.9979453927503363	0.7498667941104076
3.2802326447904373	5.693885873245907	-0.9884217656908763	0.8296758288907522
3.37957397930441	5.825431079958668	-0.9699905656341475	0.8952348432487875
3.5099027803443863	5.9570162942270946	-0.9311529785520023	0.9453429374673772
3.6413347603039976	6.088551139883417	-0.8759872901835484	0.97910464882013
3.774453336488143	6.219982287124597	-0.8047163980775861	0.9959533423120601
3.9099004600343217	0.06816256321595941	-0.7176116100758896	0.9956358009438862
4.048501971427956	0.19961870431126555	-0.6149338028833202	0.978152464217823
4.191429656579486	0.33133945068158893	-0.4968088514708422	0.9437148060222587
4.340288409672023	0.46338289974165575	-0.3631590537996978	0.8927943265785033
4.497223138014049	0.5955996598182508	-0.2134119034017279	0.8262411899981053
4.6648614352435755	0.7276434380112732	-0.047437661675639786	0.7453789252692209
4.846086627008996	0.8590404851836794	0.13315318834493375	0.6520134573919902
5.043662499990478	0.9892385866468941	0.3246289237889043	0.5483801367205503
5.259986189058089	1.1176032090101515	0.5205457296590974	0.4370788465512091
5.453274549484063	1.2433752723784004	0.6735627831054951	0.3210159832883095
5.583977563923582	1.3655962067739609	0.763799124248068	0.2033585746448338
5.724452592679742	1.483203764210493	0.8463396192550297	0.08729258503580202
5.86325143876165	1.5953047931971363	0.9116332419466584	-0.024446168881365474
5.997122691785289	1.7016633920952835	0.9579721364706731	-0.13025068770835188
6.127333826845969	1.8032261834056549	0.9865132160050075	-0.2302141292427783
6.256514276401108	1.9023772250603408	0.9982923516684629	-0.32520193774743256
0.10276325128578205	2.002925120054374	0.9934204457240893	-0.41801202023140516
0.2312966051988738	2.110030850657359	0.9721011079198865	-0.5124260520065047
0.3694161575815002	2.1944970176699377	0.9317247411421755	-0.5835363950442573
0.4966450403032347	2.2999679573939273	0.8783723099785343	-0.6659404138187934
0.6546383010826552	2.4261339977587317	0.7926705128417026	-0.7543526584656652
0.7899588735280104	2.4825340826291358	0.7031180257744841	-0.7890578981945786
0.9836416430708105	2.5628197488015827	0.5529674502587143	-0.8370447088633809
1.143562706850051	2.660795883493029	0.4140789386554157	-0.8852777314205984
1.2846137270049127	2.771558504888268	0.2822565753207308	-0.9305064531491113
1.4157007979908223	2.8898273263883807	0.1544376042989871	-0.9664965853598104
1.5427402293463601	2.9985452409527538	0.028055401868653636	-0.9878585431982065
1.666002546161468	3.107272952759394	-0.09505919802513216	-0.9979453927503362
1.7877343419834155	3.214781258279401	-0.2151601618115821	-0.9967857702662084
1.9105013511671622	3.3212584767687536	-0.3329849415568126	-0.9831790922401682
2.037833000108818	3.426729885494921	-0.4499103622377059	-0.9580374469257689
2.092873489811498	3.533557762582279	-0.49776410881830363	-0.9222821245881383
2.1657676876248315	3.639069948500441	-0.5600563574158748	-0.8770979118314399
2.2490341507239924	3.738225778122131	-0.6261460365991387	-0.8263696403956948
2.340024885520875	3.9089753029357217	-0.694489084069343	-0.7182547848730856
2.4396051640159966	4.060524441547865	-0.7633992471810792	-0.6055406955869418
2.5274619151359614	4.197444428611713	-0.8159113017353042	-0.4916688857955403
2.5948928247558767	4.323775544412647	-0.8529600953235053	-0.3782482835875284
2.6711298956482024	4.440456354388263	-0.8903453390651213	-0.26805822478821406
2.752220820536251	4.602089422907283	-0.9232546288965761	-0.10996072605307694
2.836601975985576	4.747239792654983	-0.9530049788346495	0.034830507602187116
2.9209831314879535	4.886122497239575	-0.9743939850048466	0.17270191798349854
3.001927216034761	5.01506054717533	-0.9882907243416084	0.2978052800583443
3.075682212036809	5.145145444111136	-0.997715843607962	0.41897213416647916
3.1374063076702603	5.275756889767496	-0.9979453927503362	0.5334715610324444
3.2168685653984985	5.406599018690044	-0.9965190341858152	0.63903358209117
3.345828112125786	5.537520317885384	-0.9785444963904275	0.7337048457928415
3.46971307267676	5.668453675963586	-0.9462245192525821	0.8158111809381682
3.583149395702203	5.799344871329235	-0.9036847681914102	0.883924214181261
3.6794597193335283	5.930147736498777	-0.8572915183067513	0.9368822333617516
3.8340696856206824	6.06083423113425	-0.7690836557093081	0.973809951708927
4.0134494826597615	6.19141357821947	-0.6423201706364415	0.9941241926064788
4.154562406159321	0.03876081269800027	-0.5283140191957525	0.9975182872502186
4.362532875705553	0.16934496733210738	-0.3427097901939309	0.9839355863249624
4.531911435513698	0.30006405278209314	-0.1791917036472261	0.9535631905201902
4.682843302694454	0.43091398874675846	-0.02947734360147393	0.9068724095113927
4.861809756587479	0.5617701892343828	0.14879294312236338	0.8446837057925891
5.033028833526852	0.692400359262268	0.3146563990940574	0.7682088412874881
5.203897236110687	0.8224405140558976	0.4710257529628176	0.6790890522206112
5.377267709249025	0.9514891665740518	0.6166708911932082	0.579319956535415
5.553740753353504	1.079079725291872	0.7442121905726267	0.47121034565839515
5.73087214226864	1.2046616754831794	0.8498393088050987	0.35732258575553555
5.908176748730869	1.32766007405485	0.9299637367199808	0.24031823596230914
6.086295898632776	1.4476758856121554	0.9786738352888343	0.12263207049044744
6.237464405119087	1.5648420612132403	0.9970726582422533	0.005980056722478616
0.08575820265811886	1.680257719445339	0.9945092166515392	-0.10913387175715136
0.21723733551702554	1.7963752808068554	0.9747868177601784	-0.22365088781557085
0.3485623798572729	1.9173202555062572	0.938291436853692	-0.3395175282928078
0.4794147261045073	2.049118608319204	0.885843142378412	-0.4602229962298747
0.609384868526006	2.087357133444196	0.8187260286628798	-0.49305006774929117
0.7380131013865378	2.156797394460244	0.7386616192789865	-0.5523907304035234
0.8647479070060687	2.24357836135746	0.6477912726192339	-0.6218834504254858
0.9887824364252847	2.341013960734485	0.5487540022167054	-0.6951766951257659
1.1089510031152647	2.447397197515797	0.4447446319182887	-0.7680565522033326
1.2235191924551634	2.560584156532637	0.3396375234743475	-0.8357084934708088
1.365121941007664	2.679358036263003	0.20382063286849594	-0.8943802664150855
1.4947762770963733	2.8021685606041045	0.07578143753870933	-0.9419855289459196
1.6163667592044986	2.927271282946367	-0.04548289433787668	-0.9759879109180719
1.7316053744128785	3.040889363411817	-0.15978862095411672	-0.9932696804233334
1.8411983952518325	3.1545074439133627	-0.26659193352147315	-0.9979453927503363
1.9455759139862598	3.2678868017861147	-0.36560710231323335	-0.9899994356666999
2.04539921303009	3.3801844542049997	-0.456824263828946	-0.9698358219435957
2.141707901747231	3.4887140739930826	-0.5394958984486223	-0.9390989544920947
2.236012789507014	3.5884424038756917	-0.6159724997272582	-0.9016998374032846
2.3302663697250514	3.7614764447384585	-0.6877049050067681	-0.8124726972670839
2.42663101681872	3.9151073072603095	-0.7546981891151024	-0.7139917784671022
2.5254253520207994	4.04884941012057	-0.8146940462365153	-0.6146623504375175
2.6278737762493902	4.164895541824616	-0.8691333414357132	-0.5194837655546698
2.7343903944924604	4.262322672637363	-0.9165680415232587	-0.434403074944095
2.8443076016014386	4.457400969870682	-0.9549582072878705	-0.2518250933579405
2.9463547806963133	4.617333356059368	-0.9808252119563475	-0.09490878345619906
3.048434122698665	4.760467636574112	-0.9942338219726393	0.04798820843373212
3.1490082959136734	4.896583573016065	-0.9979453927503363	0.1828937269530183
3.2470767387580173	5.029785155129118	-0.9926587446845556	0.3116143944351571
3.341611570140489	5.161765793196877	-0.9796133089944205	0.4336976308045708
3.4356120423058476	5.293223285139489	-0.9557859903570305	0.5477872015000831
3.5264365670700384	5.424435331186156	-0.9249526438386672	0.6522283676470201
3.6676799430873883	5.555498076736444	-0.8630681018117188	0.7453505572157674
3.800698925721014	5.686425450097672	-0.7890293871645326	0.8256086954307783
3.9238379812334143	5.817193220050579	-0.7079221612415141	0.89166301803439
4.035069024558228	5.947768501203348	-0.6254289099616027	0.9424308779070858
4.21832349261427	6.078138822352144	-0.4738265350413356	0.9771156078324543
4.379101298674061	6.208340806932912	-0.3268370554057498	0.9952079810100893
4.5284543329974545	0.05528872177041555	-0.18260215464093202	0.9964600658194189
4.673156527989572	0.18549585940652114	-0.03915250972577809	0.9808503186862209
4.8173383795508	0.31590039039955775	0.10455738378307575	0.9485764484682734
4.963162011640512	0.44646247396548466	0.24775844473607964	0.90013079552796
5.111580099118718	0.5769859165000556	0.3883237873468243	0.8363886812007606
5.262510912187781	0.7071813491027884	0.5226150191624691	0.7586339469052694
5.415000823070119	0.83671544335393	0.645248992765403	0.6685288744398326
5.567366111629791	0.9652099755112277	0.7530384848751696	0.5680742379148047
5.717877878610248	1.0922239531956053	0.8427553400458636	0.45956466464362117
5.8647106612035875	1.21727415543497	0.9122659411634063	0.3454942791020649
6.007732233859826	1.3399492711934387	0.9613130004313106	0.22834536125025107
6.148230166194877	1.4601485615701209	0.9905049954846983	0.110225533202357
0.004754370645395963	1.578418747704879	0.9996955950758877	-0.007580359538467342
0.14462532456443233	1.696319548215064	0.9886577226330351	-0.12497895579242735
0.28393048755153905	1.8167313863613743	0.9586435272827648	-0.24315226494731368
0.4205616773430437	1.9442140059049948	0.9113610324440033	-0.36436260938815224
0.5789109095249453	2.085230144495624	0.8353392496355285	-0.4912324344077731
0.727867108353904	2.1363198984906817	0.7452340351143508	-0.5348915424316871
0.8680738375197509	2.2210165887557722	0.6453308458964311	-0.6042560287117735
1.0021624884904967	2.3265317618966592	0.5377875714950587	-0.6851085831104455
1.1315409639961573	2.447875740059095	0.4247301068749137	-0.768342577486761
1.256721627844057	2.583103281505244	0.308499429386347	-0.8471787222609208
1.3808683711966823	2.6758838895795223	0.18847951386054282	-0.8926766094010392
1.4995432126325654	2.7782747423223157	0.07103977955937879	-0.9330251090865753
1.6260720034842806	2.885666373566784	-0.0551765079032382	-0.9654418635437229
1.7449377307571639	2.9946265941610037	-0.17294106515534222	-0.9873577810074807
1.8577569378729408	3.10358882728721	-0.282455202826175	-0.9979453927503362
1.965373351177091	3.2118069507132305	-0.3836977288816891	-0.9971658557528269
2.0685182562793316	3.3177584672770366	-0.4769511729832363	-0.983626356950099
2.1682247621403676	3.4175477506346454	-0.5621560676964719	-0.960364942182414
2.2658123289659273	3.539236381841525	-0.6392547594233504	-0.9201525858018246
2.362959121514868	3.7019778033558652	-0.7104331033138664	-0.8462490680930195
2.461379553703884	3.895619053203339	-0.7764138183392365	-0.7275401302765057
2.5626688639295367	4.0625334648620415	-0.8369545248475678	-0.6039710537943009
2.666591827965766	4.209035811372991	-0.8881199549516176	-0.4817633882632929
2.773336586834978	4.349836699216744	-0.9311732515904045	-0.3544339577756003
2.882351636151155	4.48933004221336	-0.9646016411194938	-0.22119848661422886
2.9925248663909856	4.630456233754365	-0.9870892021182992	-0.08180163214978625
3.102698096578662	4.776008555642803	-0.9979453927503361	0.06344671890628051
3.2121402341845724	4.9291284495490535	-0.9971232656011467	0.21460090235712442
3.3206637682289597	5.027140917738229	-0.9832550897890817	0.3091345609017392
3.428183369068988	5.143724046469969	-0.9576690166886039	0.4177127872009964
3.536878186425652	5.268186644703056	-0.9210369325724999	0.5272669089398784
3.6457323556364742	5.396094370923001	-0.8738307911017063	0.6312625490003287
3.752288254871323	5.525536029134819	-0.8179644861325609	0.7259416107002835
3.909512758490321	5.655640295712124	-0.7178811425286076	0.8088258227995455
4.057762023429603	5.78597173547326	-0.6076989616939483	0.8781258024118366
4.200069176621937	5.91634036184471	-0.4894258889526706	0.9325343962874727
4.339464197969945	6.046664407321571	-0.3639122071483821	0.9711031229681677
4.478285240754615	6.176926567175605	-0.2318177279245933	0.9931966423950345
4.618394230777986	0.023974365880752607	-0.09384918008434266	0.9984650092365772
4.761470325403365	0.15424041589679968	0.04898558032011818	0.9868209739262382
4.909218451108877	0.28459148559384884	0.19520338483395047	0.958435384035668
5.063475411653143	0.41501298908941775	0.34320997967481326	0.9137668690122691
5.195807043785755	0.5453993127947981	0.4638579071331228	0.8536084729289262
5.337615695251492	0.6755719722525398	0.5841716854832177	0.7791100075814753
5.484367905465077	0.8053038509993072	0.6965647441033543	0.6917662574570557
5.632797045348439	0.9343244572379191	0.7954236218954622	0.5933883319703144
5.780574693271169	1.0623255505790594	0.8757857175310938	0.4860544107339704
5.926319491417451	1.1889822870598137	0.9356767481546769	0.3720271177047907
6.0699998708999265	1.3141362945204647	0.9755608427202169	0.25349391507077274
6.21257802004726	1.4380636038186607	0.9954792742332563	0.13219338138287587
0.06685693508385379	1.5618421793764041	0.9957193955270844	0.008976343516476762
0.20419968059738233	1.6877837695649147	0.9772773708902049	-0.11655836234960201
0.3405262602484299	1.8199629145301428	0.9408219496878878	-0.24624810512962275
0.4744125224121859	1.9646987528746875	0.8880120305939352	-0.38308129020556864
0.60432754697934	2.01438901084058	0.8214830842978755	-0.42848756639608065
0.7287775072946928	2.099464570405756	0.744644292898316	-0.5033965630220737
0.8583762656416155	2.204904784683484	0.6525048277030592	-0.5916679413320751
0.9782392259388274	2.3260335170877426	0.5573953278871855	-0.6847622003129575
1.1357995976931206	2.4621976535694814	0.4209569914088075	-0.7769027973217896
1.278563660937236	2.5670108130099423	0.2880154114652962	-0.8392872745694057
1.4125086528146211	2.6873703641562643	0.15761282253531478	-0.8983093632143366
1.5516317062559237	2.817575392462571	0.019174580458913695	-0.9477632443585876
1.6871253012950815	2.9322098143944673	-0.11590877971367358	-0.9772397340175099
1.8111478262293643	3.04884623580365	-0.2378031517989041	-0.9942864857293509
1.9390027641660892	3.165482657245042	-0.35960064816318354	-0.9979453927503363
2.0722553933775445	3.281955698422712	-0.48014476973233866	-0.9882015774071421
2.214091383950438	3.3987008248044632	-0.5988453941968098	-0.9651422767717661
2.306520971153438	3.5151343249127636	-0.6710602569744688	-0.9291910972280255
2.4181182709277054	3.6632041726059996	-0.7487800768071264	-0.8652629365347706
2.5454238554289987	3.8063801216487207	-0.8266471686612253	-0.7856337315468829
2.6289591920717528	3.9458131014874653	-0.8696656091973817	-0.6926449250465486
2.723684732141939	4.08257131561693	-0.912553311503898	-0.5883155620149708
2.826978462997103	4.217740720878316	-0.9505656026793463	-0.47432454672046315
2.9343394397783613	4.352263906945948	-0.977779553248535	-0.3522160086436064
3.040152486479761	4.487065967691306	-0.9931755152366244	-0.223405693165555
3.1430028667876315	4.623152430994855	-0.9979453927503363	-0.0890966820699413
3.2417701496312987	4.777358920751736	-0.9933368714302404	0.06478992345460458
3.337097619453202	4.935841017378044	-0.9807575090059932	0.22114068951379162
3.43465830024727	5.106216043237302	-0.9560277456951061	0.38329323838942175
3.5358483951066533	5.183770829667749	-0.9214231145747616	0.4531939174891204
3.6433407490916836	5.2907196734878195	-0.8750035905359517	0.5457352151850725
3.7569245585234143	5.410505701605102	-0.8151933635130124	0.6419236325604094
3.876330725188103	5.5359405044730945	-0.7409494922953734	0.7326814673364939
4.000462270858831	5.663928594794319	-0.652467026707634	0.8133442821219826
4.128030462722604	5.793053948549995	-0.550987077764405	0.8811965547095754
4.258018531483797	5.922646896767352	-0.4383361400957369	0.9345202760824287
4.389828142219441	6.0523730280082315	-0.3165606191369655	0.9721936276031597
4.523249241078593	6.182087832073455	-0.18773700696989898	0.9935270992665606
4.658363330119419	0.02859030953604786	-0.05392797950430963	0.9981694672852031
4.7954215767461275	0.1583205017857719	0.08275679887665524	0.9860415645351945
4.93470039485325	0.2881835134112532	0.22002942647283788	0.957304281845162
5.076337476793411	0.4181983062721298	0.3552723537089063	0.9123857583408079
5.220117054941516	0.5482622001677254	0.48539638299180654	0.8520477377272876
5.365269112510779	0.6781680651125354	0.6068367157172353	0.7774282991702602
5.510458512631976	0.8076421625960234	0.7158658169380115	0.6900364425029751
5.654060659565195	0.9363602253998576	0.8079646664146989	0.5917197950764052
5.794576018409677	1.0639343466027409	0.8818565037210351	0.48462903029726095
5.931347035018524	1.189964300645448	0.9372598833276519	0.37110616021878046
6.0653517838678095	1.314202646722114	0.9746729293816736	0.25342927076665284
6.197944749273843	1.4367797613089035	0.9945423595474799	0.13347041608040336
0.04722621816403289	1.5585290983474902	0.9969762783702499	0.012285454166264873
0.17938295682554722	1.6813411228691404	0.9820180523584517	-0.11020265530231009
0.3093290185964204	1.8086091120209513	0.9506457233789918	-0.23537103515088517
0.43375079297481106	1.9456174414187242	0.9056424093677731	-0.3656450495114398
0.5484077025303106	1.9982409313884713	0.8519684154803296	-0.413731672875623
0.6878992925832234	2.079651961962126	0.7711245619884813	-0.48646555935430036
0.878537149811221	2.175840903371279	0.6375903915889649	-0.5686644946651732
1.0409874180205687	2.280964711046904	0.5049598258749058	-0.6510932542802967
1.1856189482760424	2.393166357654115	0.37518134293773614	-0.731433356143486
1.320974316583003	2.5116106955221564	0.24683190285713646	-0.8064370143470243
1.4509433364625917	2.635101354338877	0.11938194590214277	-0.8726776115050426
1.577345020932368	2.762192237523669	-0.006507919514553019	-0.9269940095910365
1.701067480895892	2.891355824316596	-0.12966281797276386	-0.9668840302984711
1.8227640191890213	3.021288964237362	-0.24893159476824597	-0.9907649538298664
1.9433090143522644	3.151277538988266	-0.36353564051989723	-0.9979453927503363
2.0641144399031486	3.2812661138060246	-0.47318786077578556	-0.988289699129179
2.187369278445386	3.4113434928415938	-0.5779675212064304	-0.9619376026588795
2.3160062797940792	3.540993328690602	-0.6777912044436621	-0.9194937132326679
2.4532954634523048	3.668736828282311	-0.7715819507490892	-0.8625498249398947
2.536197825306351	3.7922793477453194	-0.8211327626429801	-0.7940617760515236
2.632111234260476	3.908548768950551	-0.8712113121491085	-0.718551313873214
2.7381022507234842	4.013463989810225	-0.9179600245832809	-0.6423088362584388
2.850734776322005	4.19138955991294	-0.9565873729343549	-0.4968431163587942
2.956287328321343	4.340426486087891	-0.9824584226899344	-0.36303288146469803
3.0618398803465805	4.473776976791397	-0.9959469379856065	-0.2361366952988139
3.165180734849285	4.59668470099229	-0.9979453927503363	-0.11529251449125175
3.2657774289174224	4.769110815753853	-0.9902689915197581	0.056585555558157946
3.364486930139277	4.928881098361101	-0.9738148435284459	0.2143599179584013
3.466122341992138	5.089848876056214	-0.9475710790261854	0.3679436899099384
3.571880446579028	5.189159358997008	-0.907910736361353	0.4579681114674131
3.6835789531710343	5.3061029904767505	-0.8552715225324989	0.5583435428063726
3.8009250113172026	5.430697200338484	-0.7888942556122088	0.6568607164389453
3.9227342874279056	5.558736672483944	-0.708689455834615	0.7474484689634641
4.048220502367888	5.688405306546761	-0.6151537135219374	0.8266880364078302
4.176315779385986	5.81885713073334	-0.5097245213547692	0.8923844673182453
4.306118041978094	5.949656715052532	-0.39438346712648886	0.9430254620610857
