1.240229023080955	1.6494800227887942	0.3239666164421935	-0.07855647515879434
1.50504392896746	2.0972135477411924	0.06556823178967228	-0.5014729357976018
1.8123978709993736	2.4903244155877533	-0.23900070869043347	-0.7937141868019266
1.9681679328420547	2.658798909985139	-0.38625137927737396	-0.8842984526987877
1.936134535566863	2.8114838384666205	-0.3569797002090921	-0.9454788509328125
1.8343965809571734	2.955161240500882	-0.2600757192394746	-0.9823145204109357
1.7001800945286198	3.0959798420354625	-0.12878740635166064	-0.9979453927503361
1.5638426516128938	3.2375841747816305	0.006978268635542278	-0.9938717953586883
1.4291587543062567	3.3791887795880795	0.14105101128465486	-0.97008820638178
1.3102261938985789	3.515151547653315	0.257303370182399	-0.929184638528765
1.2133519446701826	3.6316338278519105	0.34917262878926203	-0.8807444472988112
1.1337465232381416	3.808544167021817	0.4227759989897301	-0.7843402797945561
1.0310278709615441	3.9558825966713194	0.5137839050791388	-0.6856445512370154
0.9717254933336619	4.157539875926662	0.5627340513096154	-0.5257696014985591
0.9840521865448149	4.307692043685164	0.5526309645302621	-0.3929451659551678
0.9308440684654047	4.438162124321906	0.596240895037495	-0.2702561228896553
0.849741672863555	4.55815488277614	0.658892448467914	-0.15330239594693923
0.759987281691637	4.669836907877784	0.7244270884507218	-0.04246815162203725
0.6695933533201051	4.77274582478926	0.7829828635571062	0.060201289286212704
0.5842713646219037	4.865207672474993	0.8324169373413947	0.15217284093276984
0.5085523420094546	4.945198289762792	0.8732094641734057	0.23025710685544215
0.4466699343092951	5.0110092689650685	0.9000408435142966	0.2940058876158854
0.3971620829666054	5.061987364354496	0.9215067817202645	0.34181445081525974
0.36436794411453854	5.099284120577692	0.9333143850984265	0.37679230382069195
0.35156799687267093	5.1214470026552315	0.9373449909566235	0.39757722213492314
0.3566028804905914	5.1332381683901245	0.9357595444682698	0.40842238291311916
0.3769304714282125	5.135170135640931	0.9293585409666136	0.4101340904777371
0.4140601984212739	5.136284230208267	0.9141799862260224	0.41112116937248205
0.4648603528344361	5.139158265939913	0.8921537227968463	0.4136675420921988
0.5259704512848493	5.148056167004859	0.8642003349676108	0.42155101141898604
0.5911567670313069	5.168517500474524	0.82866328289469	0.4396795895652119
0.6587708859208831	5.207027701902329	0.7899934889225659	0.47379932066904806
0.7272787068104799	5.201622630518061	0.7456151924450443	0.46901047056204487
0.7934202765805934	5.155260890843653	0.700557380405036	0.4279343392371459
0.8578450878467573	5.150402907937194	0.6528977775965258	0.42363020515500743
0.9193275469417931	5.193719054166954	0.6056799566216727	0.4620079649957223
0.9795801676847985	5.271400933305039	0.5562962779965508	0.529901373522021
1.0385426360915968	5.375234509791894	0.5071258831514542	0.615004459636646
1.0982495048551932	5.515836311994345	0.4542260739649193	0.719658285418317
1.1593090562023025	5.70892649664737	0.3998554334145839	0.8378753936445872
1.2237958058316059	5.86155252444922	0.33937810836696813	0.910896615559958
1.2929384052569068	5.985416534249439	0.2741461732655508	0.9542859566568502
1.3688747574380458	6.090376184401744	0.20016441347258235	0.9794532828624922
1.4563117833211168	6.208349621502654	0.11404196622545691	0.9952085453746778
1.5550658338176602	0.04885211852649516	0.01574456833784034	0.9968721779301783
1.6688319655309907	0.1623499785801694	-0.09786230153094651	0.9852718228826881
1.8020840799179445	0.23866647873809807	-0.229119981308751	0.9706932579864326
1.8683525034536914	0.2738471415212984	-0.29260587333438826	0.961818696118366
1.9688896167565988	0.2849647102805368	-0.38691084414005456	0.9583178584255883
2.092037517783737	0.29187615856771454	-0.4970497230518638	0.9561414960212336
2.2329506481577184	0.3060391360091115	-0.6135800610716627	0.9516816823387142
2.3900383353526213	0.33462397823322987	-0.729258736165503	0.9426805333224657
2.490605754905588	0.38205741662725656	-0.7938823435504754	0.9277441049878208
2.6063020151803293	0.45065679807489434	-0.8585549504237897	0.8983121930294355
2.7313010364827925	0.5411441528864989	-0.9154095014968808	0.8559282211384736
2.861274555381801	0.6528847961555344	-0.9592590049830074	0.7938064059487971
2.993594533567922	0.7836829481385708	-0.9872258944274906	0.707760772962067
3.1266146298794126	0.9304595543851233	-0.9979453927503361	0.5965560468024023
3.2596347261932794	1.0878075032723833	-0.9910539648630039	0.4634776040266151
3.393091081788172	1.2494912248908985	-0.9665642391432734	0.31528028641724165
3.528587785211641	1.5125287257135829	-0.9241459156075209	0.05812312456188061
3.668509426184968	1.7478214835682218	-0.862661338705272	-0.17578590345384926
3.81514918765557	1.9725088038300933	-0.7803924533676739	-0.3902180076479804
3.969724583847589	2.189254796485153	-0.6760215182317433	-0.5794406688275218
4.131544735092259	2.399966857836478	-0.5479839316340271	-0.7361611049033914
4.297083699881271	2.512925861703017	-0.4026389250218668	-0.807223090287198
4.459476667566061	2.558336066739185	-0.24983655171569705	-0.8343648082972543
4.697510912545619	2.606627591351875	-0.014827311337898625	-0.8587146069319325
4.90602495361381	2.6556190829576827	0.192092087572582	-0.8827391245781477
5.0964894105757255	2.7046105745720133	0.37417135321961015	-0.905400312419608
5.272886653281985	2.7487779500916534	0.5311190851661558	-0.9219635181858015
5.422962064919188	2.7754184013982885	0.6511384880845521	-0.93195395278837
5.5641652275244065	2.8258867431824046	0.7509650021402883	-0.9502888726237589
5.696867949794485	2.860740441630369	0.831301541409994	-0.9591236173806814
5.821974564967589	2.8618735680603566	0.8937361448566292	-0.9594108432198909
5.941145029457041	2.882409080309349	0.940345197121235	-0.9646162021129612
6.05653526158786	2.926473404693112	0.9729887294779629	-0.9757856640682827
6.170336421935676	2.959182010326138	0.9927746995531166	-0.9828283328602583
0.000824970086169085	2.9678710538152404	0.9999471801895128	-0.9839387019963783
0.11407323436168212	3.0203840109075695	0.992696308967258	-0.990649310232468
0.25044020823869917	3.065743780689281	0.9684441496122242	-0.9964458157339408
0.3816489612109295	3.095675542588999	0.9278727244862258	-0.9979453927503361
0.5282992953658219	3.1284980374994595	0.8629307394638992	-0.9979453927503363
0.6601822948255005	3.2167609642035546	0.7890792002762949	-0.9965327844963098
0.773237778916309	3.3027038339414534	0.7154878055542777	-0.9855501820791134
0.8689974737328947	3.3854652982524818	0.6446475666722804	-0.9684972291589511
0.9477117508330701	3.464072703175121	0.5824159660149325	-0.9483397139987917
1.0083264998566477	3.542833250187845	0.5327354832606571	-0.918803724343948
1.0484576831982293	3.6190751546896567	0.49834123054987356	-0.8869029873862874
1.0645579624291066	3.6928088620124835	0.48407651165236154	-0.8507453466483569
1.134603598728529	3.7567590712967127	0.4220166369458175	-0.8152922753685705
1.1710247138817447	3.882623996350007	0.3888681896521187	-0.7365743722110296
1.1853178847935373	3.9801032405440036	0.37546368798064955	-0.6683734547785768
1.1890283658988927	4.150025551265463	0.37198390378960944	-0.5321910204026662
1.18273280899825	4.284714544294328	0.3778880382548223	-0.41394168974507795
1.1710943134513216	4.3988299819611925	0.3888029173936055	-0.3079367558339757
1.1576805275002389	4.500836473091107	0.40138270933142317	-0.20984732811180107
1.1451465739991382	4.594869309663077	0.412675645002632	-0.11708340820458239
1.1352611409988727	4.683541585247244	0.42143405974233045	-0.028779897866873603
1.1290072649192877	4.7693516459388	0.4269749440348256	0.05682510869653051
1.1365387032273577	4.855666030446029	0.4203021498044911	0.14268179522446295
1.1475172056326437	4.946292541696732	0.4105752842960517	0.23132319287886088
1.1632128041671057	5.04734407915319	0.39619439861396977	0.3280816029980713
1.1841194352546356	5.057199252152827	0.3765876246456848	0.337324036588316
1.2102837967812696	5.102936129013168	0.3520500164423626	0.3802172508446704
1.2414922110146678	5.166057498141971	0.32278196645281554	0.43750004713256935
1.2930144748319685	5.242026327361117	0.2740720617120179	0.504807823491251
1.3483555675041818	5.3327187001177965	0.22015544197514014	0.5801580570147947
1.4101429701093664	5.440167030519067	0.15995843953203917	0.6638662215572455
1.4802858763415168	5.500985129301984	0.09019500026497348	0.7088576833030545
1.5531941197405874	5.559418993503616	0.01761403936246849	0.7478904658641197
1.637602110046301	5.640180166087612	-0.0666927968453414	0.800206292207227
1.7331371244288805	5.736760331242914	-0.16129970092343715	0.8530493211489141
1.8400318409082315	5.845037027178121	-0.2654743613936264	0.9037357181619216
1.9584543342197571	5.961222685178155	-0.37737522608552365	0.9466674979275762
2.088797738466242	6.065251801594556	-0.49428114688667313	0.9746538299987606
2.2317102250208403	6.1705351623436755	-0.6126109234900012	0.992787424172909
2.388086009059046	6.274937669138639	-0.7279014671461859	0.9994719339699794
2.4912914660224437	0.09436301126577669	-0.7942921936657794	0.9939582822994288
2.6088351811800172	0.19442652920943132	-0.859797167985769	0.9791443134446371
2.7351823555170696	0.31550398504962146	-0.9168650347961231	0.9487012734925864
2.866275131021957	0.4530510816805608	-0.9605265550963599	0.8972740638734954
2.9996203537942416	0.647258633499534	-0.9879959314065326	0.7974509462529051
3.1336340018635584	0.8475913922324554	-0.9979453927503363	0.6604831635789237
3.2676476489948043	1.0268089512978569	-0.9900299968992016	0.5175218342287319
3.4021400722064334	1.1927548228347304	-0.9642704934516206	0.3684891370556664
3.5388154952262254	1.4251405513477038	-0.9203104224749667	0.14504790697924438
3.6802705571269843	1.6296595860294416	-0.8568938985111787	-0.05875979110807969
3.8291534166599415	1.8331975666724794	-0.7720221138309518	-0.25892705012447415
3.987333005898092	2.0311862239888714	-0.6627248683382471	-0.4438366293847602
4.154990171711068	2.219902159055445	-0.5279484691397773	-0.6033853292926825
4.329513323811691	2.3294667761865067	-0.37300517947057965	-0.6871490227541527
4.504613996414072	2.433884063507761	-0.20612078019775437	-0.7597405509370435
4.756357914215611	2.5269121239989167	0.04390027863773065	-0.8155826911070498
4.981518445042671	2.607742273556743	0.2656423857946998	-0.8592612263840662
5.192309213750761	2.6785207786303107	0.46075885763932445	-0.8939696908210029
5.393291693205205	2.7432271653735376	0.6291892094871	-0.9198819186257572
5.588218737652893	2.8060881642336706	0.766546490355003	-0.9434554193497438
5.714020789028893	2.868949163121433	0.8406526043453884	-0.9612043709989091
5.8403129559165965	2.9290090984375996	0.9016874244260746	-0.9764284138484164
5.964645836229616	2.9781939797402486	0.9477454221112309	-0.9852578642673414
6.086946069257792	3.0045713738351156	0.9787980358828188	-0.9886286201314298
6.208225588574404	3.070460058322174	0.9952006040009551	-0.997048506827328
0.046227524980582975	3.119630978751585	0.9970402210338312	-0.9979453927503362
0.1671491723075244	3.1573753310814747	0.9843550439808889	-0.9979453927503363
0.2860555988013717	3.1750952567448816	0.9579743459423231	-0.9979453927503363
0.42387824579219874	3.1775611721736925	0.9099230129894196	-0.9979453927503363
0.5534340733265082	3.1670551778295546	0.8492282329945295	-0.9979453927503363
0.6696849538905663	3.2079752446819625	0.7829235261380983	-0.9976555078211058
0.770346027318888	3.2356944079309584	0.7176270393346387	-0.9941132878530095
0.9185533471236886	3.2567520631274873	0.6063144988961403	-0.9914223391382739
1.0418157871235354	3.2751182168380484	0.5042258974611339	-0.9890753362426137
1.1458881568862753	3.3254765836968683	0.41201860848341887	-0.9826400621672141
1.2346414199044857	3.4065259237100647	0.32920681377704053	-0.963158764128714
1.3097079476990632	3.4871972173926156	0.2578082767883251	-0.9396677908265101
1.3718559685477483	3.6063300805699714	0.19725993837106537	-0.8931529350415738
1.4220530026576443	3.7245601969347706	0.14811908337163307	-0.8345375698453736
1.4463175345692814	3.841517332560613	0.12398321862582182	-0.7646321908255655
1.4629014272408543	3.9562225032772207	0.10748726511071732	-0.6854082461136508
1.460922362876358	4.066973086040341	0.10945583512058553	-0.6005023957176231
1.4541396506629893	4.171210681921926	0.11620258074864002	-0.5140871182401945
1.443028013335471	4.265234284374212	0.1272552965652131	-0.4317424840738758
1.4297828590109467	4.34370284634227	0.14043021601052894	-0.36003898840195525
1.4175745450775756	4.50924492000513	0.1525737931025285	-0.20155234813978357
1.4100978898882164	4.640235628814341	0.1600023593938279	-0.07203395666614143
1.4112081630099023	4.755783769129358	0.1589064162524451	0.04332917806192925
1.4027246552391914	4.865834913501572	0.1671858078876422	0.15279675589785804
1.411038480645924	4.977102522517614	0.15907519884432214	0.2613401285736292
1.4339483984933312	5.096104468458296	0.136286765071261	0.37381034464507124
1.472566200142889	5.12917635057618	0.09787374145355504	0.40482364474852217
1.5290572615037532	5.191725788932131	0.04168223438808218	0.4602419479065028
1.606860803979337	5.268829241836012	-0.035988331000166005	0.5277935882761127
1.7111879835254284	5.353953964174216	-0.13964675049646866	0.5975627017049354
1.7974052699157386	5.4444779451166445	-0.2246376289188788	0.6670553108758487
1.928952522805353	5.5402968903197225	-0.3504168754542527	0.7355034660537454
2.0112332389401923	5.641610715675873	-0.42560386531725725	0.8011329798894401
2.041973051060658	5.746326630814909	-0.4536934840136298	0.8582644967903384
2.12540509004099	5.853559406970695	-0.5255642162282468	0.9074309073699702
2.2439895104030163	5.962279219364642	-0.6222046795124534	0.9470001924927154
2.389164525922497	6.071664063873132	-0.7286512585772549	0.9758787496631396
2.556513278214266	6.181242618587812	-0.833275326052109	0.9934729833454125
2.669311376264545	0.007348321760516517	-0.8894535709317034	0.9995295138947509
2.7970798497773646	0.11496673444763343	-0.940077211697808	0.9926391014320984
2.912724853623448	0.2174970511388345	-0.9723006697954556	0.9747372048843354
3.031307092317259	0.34995287914573153	-0.9920451661150926	0.9378535792225646
3.1498893309848106	0.4720618623000227	-0.9979453927503363	0.8890312451900535
3.267784952025584	0.6703277931721053	-0.9900124510038606	0.7825071048908145
3.386238313461804	0.8402654760119105	-0.9683012846144211	0.6659026634644122
3.507595496252548	1.080294815014642	-0.9320182330690424	0.47013378586200794
3.6345758761621414	1.3698992469901754	-0.879301721445231	0.1991662941558253
3.769647158461598	1.5792379856926069	-0.8075890547546196	-0.008398615755638699
3.9142548299842654	1.7739247816319044	-0.7145844258131191	-0.20153695318465709
4.118462356469677	1.9584225267873976	-0.5591635701491843	-0.37734616089009604
4.322703145607107	2.1307017313447565	-0.3792282269072866	-0.5300904982468965
4.533988726432891	2.2917648205656027	-0.17714244452161743	-0.6595313361811017
4.753181942807308	2.4442197708777114	0.04074114840490724	-0.7661574016106436
4.973985007702342	2.5922518099811382	0.2583028582071997	-0.8516649907251368
5.190892033153417	2.740195108694322	0.459503246941011	-0.918744867169071
5.399499698543418	2.8435863549858764	0.6337817113949442	-0.9547753850899681
5.599146886751284	2.933757810998407	0.7736255746747409	-0.9776321214968704
5.744783610597426	3.0239292670009084	0.8574233019906272	-0.9911023569861896
5.886896311794973	3.1101676210085243	0.9218853407482804	-0.9979453927503361
6.0253895804666575	3.187342631069561	0.9668731643389337	-0.9979453927503363
6.161665164671482	3.2502135680576165	0.9922195107371117	-0.9922578906154145
0.014211502295057674	3.293715829642024	0.9990900896037967	-0.9866987552888018
0.15012235753521636	3.324795097192321	0.9876076371110891	-0.9827271490349782
0.294554556733263	3.336971690002424	0.9552980888467624	-0.980789429708947
0.43657423137012613	3.334613048925255	0.9044182044693889	-0.9813873000302586
0.5740825314595411	3.3195876623258718	0.837971494160674	-0.983392604900323
0.705712978868383	3.292566342034429	0.7595851342114052	-0.9868456478165497
0.8314795134293141	3.3278706392965516	0.6724022632109604	-0.9823341268302144
0.9514086738049939	3.3490030071965107	0.5793859292514527	-0.9777397213212412
1.065210084759552	3.3661162978501364	0.4834987364723663	-0.973401830032558
1.1721807459947506	3.386165321374576	0.38778403313522747	-0.9683197867099992
1.2712621693391981	3.4139492083664065	0.29486293724765184	-0.9612771036990563
1.3612202408381286	3.4526701540590023	0.2076219037543846	-0.9514620858623846
1.4408574918578403	3.5036629335672194	0.12941430845148183	-0.9334929832478613
1.5093126375459776	3.5664626337788325	0.06132215882747462	-0.9099424701276587
1.5664394436933116	3.6386071306664958	0.004384588537288625	-0.8773248691020628
1.611971392103036	3.770234118656602	-0.0410927946215574	-0.8072382281489427
1.6473190431741742	3.8993658459046605	-0.07639808525093919	-0.724935337383001
1.675620817659101	4.026472915656725	-0.10455954217615432	-0.6321450150912353
1.698366309032749	4.151807688860862	-0.1269980968019156	-0.5306680822065153
1.7186411498669714	4.275380464709172	-0.14699934083370586	-0.42247104364617327
1.7092588950020577	4.397034868242176	-0.13774369386434282	-0.30965649488401914
1.7109547934585294	4.516565809485491	-0.1394167071894966	-0.19433024966691587
1.7245703059695707	4.6338459031578045	-0.1528484865350372	-0.07841602490858332
1.7537503205907108	4.748962038545659	-0.18163473438086472	0.03654362096566582
1.804166928806825	4.862340793806797	-0.23111537387447048	0.14932116441866222
1.8721295062393388	4.9748757816810985	-0.2962242843095761	0.2591707037730363
1.9786520154988303	5.087958106434956	-0.3958315902121706	0.366170477744148
2.0344363773996568	5.192529709428128	-0.4468065749932727	0.4609542150496312
2.0643762227166347	5.301586363463591	-0.4734115691172644	0.5546416680308541
2.06534744001502	5.413861601338037	-0.47424152967939587	0.6444062296405328
2.12401264397431	5.529349957761087	-0.5243742916643402	0.7284122141018047
2.1708203425297894	5.647870625280084	-0.5643741391441731	0.8045900997099515
2.2515635360045243	5.769085764130597	-0.6281222350922064	0.8706718939029464
2.3538201336510687	5.892327634312422	-0.7040796238077669	0.9242402891125152
2.469506294223552	6.01679798817949	-0.7812711780307432	0.9641677373907173
2.5939288680461265	6.141797929908008	-0.8524873888550043	0.9892762602316124
2.7238958683702625	6.266898853880821	-0.9126324896926239	0.9989572380972715
2.857241051354001	0.10876556455113019	-0.9582365889942185	0.9930361396086613
2.992278076744543	0.23364168332344706	-0.9870576649753595	0.9716531330578957
3.1278325708427053	0.35770005768982827	-0.9979453927503361	0.935414051728092
3.263387074050484	0.5090414221312746	-0.9905744539417096	0.8729974056132375
3.3993646931467074	0.6553226108436999	-0.9649739988667776	0.7922272276654445
3.5373079887336223	0.794393283439251	-0.9208757524257979	0.6998375782123374
3.679755352124306	1.0132421684567907	-0.8571465454764489	0.5287065498236788
3.829786849438242	1.2021067456185035	-0.7716435105228788	0.3597186644040653
3.990731154408457	1.3787298411537874	-0.6600699086462258	0.19056299840251945
4.165869155334678	1.5481892040542062	-0.5186517572930236	0.022612957183842975
4.357727313403454	1.709980442635639	-0.3472236227574071	-0.13845550464588352
4.566737844061033	1.862598405736633	-0.14483525657069368	-0.28709338326929584
4.789320824767059	1.9765966035197335	0.07668839726269641	-0.39395338293717086
5.01842111068544	2.0824925245321557	0.30095690256858704	-0.4888929820446818
5.241341561674566	2.175106080020252	0.5042011265582821	-0.5680365462106928
5.447048678488033	2.25224627810558	0.6689570647032802	-0.6286556587353519
5.630749552751378	2.314519920243149	0.7940972881670207	-0.6767578783154004
5.794414863335894	2.36584885528369	0.881786629049411	-0.712442063666141
5.9440762185672815	2.4129814726504497	0.9412682062380675	-0.7452089436501618
6.0860380837804255	2.4634573558471926	0.9786245855125941	-0.777655722440076
6.22622941590486	2.5200349669525925	0.9963533230674767	-0.8114722085158892
0.08339486967834277	2.587379965153157	0.9946605321988573	-0.849275928498144
0.22283811085490415	2.6674703538653253	0.9737169145732707	-0.888550767737365
0.35757016154324617	2.762116422721177	0.9354549550349164	-0.9269655782849191
0.4819674074273824	2.837936212887217	0.8847363341035572	-0.9533431823251304
0.6382347753862402	2.913733040127066	0.8029981779529435	-0.9725562257571891
0.8016690477625968	3.0034484252547946	0.694455179242686	-0.9884851190145807
0.9599472426086803	3.101594376048065	0.5723876288867555	-0.9979453927503362
1.0944938932712018	3.1822904719412284	0.4575535158536994	-0.9979453927503363
1.2108475780024888	3.244804118468596	0.3515212879769428	-0.9929491618554052
1.3115117172706183	3.291771930343269	0.2560509360242292	-0.9869471653454172
1.4449116768274584	3.335908008590571	0.1253816215470922	-0.9810590525666314
1.5584902633576823	3.384114804163061	0.0123242426164224	-0.9688395535350453
1.659900512437793	3.478140622515947	-0.08896447694703087	-0.9430641041169979
1.7540003787971221	3.579334734162763	-0.18188141820193535	-0.9051153042661207
1.845145968021657	3.6887666164954167	-0.27037375245207196	-0.8527275887800416
1.9385588514316643	3.805202069401534	-0.3591950067950583	-0.7863378543727717
1.9654280363775305	3.926370891031026	-0.3837476994678027	-0.706161267067043
2.0149136797350833	4.050901751900837	-0.428967001635655	-0.6130588641024617
2.023654763389053	4.177255039309563	-0.43695448398821085	-0.5089218701916813
2.0077225218753787	4.304309023851686	-0.42239582021551736	-0.3960365230783756
2.022819057012863	4.431406398363726	-0.4361908269639809	-0.27672818402906724
2.0594939084354484	4.558244582173589	-0.46923935316512594	-0.15321390698899673
2.108467493228562	4.684763702172385	-0.511090073937978	-0.027559245520318718
2.1695488851517757	4.811065881773938	-0.5632876063137376	0.09831814708516329
2.243151593481236	4.93737374571447	-0.6215500184092662	0.2226339656108953
2.329852038839003	5.063959734474866	-0.6874168596747811	0.3436641900185772
2.430012648110213	5.191090158684175	-0.7570491195931689	0.459678784579965
2.5439312028065677	5.31894868078395	-0.8257550089246039	0.5688720050379878
2.6702463440778486	5.44759064287443	-0.8899120617837496	0.6693579942036447
2.769318802288992	5.576934824222074	-0.9296665423649535	0.7592369474567322
2.8749884285560823	5.706802583675844	-0.9627352090737862	0.836717518636571
2.983124825449596	5.836963866641127	-0.9858879749230764	0.9002353043787739
3.091261222318031	5.967190820525189	-0.9979453927503361	0.9485468182745838
3.1983819864832794	6.097310307096971	-0.9979453927503364	0.9807778923178757
3.3043400471940805	6.227264313479959	-0.9853410910902024	0.9964195837655392
3.408921319085727	0.07396279238866532	-0.9625515772969497	0.9952644335321212
3.5487552529530957	0.20390627500984826	-0.9165829143185662	0.9773334194824482
3.6888263233485814	0.3338588503535208	-0.8526983096480854	0.9429214662619498
3.829945690969825	0.4632516677415902	-0.7715485708049218	0.8928512270079838
3.9733887549673197	0.5906708463727371	-0.6734741643602862	0.828928187998609
4.120699958207296	0.7136053400023515	-0.5572514118720735	0.7544725859247596
4.273391483388038	0.8279594355304584	-0.424288547497072	0.6750063145262428
4.432305236056208	0.9275453044622483	-0.2758670874517102	0.5989445965426434
4.5966853074781175	1.1089352502247452	-0.11529191618958601	0.4447585888535606
4.826256837455168	1.249966727386591	0.11342854991580496	0.31483434800108234
5.048532288785398	1.3629413283038248	0.329195936416407	0.20594511686888756
5.265432007775934	1.531722962280425	0.5250091796816256	0.03903066898254075
5.471583815163664	1.6676552636252482	0.6871074456796732	-0.09670147851083669
5.663248762560879	1.7858222667587555	0.812973663945392	-0.21327388889391702
5.839465726658783	1.8935626259084857	0.9013200772194945	-0.3167574530268615
6.004287034633498	1.9966437488178728	0.9602281334453852	-0.412272189349153
6.163924216680722	2.1019783919280983	0.9923641495561538	-0.5055447668558088
0.03955771037553879	2.1212607463343205	0.9974672648131498	-0.5220226382125215
0.19880607587649257	2.1660492052504225	0.978307698752273	-0.5602969302796139
0.35707049686572623	2.2267385123006833	0.9356122956347088	-0.6087265444429809
0.5114153458300473	2.2990110251077653	0.8719681042389805	-0.6651927664926085
0.6589645956091049	2.381521030215643	0.789868006811723	-0.7233374542422234
0.7995568533548921	2.4745990233633237	0.6960177192726392	-0.7843151065508452
0.934148429782559	2.5795140145422892	0.593532605915207	-0.8454186123997575
1.0641955348775824	2.6965941957217923	0.48439761957037153	-0.9023940905005147
1.1906455918431775	2.824371008307742	0.37046722788843317	-0.9499046628746327
1.3138634026964753	2.959754745104773	0.25375978269269495	-0.9829015223916695
1.433905056828428	3.059835151255554	0.1363298769089743	-0.9956907545159587
1.5507968845475646	3.156518982370456	0.020008401721266313	-0.9979453927503363
1.6648361791619792	3.249137971656707	-0.09389422879380761	-0.9923953406175912
1.7769484011351708	3.3385061293351854	-0.20451977075834843	-0.9804004787380719
1.8890894963849179	3.4304058251212397	-0.3124721448393696	-0.957105666661793
2.004545856858299	3.523744218094491	-0.41949302729322513	-0.9259623015226868
2.058620406540362	3.6189748519144715	-0.4684928959870319	-0.886952174004482
2.130540917542062	3.7104243136832253	-0.5299530736825847	-0.8421070562914326
2.2143205269560995	3.886346586493288	-0.5990244227006802	-0.7339864050819094
2.308950246212723	4.042911665947755	-0.6728858073229289	-0.6193014859527173
2.370099735151206	4.186351487483093	-0.7153973009991652	-0.5011484365305896
2.448727450737819	4.323084792831117	-0.7688516456807861	-0.37887948290856055
2.5428482637641623	4.45657430820065	-0.8251077353417684	-0.2526170444973411
2.6466616695670298	4.588703181467799	-0.8783465754024726	-0.12316632820249837
2.7640032048781067	4.720549441507614	-0.9276731403877955	0.008183608370449208
2.8556702667686467	4.852830494929882	-0.9578384251981888	0.13986129565954658
2.945156221485155	4.986165439973617	-0.9805214001608088	0.2701697676462846
3.0288549460692935	5.121236012162135	-0.991731807399095	0.3973793498478827
3.10262669079288	5.258898176084158	-0.9979453927503362	0.5196539828374326
3.1638573374152643	5.400269825600296	-0.9979453927503363	0.6343514290071737
3.2622280890407453	5.546763837139976	-0.9907225601383989	0.7396926532088307
3.358171555249902	5.700015893392069	-0.9754156700598169	0.833017678213692
3.454740155724855	5.861631733554012	-0.9509373801014877	0.9109309595620247
3.5501112701407096	5.955064441554426	-0.9160743943660743	0.9447283139327534
3.6894123206662486	6.052369901780053	-0.8524109474462523	0.9721930304070057
3.823164442912868	6.150485005628808	-0.7756017285119079	0.9909357322578755
3.950412778823433	6.248009423893989	-0.6894472016088692	0.9977478171390561
4.114682552986905	0.06030281086371611	-0.5623936277568107	0.996139032075149
4.269033575269133	0.15044012900507506	-0.4282707441641874	0.9875469339605788
4.419124484200686	0.28636154983452966	-0.28849439536805144	0.9578780042931534
4.573786164038238	0.4335588064993615	-0.13788204943920973	0.9057256521203185
4.731465192821893	0.5696728187630796	0.019086278304954386	0.8403754985583192
4.894434471379092	0.6887165637429206	0.1807999429284974	0.7705951464946501
5.063227360329079	0.7874946944748572	0.3429773507915132	0.7049409538143837
5.236625030647352	0.9733489693390552	0.5000223177121869	0.5614034333826723
5.411855158600701	1.1184512007979122	0.6429219216225489	0.43632753259532403
5.584020322178289	1.2363921606141004	0.7638268223777067	0.32756492431016393
5.750144649973797	1.403397579399565	0.8603459328112445	0.16653020471259256
5.9097489077092	1.544588080076194	0.9304587976033061	0.02620976559355281
6.063875255498586	1.6753448879058424	0.9743908715749432	-0.10428733592922576
6.215448725398523	1.8026341701235238	0.9956630749736228	-0.2296469738873043
0.0839078042191502	1.9376839771039214	0.994627690880497	-0.3583955586339167
0.23611569989819822	1.9755715348591478	0.971180527381341	-0.3930166892547041
0.3873459649901946	2.0456278199636615	0.9257629183973662	-0.4570331617093299
0.5349635711742436	2.1336271146748786	0.8592976346669763	-0.5325904051134184
0.6774081018008061	2.2353117676851384	0.7779205915351612	-0.615424794212143
0.8145915536201954	2.3520145669067234	0.6848954850137134	-0.7028243829125981
0.9475413084071732	2.4863208507607895	0.5825556624112185	-0.7913212527140518
1.0771672122263054	2.6406526105836776	0.4729048169701601	-0.8753998444732682
1.2038516150151735	2.7560157502603944	0.3580822812048089	-0.9246777653440039
1.3275286276372624	2.8557759425266966	0.24044629896523587	-0.9578652119780986
1.4477913381591547	2.962402172280241	0.12251723015192033	-0.9832398359735329
1.5640139503166977	3.069028402087787	0.006807175215216853	-0.9968655560919346
1.675495590263692	3.172145679715881	-0.10443600464925	-0.9979453927503363
1.781634373242815	3.27161726949319	-0.20914250848623003	-0.9895227208003946
1.8821142332500627	3.368971869058852	-0.3057897646256476	-0.9726779974441202
1.9771291524446666	3.4698619543190348	-0.3944400188404714	-0.9461686871537356
2.0675250398278124	3.573933373985439	-0.47610241289031835	-0.9071408681349669
2.1548132813821455	3.681460405755287	-0.5506951926403791	-0.8563104188409332
2.2389536014623403	3.7886368138062196	-0.6182701442178947	-0.7962389216719488
2.3219625811835614	3.889747737908101	-0.6819320611089967	-0.7316219040963292
2.4059137092804037	3.9773785314838492	-0.7402953919095558	-0.6705022589509458
2.492721170751166	4.109206399093258	-0.7951467293930179	-0.5670733135196632
2.5816036807738514	4.316567312149152	-0.8464433459118296	-0.3848350673636616
2.6732590657622795	4.4817302456449735	-0.8913894445475388	-0.22851737465182964
2.7675294406037936	4.629753050016509	-0.9289955139093709	-0.08250397319589672
2.849429520957932	4.77197556175995	-0.9562565157083591	0.05943511071900122
2.931329601328065	4.896690304538273	-0.9770166168701293	0.1829977112189399
3.0109035754627684	5.025010005363596	-0.9894378094581784	0.3071361367127473
3.0845232185255456	5.154886718283299	-0.9979453927503361	0.42760282533505284
3.1462666327692888	5.285446457068373	-0.9979453927503363	0.5414132318129401
3.226745280676765	5.41633327729309	-0.9952568929817822	0.6462347036705534
3.325653831848831	5.547384730652224	-0.9826174117019908	0.7400948583294973
3.4414782045501426	5.678512414785919	-0.9542990306242372	0.8212948153670181
3.594782856870735	5.8096517288557035	-0.8988154790963502	0.8883931289242871
3.7280619498984664	5.940745101632116	-0.8324445691331811	0.940219262896387
3.899929783904588	6.071747247220378	-0.72454328428274	0.9758946399859872
