0.09551642733533436	1.792160994758999	0.9938844332966246	-0.21952707956607315
0.2506745533298596	2.2010742804295877	0.968399383210299	-0.5886751838456998
0.38798645651187946	2.3712665436610805	0.9254852098914816	-0.7162084733155654
0.4686261320109813	2.468401536543787	0.89052093161507	-0.7806108634298786
0.4771007403140321	2.643158663465031	0.8868464554821054	-0.876628766265543
0.4507664188404453	2.946446236327123	0.8982646629404579	-0.9808483942064607
0.41354781053393547	3.257352877703501	0.9144021507197096	-0.991345561301614
0.37686871141234374	3.5475006625754983	0.9293779887250347	-0.9170533982070008
0.34599829411488964	3.8518560992623065	0.9390988479171036	-0.7579643999149525
0.3290976511913158	4.147708764827528	0.9444207316005175	-0.5341708465214594
0.3258398572437017	4.443561563563135	0.9454465860920971	-0.26508339961696814
0.334719024799438	4.659462253774493	0.9426506038829672	-0.05283037279364562
0.3586182112899958	4.748356974197841	0.9351249321552038	0.035941765083399975
0.39468744513471876	4.804554634172507	0.9225797513875145	0.09184142657776098
0.4399926391119928	4.852412666137141	0.9029360288677497	0.13944568248121614
0.49184378709073123	4.9034932288208	0.8804540687698299	0.1896255290651155
0.5437759062684075	4.865163120892992	0.8544934912276785	0.1521285255937684
0.5947128704005283	4.866100821964734	0.8267246332078411	0.15306125433224044
0.6435071724437562	4.884576856697684	0.799881084137826	0.17119606203951446
0.6853560622919243	4.911392905223638	0.7727720268532561	0.1973218687665911
0.719963539832533	4.947084232460658	0.7503538433715286	0.23209450561966
0.7746302276276311	4.993963274534842	0.7144577124704398	0.27776688690265466
0.8426655421239516	5.05618790461393	0.6641271643148459	0.3363755689698115
0.8991014787157896	5.031355972163397	0.6222574538459524	0.31308754687218543
0.9500918922949246	5.050631332199465	0.580465177159857	0.331164473078145
0.9974395976036193	5.09446071836161	0.5416585023004402	0.372268793714597
1.0442228496519221	5.154553902938438	0.5020932592724545	0.42730795359580254
1.090966764885109	5.2329586990284875	0.46067852345273275	0.49677397715993943
1.1395924840419893	5.236185600540194	0.4175965243758468	0.49963298614446533
1.191511954571401	5.279604676713594	0.3696547307378541	0.5366252474882507
1.2471882562956347	5.34990810120612	0.3174400693356062	0.5942466700682383
1.3079300809846652	5.443908557386391	0.2595403814316289	0.6666340943827833
1.3748614812353583	5.562996983248812	0.1943317872112746	0.7502082317431676
1.4488998815008598	5.712248653809112	0.12141456506620188	0.8396865049292079
1.5310356178870714	5.823026396381147	0.03971436860519102	0.8941922048049844
1.6223998593222941	5.912596250214463	-0.05150876441977437	0.9313554040630942
1.7236377108654217	6.020091307302525	-0.15192847624181444	0.9652047784893554
1.8357490371726386	6.105265455620859	-0.2613713874428703	0.9822975459809087
1.9593651903169076	6.185614134913923	-0.37820755389403327	0.9937528755109073
2.0954355726717693	6.280252160449544	-0.4999535547172528	0.9998122013670445
2.2451826671593222	0.07795854149091827	-0.6231368880620777	0.9950086003645029
2.3402459337526356	0.14697236541175648	-0.6946427581338324	0.9882093728366469
2.451819470670217	0.2151794504017068	-0.7706997486131507	0.9751799308044169
2.572633807347457	0.3436032236692943	-0.8420446865660264	0.9398530373513565
2.6984102885385726	0.47686856637124087	-0.9030751433967065	0.8869471229797614
2.8268145958026376	0.618155441944565	-0.9505240654852578	0.8139446520700229
2.956439728253774	0.7700138825841962	-0.9824778978118545	0.7178727503552724
3.086434945400179	0.9341515639096751	-0.9979453927503361	0.5935300371518176
3.2164301625420286	1.111039535907915	-0.9965750574985794	0.4428942085331926
3.34654874013158	1.2997345960573845	-0.9783618309982488	0.26752491558242225
3.4773207500820855	1.496902937791601	-0.9433715644463543	0.07366605385493705
3.6093412511807763	1.6981705236518525	-0.8916763128954852	-0.12680495342716921
3.7929709933209543	1.894994897606885	-0.7936483789051809	-0.3181295853569283
3.972968939205186	2.079236350522334	-0.6737660228112226	-0.4861103956800418
4.149154868691092	2.236390857072713	-0.5329350683104461	-0.6162678823877655
4.3252519237727345	2.374815597047458	-0.3768991883779176	-0.7186757966441936
4.499466526761404	2.494772229558126	-0.21119878783840937	-0.7963726489790715
4.73011873216881	2.598274264283624	0.017741431243336634	-0.8546182904700752
4.938912599946516	2.668269949125427	0.2241332099238174	-0.8889428744033696
5.131915937840604	2.732591223125979	0.40725089719935303	-0.9158933343394816
5.311913990580664	2.7949760538581407	0.5631062993152758	-0.9392882672724212
5.4809672183917195	2.8573608845905922	0.6940490146505718	-0.9582669644236799
5.642248940204108	2.916940113034817	0.8015253749591378	-0.9733691572915318
5.797691306284778	2.965052521788754	0.8832072506269724	-0.9835785229990811
5.949786811215705	2.988789722167739	0.9430664283516106	-0.9866118896420006
6.100529640673042	3.043743772590241	0.9813928741810942	-0.9936344441464697
6.220138482530919	3.0805149019922857	0.9959633429313544	-0.9979453927503361
0.0557566321073659	3.135304184755904	0.9964301072357841	-0.9979453927503362
0.17998419976117105	3.16583373569135	0.9819031983080528	-0.9979453927503363
0.3037436358201713	3.180631836805032	0.9524045178578149	-0.9979453927503363
0.4260664825586111	3.1840429638429337	0.9089742229705862	-0.9979453927503363
0.5456894667337948	3.1780150152386173	0.8534502922506471	-0.9979453927503363
0.6612953893718749	3.2093694698704716	0.788358155012483	-0.9974773403829911
0.7716202022200169	3.230325914427883	0.7166844417778451	-0.9947993253323653
0.8753917760219039	3.244815739149288	0.6399172476951293	-0.9929476768536097
0.9712524479687932	3.3078853334473464	0.5631217642420274	-0.9848880404823566
1.0576425430594225	3.3649122832360585	0.49020351801991374	-0.9737070246682109
1.1330924910397486	3.4192319198924888	0.42335546629748366	-0.9599380375443678
1.1963655229931198	3.5497154178546046	0.3651029299916781	-0.9162228429164043
1.2477569476409565	3.675733572266377	0.3169067360300745	-0.8591187516289668
1.2870404779580402	3.7976151320429756	0.27989228863938775	-0.7908725732576996
1.3154335899191947	3.9182080502683614	0.252230011896435	-0.7118361232185189
1.3353522910994717	4.035756105552737	0.23282401564062344	-0.6248920963585448
1.316371741350978	4.1505060313891775	0.2513160083673999	-0.5317804227390598
1.298446027008741	4.262213877354679	0.268780317021854	-0.4345024905812039
1.279862294747734	4.370385857227019	0.2867975194250431	-0.335186545934436
1.2614588521348968	4.4745729124932385	0.3040567391452126	-0.23537417998110458
1.2451344993647095	4.574642154274022	0.3193661351738496	-0.1370376102776534
1.2329863758087967	4.671154224389554	0.3307589565089738	-0.041152413775544384
1.2259286206529871	4.765715340830003	0.3373779000147017	0.053208085767753655
1.225367581998882	4.829691067363143	0.33790405643045585	0.11684456918486606
1.2321437076878234	4.899632206790654	0.3315492322501503	0.18586388926829991
1.2467449228826364	4.97113253301732	0.3178558387622945	0.25552380587058743
1.2694824947564871	5.034328073723939	0.2965319616415978	0.31587485981918106
1.3006376589348283	5.10035347668142	0.26664509743264303	0.3777951733566598
1.3405853048673018	5.17010647471213	0.22772569900511536	0.441087408057662
1.3898747719392277	5.242861793792537	0.17970493676807475	0.5055480400813868
1.4492733707045857	5.32101309121388	0.12104305635801921	0.5705640174345414
1.5068515819412596	5.4042835078707565	0.0637701642299158	0.6373206344895057
1.577190718834325	5.494602265134414	-0.006353802331344197	0.7041358259156846
1.6586359846957357	5.591575050100506	-0.0877014646084627	0.7687206571426373
1.750803434666391	5.695527141356511	-0.1787276149125491	0.8305705846327245
1.8526398302717177	5.806176781548869	-0.27755295642703476	0.8868864385280271
1.9637818758110652	5.922061040719676	-0.3822434605204791	0.9343357944769028
2.083138523122496	6.041394615756692	-0.48944502467619827	0.9700964468475471
2.209947718438664	6.162346082913475	-0.5956079650858038	0.9922631074360736
2.343546709034223	0.0004162577056638459	-0.6969374770259402	0.9999733485450011
2.4834019928188975	0.12164070130707345	-0.7895766488500713	0.992211791799152
2.6288897869457144	0.24344761589640157	-0.8696315742125181	0.969779928389347
2.7791818021879666	0.3666433016986423	-0.9333652655713172	0.9325978923321138
2.911428064451838	0.4912484728826824	-0.9719719585870363	0.88071218900039
3.0459992728649925	0.6839297558379456	-0.9939226735579965	0.7736959658993465
3.181189650381737	0.8668619742754546	-0.9979453927503364	0.6462273471006453
3.316380027878956	1.046969951163136	-0.9838025071288339	0.4996593492589409
3.452305550803254	1.2328601412957219	-0.9515545058018894	0.33087734246769146
3.591143851613047	1.4267759690639852	-0.9005999796935446	0.14342116136771496
3.736119265192437	1.6241617329939788	-0.8276287049578733	-0.05326852667118669
3.890701791894507	1.8195169875318533	-0.7309586400083713	-0.24582090207039423
4.057656150742922	2.005984971088439	-0.6077816795959958	-0.42080807013820903
4.238045255935315	2.1787345068373436	-0.4565874453436607	-0.5711372438257094
4.430513592706868	2.3366621978612208	-0.27758350184873126	-0.6921513233184337
4.630828217471688	2.4822790711569858	-0.0814300942158212	-0.7889054776216939
4.8346456102797575	2.5801136722289235	0.12177283972180453	-0.8457126733928408
5.056792267539416	2.675438029995117	0.3369423559966265	-0.8924579681410534
5.269310039389557	2.750466352892507	0.5281876549835063	-0.9225966860541146
5.47442105531251	2.8253294896375034	0.6892063534748031	-0.9501476195271487
5.644704198537077	2.9001926263987374	0.8028638866119604	-0.9691239903124627
5.788313660094506	2.971877645505319	0.8791412294166306	-0.9844507026278951
5.931776225327203	3.0332072738826326	0.9373950320856708	-0.9922879895013332
6.074512065980878	3.074489721070115	0.9764227969329504	-0.9975634556994217
6.204924892835795	3.104576596625431	0.9949892725523224	-0.9979453927503361
0.052149256808017914	3.1089127892049357	0.9966610742524818	-0.9979453927503362
0.18256786336370062	3.0911738401328104	0.9814096470128332	-0.9979453927503361
0.31249732344602904	3.051221848851179	0.9496480483225185	-0.9945900643005305
0.44101128779857873	3.0679873149086467	0.9024943565033305	-0.9967325160083884
0.5671749873663035	3.1262011630717086	0.8417372193949725	-0.9979453927503362
0.6901437574733946	3.169541349671437	0.7696706326847026	-0.9979453927503363
0.8091405162555279	3.191497498116721	0.6889280040166964	-0.9979453927503364
0.9233591954476892	3.199729446067106	0.6023755753069773	-0.9979453927503364
1.031864710943656	3.1987136355754138	0.5130424715340527	-0.9979453927503364
1.1335785714537923	3.226922008673856	0.42292480293019125	-0.9952343089869266
1.2273773572180544	3.328996954643379	0.3360192377676883	-0.9821901954757191
1.312209677629482	3.4308407783037818	0.25537094107936675	-0.9569954143637561
1.3875512896169826	3.5359733425281337	0.18196861294042374	-0.9213762580471189
1.4537557017651657	3.6451288161573063	0.11658449368645898	-0.874126755653758
1.5121306709653637	3.7577456717035136	0.05851906855121587	-0.8147025834698296
1.5656504475966666	3.8741880654723064	0.00517263910510252	-0.7424390822582602
1.5381497707968985	3.993168226268359	0.03263793980623869	-0.6581658342554618
1.525726835994289	4.113241031300471	0.04499499970064426	-0.5636254902361824
1.5141883624776873	4.23320296672249	0.056472288328506204	-0.46101226281075447
1.501328808456694	4.3522309859587045	0.06926365218717982	-0.3522460913902141
1.4878984027814268	4.469965385457306	0.08262284065370713	-0.23978824249083988
1.4762373751017654	4.586657017285179	0.09422203357852463	-0.125184880628153
1.466122501458631	4.703425689496853	0.10428327123440462	-0.008919622624693466
1.4609220153196012	4.799842277107323	0.10945618083435829	0.08715405765700693
1.4632546440213434	4.902850825031407	0.10713592132749976	0.188999660670442
1.475009356614501	5.011191681846273	0.09544354027075777	0.29417695908673624
1.4974292736996264	5.127416570817078	0.07314250894035855	0.40317563601363804
1.5312374913374316	5.256484075734764	0.039513565626118255	0.5176172731587767
1.5767943366981707	5.2969438848200765	-0.0059578952174864745	0.5508366439418076
1.634149365619956	5.367907629280565	-0.0632441901700135	0.608999271679106
1.7031252145113984	5.456055438743969	-0.1316927837087557	0.6756200041508782
1.7833255140767323	5.554559982615344	-0.21081082839008897	0.7447428744944459
1.8749279777166943	5.661134385937802	-0.2989052513308057	0.8118209877848265
1.9765319420921528	5.7732505737625415	-0.39389429621152705	0.8726100778593765
2.0874210853394835	5.889361804198837	-0.4931047182904732	0.9229543450809932
2.2058964507468892	6.00794926590808	-0.5924427260179873	0.9613813421696462
2.330665646830574	6.127670888573287	-0.6879824848597016	0.986577604128881
2.4605543637145213	6.247631879741369	-0.775920601583704	0.9977236443709445
2.594537997960099	0.08428396166969702	-0.8527860948524622	0.9946036068978359
2.731617018602884	0.20385180775699324	-0.915527997939378	0.9773438242360575
2.870791341847869	0.32247032936089964	-0.9616713280097697	0.9465076247485189
3.011139298841069	0.5108719032264083	-0.989467932447464	0.8722037336398094
3.151853147230511	0.6931163486895776	-0.9979453927503362	0.7677450345181687
3.292566995633855	0.866198951419647	-0.9868455642933597	0.6467178321380047
3.4338142500102857	1.0373461094693106	-0.956241696258112	0.5081859961889703
3.5773755381658634	1.2137755091658555	-0.9058500222802921	0.34877539915944367
3.7262327467922414	1.3960325792964234	-0.833537885379006	0.1737056306167242
3.8840866122151883	1.5788676003159765	-0.7355575528363663	-0.008028674246923134
4.054679650706617	1.756648164984351	-0.6101072070400099	-0.1844934741045089
4.240783310278995	1.9230496236210464	-0.45408544883885105	-0.3450063271219278
4.443311364546591	2.0734849116399863	-0.2653230930773183	-0.4811954631970697
4.660033042679539	2.206435513016177	-0.05226026791906382	-0.5928638931894876
4.887852949487416	2.3225719058618415	0.17438782860279722	-0.6823556673019044
5.118348891824815	2.422916899675207	0.39467173446805065	-0.7521161124665454
5.345216941910418	2.50925738055201	0.5904017468071185	-0.8050304359962399
5.565648992622715	2.5845780473408864	0.7519261619988371	-0.8479019200383535
5.781271768830428	2.6534404513666514	0.8760879601143231	-0.8816707641059973
5.955847599087536	2.720724787484989	0.9449749242727179	-0.9114433027738613
6.086721798732181	2.789537417287728	0.9787551940018995	-0.937248724384861
6.217777469993293	2.858350047106973	0.9958121759534411	-0.9585176981691499
0.06558160705764064	2.91897352766924	0.995801050105575	-0.9738845889409719
0.19656048297361223	2.9568715166997164	0.9787366691819634	-0.9825330758719376
0.3272471128500058	3.031675449485582	0.9450034520241537	-0.9920922383194483
0.45710887035750075	3.0858429179763425	0.8955146613013834	-0.9979453927503361
0.5855328394472173	3.085856502484602	0.8317292301739853	-0.9979453927503361
0.7119497817953252	3.1231480863994703	0.7555450306762226	-0.9979453927503362
0.8358369456216074	3.119489885208128	0.669178761527863	-0.9979453927503363
0.9566422785137397	3.156551411771754	0.5750964120520264	-0.9979453927503363
1.0737203476948232	3.1659661787468236	0.4759587114346177	-0.9979453927503363
1.1863334907352325	3.1578635166969624	0.3745112267229607	-0.9979453927503363
1.2937343385217936	3.2051908927781687	0.2733707272252455	-0.9979453927503364
1.3953636302800867	3.2396399919300327	0.1743573609674568	-0.9936090833681274
1.4911280543828405	3.266259382546955	0.07941031487691982	-0.9902074028724064
1.5817918824836987	3.2849590524922645	-0.010949451970058775	-0.98781778008033
1.6694986365264655	3.3695624691762225	-0.09851997620165963	-0.9725282916303122
1.7105300284751757	3.4966824791969087	-0.13899767415453054	-0.9361107231682597
1.7598821729018568	3.602309191770124	-0.1876838410271232	-0.8951247042357565
1.8143411682269523	3.743839263340411	-0.24086240920149568	-0.8230144555264165
1.8007711533214377	3.8417393631572443	-0.22786218292309213	-0.7644994829499113
1.8126855419021652	3.967986692740239	-0.23927630063753477	-0.677229710615729
1.8385357338382733	4.146329715129066	-0.2640410740625807	-0.5353493231248373
1.8793094481187247	4.389820614008463	-0.30310274905318296	-0.3165678312474067
1.868207897381214	4.558477480452697	-0.2924673390972096	-0.15298415153231423
1.896724624282011	4.697270642200794	-0.31978668288651835	-0.015067293743987808
1.8640950857442597	4.823509914253694	-0.28852721948104565	0.11069619278238245
1.873605105431458	4.944205505886518	-0.29763792486394147	0.22928987711433416
1.912805035016141	5.062724636851963	-0.33519189648789793	0.342505883841956
1.9735411699894627	5.181070669867824	-0.39116136968474513	0.45080159745715387
2.05473215335046	5.300632494181573	-0.4651701619206535	0.5538598667831629
2.1564264129932083	5.4223980294853815	-0.5520737055858711	0.6507212310648288
2.2795979420034866	5.546964320323204	-0.650025403152688	0.7398225230839561
2.352308229609	5.67452511735739	-0.7030285389951345	0.8191210953964188
2.448420773495889	5.804881612498057	-0.768668344433546	0.8863248706543059
2.560227578814316	5.937496435741042	-0.8354953666665665	0.9391962827602612
2.68241280320997	6.071593375028473	-0.8958782673947858	0.9758652461362853
2.810804398531835	6.206347463973631	-0.9452240541894422	0.9950803545674943
2.9263065324293107	0.05799358516083943	-0.9757433651466949	0.9962868833318705
3.0429883525798145	0.1929488564358505	-0.9935379093477388	0.9794265898642909
3.1596701727364005	0.328937655111292	-0.9979453927503363	0.9444711131470385
3.2761929968913845	0.46753475914185827	-0.9889379905611426	0.8909941362065216
3.3928452408821697	0.6103758873241948	-0.9666265551026135	0.8181857636358846
3.509695280502931	0.7585674810964197	-0.9312307930594309	0.7253468131031093
3.676510832626003	0.9121914790612519	-0.8587375975833665	0.6115287525497838
3.8399738554244705	1.0706217692113915	-0.765554728417078	0.4787040272402755
4.004247224754805	1.2324093058824763	-0.6495098575317376	0.33130014746230757
4.172071476959476	1.3958227928536067	-0.5133515197964346	0.1739100171822425
4.349147751723943	1.5604162760732718	-0.3550635085450963	0.01040053802448429
4.533830466325088	1.7262320638964423	-0.17729856900429733	-0.15448782003653716
4.801605475552516	1.8960866873996691	0.08890790641651242	-0.31917553220764816
5.0519486164070555	2.013222327448857	0.3323998559383523	-0.42742146711465184
5.28932622031268	2.05290770145639	0.5445931263774545	-0.4636110637434469
5.508428180619567	2.1128213563605405	0.7143638363286925	-0.5148106982498267
5.707626629279214	2.173879426760581	0.837166756351298	-0.5669883010541972
5.890811514218984	2.2291683189773144	0.9235829198396438	-0.6106249425754293
6.064412649467054	2.2826855882019492	0.9744935287045018	-0.6524377686438182
6.217741586778877	2.3363142021066947	0.9958098784827608	-0.6919093945701366
0.08804228331552268	2.3973187977420976	0.9943629753399039	-0.7343201575478085
0.24219795705926375	2.468846083942	0.9700186478329496	-0.7808765697862978
0.3952012165617472	2.517565967945788	0.9223569870096333	-0.8099964857184161
0.5439349757168043	2.5832411966134954	0.8544067727315318	-0.8472463532687401
0.6861686884649164	2.664881857522995	0.7722456203092709	-0.8872814172029122
0.8216564404646743	2.761334987783523	0.6796690870735803	-0.9266725323995122
0.9514197327564834	2.8466828435238396	0.5793768652190578	-0.955560285605375
1.0762917809099042	2.9320306992990686	0.47368044212941784	-0.9771943317726857
1.196460681526335	3.0083357154081147	0.3650136878826031	-0.9891096637245151
1.3115924283001084	3.107423950288015	0.2559723024867354	-0.9979453927503362
1.4209942403304465	3.197596666227162	0.14917223141587585	-0.9979453927503364
1.5238372126851756	3.2788785738021735	0.046874602932859166	-0.9885948018409854
1.619387654163222	3.360228162177143	-0.0485001690717457	-0.9748943596085138
1.7072808360770813	3.4416788673371377	-0.1357923276567751	-0.9542481664524489
1.787838358449835	3.5268389007954495	-0.21526277463824697	-0.9248017646840363
1.8623646195405916	3.6611365112870145	-0.2868694134748287	-0.8662768792463755
1.9313375406156288	3.7942690225101954	-0.3525962720169956	-0.7928725457594124
1.997777100757168	3.9262582053484634	-0.4133078308065191	-0.706239606833488
2.066004995685872	4.057233967654574	-0.47480344849521633	-0.6081115295359842
2.1386685965659735	4.187357233277118	-0.5368986388642643	-0.5002889694000535
2.2217306923840914	4.316781637048343	-0.6048139549893716	-0.38463922021040586
2.3199410197104795	4.44564356746909	-0.6805266593751329	-0.2630888165543557
2.3803458398915174	4.57407051589082	-0.7225204548379813	-0.1376015347441314
2.4119961029085024	4.70219173533514	-0.7445239086599972	-0.010152098022136812
2.4654882339558553	4.830132149220424	-0.7788695800056653	0.11728331212406397
2.538102621659525	4.957999803065078	-0.8222712610365297	0.24272911077600218
2.6268725567814455	5.085840706681242	-0.8686423620026125	0.3641847260370568
2.728668696701603	5.213590585653878	-0.9144223478584901	0.47961398329262256
2.8403790238130133	5.341055482390668	-0.9539623880903678	0.5869909710267364
2.95650716050661	5.467907491781346	-0.9824865149504867	0.684387808497143
3.0587801281140328	5.593724356344565	-0.9955559335617644	0.7701129441615686
3.1586219874755264	5.718066270211945	-0.9979453927503363	0.8428580438431702
3.2556008043043674	5.840597932534027	-0.9915694580088931	0.9018109864529855
3.3502066269802695	5.961241216499324	-0.9774346267675093	0.9466733332994142
3.4607678739188215	6.080307883874052	-0.9494094690308775	0.9775299586490624
3.5727152090835252	6.198487834471233	-0.9075976921071899	0.9945771313018565
3.6879899564774403	0.033326529012490114	-0.8531084484292458	0.9978662245139013
3.805605966104955	0.15120219119085	-0.7860964449710588	0.9874013589799742
3.923692460100283	0.3006918994861808	-0.708023328411318	0.9533654863769053
4.0948346047884305	0.4459714788108068	-0.5787343037672444	0.9003436844206083
4.259713599950991	0.5828729752895848	-0.436787209779536	0.8331792849898508
4.426299880156836	0.7073053518657973	-0.281620285669824	0.758553619851958
4.599310227802429	0.8162646046035237	-0.11270241758884	0.6836578105250075
4.781782508034786	0.9872178642403769	0.06919005384837483	0.5500363419558323
4.975000255066628	1.1251981822597643	0.2592919732288944	0.4303497608697587
5.176678304511948	1.2394110250099417	0.4469099968086021	0.32473375597881715
5.382260601358129	1.4078425822992728	0.6207631178264297	0.16219961564214583
5.584977372688786	1.5475159162495289	0.7644467847520353	0.023285438123906377
5.7822652039144975	1.6723674110424995	0.8765187001999443	-0.10135003832824002
5.9730240807477015	1.7895515597633733	0.9503836674725511	-0.21695285732880137
6.121795839599463	1.904698968403514	0.9854553070822878	-0.3274261938762422
6.26957348265067	2.0245887787657595	0.9991284847728967	-0.4378079744287321
0.13419318619440423	2.050041104659107	0.9906505499497943	-0.461065960732557
0.2816094502002736	2.1036394703988806	0.959374404259703	-0.5069642531269524
0.4271616547093112	2.173054399911264	0.9084993710617627	-0.5662832685668526
0.5692235058453458	2.253483543529063	0.8406204465412157	-0.6296223292083051
0.7067833262932043	2.344132665557416	0.7588917798653485	-0.6973448375364317
0.8404443391609165	2.4468997708306106	0.6657703457055988	-0.7677592398523037
0.9708207862459718	2.562991453416102	0.5634755587082549	-0.8371473368569032
1.0982605619052124	2.69283356510543	0.4542162775068519	-0.9009838165601544
1.2227711483042385	2.792529936931372	0.3403390584334749	-0.9383709490593837
1.3440449282105562	2.889638144336699	0.22435512594223955	-0.9664486313344522
1.4615499656474982	2.990526232272684	0.10883156032915332	-0.9868337975225986
1.5746533545934782	3.091414320228323	-0.003819478854646667	-0.9979453927503361
1.682811048060684	3.1907205485956625	-0.11165274473605366	-0.9979453927503364
1.7857752289228146	3.2883559523201513	-0.2132274858053268	-0.9873836917100616
1.8838040576823532	3.38395846115599	-0.30740863535965274	-0.9688791834917934
1.9779035226989081	3.5210663594955407	-0.3951476277577354	-0.9269665251711456
2.069976186706127	3.657390185449961	-0.47819705766690446	-0.8681140078626042
2.162901182205245	3.792614820138836	-0.5576067650812361	-0.7938612639177922
2.2585468283879693	3.9266514534924313	-0.6335782531970929	-0.7059662183510054
2.360644541185961	4.0596112632591135	-0.7088239931034039	-0.6062541580918526
2.4728763627536297	4.191721152196322	-0.7832854708454327	-0.49655975184462076
2.598647995534519	4.323250254656606	-0.854801561334827	-0.3787282861618603
2.739611953138683	4.454467682774868	-0.9185261780269587	-0.25463521525173516
2.848875441613386	4.58562903466776	-0.9561160672107211	-0.12619899123743247
2.9485369215382264	4.716983006318656	-0.9813783428497803	0.004621447178928775
3.048198401475594	4.848789273381015	-0.9942036992587693	0.13584150343497298
3.143087172383153	4.981363115110681	-0.9979453927503363	0.26549105403610146
3.2314657854181505	5.115113871008332	-0.9946536617080158	0.3916378491105332
3.3145771125448236	5.25059390986437	-0.9840329009051533	0.5123986332087471
3.394902409466353	5.388543144464648	-0.966105102282037	0.6256763711497579
3.4797921329655197	5.529905716663861	-0.9424447712478958	0.728772226039669
3.5729914366540556	5.675777672908636	-0.9074941040167689	0.819803940121407
3.674635331917783	5.827235240021621	-0.8596573083001309	0.8960171027768158
3.785412835219232	5.945955645833002	-0.7981658964039233	0.9418600235638833
3.903913839215113	6.068276549443353	-0.7217735449917125	0.9752316405995773
4.029073791481287	6.191786560120554	-0.6301129613251616	0.9941480732703485
4.159821338185423	0.03223150545919959	-0.5238199619051219	0.9979363348579409
4.295513833907356	0.15596228547021548	-0.40407344701695463	0.9864920491554878
4.436214209194104	0.2803928824039289	-0.27212224740085633	0.9597574921892221
4.582644331332658	0.40615715686063536	-0.12914341779328017	0.9176066387100008
4.736045505392858	0.5334516508234785	0.023661101853084888	0.8601218750250941
4.897917687194215	0.6619686949520925	0.18419350119591074	0.787921998172711
5.069661897060484	0.7911252777253409	0.349011824100727	0.7022551538519062
5.252289358713091	0.920284261233688	0.5139007873568404	0.6048958235741075
5.44630024900789	1.0488455400206063	0.6684033983276588	0.49799759250084646
5.576528910020527	1.1762595671212621	0.7589740025761802	0.38395881024064654
5.714376916610219	1.3020583359547102	0.8408467512956688	0.2652609884649436
5.851015580055665	1.4260200400902845	0.9063279382472198	0.14417308188829708
5.983480852725989	1.5485516349683321	0.9536764252939002	0.022250960605045247
6.112514757722955	1.671274410245138	0.9836823634309916	-0.10027178692031434
6.240337990184741	1.7976718835030125	0.9972566433601759	-0.22489304772184932
0.08510838151840824	1.933624596179618	0.9945508223170361	-0.35468615202270654
0.21232614006613768	1.9741888407575756	0.9757249920927381	-0.391753202349362
0.3354703941124896	2.047367484842957	0.9424140034112911	-0.45862284361523664
0.4945513987911795	2.138993521399064	0.879280084767873	-0.5371763056619734
0.6755606951350316	2.2445451350831918	0.7791173127220812	-0.6226387868286165
0.8403863785275391	2.3650084162184144	0.6658132232974926	-0.7118577853568872
0.984171270360504	2.5027117145119804	0.5525333621884729	-0.8011180858602961
1.1136438347643447	2.659573473206406	0.4405868205320681	-0.8846782841178262
1.2317158999095013	2.756071116473399	0.3319504413390905	-0.9246985282253773
1.3381194556520823	2.865890583791311	0.23012807756408116	-0.9604290797413466
1.487874113851538	2.9812476791755302	0.08264700078705546	-0.9856480952068201
1.6179831538881742	3.0816741539924224	-0.047097351942544795	-0.9979453927503361
1.7359647302222057	3.1795909805095293	-0.16408914987450063	-0.9979453927503363
1.8453563153013575	3.275102496086389	-0.27057526750214317	-0.9890773451907172
1.9479721052427748	3.3687535464358036	-0.36779670901789746	-0.9727333380459842
2.0451245698576757	3.4643264018183175	-0.4565732986649283	-0.948244574480529
2.138229052556652	3.558921973901255	-0.5365230234446619	-0.9127702926934269
2.2289832316510343	3.690463524603422	-0.6104803345957371	-0.8518954565577203
2.3194739574862653	3.81261155880687	-0.6802019548986806	-0.7819091962797735
2.4119913513835045	3.9855482448149986	-0.7445206053711487	-0.6641192949564618
2.506783869257012	4.13780002151673	-0.803552016200292	-0.5426384326959636
2.6051471292282558	4.278873002274919	-0.8579886158006637	-0.4192796107213352
2.707624345061858	4.414463071427866	-0.9065305063731334	-0.292960081017304
2.813687162682767	4.5474798164392976	-0.9463051194609355	-0.1638334086737244
2.8946428392258725	4.679324712808862	-0.9677172255985054	-0.032991716827191514
2.9755985157564795	4.8106676075182815	-0.9849261910394306	0.0979219847523699
3.072144050456514	4.941816805261139	-0.9972637034590155	0.22696266134997212
3.180666763648253	5.072902051779009	-0.9979453927503364	0.35205052416303806
3.2872162824804634	5.203964139670317	-0.9875293296294647	0.471085028982673
3.3898876174372234	5.334996010006163	-0.9673762559776069	0.5820245640359019
3.505433299666889	5.465959166405403	-0.9328290783260649	0.6829464940138836
3.6539477769761377	5.5967890916353635	-0.8698021010480553	0.7720982318206133
3.7951523308799993	5.727448665201804	-0.7923445915986671	0.8479729618363911
3.9275237845820343	5.857912226171186	-0.7053597685140075	0.9093182312074101
4.050829218966923	5.9881623749794155	-0.6131155337904695	0.955150600980986
4.163887017248873	6.118212670878803	-0.520345607312635	0.9847708226310841
4.346038890512423	6.24812251809181	-0.35790434327984727	0.997755058145968
4.50861489330598	0.09480106034589936	-0.20217387300694636	0.993930235622605
4.663693032440831	0.22469733343108628	-0.04860466427052425	0.9733617515753952
4.818527915491357	0.3546005472106924	0.10574061198941895	0.9363900639614773
4.962714251663135	0.48430338082166285	0.2473222100455823	0.8837234874707007
5.11462907382799	0.6134047945514408	0.39118319390111	0.8165345208462577
5.273065439565313	0.7413345244184325	0.5312656202753275	0.7365100533099823
5.436834940684134	0.8673123055010007	0.6614012383476078	0.6458942051492762
5.604651544886748	0.9902037922044881	0.7771914062479958	0.5475890441427401
5.775364332366257	1.127023935613975	0.8735265751489805	0.4287321579698003
5.916471998256808	1.2568618665642841	0.9325758475906485	0.30836790992357066
6.057711292801043	1.3822237351573303	0.9732133840064846	0.18715903680194615
6.198350011190014	1.5048312179033214	0.9945683069823852	0.06577981491407303
0.0471227841595035	1.6266355298080324	0.9969829008703971	-0.05573935889996563
0.1789851212428087	1.7506312518402023	0.9820940499716676	-0.17855775559020756
