1.9217692419241823	1.3272743785773369	-0.34377970711466493	0.24069400368555388
2.280706260156921	1.715481561614506	-0.6508913276449012	-0.14388238932743969
2.457855084295088	2.0606146596730794	-0.7743072399885681	-0.4701970990050531
2.6130441103440645	2.2575432906249584	-0.8618611486823955	-0.6327941932002775
2.756871056729311	2.4590675348322537	-0.9249985137894605	-0.7750319227015107
2.895830064229514	2.6480107205911128	-0.9680181643896029	-0.879008124971008
3.032816874907413	2.822028215255144	-0.9922381005839396	-0.9493108097239005
3.169402736986738	2.987482015485591	-0.9979453927503363	-0.9864447783666597
3.305988546959477	3.1505583673221786	-0.9851304300131007	-0.9979453927503363
3.4418890262182917	3.3149617878597275	-0.9541948952027373	-0.9839837434118536
3.5755861476183743	3.479365183079005	-0.9065210615595212	-0.9426048817081393
3.705133892806528	3.6375632086092047	-0.8447013804392006	-0.8778367890919347
3.8625463242601064	3.7985811085643064	-0.7505324909933799	-0.7902952082727712
4.00933954752339	3.937211865099162	-0.6455312463415218	-0.6986245564821771
4.149266293067975	4.054341295302472	-0.5328398498267689	-0.610371562749256
4.285394784638427	4.236823622973961	-0.4133200954486405	-0.45770375678814484
4.419157574921655	4.388976516354275	-0.28846269408671055	-0.3173764862549299
4.551602745522199	4.527456093041928	-0.15976611604306284	-0.18358692394768142
4.683297072912663	4.659374379967761	-0.02902411717914104	-0.052918141292863756
4.814534601203836	4.787564200231179	0.10176847298908266	0.07494108755313449
4.945446951171604	4.912902025354525	0.23049936775010094	0.1987921443304698
5.076064588550564	5.035422173221228	0.3550164321271992	0.31690093434320854
5.20634958348816	5.1549075835226414	0.4731985131663561	0.4276213117705787
5.336213504342943	5.271322007192665	0.5830224351378394	0.5298366848541992
5.465530776474201	5.385193358573532	0.6826295835943262	0.6231668363373423
5.594186016857556	5.4979070249706705	0.770412000632077	0.7065805911866727
5.722094213788402	5.612014556749438	0.8450539225177698	0.7819610503436174
5.849220174579817	5.730753524151513	0.9055494745903658	0.849774642806463
5.975620083571452	5.816897030078341	0.9512011289816955	0.8915345940477117
6.101464136145633	5.8882143807531415	0.9815713886945251	0.9224568377137093
6.227008581628142	5.963257772796227	0.9964032101925152	0.9473083315123049
0.0693062646112261	6.03812852653054	0.9955625739360654	0.9694725333603998
0.19478387204709133	6.1190371740190175	0.9790760510670614	0.9849283255631094
0.3199942444870236	6.184448105902683	0.9472873250089537	0.9936782189476832
0.44437046419691195	6.26202718420032	0.9010378628152801	0.9986453229459298
0.567239006968993	0.03295911478835987	0.8417023183896247	0.9978897486998253
0.6880853329287511	0.05387984577746228	0.7710040479580627	0.996550270984667
0.8067290801969269	0.03146738965066984	0.6907119143222499	0.9979852583921069
0.9233731366023077	0.05274286515675695	0.6023641489907299	0.9966230676859292
1.0385776474771269	0.030303400057004135	0.5070948633433107	0.9980597843788999
1.1531086354372817	0.07592742182308651	0.40562132211598184	0.9951386455112665
1.267899686442228	0.09869496446310208	0.29801635980803937	0.9936809232160416
1.3839037848410551	0.09480732095369035	0.18552223139094756	0.9939298347788379
1.5019291973997626	0.07320095456388451	0.06866644691746539	0.9953132112153384
1.6237676672056913	0.0862092715721505	-0.05287493312929656	0.9944803363624777
1.7483314689784881	0.1526560457838204	-0.17628900691723987	0.9871236324923932
1.8756697341931383	0.21907181830499287	-0.29961586234371806	0.9744363807469493
2.0046092643128044	0.33513811861210363	-0.4195509681554721	0.9425186344346137
2.1341533637517105	0.45831923214821013	-0.5330401149572965	0.8949898647145473
2.263765949753919	0.5908100245759804	-0.6376559316187678	0.8288523134381367
2.3931386790833975	0.7351975002805309	-0.7314141138341151	0.7404855217038816
2.5220825651766705	0.8934268489770696	-0.8126960597086234	0.6265754249288259
2.650475903436584	1.0673391972170057	-0.8802170048566971	0.48161235982813266
2.7782726654081915	1.258368589536271	-0.9330243302230907	0.3069548665393502
2.9055250188075266	1.4664724537338703	-0.9704756496190277	0.10393517464579445
3.032392845085727	1.6882671545061434	-0.9921839139951183	-0.11703522430131158
3.1591039007643746	1.916938694726653	-0.9979453927503363	-0.3391519887920513
3.285814956377956	2.139795205280293	-0.9877084044903299	-0.5378613902520262
3.412303795178795	2.3439916631581066	-0.9616941844158682	-0.6972468118176459
3.5373970393554166	2.522600085635769	-0.9208423575556017	-0.8130053821253378
3.697902815369152	2.677169076536154	-0.8482473665237473	-0.8933068412169373
3.8693523612010092	2.8152518347221203	-0.7458008930455297	-0.9468918870612177
4.02634951041234	2.944200433993513	-0.632241431109731	-0.9802791263446421
4.188989082109606	3.0647107485761693	-0.4988944615215625	-0.9963138050038232
4.341657396979157	3.185417697940927	-0.36190809197511437	-0.9979453927503363
4.4888833153201	3.3024491605566193	-0.2216391851963142	-0.9855827266815965
4.632761644576238	3.406691193023723	-0.0794989841202878	-0.9631168715242748
4.774751055828746	3.5644217980307764	0.06219588721744014	-0.9107078038617182
4.902176103371694	3.6969312063499475	0.18834230626346588	-0.8487238255426913
5.030629581662081	3.784638186830001	0.31240631926012385	-0.7986289044022512
5.158355803107575	3.9370565507577733	0.4306764068015794	-0.6987325319494525
5.284375848591319	4.15172943570342	0.5405357498990883	-0.5307349539916943
5.4079908047525915	4.295267171567584	0.6400631849667048	-0.40429884367988156
5.528614113506471	4.390772915307714	0.7279355456854314	-0.3156555159359142
5.645799034380902	4.469212949719864	0.8034607486672517	-0.24050908435540763
5.75938057955368	4.590053613869999	0.865381003541407	-0.12183411907465845
5.869653300435413	4.7280139008304225	0.914409003030308	0.015639122323910855
5.9774580264832675	4.826990942984484	0.9517798832005538	0.1141587627148499
6.084013011803641	4.9085805884767755	0.9782377406864813	0.19458194070773743
6.19036682238619	4.986208868041118	0.9940571726676143	0.2702120778806558
0.013376159702800771	4.983462815302543	0.9991435735278257	0.2675367082026467
0.11773445633139042	4.924958823813013	0.9924618943456452	0.21053860227593918
0.21681936838641697	4.913929766904852	0.9748666610565229	0.1997934319393901
0.306090795402365	4.915233413262863	0.9516654151893937	0.20106352260009583
0.3805846794876326	4.917568785483221	0.9282078586916749	0.2033387826260392
0.493104206313466	4.921784862314382	0.8799075679539986	0.20744633815685593
0.590563847217831	4.928826580173366	0.8289865197895089	0.21430680306212957
0.6743925071223695	4.9393986877361264	0.7798740466729529	0.2246067858733638
0.7468904356540782	4.953918468454642	0.7329110207788554	0.2387528292176819
0.810180300203704	4.972583228861785	0.6881588020741093	0.2569371609820082
0.8657640211731805	4.995461158094939	0.6470395808926943	0.27922621512369655
0.917488533727036	5.022662855710186	0.6071872311014381	0.3049349196667548
0.9654924295151246	5.054372996479197	0.5678427356567648	0.3346735016485902
1.0120437315477218	5.09087892168014	0.5296888012583904	0.36890969307136534
1.058525662727893	5.1327909132426885	0.4894210810420857	0.4080261184221653
1.104522143964743	5.184584486251868	0.4486685657776286	0.45391481072861867
1.1509717702338373	5.24681224131691	0.4075145676312863	0.509048105058302
1.2129830697614987	5.32123983822936	0.3495185691240227	0.5707498616617899
1.274543284980703	5.4111828288875685	0.2917858229829264	0.6424245516426532
1.338462645413386	5.521722001984761	0.2297937214651259	0.7234709434765904
1.422407000052242	5.657988103389334	0.14776696311365767	0.8101057565207077
1.510412913522893	5.75499348328014	0.06022771726731578	0.8629893287407006
1.6063178087730026	5.834036299180598	-0.0354459865164712	0.8989659505187868
1.712982748748741	5.9311658518282595	-0.14141729644081233	0.9372028301215498
1.8328549126929867	6.042723562526298	-0.25859878377402307	0.9703503124819025
1.9685031648858504	6.147523403852711	-0.38655770972103853	0.9903699843055931
2.1229302333305085	6.248871990537857	-0.5234493100480943	0.9978030441193133
2.2171698660535593	0.06002764974918535	-0.6012505998173017	0.9961566496326417
2.338748430819869	0.1482747612888668	-0.6936016850592808	0.9879605791580088
2.4792234607871957	0.23348796307602043	-0.787079136715737	0.9716824978819945
2.6217525843498737	0.32407412297040267	-0.8661316226068791	0.9460026023608751
2.7752777562092397	0.45251259048544007	-0.9319012094415255	0.8975075464102128
2.886839814887615	0.5900656665811836	-0.9657393084353244	0.8292581085581565
3.0010042577619873	0.7393652568669462	-0.9881727799002784	0.7377857140755504
3.1151687006428808	0.9020507143454739	-0.9979453927503363	0.6198402294542151
3.22847605101162	1.0792294958460604	-0.9950357185839391	0.47107765014274694
3.341316706032998	1.2709438054493414	-0.9796880513960495	0.2951615070555731
3.4736661553160384	1.4756589038091543	-0.9447420738866351	0.09479743742017471
3.6156472084051354	1.6897202930026984	-0.8885839885826868	-0.11846875356643544
3.7607018858812427	1.9095003005098312	-0.8129356517520505	-0.3320259238142338
3.909910402045003	2.0737702269983393	-0.7176046983300752	-0.4814392814400078
4.062279446236555	2.237383423514778	-0.6041695175193658	-0.6170433705358842
4.285150063955	2.3905347436734234	-0.41354371785263055	-0.7296038422253728
4.493998146365878	2.5316723404246892	-0.21659337572414813	-0.8184278764963748
4.694617512779895	2.66279588364328	-0.017717243668346355	-0.886258494351614
4.888030255065519	2.787033958543622	0.17456057035707354	-0.9363099024191462
5.072019224486332	2.8587937876202907	0.3512225861223237	-0.9586301778871724
5.244227039510711	2.9305536167296284	0.5067576368912625	-0.9768199196423523
5.40452492091942	3.0000253453834005	0.6374992248460154	-0.988047685107795
5.553144281879265	3.0615459377375553	0.7438258056667804	-0.9959093751858273
5.691667836857095	3.10647253585852	0.8284666414447951	-0.9979453927503362
5.822264253933908	3.1396856942979023	0.8938617500946127	-0.9979453927503363
5.946835665807426	3.1519599634932365	0.9421371351485814	-0.9979453927503363
6.067705459111514	3.1481451592151894	0.9751225465314912	-0.9979453927503363
6.187076689981487	3.1302791934655168	0.9938465175505289	-0.9979453927503361
0.02315674747768097	3.1465809640547806	0.9985173583457451	-0.9979453927503363
0.14201806034120706	3.146120000256205	0.9891557823003589	-0.9979453927503363
0.2579941556073592	3.1316161488889267	0.9668106805919922	-0.9979453927503363
0.3718941830721178	3.1503641545104304	0.930944429796315	-0.9979453927503363
0.5076982054925337	3.1533995921378533	0.8735798062745963	-0.9979453927503363
0.6260759954153158	3.1426822949821758	0.8096266733974556	-0.9979453927503363
0.720509422457826	3.172488834460356	0.7500002291319774	-0.9979453927503363
0.7882184761688605	3.185566193905252	0.7044055211545385	-0.9979453927503364
0.9182123749362879	3.1838607347366596	0.6065939632698896	-0.9979453927503363
1.0064195671310714	3.2108849509881714	0.5342984252824035	-0.9972836777017561
1.1138801588101288	3.2841568421881546	0.44037743931367485	-0.9879202941905976
1.1876493615403796	3.3829587305908126	0.37327716938775607	-0.9691325960351485
1.2371945507111513	3.500592352856191	0.32681242233117935	-0.9346444816002109
1.268354091111376	3.6800797780120926	0.2975902074738438	-0.8569874530460991
1.285011516943576	3.8278241151891126	0.2818690244462819	-0.7728166384459111
1.2910223998038461	4.013909051666146	0.276012860973333	-0.6419611112298467
1.2824569157623202	4.145076936360215	0.28435787050656774	-0.5364198940186535
1.2720226928586975	4.2352609643636425	0.294149698817129	-0.45913169279323246
1.2625608207341685	4.402735754696844	0.3030232847758496	-0.30419498180432003
1.2577671736929752	4.528886394285464	0.3075188897170243	-0.1821759237605605
1.2445354516810838	4.634211137853327	0.31992793743074593	-0.0780512279084265
1.2244253456887784	4.728809067192585	0.33878770976893813	0.01643333576282797
1.2144255683887188	4.818310528162082	0.34816575697485064	0.1055243773966425
1.216068584734969	4.9072127350955865	0.3466248941743233	0.19324929570475224
1.2276029636094983	5.000546779718937	0.3358076583169236	0.2841809334710713
1.2483321482791176	5.1035789437101355	0.3163672981430413	0.38082009892737534
1.278184691692693	5.224124960124327	0.2883708185267005	0.4889473549955117
1.3175254510081758	5.2590409080451215	0.2501919950552245	0.5197709674466134
1.3671850586118446	5.337359431424825	0.20181061965831384	0.5839616489685677
1.4285166373006135	5.371322682378778	0.14168972334617858	0.6117982849437601
1.503546396356206	5.443770538399376	0.06705782345743223	0.6665319919478385
1.548514226500177	5.542852375379542	0.022288324243086126	0.737158869366183
1.6153078036622894	5.663802377703951	-0.04442520784249835	0.813275473457748
1.6974203416049243	5.806120453681408	-0.12606489463649537	0.8868620155225966
1.791322912568709	5.898683778306011	-0.21870030679168995	0.9269744726641905
1.8949656871792293	6.002874387646709	-0.31810160144004557	0.9597833016728061
2.0069535971084234	6.1108208498029795	-0.42169318730984673	0.9833587801103659
2.1261778768051753	6.2208494593325865	-0.5262246065840172	0.9960088641697051
2.2512218651719342	0.04644252722531943	-0.6278552890521205	0.9970264552282442
2.3809568125000977	0.15402994485317406	-0.7229452066819771	0.9868611797239613
2.5145288269264894	0.26305028528447777	-0.8081811839588905	0.9652185438814799
2.650908354307748	0.3766088971658867	-0.8804290707327271	0.9294598022516084
2.7894628535028145	0.4988506548186848	-0.9372207622227967	0.8774159852015386
2.929595714783356	0.631380483191527	-0.9765771098524497	0.8067348723167415
3.070624221761423	0.7735161237151501	-0.9970694852027326	0.7152818941624418
3.211900408251249	0.924463389535105	-0.9971539128541771	0.6014705662753322
3.353176594761968	1.0812676415973066	-0.9766817968396677	0.46927186927418113
3.4950698086652485	1.237620492558171	-0.9367154906812645	0.3264129631603935
3.639343440645347	1.4849951549836995	-0.8769637963626914	0.0855106934433138
3.78868790937486	1.700104993125943	-0.7962083818072971	-0.12871331839731615
3.945891855679533	1.8961270853584609	-0.692590174657033	-0.3192142339046717
4.11252804792965	2.0731566931784675	-0.5642347751822198	-0.48091498180605974
4.287739197259053	2.2298019565175613	-0.41117780335126974	-0.6111200010237506
4.470011831463981	2.3670396182765847	-0.23974374669619997	-0.7132698892836744
4.650844886398459	2.487207944750888	-0.06143741316130018	-0.7918514695432533
4.8612241154180245	2.592949305162093	0.14821040742346728	-0.8520070294084621
5.097099345193942	2.6872928282086574	0.37474336552253606	-0.8982713410255762
5.306766700724281	2.764168343230639	0.5588875266723032	-0.92773506891492
5.500133682795204	2.8401067769850306	0.708227807925412	-0.9538933787357451
5.6833621598582225	2.9160452107544392	0.8239387083559266	-0.9731423167098551
5.812992308975086	2.9892399934403455	0.8898415595160005	-0.9866694296145662
5.940394562275695	3.0531309498140216	0.9401088807239593	-0.9948340274927433
6.065582292801802	3.098834508562226	0.9747169629713486	-0.9979453927503362
6.189605094834408	3.131884814236101	0.9940084020447729	-0.9979453927503363
0.03029324560904003	3.142498576117812	0.9980604345309794	-0.9979453927503363
0.1539598589539776	3.1346384183995317	0.9868745680715354	-0.9979453927503361
0.2758341485997907	3.1089252757047197	0.9611930027292046	-0.9979453927503361
0.39286037044937927	3.1494127913463386	0.9233719463874894	-0.9979453927503363
0.5008805041023255	3.179275917682463	0.8765358698641054	-0.9979453927503363
0.6648113908344858	3.191089683157837	0.7860805441748153	-0.9979453927503364
0.8109484331140554	3.1899946178744285	0.6875905596735186	-0.9979453927503363
0.9401172133798984	3.2268052684613755	0.5886405284035723	-0.9952492271685475
1.055274964873873	3.254462560462314	0.4923011733959754	-0.9917149137006709
1.1588971716003043	3.278144460872741	0.4002417093410393	-0.9886886138169859
1.2519990699862893	3.371665089980424	0.3129283650709982	-0.9719953175428291
1.3349991273212707	3.4672106364424584	0.23316808902650482	-0.947162957766935
1.408379368996349	3.564680699742545	0.16167664576879154	-0.9106107131409138
1.4734377559427854	3.665383201980581	0.09700680723939704	-0.8641943809969546
1.4856736214255681	3.7668518513917837	0.08483582469516954	-0.8092598121577186
1.4978374563307986	3.8648787461702367	0.07273649077304185	-0.7489109772079978
1.5043152660703845	4.015183115265983	0.06629303081704074	-0.6409656904904879
1.5034457678985254	4.150531563630778	0.06715791831411448	-0.5317586039827153
1.495813557047117	4.277120952554482	0.07474965795664851	-0.42088060972520935
1.4833573323834974	4.398584980971861	0.08713983118642238	-0.30817146952603297
1.46879419311158	4.516926795499908	0.10162574672031481	-0.1939741349419984
1.455211267913607	4.633753177363494	0.115136645946585	-0.07850863958078262
1.4456430487748824	4.751142759595374	0.12465412783461549	0.03871277833890264
1.4427820351610974	4.872390595671724	0.12749997039484728	0.15931767535146724
1.448796026702495	5.002689460049612	0.12151786915530044	0.28620335777826006
1.4652919046469526	5.040151606692922	0.10510946365295105	0.32133631815465685
1.4934324961899597	5.107683752601672	0.07711809279846518	0.38466969381343863
1.527183606372005	5.189240523149663	0.04354595411714406	0.4580400222588704
1.574248481542237	5.278169995383592	-0.003415091001170746	0.5354493676533723
1.6337593697485273	5.373946463295034	-0.06285466166761494	0.6139487632458371
1.70506256962961	5.475379406423843	-0.133603995382989	0.6899153137716141
1.7875186135192598	5.583074578483891	-0.21494734447350963	0.763214184382267
1.8811636326678274	5.697440619562118	-0.30487907862010616	0.8316137387649132
1.984525816684946	5.817717568380718	-0.401198989172506	0.8918903684151457
2.096837909523834	5.942672784109013	-0.5011519315212618	0.9408262754205255
2.216462291137467	6.070776962287776	-0.6006977743961699	0.9757092886946083
2.3420663647066133	6.200344491054149	-0.695908332717226	0.9946960062168303
2.4725125657985627	0.04696170875634822	-0.7830680290972732	0.9969932139379998
2.606816927758941	0.17686688312063029	-0.8588074539897282	0.9824986921115193
2.743904951217348	0.30812153775033024	-0.9201360950685358	0.9510259498971132
2.8828640190956056	0.44292573258425605	-0.964731520378614	0.9016642790034279
3.0228735111187843	0.5834432034204465	-0.9909674423953884	0.8328684187206372
3.163205423017028	0.731092713491967	-0.9979453927503363	0.7431445384805715
3.3035373349688184	0.8862826915396934	-0.9854436693407584	0.6318604649495118
3.444411656076155	1.0478879251747975	-0.9535554568675578	0.4988460316112285
3.5875689618896898	1.2126728244057672	-0.9020273868482941	0.34980952516275843
3.7358721453013635	1.3741457383809808	-0.827776408726065	0.19502910693239817
3.892779979024268	1.6377683985153118	-0.7295138717763139	-0.06685888603511318
4.061466786569105	1.8699242385060293	-0.6048044452318622	-0.2941116131196693
4.243853531941734	2.094846237376294	-0.45127992239380604	-0.4994499341022477
4.439406521647409	2.325284235169465	-0.26906397631322043	-0.6842412950023241
4.643896578991149	2.4635421440162864	-0.06837739375304194	-0.7777064004005542
4.8512771296858075	2.554888916034275	0.13831616742182262	-0.8323044434013833
5.1067633435654605	2.6647482586385776	0.38380651065132043	-0.8872159027911031
5.342996684892824	2.785594331870281	0.588582000916069	-0.9357700280766819
5.565875843378904	2.870667533684645	0.7520731123759411	-0.9616399450125666
5.78111039199717	2.9557407354181597	0.8760179892907739	-0.982388573817561
5.95931163979166	3.0341165217434805	0.9460657242964403	-0.9924041818950108
6.10458290259115	3.097148793498092	0.9821671594508902	-0.9979453927503361
6.233086986262733	3.134836736895191	0.9967923881593841	-0.9979453927503363
0.07836699403289293	3.1358751681510055	0.9949824486455234	-0.9979453927503362
0.20684447455358657	3.1779896486684285	0.976772142004604	-0.9979453927503364
0.33520205178873275	3.1850659966015327	0.9424985023644272	-0.9979453927503363
0.46309330157184425	3.257301572339787	0.8929198924483429	-0.991352117592011
0.5900232518257541	3.312497179534591	0.8292812314383975	-0.9842986946513412
0.7154396081671154	3.348983090720547	0.7532843756536091	-0.9777447697662967
0.83877413221598	3.366615027979143	0.6670059162573669	-0.9732754115005638
0.9594345637765814	3.376181844147289	0.5728078258237528	-0.9708504069028981
1.0767859711744792	3.385191333828927	0.4732425934992816	-0.9685666738911423
1.1901913192775297	3.3994610079323335	0.37089325633258363	-0.9649495849140203
1.29914283787773	3.42361887724737	0.2681014419791378	-0.9588260279093573
1.4035025144093596	3.461322898642069	0.16642797071707513	-0.949268780897852
1.5038409446613188	3.514782958010847	0.06676483704915526	-0.9293228633161712
1.601930539915442	3.584866003943314	-0.031063975339160322	-0.9030410230020494
1.7013924307540607	3.671021273693671	-0.12998338282772212	-0.8614295753353589
1.72442384580784	3.7712476981712646	-0.1527040027652427	-0.806632410814583
1.767812876057468	3.8818384876793273	-0.19550752410587396	-0.7371204625785194
1.7392941706915281	4.000196112712191	-0.16737366154395028	-0.6526749749914939
1.7367984600787012	4.123657172945662	-0.16491162904722045	-0.5547243032521196
1.742834216899793	4.25041464963699	-0.1708659369543597	-0.4452844630344739
1.7487417523230762	4.379835817500292	-0.1766937537344594	-0.3261333781428108
1.7553167964247423	4.512495122776655	-0.1831800715641525	-0.19834600490297996
1.764775549311159	4.650308447884316	-0.19251118426015398	-0.06197320881030907
1.7801019909019744	4.79690238396515	-0.2076308047249149	0.08422975384166737
1.8046054956879005	4.958235268569854	-0.23153552585896678	0.2429585154275756
1.8416258971263333	5.046778898978864	-0.26700148510573074	0.3275515625586063
1.8943831434203546	5.172900267193824	-0.31754351799392017	0.44356268589836667
1.966031936701063	5.3272533007470555	-0.3842995353005062	0.5756785584842027
2.0598727078475307	5.403983071807779	-0.4695630588626147	0.6370983806225642
2.0967073860455785	5.517178981794355	-0.5010403917663951	0.7205280459461296
2.1669692173902235	5.654502399324325	-0.5610831331139193	0.8082054858051356
2.2586811240702347	5.732396660979247	-0.6336831778706731	0.8506704173005641
2.3649723420177637	5.824049566769971	-0.7118327063549289	0.8946358377186538
2.4816557903854304	5.9229674527251985	-0.7885329421766509	0.9346212167111017
2.6056604082786152	6.024750295904165	-0.8582403183146841	0.9666718585011871
2.7344908652901396	6.127219625530258	-0.9166057190731668	0.9864914003912296
2.8662635089744612	6.229035528128089	-0.9605236091299991	0.996532988146637
2.999503089531997	0.04502437223799183	-0.9879809462568174	0.9971172544934876
3.1331520351210203	0.1711811038987735	-0.9979453927503363	0.983584833394205
3.2668009806717664	0.29470929049800765	-0.9901381922806163	0.9552493643632269
3.400882251785815	0.4106238300406654	-0.9645893268283081	0.9156699493189566
3.5367274523503185	0.5909597045310863	-0.9210934593521953	0.8287707137297016
3.676418651638008	0.7488718846537937	-0.8587828014279557	0.7316274690613636
3.8224856530462206	0.8753165392009296	-0.7760074417901006	0.6399729057084588
3.97765160616911	1.0667400020089404	-0.6702889068034258	0.482143242000126
4.144622864624892	1.3228272467523383	-0.5368079242085226	0.24502666688301555
4.3254491106015385	1.5039735499333688	-0.37671900175832007	0.0666329349410727
4.520368039318519	1.6580460855978942	-0.19057932864232405	-0.0871122724426413
4.72563755920359	1.7941230679127558	0.013265628492561929	-0.22146267572080472
4.980501643127389	1.9144336491988754	0.26465175623596154	-0.33675212711720703
5.220567934350242	2.0194463204666833	0.48579585854933643	-0.4331088665676636
5.440998999355563	2.1087193499337276	0.6644816879205484	-0.5113052998538912
5.638387616619858	2.182858962534303	0.7990451066564734	-0.5744436296208559
5.815513456584063	2.245242999037521	0.8909346951968002	-0.6231840251145851
5.9792095633259725	2.302244358774088	0.952331428806614	-0.6677189570133458
6.136426430309981	2.356911929383584	0.9882501550601489	-0.7062290588564109
6.282791372892951	2.4173665089438843	0.9999747778316894	-0.7482574473399628
0.14627369764764916	2.4874300602231814	0.9883428377271866	-0.7919842281491627
0.292032747486472	2.57214532217901	0.9560921873638347	-0.8418051425112403
0.4336644902532484	2.674521826358314	0.9056798290666254	-0.8920086788926875
0.5670553437634552	2.797659786803371	0.8418024444486654	-0.9402946938592487
0.6870013812310972	2.8907537997005606	0.7717062149396006	-0.9667314285931456
0.7905916270353458	2.9814429632025594	0.7026499331213181	-0.985673050468773
0.9592778118383961	3.0608108848244044	0.5729363013530119	-0.995815443089711
1.0992270285388044	3.1204461086260182	0.45335999578314273	-0.9979453927503362
1.2171800684750933	3.206921855009226	0.34558251626222447	-0.9977901200350257
1.3164984403879159	3.280611037854888	0.25119257054812744	-0.9883734110036642
1.4514327468642476	3.345301902476811	0.11889513068961045	-0.978677880454224
1.562645298308267	3.412798468048996	0.008174187038177398	-0.9615687943212438
1.6576529651171852	3.489580808224551	-0.08671962307547791	-0.9387739205218506
1.7400634759093292	3.5784857816029843	-0.1681325854497891	-0.90543366993236
1.8119593023961882	3.6782589465108857	-0.2385805550561367	-0.8578803549990242
1.8752745015847039	3.788440795043569	-0.299237225077803	-0.7963560822524023
1.932577880895684	3.9059859847070713	-0.3537296779527237	-0.7203329769427098
1.984389820237743	4.028877038536996	-0.401074717484344	-0.6302666836050399
2.03452227745923	4.15486163384601	-0.4468850692895279	-0.5280583120749438
2.08433843812888	4.282299978612179	-0.4904704204705939	-0.4161480867478675
2.1387238808201645	4.410242418770898	-0.536945882411884	-0.2970035135385775
2.1995371280201526	4.538242607647006	-0.587474212883102	-0.17294596688011832
2.237996839672738	4.666167420095049	-0.6175226300999824	-0.046133241909640306
2.292158531010847	4.794069954479418	-0.6598389405601519	0.08141234383686567
2.359840642406381	4.922098637631499	-0.7082651178212438	0.2077520369358084
2.438863019515472	5.050440208824461	-0.7629556667845603	0.33098523268316793
2.5269916617373895	5.1792574854479545	-0.8156302308806992	0.4491951305327052
2.6226829472367386	5.308645721650357	-0.8665878552885193	0.5604275918910262
2.723233906362067	5.438612147781625	-0.9123842473458206	0.6627159645021781
2.8265615633470476	5.569088683049514	-0.9504599266058877	0.7541543397392642
2.9310677591949372	5.699953043681147	-0.9769502449062974	0.8329834149879793
3.0355739550564977	5.831056778235449	-0.992590426672213	0.8976740703269108
3.138943238188388	5.96224476305435	-0.9979453927503363	0.9469893424631418
3.239352810676982	6.093381721272997	-0.9936457821371298	0.9800274236346054
3.363650626921276	6.224397238451927	-0.9740268303705728	0.9962360154614616
3.485478317042747	0.0721552984911312	-0.9403123955794866	0.9953801607405679
3.601635546396827	0.203176942823687	-0.8954550474163295	0.9774727421267635
3.7077484641729286	0.33436346944247075	-0.8434192431971915	0.942762565555748
3.871260906655634	0.46550700175099846	-0.7444740607296174	0.8918733445273916
4.080663901440536	0.595887620430004	-0.58980581699908	0.8260842050368041
4.262887788218562	0.724156864346304	-0.43388668007697473	0.7476374732391537
4.431399410405623	0.8482379720430145	-0.2767348785712025	0.660004842628507
4.5949173841989275	0.9650043363791866	-0.11703598240572505	0.5682427818998501
4.836894117304572	1.0698897167678025	0.12400942362247766	0.4793526198625704
5.0681503802192704	1.2701776544340773	0.3475942849031946	0.29588002309572153
5.301107934017827	1.4403431384056289	0.5542495422493847	0.12992593444943326
5.478872114377053	1.6025139651644464	0.69249911759664	-0.03164670141437159
5.657420612550984	1.770654439540577	0.8097963825172471	-0.1983107423960789
5.829539637949599	1.884044867179176	0.8970162587123367	-0.3076393335549373
5.9937128085929015	2.033245363674331	0.9568983902347474	-0.44571824298670615
6.153476984806593	2.220718869515187	0.9915072831350948	-0.6040234218728195
0.006983917558164582	2.4452762246389086	0.9995528453600144	-0.7667888449184692
0.143809176041442	2.6430966717472786	0.9888136296018135	-0.876598366678426
0.2798889187037244	2.8028035921273813	0.9599161865185017	-0.9422236720926269
0.41875837440598757	2.930721651808169	0.9121429203337754	-0.9768625133151968
0.5507114456417225	3.0485435577837863	0.8507125040520583	-0.9942478066351721
0.6707296613695545	3.166395279586516	0.7822467809485303	-0.9979453927503363
0.7758049575400517	3.2605018079098884	0.7135886814258328	-0.9909431608627909
0.8613254559029199	3.2984411331327466	0.6503231024686646	-0.9860949107849184
0.9980334234141407	3.339982926789267	0.5411717964505625	-0.9800261388790189
1.1981191470734824	3.34128288340782	0.3634583364258826	-0.979696624783488
1.3560505833187886	3.3200395847707385	0.21265849492346534	-0.9833348539251634
1.4902935850979855	3.2765204749725982	0.08024035923413796	-0.9888961422777738
1.61089354795058	3.3156526859788458	-0.04001624215194463	-0.9838954538379052
1.7224179275081166	3.3562115590189507	-0.1507251531284613	-0.9759124915506793
1.8274458751235425	3.403376434769355	-0.2534168651953939	-0.9639570992307251
1.9280190969102744	3.5112559125746032	-0.3495639236739579	-0.9306455404872708
2.026462539770078	3.624706849714434	-0.4395201915344572	-0.8841413087342165
2.1258249241115035	3.744176536290793	-0.5259229883812394	-0.8228128671983218
2.2299870230404064	3.8685191426486782	-0.6112645927498032	-0.7463801516106171
2.3435699955130342	3.9960223529917998	-0.6969536659265168	-0.6559359165860185
2.4712369116660025	4.125229065368705	-0.7823055695418333	-0.5533810315443276
2.617300437042358	4.255200601285585	-0.8639483722495809	-0.4409111260608617
2.7304213527151884	4.385450469981654	-0.9150796113215969	-0.320754478175454
2.8182454770805148	4.515786005745872	-0.9480145327649551	-0.19509953042332523
2.9143161085132316	4.646169473793554	-0.9727040224214454	-0.06610722277598244
3.010386739978882	4.776624874150057	-0.9893717632736381	0.06405976927072196
3.099604573489229	4.907183843110948	-0.9979453927503361	0.19322114739625343
3.1781913422231067	5.037870279527487	-0.9979453927503364	0.3191968311233352
3.2458852479296194	5.1686909872206765	-0.9928110047858524	0.43983329743765487
3.3039531608090495	5.2996321728473585	-0.985390531135204	0.5530399929472776
3.3608362808097407	5.430665523083027	-0.9747402131867515	0.6568372825260866
3.4709337187487943	5.561751022187641	-0.9457667648168491	0.7494011176260627
3.5860624241165606	5.692837300878919	-0.9025923535196733	0.8291041878893985
3.7083496384047745	5.8238624781428125	-0.8431244385185006	0.894554718607226
