6.125852015396565	0.8455899043578348	0.986230148983663	0.6619638061334882
6.220768245941801	1.1119057345799674	0.9960036643740008	0.4421267634231396
0.006481977347057133	1.2917228017058062	0.9995849827517467	0.2753304873303939
0.09523520980877387	1.46197411340206	0.9939024386239785	0.10840966169646482
0.16451517242310792	1.5957568050128117	0.9848582108998674	-0.024897639008424826
0.22438077888472385	1.7137428531959795	0.9734222222598186	-0.14216714373496245
0.28630319919271247	1.825265008777685	0.9578963784656631	-0.25132757080798823
0.3550498269432471	1.9368146840178266	0.93624858919695	-0.35760121053484234
0.43214410935610603	2.0548394773061687	0.9063390457666531	-0.46526187636062316
0.5140553978095265	2.1868293133318817	0.8706959601759919	-0.5775456486463939
0.5989337633676259	2.238752595827535	0.8244235660061083	-0.6181130993281116
0.7236933148349523	2.324916608974451	0.7479377533732996	-0.6839857190533528
0.8399099543963874	2.4361834430529834	0.6661656680220145	-0.7613390934709692
1.0019838598148485	2.569619621818122	0.5379339774273263	-0.8405665859598817
1.146803856993545	2.6599159781078034	0.4112073054968487	-0.8848462421606991
1.2815864390370009	2.765592437934343	0.2851805727621957	-0.9282691186140583
1.4101017429367408	2.882216550565658	0.15999860552229966	-0.9645673995118207
1.5360452388863637	2.9852010670937155	0.034731312047289506	-0.986153296951174
1.6589158160751019	3.0881893453023097	-0.08798096063935483	-0.9979453927503361
1.780239029638529	3.189258852529172	-0.20776599420600875	-0.9979453927503364
1.901952013786483	3.288431129782783	-0.3247945805842482	-0.9873740848143955
1.9779150253235813	3.3857137761001685	-0.39515813869839467	-0.9684342447854181
2.061233198599155	3.4923104909185296	-0.47072567578765295	-0.937750262321542
2.148201506041498	3.59671899717504	-0.5450450535957655	-0.8978660318478243
2.2367004511283635	3.7569501559963023	-0.616509766971719	-0.8151780638817876
2.3277923424064273	3.9070998646066117	-0.6859849462869768	-0.7195586009155768
2.4234539009476275	4.048691393726192	-0.7524894389913115	-0.6147858080075657
2.5244028480385317	4.1853372743897275	-0.8140828947403094	-0.502015139451234
2.6318576063443793	4.319231642319345	-0.871086937729263	-0.3824004389974026
2.745959989926945	4.451708158040888	-0.920906755054647	-0.25727887085656526
2.848335966500937	4.583570927776132	-0.9559793206061012	-0.12822932521240876
2.9536241676670216	4.715317830863081	-0.9821180985335647	0.002958267260985789
3.0589123688363338	4.847294297474085	-0.9955728325468788	0.13435445491414022
3.162230658760003	4.9798126391269	-0.9979453927503363	0.2639804871139079
3.262978603204978	5.113235268726213	-0.9906266522556464	0.3898760477869436
3.361518399590456	5.248033316778648	-0.9745673091452903	0.5101299681716411
3.462054977467509	5.384831025761095	-0.9490832129422917	0.6228698645717314
3.564626163343305	5.524420695609136	-0.9106311648338598	0.7252191150606419
3.6701636636706922	5.667718622639318	-0.861850131363667	0.8154104583637785
3.776491962747351	5.815622849527907	-0.8034979094358532	0.8909821265053512
3.8799186833569377	5.9361238409934485	-0.738455122127236	0.93876406313263
4.0483442336444	6.059622592662799	-0.6150570427758593	0.9735784952080355
4.204248540958496	6.184110656970405	-0.485854383811761	0.9936566133295512
4.353794520646249	0.025514428660634112	-0.3508173548377728	0.9983664046622596
4.5021446872846616	0.15018485732677408	-0.20855676748323299	0.9875956979201497
4.653373756675562	0.2754175887663013	-0.0589115734692238	0.961324174246823
4.811108359898614	0.4017084110572744	0.09836039996173139	0.9195355550317371
4.978991631146442	0.5291871228677614	0.26318061177813434	0.8624467303308947
5.104879752996465	0.6575689957630162	0.38204003118456786	0.790772054596771
5.248227937675404	0.7863384718800315	0.5103024007328405	0.7057962936833662
5.400573656243749	0.9149172958517322	0.6345761940860836	0.609294644577183
5.556462716045148	1.0427296328196005	0.7459754354950596	0.5034162374680904
5.712041837214917	1.1692193800592292	0.8395737565403274	0.39056127793818285
5.865157445044796	1.293910958299844	0.9124596606254046	0.27319865361861195
6.014832603565225	1.4165986243086957	0.9635488527507902	0.15354453887112987
6.162179784171485	1.5377020536963995	0.9922524599372329	0.033083282804050644
0.025669768885377062	1.6587441344169418	0.998356458797107	-0.0878094847236037
0.17253114735954675	1.782843676621457	0.9833269377076246	-0.2103354930419391
0.318865912504785	1.8578378397321271	0.9476426281529173	-0.2825327077134643
0.4629907408737812	1.9486689855065842	0.8929643613870522	-0.3684335086447371
0.6031475764932306	2.0500763665207233	0.8221263584594721	-0.4610981825380595
0.7391481591718001	2.1610112352945037	0.7379263465720256	-0.5559916976776331
0.8712095381828753	2.2839880613613643	0.6430111456878659	-0.6534553856572122
0.9995166098765356	2.356386063467514	0.5399561613014715	-0.7058634736985685
1.1238851899615587	2.4501875614819375	0.43151306156659264	-0.7697243551091791
1.2570604745341034	2.5571319694115515	0.30818165028392597	-0.8336451183047238
1.3840527436717671	2.672307842967555	0.1853771067422617	-0.8909229825544805
1.5059415217934438	2.7926606074069347	0.06467539861557076	-0.9384199517893137
1.629235288699858	2.915801594418587	-0.058336002254215744	-0.9730805646364248
1.7471687237446145	3.028902289914496	-0.17514195223209272	-0.9917378574487423
1.8607618210239136	3.142002985416766	-0.28533391454276524	-0.9979453927503362
1.9709010233529776	3.254764879543099	-0.38874883989989306	-0.9916762804751629
2.078825813001202	3.366184083234399	-0.4857595679586026	-0.973384647736421
2.186348401655646	3.4733153810417945	-0.5771699142981351	-0.9448736177335002
2.2957466529686097	3.570750436294412	-0.6626423257385391	-0.9083345014739912
2.409783523560941	3.7000050432780642	-0.7429857101472236	-0.84721647299839
2.531033630036523	3.889153922078529	-0.8180461187564153	-0.7320347284440373
2.6243509288737417	4.048139974468766	-0.8674058025066644	-0.6152166296439374
2.7273649645439604	4.183469083176748	-0.9139334353130426	-0.5036116153705484
2.8370152376194357	4.301655468202661	-0.9531097327407071	-0.398461305834972
2.93941446295695	4.403146911573444	-0.9790659743864591	-0.3038010889111338
3.041813688300038	4.604280368844254	-0.9933877995038645	-0.10779934561590719
3.1417358583724506	4.772126609954215	-0.9979453927503362	0.059585357952294714
3.2382073037740677	4.9310590042516065	-0.9937921659723362	0.21648176481850212
3.3313521045406804	5.093456124072084	-0.9818892318817194	0.3713266594662764
3.425938017415889	5.188643032630626	-0.958238170311548	0.4575106504277505
3.521873660138913	5.303533200557489	-0.9266637793884489	0.5562373160905556
3.6206324587307193	5.426983634308664	-0.8861393144057612	0.6541135282282855
3.719496506799666	5.554209702255333	-0.8375641417277918	0.7445159683476008
3.8740605532830084	5.6831327220495655	-0.7425277295016484	0.8238136277579458
4.021038992961788	5.8127802620272	-0.6363905169227798	0.8897496188125236
4.162605480638362	5.942665148311459	-0.5214407534219767	0.9408238709660561
4.30186331126594	6.072543419133606	-0.39827138169446913	0.9760467308691061
4.4410482566866705	6.202328857727824	-0.26749117575639036	0.9948230579407629
4.5820098322134974	0.048874528881165565	-0.1297693547278317	0.9968707430773194
4.726506783344897	0.1786735921698272	0.01413381096016524	0.9821535606515092
4.8763998723564885	0.30866903734370993	0.16322955227199	0.9508535464467911
5.033743710379648	0.4388922973471198	0.315326828911719	0.9034131222517208
5.200800947695562	0.5691870687807223	0.46828246613940194	0.840640310616184
5.380045426632337	0.6992469512553607	0.6189475374349379	0.7637737259184013
5.574071186779582	0.8287112955120661	0.7573819278432511	0.6744501103653491
5.727532955028414	0.9571783349711285	0.848018913381944	0.5746570545686479
5.893361754478114	1.0841920234081885	0.9246886697021037	0.46668089033008775
6.01439963302842	1.209262029454624	0.9634125136277379	0.3530082560046262
6.137733771015384	1.3319709402340982	0.9884998933379237	0.2361183309495953
6.261306117396142	1.4521986777049931	0.9985991556817057	0.11813326133873239
0.10164430772984674	1.5704439338912244	0.9934920875782136	0.00038489729966459385
0.22494935973526914	1.688159092246417	0.9733136075721522	-0.11692862027689092
0.3474886654952551	1.8080606247007132	0.9386295413252028	-0.23484557815444274
0.4681419208289265	1.9344907964755058	0.8907308790684685	-0.3554776739725098
0.585102100940547	2.0735885657359225	0.8319640521080993	-0.4812840415326013
0.7211572626930578	2.1397019062607536	0.749580568344992	-0.5377816609197419
0.8483656656961673	2.2388010878582913	0.6599103785754376	-0.6181509859556822
0.9664248357504035	2.360302057018069	0.5670785257468345	-0.7085858960433907
1.073440914539224	2.501742828947467	0.47620628698024065	-0.8005389821377937
1.2496763737509826	2.6625632970979782	0.31510664907534014	-0.88614443822924
1.4031858881381534	2.7844470069548986	0.16673644706690882	-0.9353397698050372
1.546383944525807	2.889930256437219	0.02441605329858418	-0.9665226761550431
1.6863341189810899	3.0005351278751866	-0.11512827392992048	-0.9881128299935034
1.8253715422661592	3.1111400319933717	-0.2514296310832374	-0.9979453927503361
1.9375165251241842	3.2200498869963456	-0.3582425433115608	-0.9961124944649874
2.061072196724058	3.3280727320904933	-0.47058809050474903	-0.9823083014788617
2.195484445709979	3.4364843109121312	-0.5843078685796502	-0.9555648869780735
2.264541295765047	3.548229937682638	-0.6382617063224443	-0.9167799127775951
2.352138673968113	3.6619914421151125	-0.7029106628905182	-0.8658576370454807
2.4522349312140714	3.7744877947350264	-0.7709480697320847	-0.8046958023542397
2.5432282622362137	3.929420291601349	-0.8253348607503513	-0.7040413053909608
2.643983130724734	4.073191285248796	-0.8770330696982459	-0.5956441418169919
2.7521846880972816	4.210675392961895	-0.9232410788720513	-0.4803622723035075
2.8655708228169217	4.3444805805895035	-0.9603480264609846	-0.35932830551403544
2.965860760382936	4.476070225996252	-0.9836818074619482	-0.2339397368736786
3.0661519153257433	4.6060828084508705	-0.9964979710838682	-0.10602122884945397
3.1647917890466775	4.748089572670099	-0.9979453927503363	0.035675781501688986
3.2612883013010125	4.888343271485321	-0.9908426552100844	0.17486552977263586
3.355639100790977	5.030524972906075	-0.9760575987431255	0.31230821449013285
3.465562635406808	5.171956902917787	-0.9477809745708594	0.4427268726790651
3.576391663232289	5.285299660841026	-0.9062189851806515	0.5412929160884903
3.689322616014891	5.407972484190515	-0.8524549369413433	0.6400496319473846
3.802860266627554	5.534814152829187	-0.7877375518741572	0.7319518343319381
3.914421557247301	5.663523952987023	-0.7144685160138511	0.813123687096599
4.0204276855096195	5.793051414189736	-0.6368681289635691	0.8811954558450675
4.190257621093351	5.922886568922485	-0.49781042262544184	0.9345957470179154
4.343611001940185	6.052785500306395	-0.3601229145568669	0.9722724212343434
4.488818962580154	6.182647978028725	-0.2217026695346778	0.9935629633587241
4.631032361961025	0.02929430568149198	-0.08122619437218163	0.9981243929926809
4.773495511888576	0.1591680118389604	0.06094700103110289	0.9858796666456809
4.911837241886171	0.28916364863157823	0.19775476825794847	0.9569956447323508
5.054168129587455	0.4192840434659814	0.3344813722317011	0.9119149973023251
5.199935810039178	0.5494130622965009	0.46751596108076265	0.8514203323135789
5.3484124689333425	0.6793347678676326	0.5930208342026876	0.7766725273460434
5.498391482566972	0.8087661142720456	0.7069389788352124	0.6892049757217398
5.648325385626271	0.9373654362704996	0.804838017419644	0.5908959137252853
5.79679238506371	1.064691571522718	0.8828174904806487	0.4839581350617951
5.943063273526415	1.1902854127317852	0.9409492375627597	0.37080501308182945
6.087358496263515	1.3137943177943214	0.9788768208618922	0.2538270893579437
6.217091436579522	1.4351834027727535	0.9957682517487813	0.13505830963032425
0.06353436590038013	1.555034910206117	0.9959321274522095	0.01577545489068783
0.19298012720681895	1.674880995646869	0.9794206162810818	-0.10382970361772957
0.3209814796019856	1.7975873600073513	0.9469764521934185	-0.2248120732662508
0.4451972579343561	1.9276982153042106	0.900679376175369	-0.3492707064634659
0.5624786706827819	1.9916408127780294	0.8442974691747325	-0.40770057501492024
0.7076923861237524	2.0747411709026684	0.7583029051040147	-0.4822690083713288
0.8366617634250374	2.1714669715117543	0.6685685852909711	-0.564926720481279
0.9483482210124868	2.276645794557097	0.5818943083939495	-0.6477189022887142
1.128813759366689	2.388814671238907	0.4271463884100036	-0.728408037490256
1.2827938385753364	2.507552013653089	0.2840296200454201	-0.804011136756403
1.4221050722655335	2.6317618731577204	0.14806728987246495	-0.8710399919524183
1.5531331777407325	2.760095593578227	0.017674908329746823	-0.926207747227058
1.6791799479658416	2.891004711765624	-0.10807064415659014	-0.966795029994144
1.8021048554472714	3.0230396645048385	-0.22913988449855466	-0.9909886750652407
1.9233624671851886	3.1552694381944404	-0.34530603476056404	-0.9979453927503363
2.0446833217976446	3.28749921179089	-0.45617009223971605	-0.9874931742143841
2.1684244118791822	3.420029008747071	-0.5623266797826975	-0.9597359907920171
2.297609939964768	3.5529863467277947	-0.6640981043351419	-0.9149962120075984
2.362127252607542	3.685970292444124	-0.7098547830301298	-0.8540988541633321
2.4400920316840446	3.8181632145628788	-0.7636902483986217	-0.7785909669324609
2.526334633924619	3.9486327039059956	-0.8152375248005398	-0.6906847204321579
2.618848556431792	4.076377139115663	-0.8647075412475196	-0.5931550470716027
2.7154381444979157	4.200165467215718	-0.9094607589940445	-0.48934360314961145
2.8149288382412037	4.351397314266122	-0.9467707601635418	-0.3530078891484708
2.916003069806247	4.494045087479029	-0.9731316347869122	-0.21654706805313173
3.017077301392038	4.633971446962103	-0.9902267472434849	-0.07829063155532921
3.116513433839798	4.791017394780062	-0.9979453927503362	0.07837597089958984
3.2125623983411407	4.952083736461893	-0.9970693174248696	0.236965323001315
3.314054483224967	5.045862999982268	-0.984099687481504	0.3266926090271244
3.4125382224090677	5.160868232238346	-0.9616347616046383	0.43290239895900895
3.54562753608453	5.284637536127554	-0.9177558392991191	0.5407502317428698
3.674021701217277	5.412169715335355	-0.8599582213997192	0.6431546215519663
3.7951616728173496	5.5413362424471435	-0.7923390079148007	0.7361767421302033
3.964679705819317	5.671190011948499	-0.6795287478769825	0.817302925229456
4.118859294892874	5.80128288965956	-0.558824363632377	0.884764512852937
4.263446515870387	5.931386577959954	-0.4333761224121002	0.9372723350986139
4.402757743914704	6.061397308872158	-0.30417391588730713	0.9739175151496868
4.539989897894141	6.191302147127479	-0.17122225526565676	0.9941170580821366
4.677016102321846	0.03797460923800502	-0.035297560687370465	0.9975686249757403
4.815013553854004	0.16788422341730228	0.10224488590428729	0.9842146288637939
4.9547151892483745	0.2979264533198166	0.23952904251593699	0.9542363043035775
5.096441377562782	0.4280839045720829	0.3741263066301406	0.9080994959302873
5.240003164547772	0.5582094787667796	0.5030153173860821	0.8466248670908587
5.384619544418338	0.6880542071467123	0.6226965322496327	0.7710242107535723
5.528997935854622	0.8172482827470152	0.7281841798083644	0.6829301140259596
5.671441569614379	0.9453413504011959	0.8174400647160087	0.5843587710198769
5.810658412664657	1.071815738093636	0.8888296134787544	0.47764618034002243
5.946210055725714	1.1960945604371487	0.9419401353006406	0.36535704561492466
6.078821697674079	1.3176227598412664	0.9772460559292131	0.2500971909395583
6.210075878334577	1.436034348477178	0.9953190712716078	0.13421187622279704
0.05805939387797112	1.5513751099820317	0.9962826698409507	0.019430869229161665
0.18884865920418906	1.6643133887892452	0.9802098410787141	-0.09337206493034542
0.3171137325326282	1.776339454599678	0.9481943762755416	-0.20391904159069218
0.4391029088238082	1.889937592514161	0.9033218039492403	-0.31328463043078325
0.5983800934797426	2.008554700975938	0.8247254053632127	-0.42315625406365515
0.7422213109074772	2.096723258062471	0.7359356068714289	-0.5010539553098823
0.8681307954036005	2.1993103458570245	0.6452887101094922	-0.5872970288959578
1.042574826319334	2.3123012044524627	0.5035533947917706	-0.6752154137103403
1.194427166831594	2.4346788678493168	0.366920770033431	-0.7602931037110148
1.3327176752504917	2.5660524008077976	0.23539081680090357	-0.8388172870244655
1.4627885736624249	2.6672635392788875	0.10759952026218579	-0.8884493497049982
1.587209294070603	2.77546340876994	-0.01636037135900814	-0.9319708310010527
1.7069577017645186	2.886472092321717	-0.13547355384772491	-0.9656460978104628
1.8223073324328523	2.9982217488715817	-0.24849408374044785	-0.9878172042840715
1.9333640302069268	3.109971405434581	-0.3544480504107169	-0.9979453927503361
2.040414242351935	3.2210245124882233	-0.45226906599581584	-0.9959879474919155
2.1441192394196227	3.3290353428021993	-0.5415565239887505	-0.9821852898693885
2.2456670128095793	3.4288107700419976	-0.6235153053603552	-0.9575099825629985
2.346628094711714	3.5969260182367746	-0.6990796749415188	-0.8977645125638065
2.4487438279380767	3.751288768417747	-0.7688614343472508	-0.8185618800323732
2.5521804866740494	3.883873251991395	-0.8306856128788861	-0.7357058821513284
2.657948836506505	3.9910941756037692	-0.8838815924518628	-0.6597862816540672
2.766328244763069	4.069826905121473	-0.9285450535041208	-0.5982727184078719
2.8769084243527407	4.233589296176997	-0.9632218912209669	-0.46065924025402083
2.9886444851561427	4.455327180330392	-0.986593329866658	-0.25381180696623606
3.1003805459625893	4.624289837173214	-0.9979453927503361	-0.08796063895324834
3.211337845638769	4.771158946151778	-0.9972258024888436	0.058622825366045225
3.3213253361183552	4.908882289965923	-0.9831705483125941	0.194875876437571
3.431931856971448	5.042796770350324	-0.9567188468266568	0.3238170203645279
3.543989874470511	5.175101517660678	-0.9183699787169419	0.4455129762431743
3.6570123196975812	5.306701220477367	-0.8682993062101008	0.5588338583765512
3.769345943381558	5.437956060247152	-0.8077690912630721	0.6622306100139606
3.916495439859548	5.568991453634982	-0.7130267403083421	0.7540913560429736
4.057325267581521	5.699827215885345	-0.6080401972721975	0.8329148185520489
4.1947036795469925	5.83043760117751	-0.49401101215407894	0.8974056034857172
4.330420431859351	5.96078997611023	-0.3721762765782869	0.9465312411390818
4.465790322540761	6.090879892564714	-0.24378799953013375	0.9795495050703691
4.601841336359356	6.220761558722503	-0.1102054648220106	0.9960032362158628
4.739448223500257	0.0673783958847688	0.02705974216074779	0.9956860083035444
4.879436048130684	0.197255317406834	0.16618757725428018	0.9786039365637758
5.022589421837924	0.32729514830555095	0.3048660515010025	0.9449883260252052
5.169577472136754	0.45743875552158164	0.4406187159980036	0.8953716275328967
5.306080038002441	0.587469092670928	0.5583247307181848	0.8306736599849138
5.446106681097688	0.7170626321869934	0.6682602024139204	0.7522330060404906
5.586610678156862	0.845828307809312	0.7655048145267297	0.6617874421895003
5.7250836349624015	0.9732997795667716	0.84668363904204	0.5614437498349054
5.860047278988982	1.0989146138258463	0.9102439613817224	0.4536367927253502
5.991187318069783	1.2220291993104255	0.9561031325118088	0.34103487719819037
6.119575439035059	1.3420053216290087	0.9850311490868758	0.22634223330062658
6.2469312683622595	1.4583668567219576	0.9976787867926031	0.11199779023120987
0.09119998776719618	1.5709859100899934	0.9941607990992039	-0.00015642939763815464
0.218040810013863	1.680224849629552	0.9746333318813659	-0.10910144549979077
0.3598439464813824	1.7870255438525207	0.9347389574828363	-0.21446092848584497
0.536323810623936	1.8929060414032208	0.8585560848554579	-0.31612843771635746
0.7029173399136598	1.9999210714401756	0.76139610546645	-0.41526696181050426
0.8550896131597897	2.110396596504265	0.6549361976795466	-0.5127386026882113
0.9963353608860915	2.2260314299549777	0.5425635462721713	-0.6081741038651008
1.1308695072949306	2.3487202897705104	0.4253250121531079	-0.7005341815703632
1.2607829378201871	2.4799415712830126	0.3046906288969835	-0.7875083519672867
1.3869715617234193	2.620440824488148	0.18253341870913614	-0.8654883599318173
1.509546095586201	2.769802765091447	0.0610899387416648	-0.929848033236574
1.6363037481000746	2.875949363030243	-0.06539599084933906	-0.962978787551405
1.758258529718708	2.984854391296308	-0.18608210793376675	-0.9861089953998969
1.876577943564405	3.093762865712107	-0.3004859370943239	-0.9979453927503361
1.9922005092868234	3.201634957185148	-0.40821201800800366	-0.9979453927503364
2.1062833866469846	3.3076739187420885	-0.5092236303221004	-0.9849150570767532
2.2205090544387986	3.4353933563963026	-0.6038594942019451	-0.9558414230450607
2.337029133297398	3.577175541962012	-0.6924064190476933	-0.9059250228488762
2.4581819221449295	3.712674838348248	-0.7745025912482318	-0.8410034407909469
2.5862110409499466	3.8392727502700255	-0.8487027097773696	-0.7659737795616871
2.7224355767039854	4.004115599615516	-0.9120848657719667	-0.649612695720888
2.8262480670024446	4.153652135131401	-0.9503804612891459	-0.5290918976944984
2.92289499104364	4.293550608202117	-0.9748786047708319	-0.40586741573930657
3.019541915740517	4.428726949473201	-0.990541699252693	-0.27929512607893114
3.113267044818967	4.561591482557559	-0.9979453927503361	-0.14991217101596288
3.2024520770559577	4.6933230916243	-0.9979453927503364	-0.019010113596340836
3.2864447883503574	4.824462512941991	-0.9876279185330468	0.11164374014004431
3.3983417041953943	4.955214145792104	-0.9652333069653858	0.2400151559794505
3.5122269326078084	5.08559574412721	-0.9302813983025962	0.36395499388138425
3.628832678370243	5.215504381324378	-0.8821180789835428	0.4813095909821219
3.7492565120890604	5.34476817677148	-0.8197765613612381	0.5900339342020208
3.8733128673330044	5.4731661163224095	-0.7430475252855081	0.6882779860858791
4.000314372005987	5.600428297670624	-0.6525825794833879	0.7744556526563432
4.129504456313021	5.726283746898978	-0.5497274661914702	0.8473378935415478
4.260319034272995	5.850544500526808	-0.436233972200069	0.9061236845019592
4.392471490501349	5.973220255264862	-0.31402826187452276	0.9504454413332675
4.525939689781636	6.094616354812799	-0.18508286425654427	0.9802632728303344
4.6609127033942235	6.215311169015961	-0.05138166138521886	0.995654267742694
4.797715428361037	0.05269823660671444	0.08503848691935165	0.9966259250883915
4.9367134560716925	0.1854120400585216	0.22199067174250925	0.9808663305028247
5.078190891356377	0.316796442372285	0.35701053334451927	0.9482942885294643
5.222169881692827	0.4447247915203064	0.48721517110925633	0.9008842312553884
5.3682322001606115	0.5665373593368258	0.6092652933696752	0.8420848294758188
5.515459479807112	0.6790490000720396	0.7194141794124604	0.776857643261159
5.662677391305528	0.7779332498722041	0.8126621744890259	0.7120142326192741
5.808645573839768	0.9641638659183002	0.8879568736473575	0.5689316402867967
5.952828691532814	1.1171424693387009	0.9440242932860825	0.4374870582228161
6.074714878858059	1.2519404917918548	0.9764615398088117	0.3129833012016898
6.195689560293736	1.3764351704654116	0.9943979680640322	0.19279860454891984
0.033353169511121855	1.4941940934921176	0.9978645188204311	0.07636053400678522
0.1539618981149203	1.6109482735242848	0.9868741785353266	-0.04007090214280576
0.2725271017554419	1.7242419274692493	0.9622343665826871	-0.15252453930539306
0.3853645322197309	1.8368731388151132	0.926622040986138	-0.2624482894075214
0.5178093009207515	1.9519370685628472	0.8686494777384943	-0.3714198381173688
0.6774984163441701	2.073041153356718	0.7778620871844231	-0.4808162464400738
0.8153030128613906	2.2044843205868063	0.6843691681462921	-0.5913394344333283
0.9890117127292001	2.3508595466419693	0.5485660849581815	-0.702021405855334
1.133751260360745	2.427417898400192	0.42277180193691194	-0.755245233938459
1.260411177426269	2.5273760322846415	0.30503927531368247	-0.8158599694823323
1.4073801275206732	2.6417120656824395	0.16265016689148498	-0.8759193815782083
1.5391617524597676	2.7645157950769446	0.03162959032710066	-0.9278653668182139
1.676592742377393	2.892522555052486	-0.1055183513539938	-0.9671797741853653
1.8059371326119644	3.022689184073782	-0.23281124894800134	-0.9909438873214634
1.9315105635471908	3.153311164257046	-0.35275437799871917	-0.9979453927503363
2.056417953062875	3.283933144344067	-0.46661077390242456	-0.9879488804420304
2.183720517298268	3.4150049836467304	-0.5751167588745714	-0.9610094848942325
2.316815993090009	3.547139915646581	-0.6783541220126725	-0.9171886818987051
2.4044834702111033	3.6803610253597	-0.7393010810787453	-0.8568495345699705
2.5059719651571	3.81420424654783	-0.8030667404321365	-0.7809572454680833
2.617859923975877	3.9481313428211338	-0.8642227342513609	-0.6910332696834862
2.697030744243469	4.081841625313016	-0.9025578005445548	-0.5888856660991917
2.7809222675796037	4.215347075650689	-0.9340179574297638	-0.4763700530576834
2.8678894498862904	4.348888600883042	-0.9609357539979904	-0.35530031702906606
2.954856632198782	4.482910727925363	-0.9822755946468189	-0.22738645940453142
3.038907284925932	4.618090560518565	-0.9930163914647898	-0.09415248642689941
3.1170331976966055	4.755400424540708	-0.9979453927503362	0.042947866228823434
3.1854770060881408	4.888536057288887	-0.9979453927503364	0.17505335329327135
3.27352651827148	5.027162441376033	-0.9892787387189093	0.3091547463204057
3.377246851308199	5.167296701989754	-0.9705804479932293	0.43859797185125615
3.5253252309574052	5.280859254688407	-0.9253694059508003	0.5376535127280747
3.6662774515069416	5.403705788316442	-0.8637558576366325	0.6368932543551721
3.8460669291118053	5.53051569161053	-0.7619128931136606	0.7291673582840701
4.009072181076737	5.659236100015738	-0.6457401386652964	0.810786115896621
4.158115793489612	5.788764395590219	-0.525277447101101	0.879336662262852
4.299984773131504	5.918601898249348	-0.39998796407617393	0.933246536869681
4.439080168147816	6.048509667558063	-0.2693766266213441	0.9714556187725156
4.577940470772495	6.17839218905638	-0.13378380257975617	0.9932904807914636
4.718431941851817	0.02506405716726163	0.006068646315260023	0.998395240298033
4.862196042736306	0.15495809352557727	0.14917718091748025	0.9866838776251229
5.010874183659977	0.284965664349981	0.29387920115778177	0.9583175579963897
5.166201743022048	0.4151005428840034	0.4376278469450575	0.9137289068649874
5.330052470000146	0.5452723898720021	0.5779727869029387	0.8536776663856356
5.504356737567461	0.6753030632275366	0.7113519010989692	0.7792842026482882
5.691009573763813	0.8049610111567259	0.8281077819271832	0.692019880407643
5.839117228066135	0.9339804990958084	0.9011689729188279	0.5936702436637982
5.963758882856935	1.0620808471240846	0.9474661272522501	0.4862712160420281
6.092563429744407	1.189013214819715	0.9798711072924133	0.37199811285962014
6.222233964814498	1.31473834987524	0.9960975089804673	0.25290735654696034
0.06873086534492329	1.439715839826091	0.9955994146418194	0.13054990666229532
0.19847184810799062	1.5652638586258245	0.9783715455115343	0.005558764789726528
0.3283743186317221	1.6939978114518137	0.9446485035121537	-0.12268854947264193
0.45847190008455213	1.8303675780025	0.8949236699515213	-0.2562158892796839
0.5887025675993823	1.9811434172581226	0.8300012172757166	-0.39810819896839006
0.7189273212714352	2.0378228392775863	0.7510250895726596	-0.4499010774094899
0.848964903153819	2.132647911903538	0.6594670801216529	-0.5317536205092996
0.9786099047726237	2.251331247670903	0.5570915156351108	-0.6279407491563179
1.1076278269359374	2.3906212802786424	0.445916955452516	-0.729664002995469
1.235741691200479	2.5506852334111354	0.328174951182153	-0.8297918987372452
1.3626223743701313	2.7326959993598177	0.2062558609674616	-0.9159326264708357
1.4878946824339092	2.8739687503091726	0.08262654127339432	-0.962476740175311
1.6111821594137137	2.9829376032716564	-0.040304507744597484	-0.9858640498813567
1.7321932250334253	3.0919064562915306	-0.16036853888353148	-0.9979453927503361
1.8508580343488443	3.1973981226466304	-0.2758459759748705	-0.9979453927503364
1.967499853509521	3.3001870531895587	-0.3856408975465079	-0.985871800410612
2.0830046612319233	3.402972714156169	-0.4893306320576438	-0.9640594346708486
2.1988999800428086	3.511193979247471	-0.5869764117444698	-0.9306687661018564
2.3172551094402802	3.625751427659642	-0.6786593983489387	-0.8836290671090907
2.440611812961583	3.746762633239703	-0.7640009221084324	-0.8212671548616768
2.5712567461269753	3.872755476431328	-0.8413694013173637	-0.743435026803561
2.6586783972554837	4.001799848554937	-0.8842393554942469	-0.6514219826616559
2.7537255068378226	4.132360361758513	-0.923818901247679	-0.547286932139126
2.854287747432073	4.2635074513187075	-0.9574879830355478	-0.4333204404352001
2.9573379273284583	4.394794887171932	-0.9825926782858929	-0.31180242183953627
3.060388107180577	4.526061144187734	-0.9957614165161606	-0.184963048804726
3.1617743247068812	4.657267221335756	-0.9979453927503363	-0.0550227747168903
3.2608965576823987	4.788419753136564	-0.9908927159588801	0.0757921037310875
3.3576626750488128	4.919542604639998	-0.9755446614406078	0.20526179591989802
3.455751728410922	5.050655261163518	-0.9506809658073828	0.33118691427335795
3.554361044133527	5.1817665091277885	-0.9144806867872403	0.45141810548778505
3.682721426033252	5.312873041540064	-0.8556920379154458	0.5638923475199853
3.809339291135947	5.443958286476514	-0.7838650334381145	0.6666708825182348
3.933249797047237	5.574990841935167	-0.7013790100983582	0.7579776660906752
4.053046962726446	5.705924478282482	-0.6113828195577613	0.8362388096202367
4.2090305164369735	5.836703242251877	-0.4817679130880473	0.900122301150339
4.3555235599661	5.967275373631187	-0.34923738242234925	0.9485734434034165
4.497616196891796	6.097617271905355	-0.2130241486175123	0.980836531096785
4.638837895618591	6.227775788127316	-0.0734300148256766	0.9964523316122736
4.781805601159077	0.07468018161369887	0.06921302451710462	0.9952185017298085
4.91085431161356	0.2048435243034328	0.19679713848995478	0.9771543789129487
5.045802405775083	0.33520596258674634	0.3266357822280531	0.9424972708839309
5.184307956216818	0.4658066501324763	0.4536698073246316	0.8917434210210008
5.324723351756466	0.5965835448521142	0.5736049858105408	0.8257048140228445
5.465356206623019	0.7274241760096183	0.6825004418924547	0.7455209597696522
5.604262337150251	0.8582349944372092	0.7769392835545965	0.6526093360339019
5.739744663442982	0.9890059287747357	0.8546762633618965	0.5485708255478012
