0.08042352775971762	0.02389547895145365	0.9948507763297239	0.9984700600774808
0.20476455704278196	0.140017049547283	0.9771694638465043	0.9895380307742403
0.3373599784519718	0.20177307601942415	0.9418189877003387	0.9777409195624331
0.420453739541926	0.3175222768612724	0.9114078328222471	0.9480657287793255
0.4360058641995794	0.37373882721963797	0.904664640827065	0.9303635654093929
0.4187588016549367	0.38357805944982865	0.9121427350843798	0.9272652661494202
0.3921530255013492	0.36775297937385076	0.9236786416395136	0.9322484632872989
0.3674984804365363	0.34218247372984983	0.9323286030635232	0.9403004206819867
0.3565610092977015	0.31259602101660067	0.9357727293878764	0.9496169692095644
0.36167041110047266	0.27976030872865987	0.9341638176908992	0.9599566848197153
0.38356743395656334	0.24148928053807878	0.9272686120362893	0.970154024673255
0.42578989834935843	0.24944330895289446	0.9090941461622324	0.968634584982073
0.4869787065691003	0.2520357933031279	0.8825635022235565	0.9681393486797767
0.5650192102248892	0.25215123744162077	0.8429124655130384	0.968117295652431
0.6572018150025559	0.2511271776464004	0.7910099085590917	0.9683129194317103
0.7596858212495164	0.24973259654390378	0.724622369817184	0.968579323041202
0.8701214577202924	0.2486093613041927	0.6438160759880287	0.9687938920767578
0.9858473596658663	0.24865992568162282	0.551159621850172	0.9687842328804337
1.1049936363458037	0.25146657354082114	0.44825082729112764	0.9682480854172824
1.2270019950449051	0.2590405916317089	0.3363712620251772	0.9664811658611676
1.3515582113865938	0.2739383910435019	0.21703523375331468	0.9617899623390931
1.4786805107902525	0.2988403824948104	0.09179185306864597	0.9539485149699888
1.6075893070012637	0.3493606042808727	-0.03671596098784863	0.9380400820647133
1.7372456764790467	0.4149588983162302	-0.16535281053078757	0.9137903220437231
1.8670703313874	0.5311948967250932	-0.2913775381331599	0.8613521698652263
1.9966939593123547	0.6563348218566479	-0.4123180710103364	0.7915715331790761
2.125820997031246	0.7896482790272521	-0.5259196324672297	0.7033477945584312
2.2541624276360324	0.9297471689044635	-0.6301527386162692	0.5971399253988896
2.381414575781007	1.1416756358245606	-0.7232634464769353	0.4157508685227334
2.5073218584523924	1.3482971572842621	-0.803873572798018	0.22021234872316575
2.6316973140706814	1.56355033238954	-0.8710083333750827	0.007270237545054473
2.7544992655914258	1.7911070180157649	-0.9241090684876051	-0.21848732560609765
2.8759164481797193	2.024839573077937	-0.9629704442674484	-0.4380371468313702
2.996396225670673	2.253405268413321	-0.9875839214581652	-0.6295611731768513
3.1165240394613547	2.4643345566234056	-0.9979453927503362	-0.7781800260869591
3.236651853259511	2.652408886538592	-0.9939909363256314	-0.8811649038718503
3.3562713480352455	2.8218035112170843	-0.9758973361806109	-0.9492538515555997
3.4733668631611145	2.96164518877734	-0.9448543114259474	-0.98314310137677
3.5839823325441054	3.0990072958807824	-0.9033724085789053	-0.9979453927503361
3.7359224344748823	3.26834735391528	-0.8277463508444605	-0.9899405819078897
3.887842159560728	3.4376839257684377	-0.7329466736613769	-0.9552608075967159
4.072773321270279	3.6004191405011774	-0.5959706953835282	-0.8960515502772779
4.237261695117795	3.7486837040350736	-0.4573034524715936	-0.8201189292202429
4.387018408620079	3.8765212550431576	-0.3192523753972251	-0.740817034790513
4.527895987593231	3.9783251753130324	-0.1831529655092003	-0.6697626499546009
4.66380622404086	4.049713343277454	-0.048491608318721804	-0.6139873629550305
4.796924310371513	4.208222793002517	0.08425156397920791	-0.4824581588207198
4.928305144464858	4.448259103922916	0.21379878904478095	-0.26058310333473855
5.058384087638516	4.625535830574867	0.33843520564564744	-0.08671613874362763
5.187233736427115	4.781764210994442	0.4562620252394454	0.06917185383146934
5.314700152154736	4.935808723528578	0.565389866504137	0.22110922690404894
5.44048841921096	4.99776943811673	0.6641039755700513	0.2814750803009406
5.564241947690314	5.080985949211074	0.7510147002656151	0.359631810170799
5.685643134261019	5.170244002893094	0.8251822071670032	0.44120925692834373
5.804544116097378	5.261931865776707	0.8861785367560407	0.5221404266630741
5.921129944670256	5.277068285701654	0.9340425994253592	0.5345463948664616
6.035967188869971	5.238847543092387	0.9690596580151973	0.5019914459999646
6.149894175688627	5.223712715323256	0.990822867377964	0.48858210939200863
6.263659752250955	5.21692490011267	0.9987498502936332	0.48256815929097185
0.09415499120848178	5.214479989270939	0.9939716010611488	0.48040198779874743
0.20662485759379987	5.16131632591735	0.9768140949255837	0.4332994063822401
0.3154726521478668	5.128525768460954	0.9487111399846103	0.4042158699661375
0.41741440930481555	5.117422559009132	0.9127256455183737	0.3938029958338601
0.5090038845141149	5.125846866158865	0.8730136814189632	0.4017035267913677
0.5869067839093345	5.144659033580242	0.8309802089210361	0.41854117831829196
0.6473343420238933	5.165252696269468	0.7974019034531742	0.4367869990968911
0.7663250163004196	5.18351721640436	0.7203216029483049	0.45296921816192015
0.8628889028130435	5.20545576670716	0.6491665098875729	0.47240659863220313
0.9437802798843362	5.234458340672591	0.5856382407552195	0.49810264768753554
1.0136325725228692	5.272662093641732	0.5283865705647617	0.5309350337345391
1.075005937095529	5.321651780930425	0.4748196894862581	0.5710874942113872
1.1645672158500762	5.383118566692278	0.3949241966566661	0.6214663151946206
1.2467695868927515	5.459060115266389	0.3178327082220628	0.6778427765084871
1.3284842610930958	5.500653033020055	0.23951526339730467	0.708612008126366
1.413569533352894	5.565491542433079	0.15655756751220282	0.751824168224909
1.5049630319007574	5.64866336871817	0.06564869988472462	0.80502227269775
1.6050125634510077	5.746856815390683	-0.03414230539370219	0.8585535328658062
1.7158848033401923	5.858096322983481	-0.1442801895481762	0.9093980531081685
1.8396897100048333	5.979226223311561	-0.26514659615593283	0.9523366749091363
1.9788762123255859	6.085207794046753	-0.3960364581974342	0.9784659771809754
2.136428779140759	6.192921985845884	-0.5349845871557604	0.9942207704173596
2.2281824315251	0.016278267294614433	-0.6098546726950769	0.9989577622171095
2.346278635130506	0.1211109196794726	-0.6988367285320798	0.9922457117747226
2.48216452308657	0.22543480432472293	-0.7888370121429906	0.9732208742125741
2.630342211706228	0.36257852494024045	-0.8703438163416111	0.9338778595620636
2.7507838809772003	0.5037514613690497	-0.9227157622487365	0.8752910614224525
2.878385585695337	0.6518923712934732	-0.9635963233187861	0.7944492832756237
3.009264216897845	0.8095725960379638	-0.9892283165311595	0.6886083639524452
3.1410991454473023	0.9785993898558922	-0.9979453927503361	0.5571001337709235
3.272934073999765	1.1597264577504365	-0.9893544469179772	0.39946398355477575
3.4053350911584945	1.3517551775154686	-0.9634606173640906	0.21684333750843052
3.5403631019137953	1.5530516315770455	-0.9197300545515894	0.017756356768934042
3.6810637305489577	1.7559737049839546	-0.85650494099533	-0.18382811553681833
3.8305955431415106	1.9513477770272976	-0.7711601536115162	-0.37088135159475377
3.9911179888592634	2.1303313176536913	-0.6597676764538294	-0.5297739586261867
4.1633746202413064	2.286991543312728	-0.5207834797734548	-0.6558019939623704
4.346112724770313	2.4202289710075493	-0.3578368745476791	-0.7502474482382595
4.5363680388368515	2.5317352212550364	-0.1747952395098198	-0.8184654604219299
4.730156427047257	2.6272246140961015	0.017779080948436835	-0.8688150043715464
4.925216485060167	2.710654391357108	0.21078963135420536	-0.9076668039158072
5.119670762137687	2.787053057720699	0.3959114182952232	-0.936317064800795
5.314219010925136	2.861215018759974	0.5649955181162516	-0.9592439135901007
5.438884922544405	2.9353769798050133	0.6629177553432343	-0.978042549765942
5.569564612497517	3.006989182242376	0.7544626394030344	-0.9889375908295097
5.700231851534351	3.0684125152305373	0.8331354102201716	-0.9967868521749281
5.828622128560861	3.1090045403528523	0.8966184389866183	-0.9979453927503361
5.954476843013078	3.1171482659637575	0.9445432836292471	-0.9979453927503361
6.078430269285841	3.098653079956145	0.9771712822675757	-0.9979453927503362
6.201471240454099	3.131687879915425	0.9947681478505328	-0.9979453927503363
0.04119934378368612	3.1362379737345427	0.9973621570438362	-0.9979453927503363
0.16398822494383886	3.117735044920232	0.9849588724607035	-0.9979453927503361
0.28560429289233497	3.127497102495306	0.9581164587343863	-0.9979453927503362
0.4041441709801438	3.2061459984832967	0.9184794423027283	-0.9978892664072966
0.5174021653490892	3.294666713825403	0.8688714322675274	-0.9865772422073478
0.6233920170732108	3.376656051553782	0.8110898743317893	-0.9707302044112038
0.7205193817955702	3.4517911045092897	0.7499937776285229	-0.9516849080805774
0.8074413393595363	3.52644867570307	0.6901850056962169	-0.9249481029806674
0.8827946283943269	3.6001748665093944	0.6344408326807011	-0.8961713377063548
0.9453855623332568	3.676201590097658	0.5843225344575935	-0.8588892443762212
0.9942400961424691	3.751271385235229	0.5442808471871793	-0.8185722699752866
1.0310032716669748	3.824481559727525	0.5138056998577931	-0.7748144866762623
1.0552803351017679	3.8885181113043887	0.49229641541692193	-0.7324767479305997
1.0693284320145238	4.0127438733431795	0.47984991367419727	-0.6428714603426229
1.0742387601171077	4.110492431962179	0.475499402166075	-0.5659743251011258
1.0728449062418615	4.183666375848892	0.47673434557478717	-0.503443017532197
1.0678477192632676	4.336996806453055	0.4811618133538079	-0.3661668756744128
1.0617585020997864	4.4522500093606165	0.4865568111608263	-0.25675977122294136
1.05665535776869	4.5467243942870255	0.4910781563084878	-0.16457863685766705
1.0541199377598232	4.6291619894779625	0.4933245182004139	-0.08309432541055878
1.055215807673283	4.704033849236568	0.4923535862035473	-0.008312191700456665
1.0605976586016665	4.773810243427304	0.4875853092351284	0.061260063647668436
1.0706232060344827	4.840973344167752	0.47870275422648445	0.1280670196311593
1.0854522322968339	4.908736901464751	0.46556435531284435	0.19473423021858127
1.1051741529163137	4.979236467090596	0.44809089105041144	0.2634191456751252
1.1299100219197515	5.057515040877103	0.42617510853758267	0.3376201913400158
1.1597866589236516	5.147952952990233	0.39940752535302565	0.4214595646258082
1.195022542302771	5.163441528172937	0.36636241167139966	0.4351823186188283
1.235956200692454	5.213521620901549	0.32797377868785704	0.4795528810724867
1.2829890763107836	5.284527872545407	0.2838394077053286	0.5406603503230938
1.33814060926538	5.373606628305232	0.2301074684421943	0.6136702309311435
1.4002627104754768	5.446972265980586	0.16958438249520588	0.6689005369512699
1.4702864147152765	5.543962325863593	0.10014143789751305	0.7378778779555231
1.5490197849291625	5.663352180394497	0.02178337167270049	0.8130300433387735
1.6373464070867274	5.806065541836006	-0.06643740031886872	0.8868382064852779
1.7357422469779933	5.8957249002689185	-0.1638696689080723	0.925713297920484
1.8449057142214378	5.9984666129246715	-0.27014358662035814	0.9583953269975555
1.965231370217889	6.103109052096922	-0.3835679886285444	0.9818856131924399
2.0972661376536688	6.2103141781395035	-0.5015178768765898	0.9953343287345708
2.2417677796404667	0.03266265726333146	-0.6204688502504007	0.997908729788415
2.3997435450690197	0.13607122587440962	-0.7360058565200212	0.990291792364003
2.504929309962525	0.24000151978483103	-0.8024435445392677	0.9704382281763826
2.624242707473561	0.3479859017657935	-0.8673527327418313	0.9384729654122659
2.752513478662095	0.46520070890766924	-0.9233643786089027	0.8920061489830391
2.8856841299414646	0.5936693398708424	-0.9654463644444908	0.8272935255949698
3.0211976424563445	0.7337495659249611	-0.9907532838586866	0.7414234709668572
3.1573911145197218	0.885546392343993	-0.9979453927503363	0.6324051576932798
3.293584586561321	1.0475723893510156	-0.9867155267857248	0.4991255938327154
3.4304145850854026	1.2161177310046472	-0.9571034461787191	0.3465788035441817
3.5699890798649245	1.3842007805730883	-0.9086200177188358	0.18523288029261725
3.7154774558310346	1.6219532862697252	-0.8396290892257291	-0.05106272653803606
3.870348099423065	1.8302144972825007	-0.7451086498254319	-0.2560692362352542
4.037527995745399	2.0150333988889755	-0.6235077257149855	-0.42907639935644476
4.218462630860006	2.1757921240254006	-0.4737076334764265	-0.5686228099326287
4.41257622534999	2.311942321177344	-0.2947677006946367	-0.6749659158920337
4.617021403430164	2.4246635241806724	-0.0952203622429897	-0.7533303763615968
4.82970151864649	2.5175606839042	0.11685496504835138	-0.8099933274422837
5.04621229768136	2.593251926338613	0.32702018935343635	-0.852155429213349
5.265213809238246	2.6558132915543147	0.5248303418762525	-0.8828343608672237
5.40928797241111	2.7106680075699106	0.6410227918971094	-0.9076719101312377
5.560823379657282	2.7630668092638877	0.7488002052819991	-0.9273219827051304
5.713041391818886	2.81660397198736	0.8401186749577011	-0.947398952004172
5.835120703674103	2.866980282918076	0.899436133716331	-0.9607052975912596
5.955635050705022	2.904491250611819	0.9449079944065613	-0.9702136091884968
6.074214376422087	2.9141702319613247	0.976365929983565	-0.9726670455105435
6.1917065783774445	2.9568251071887093	0.9941429523325298	-0.9825271452204558
0.025887216180602454	2.9756459775356556	0.9983425364439001	-0.9849322561598098
0.1448506013454029	3.0463165646663692	0.9886146885294769	-0.9939632201410392
0.2617468124220565	3.1102797091651637	0.9656289975541396	-0.9979453927503362
0.41527745410666056	3.1607385673131243	0.9136522005392127	-0.9979453927503363
0.5621237937582776	3.2030475813833124	0.8444909343154016	-0.9979453927503363
0.6977709730648193	3.231573556568797	0.7647298415397077	-0.9946398896789552
0.8212658883138416	3.2526681062100997	0.6799580062030101	-0.9919442262389655
0.9338620290903271	3.2703762243288685	0.5937673429203161	-0.9896813134289988
1.0360950426074773	3.32378439209282	0.5092944314434235	-0.9828563066056143
1.1276864150944335	3.377194909746611	0.428145206437557	-0.9705936141838873
1.2078756459248716	3.4339174235374794	0.35430844197851175	-0.9562155437457813
1.27571235067063	3.488484195460131	0.2906894432438613	-0.9391851612317461
1.3304778957043049	3.5402149005342696	0.23757294469638013	-0.9197856315451292
1.3721511208215482	3.5843586425114746	0.1969723832805795	-0.90323128859276
1.4012829786307386	3.6051577828428836	0.16859037591707926	-0.893727808075807
1.4196960842766793	3.697053422489869	0.15046350375720036	-0.8486638930173904
1.429384971564658	3.822160605608928	0.14082599358508308	-0.7762017229186675
1.4254493319557675	3.9905839204649562	0.14474076373743386	-0.6601849419309982
1.4225778687402972	4.082983858855022	0.14759700048840638	-0.5879932436510114
1.4240197105129007	4.255403396749787	0.1461628043483305	-0.4407258143471641
1.4356127037571789	4.479174678380576	0.13463128509372624	-0.23096563671625406
1.3750973483438884	4.6303903653902045	0.19410199129317846	-0.08186742157764053
1.3464500746129702	4.751493904798035	0.22201188771312552	0.039062061529216166
1.336119218253372	4.861211055735555	0.23207682909756672	0.14819741699237804
1.338303220761236	4.969690171401797	0.22994904254629014	0.25411857046607794
1.3516528898831404	5.084933220459955	0.21694299226965275	0.3633336622216763
1.3756339992806368	5.1140349129717135	0.1935791536856979	0.3906259746360339
1.4100736037041763	5.173264684815318	0.1600260204544705	0.4438855570024866
1.4549886679398398	5.248074670771106	0.11535806554284317	0.5101666074789006
1.510519931253817	5.332256536261752	0.060121267017692596	0.5797792626809115
1.5769001384555914	5.423735170019426	-0.0060635701826296864	0.6517104087666994
1.6544143698985707	5.5235633091604255	-0.0834849089725804	0.7246637135090731
1.743892913793551	5.6314647995243545	-0.1719103473692622	0.7945606138564615
1.8453186190735835	5.747515562968313	-0.270539154093697	0.8589126565055006
1.9593135618715067	5.871098073950214	-0.37816037652874834	0.9150354373866622
2.0860832364806816	5.975646627397317	-0.49196145015393555	0.9512094874302115
2.226172633127958	6.083643723572613	-0.6082844253332489	0.9781671964079788
2.3803472216184067	6.192448614059436	-0.722521415422852	0.9941904621571338
2.4782249360693553	0.01754335758463481	-0.7864823176461884	0.9988767631233385
2.590901668573319	0.1247500790237616	-0.851002906452667	0.9920127097421395
2.7122317106589504	0.2299359599918837	-0.9082583143655006	0.9723610288335793
2.837991063258424	0.36218265386696585	-0.9533570858432938	0.9340025163467269
2.9657532657946986	0.4913254306784573	-0.983668070774679	0.8806788211356218
3.09410641154584	0.6747192123917954	-0.9979453927503362	0.7796624121016138
3.222459557304396	0.8413908689544228	-0.9958045637311108	0.6650701304761191
3.3510158704285073	1.0873375537996275	-0.9772294990585497	0.4638939755086724
3.480634540497028	1.2943003487271192	-0.9421288600324522	0.27281928605315875
3.6124381052416927	1.495666303090274	-0.8901576731767179	0.07489613107216506
3.7471887984020595	1.6967624490359008	-0.8210124355831978	-0.12541587993263986
3.9447272962589777	1.895706679483392	-0.6933997833929678	-0.31881148036735296
4.159275126247105	2.0891892829188903	-0.5242867311524599	-0.4946157439480722
4.362590226276025	2.211628648934652	-0.34265484770502985	-0.596921269286113
4.569581209633955	2.3316218859062365	-0.14203026050879597	-0.6886472680348951
4.779939272538022	2.4417950459644606	0.06735659244855914	-0.7647081414763854
4.987735209799147	2.540681485799804	0.27169913178910704	-0.8238126503173302
5.185574432154421	2.629390936926625	0.4547918948972318	-0.8698773288561339
5.369260968927285	2.7107092845627028	0.6101084830189627	-0.9076873894146904
5.537227438956683	2.788473255910918	0.7335151233967543	-0.9368496532685637
5.690729912342735	2.865772729919022	0.8279553213628787	-0.9603992060428109
5.832679877474958	2.943072203899731	0.8983778243180969	-0.9799931416328467
5.967168826146614	3.0168958613962955	0.9485398924123554	-0.9902035611043449
6.097344654812484	3.079896978716426	0.9807844536827	-0.997945392750336
6.226103848186649	3.122269577908358	0.996345283426779	-0.9979453927503361
0.07173975506740761	3.1330088553524886	0.9954067664627124	-0.9979453927503362
0.1999127746320494	3.11721529355098	0.978096288643121	-0.9979453927503361
0.32441609352658574	3.1304340899377463	0.9458949184383528	-0.9979453927503362
0.4524489340726586	3.178665422536631	0.8975351469742874	-0.9979453927503363
0.5968821742723546	3.199317396243763	0.8255420128407855	-0.9979453927503364
0.7675004773140505	3.2015190455016436	0.7195601576609888	-0.9979453927503364
0.9137665721977538	3.244799446211945	0.6102377897286075	-0.9929497589210761
1.0404809543211178	3.2771203688066697	0.5054085486703843	-0.9888194821023313
1.1523367998792535	3.3066349928528345	0.40630516226014907	-0.9850478209699931
1.2519582692510545	3.3705025011961984	0.3129666290452434	-0.9722900115243365
1.339859985364856	3.4394893330294023	0.2284323488725608	-0.9548031714478082
1.4156680928819858	3.5175354765818474	0.15447013598293835	-0.9282906414345138
1.478883423348626	3.6027711400446334	0.09159001649162213	-0.8948981733809322
1.5294867044243423	3.695887509120328	0.04125506866796318	-0.8492356352812486
1.567026377516604	3.7948527227701723	0.0037983580924466007	-0.7925236676196623
1.5927994605656322	3.8947048966936597	-0.02194383862749613	-0.7281756573979083
1.6071038039301895	3.9891386349019156	-0.03623103974113734	-0.6613141376979368
1.6134923897526745	4.15081071433369	-0.04261196951549928	-0.5315200537893718
1.6133332220760748	4.290748497185645	-0.04245299258461786	-0.4084279463531286
1.6089749116996996	4.419160449552002	-0.03809990518479873	-0.28845994015863985
1.6033845916901326	4.54133934932102	-0.03251628458574379	-0.16989101387546535
1.5998973175176507	4.659993991469515	-0.029033189544547765	-0.052299272330320105
1.6018437501313683	4.77702655636802	-0.030977289563513803	0.06445932149447227
1.6123303273717786	4.8944855532943725	-0.041451299744135056	0.18084971000154632
1.6341092374955464	5.015145751539449	-0.06320411013494014	0.29788518689275456
1.6695478646826158	5.1429530689959675	-0.09856854005340325	0.4170297073124282
1.7206871504103587	5.283141320695122	-0.1490177318283415	0.539523917913562
1.7894482964744354	5.350810156632682	-0.21685098751594015	0.5949860041376622
1.8779526149258379	5.447379850405333	-0.3018028876563904	0.6692020560618828
1.9889756284716382	5.561583586420549	-0.4052651661507183	0.7492926553510046
2.0374141906191303	5.689398060257012	-0.44952765987031207	0.827229247241619
2.1195183576016623	5.828606786049181	-0.520533667686139	0.89661178667999
2.2221157211212015	5.977331821496988	-0.6051147763849578	0.9517401422119842
2.338833229691754	6.087313213793673	-0.6936606377466779	0.9788681706561846
2.465574612539423	6.198752017177102	-0.7789212085582216	0.9945940459520869
2.599702101704721	0.026120836642092103	-0.8553184754245379	0.998327578582144
2.739337420487778	0.13554517962476967	-0.9184232255482799	0.9903922817650229
2.8828182938881453	0.24470321180041213	-0.9647199299146213	0.9695400748015618
3.0155671420588552	0.3776361835541192	-0.9900337646308079	0.9291363175952879
3.1490171832776346	0.5127763806789599	-0.9979453927503363	0.8713779778414382
3.2824460952535395	0.6507931178665157	-0.9881389098067228	0.7951613624784357
3.4164510231641385	0.7909521155093334	-0.960642941582802	0.7023832542261901
3.5530160743522776	0.9301001833575836	-0.9149850638523037	0.5968505910581102
3.695092277585249	1.1448572360645377	-0.8496256020575423	0.41293199610339726
3.846342808037565	1.336787512113463	-0.76174800004608	0.23142573703943864
4.010352599169717	1.5169682668231728	-0.6447397531861375	0.05370712493968549
4.19047224370378	1.6880219716532165	-0.4976270153666403	-0.1167933500437577
4.388978496379607	1.8479693370300216	-0.3173745893684842	-0.27307857158688775
4.605817517980486	1.995014994586632	-0.10628293938424199	-0.4107838560722168
4.837101298894253	2.128698538309634	0.12421550659348099	-0.5283786555725001
5.076778951096883	2.250034710457512	0.355686379615077	-0.6269277698735529
5.307305206872761	2.360716636885665	0.5593288919481413	-0.7088741144688521
5.529030368279122	2.463339845181049	0.7282051890264548	-0.7775854862153969
5.6763025213436675	2.562088634146032	0.8200900671398235	-0.8366077210145444
5.815142742271823	2.6628418333472963	0.8907739584590348	-0.8862810272331164
5.946022417221523	2.771427329964925	0.9418810493653691	-0.9304572612462387
6.07170656041401	2.890816215483997	0.9758868676792669	-0.9667472497983554
6.195594009397097	2.99611686083061	0.9943918502903857	-0.9875482215452217
0.036363379028886755	3.1014175062194473	0.9976717861396704	-0.9979453927503361
0.1594817257654727	3.19442318470666	0.9858197385983116	-0.9979453927503364
0.2776714027895887	3.3079647719015695	0.9606144653836619	-0.9848778890764047
0.428855739367498	3.3323453970683614	0.9077648387481585	-0.9817622994561586
0.5800024324705207	3.3566845443632003	0.8347441936439217	-0.9757925988283488
0.7138405579184509	3.373992803038429	0.7543202154321367	-0.9714052868817922
0.8215631962247075	3.384141018920519	0.6797380664520785	-0.9688329085963064
0.9735372024143191	3.388008767655591	0.5612491555839506	-0.9678525083983393
1.0833288897078348	3.393653678605342	0.46744561989967814	-0.9664216316295204
1.243039383279124	3.40696720952194	0.3213309886863744	-0.9630469066304749
1.3596845761889669	3.4322513329425055	0.20911804058389455	-0.9566378657891788
1.4906753976783294	3.471957928409764	0.07986057128558044	-0.9453826759919468
1.5936501585926153	3.5268778772514784	-0.02279351718237482	-0.9247871481247854
1.679059376940549	3.5960192146448398	-0.10795170016488354	-0.8982091922047405
1.7529525937600128	3.6765387913627015	-0.18084777239472838	-0.8587238871381206
1.7995180794835322	3.805733540529366	-0.22666172415058927	-0.7860201936295397
1.844900681969007	3.9346531060445775	-0.2701387656661628	-0.7004034212160659
1.8880855217123895	4.063128033494283	-0.31151032585747956	-0.603506519725844
1.9305556578377279	4.190990498932357	-0.3518817982586516	-0.4971841367219201
1.9780910486721042	4.3181242354191545	-0.39531898641998414	-0.3834123722338899
2.034603072221755	4.444460053979124	-0.44695889843536296	-0.26422263573438115
2.1059324335562892	4.569991448968369	-0.5089237208940871	-0.1416255571078595
2.1178265330422463	4.694802635552704	-0.5190879071290574	-0.017532342745708463
2.16509563290156	4.8190893940245365	-0.5594820483329983	0.1062991131788855
2.2446563154517123	4.943166669525854	-0.6227256516010259	0.22827778027413442
2.3566405428785004	5.067450678230101	-0.7060403893205742	0.3469380864612094
2.41686450546308	5.192382958489559	-0.7479084514910994	0.46082419488932125
2.5092327250936806	5.318341314291664	-0.8050156994079145	0.5683742011036056
2.5805344639052934	5.445553296409883	-0.8459190218162705	0.6678508245065152
2.6713289277757384	5.574058298313882	-0.8904429407241731	0.7573735788964513
2.776659493232691	5.70371741168731	-0.9324193745886491	0.8350356024804733
2.880658852650653	5.834271382126203	-0.964172552935983	0.8990678793209217
2.9885404864058445	5.9653986999001765	-0.9865800399110178	0.9479824931447003
3.096422120123782	6.096779481482318	-0.9979453927503362	0.9806764899257875
3.202810330283944	6.22817257347146	-0.9979453927503364	0.9964777363233452
3.308018115371921	0.07632549512135844	-0.9848710723372359	0.9951131583372137
3.4130625693708425	0.20776195084316618	-0.9615018496963581	0.9765968786264259
3.541092621653219	0.3395070845203373	-0.9194564773826404	0.9411428803591289
3.6727995343191524	0.47148716863720586	-0.8605575493492919	0.889280424629654
3.8099767753108282	0.6029037704384438	-0.783484008606874	0.8222592720681865
3.954409044104898	0.7318615963596488	-0.6866689738723712	0.742646468166622
4.10806865960491	0.8548921844759848	-0.5680455767885311	0.6550822496813798
4.2731664642832135	0.9664775764770811	-0.4244941668687571	0.5670352988952124
4.45181629927709	1.1624003791509154	-0.2571752703409841	0.39695631159707706
4.645260535115503	1.3235246609749596	-0.06701507218663452	0.2443472040169157
4.852261452979277	1.465789429829775	0.13929527115907336	0.10461457668937951
5.093920584700448	1.5959033042399455	0.37176224253651724	-0.025043962671644503
5.3349760649789095	1.7161921099613395	0.5820082168828	-0.14458334925100236
5.547506874144182	1.8271185697402417	0.7401739809760584	-0.25310330297201555
5.750828147833636	1.9290562991206586	0.8607185493452315	-0.35051170482780986
5.898695183143864	2.0240141489436625	0.926978063960732	-0.43728288557877376
6.040535257298891	2.1165661727886786	0.969932285584645	-0.5180108574242402
6.179142732431081	2.2137804922436346	0.993338535332445	-0.5986024957632574
0.034381878657866544	2.2285424003464684	0.997798654344751	-0.6101359148798144
0.1707122167006275	2.2691977421183993	0.9836744038335341	-0.6418997690317403
0.31884807029932316	2.3296296983814018	0.9476482465274698	-0.6872622872470902
0.46138465344250645	2.406627169236869	0.8936607392870843	-0.7407913935761934
0.6388733687674758	2.4990276464428463	0.8026500415997455	-0.7989161152551723
0.8005338261420704	2.6071238551829894	0.6952949832012943	-0.8589579654984305
0.9458630926435404	2.6895115757672046	0.5839311456169756	-0.8993593736231893
1.079964959959517	2.784769331860416	0.470426034808179	-0.9354606448552488
1.2062936216479356	2.8865002224408003	0.3557921048546757	-0.9656532282566752
1.3263986442714624	2.9926792976465735	0.24154719669784294	-0.9871089368221331
1.4405944609477486	3.0988583728624577	0.1296759445915508	-0.9979453927503361
1.5485693768488231	3.2029172827466597	0.02223323998633186	-0.9979453927503364
1.6497942616408976	3.305345717847223	-0.07887033742868674	-0.9852125768693043
1.7438602420399845	3.4079413263218954	-0.1718781165013913	-0.9627999866858417
1.8308050015172397	3.51546647026923	-0.25663494590642355	-0.9290665394108877
1.9113979886803618	3.6285896466991816	-0.3338439303377728	-0.8822372572016095
1.987370051165071	3.747616917608943	-0.40379801162966	-0.8207565483706504
2.0589981047009602	3.871426277112582	-0.46881566060233193	-0.7443590941901285
2.12925918489197	3.9983548225623537	-0.5288577600462425	-0.6541135675410024
2.2019156755727054	4.126974805029966	-0.5893325624691549	-0.5518891974583777
2.278282900605197	4.256350619335058	-0.6489979666250764	-0.43986025534060325
2.362308405312844	4.3859865270819745	-0.709980721483902	-0.3202409294689248
2.4558215852618077	4.515683962528157	-0.7730918158941149	-0.19520019662909183
2.5610790490049724	4.645413096668938	-0.8360042911206702	-0.0668626934621743
2.6795282726951855	4.775223552333251	-0.8944637471999104	0.06266587822188717
2.8100498319452627	4.905187058046322	-0.9449410842033235	0.1912757593341965
2.908342107203302	5.035372832440031	-0.9711897275517188	0.316854661295184
3.0029785059643843	5.165825471766971	-0.9884250682302576	0.4372944736161902
3.0932361654510943	5.296553240411298	-0.9979453927503362	0.5505164676954981
3.176876547313546	5.427537453292884	-0.9979453927503363	0.654523227415555
3.2533139709780046	5.558739525658978	-0.9918616914576299	0.7474503172056928
3.3555511046703814	5.69010675083421	-0.9760799040736838	0.8276155978683892
3.459586370045122	5.821572264127268	-0.9497089576251521	0.8935617126252894
3.5657698602989485	5.953055876650118	-0.9102022670832549	0.9440958321485009
3.6755443799790712	6.084478001493138	-0.8592115280131087	0.978326566593728
3.787427566420418	6.215795401750177	-0.7969616898586084	0.9956852713895921
3.8987429973240624	0.0638646073365606	-0.7253683454744012	0.9959109833036318
4.062417454750728	0.1952076549346685	-0.6040616920252274	0.9789950968000853
4.217726065337841	0.32681540507419127	-0.4743370707154863	0.9451393935133918
4.371125777543886	0.45873969278074467	-0.33447769398296495	0.8948075586416466
4.527025539238123	0.5908378053852757	-0.18401166768644298	0.8288371684179703
4.688694638332647	0.7227965878446042	-0.02363302017356844	0.7485186391133554
4.858399850904517	0.8542051751458629	0.14540111909461562	0.655590479215248
5.021189078513592	0.9846036572575642	0.30355277367430616	0.552178973361849
5.191938854613204	1.1134875824022912	0.46043072239939353	0.44072525887775166
5.3643321607957954	1.2402824787362035	0.6060687802845616	0.323916484359918
5.532299324708303	1.364340091671201	0.7303227679495978	0.20458235749896708
5.690179100095397	1.4850634526005406	0.8276550398806093	0.08544275798721097
5.83631173219892	1.6022851600414667	0.8999525476592086	-0.03141817049026482
5.973435687064855	1.716891943066065	0.9505132791656183	-0.1452737385282149
6.105300303507773	1.8314716142301732	0.9823042028923213	-0.25727356835220105
6.2358588505493895	1.9507083153461606	0.9969698604687101	-0.37029702028122174
