1.0318576084170816	1.8973343794547217	0.5130487643159103	-0.3203708351718961
1.2892481528337538	2.362489741151581	0.27774143904410553	-0.7101067872531435
1.4277708214294953	2.579545108466608	0.1424315843907741	-0.8454338602827879
1.3957559297540505	2.757142482829359	0.17397515923381981	-0.9251003012806238
1.309906138827233	2.917745305548964	0.25761518707547737	-0.9735732581663155
1.210499582618318	3.026687277407323	0.3518476469589747	-0.9914548019516478
1.0349974906557629	3.135621039825035	0.5102668537127588	-0.9979453927503363
0.899744439324431	3.2429825425202066	0.6217304766012415	-0.993181940263607
0.7781166160376498	3.344433285517915	0.7118785836597831	-0.978898058210534
0.6711767024266837	3.434780324588885	0.7819571947332151	-0.9559968148625028
0.5752097355810384	3.509684517525605	0.8373569861753131	-0.9312348292831368
0.4919613367358274	3.565835180745368	0.8804031008253659	-0.9101777712651979
0.42368155697493215	3.6623099491444373	0.9100082946141062	-0.8657014471133997
0.3670395903901626	3.743075649579424	0.9324731040426468	-0.8234708681180972
0.32477450495148086	3.8133468083738045	0.9457820574115432	-0.781469736990901
0.29864754647038894	3.8769835657694003	0.9540092375647791	-0.7404956335841204
0.28384839860286726	3.939698751175608	0.9586693764672308	-0.6968956582763606
0.3133685413523903	4.0021303773949155	0.9493737084419867	-0.6511637418153485
0.34873491293995285	4.066849271019761	0.9382371075005593	-0.6005991318926032
0.3880758237547562	4.1327133864223	0.9254464614574212	-0.5469852524337808
0.42875854931738044	4.200444434998445	0.9078069790461816	-0.4891052092719962
0.46805204161396813	4.268145238717525	0.8907698494867349	-0.4290824939208522
0.4982423065899904	4.33570013475223	0.8776797568080756	-0.3673517564898129
0.5175977747217375	4.401547635761625	0.8687647936213306	-0.3053332130524836
0.5982149679593993	4.465595438109996	0.8248154253949911	-0.24397470099772464
0.6605462984228759	4.527431138636962	0.7888434044306025	-0.18361154160793658
0.7084942258611149	4.5876125578873825	0.7577834858445773	-0.12424223447259394
0.7486265689417801	4.647235232254897	0.7317863807484813	-0.06504274151405312
0.7812679270118261	4.7079134167238275	0.7095473353968298	-0.004437273466757399
0.8096402771852707	4.772920548773488	0.6885582954068823	0.0603750867642166
0.8352536143316308	4.846054957644296	0.669610293061129	0.1331216869128938
0.8558340522441573	4.841105689180553	0.6543854832827359	0.1281986628600658
0.871609205607117	4.862670964132947	0.642715483344112	0.14964958395562536
0.8815369520483323	4.896501825441451	0.6353712250859519	0.18281408355094447
0.8830844799671845	4.936605694509402	0.6342264089119026	0.22188568394961047
0.9197839992583546	4.980852863488149	0.6053058435253328	0.26499393622772843
0.9372264513689016	5.029191432170243	0.5910098272053899	0.31105758584147636
1.0263997690660012	5.0855541589895426	0.5178843664203527	0.3639159942744521
1.0933219985476212	5.151279408394515	0.45859180522555665	0.4244067775645875
1.1502764738240028	5.229488842550419	0.40813059470103535	0.4936997120143115
1.2048437617766203	5.250293207215852	0.35715182056705186	0.512132213062156
1.2603592150195364	5.304877323520592	0.3050880069892637	0.5573389733400494
1.3194248584855364	5.380458374481814	0.24834147809328427	0.6192859938146943
1.3875925336469532	5.474414900132382	0.18192843052672414	0.6892018000514507
1.4615461243563987	5.587728251727889	0.10883538125109662	0.7662287612327621
1.5427485715466231	5.6513129636638215	0.02804706966564015	0.8064667291373808
1.6323298377397952	5.73671809379739	-0.06142684280262961	0.8530262949311591
1.7306855441717675	5.839004050802129	-0.15888120326977026	0.9011199007799735
1.8382620182287426	5.954111486774209	-0.2637788514427378	0.9444282357334326
1.9549028127991195	6.053551427596332	-0.3741298945230938	0.9724187345568761
2.080495728742815	6.155081166049263	-0.4871866061815888	0.991797961440594
2.2149737373913516	6.2550910274117655	-0.5995347733727336	0.9982012262529437
2.3583980652375947	0.06897663525367445	-0.7072622294692243	0.9955836788954919
2.5109348172821404	0.16292437894352815	-0.8060330413505352	0.9851620965069197
2.631179400078286	0.2588088181729178	-0.8707543579715649	0.96655414955736
2.7599677547930197	0.35397614416909984	-0.9261598064092171	0.9365866837216811
2.893242606236015	0.4831728246140894	-0.9673622933641519	0.8842136814304862
3.028718060365336	0.6048750667785547	-0.9917143148337693	0.8211845977306743
3.1647266289399067	0.7885253157416947	-0.9979453927503363	0.7041785301571293
3.300725395929426	0.9995523237261217	-0.985803005823066	0.5399268898565339
3.4373779373541073	1.251213492457216	-0.9553383697969863	0.3136650997932314
3.5767492613128065	1.4359161433529957	-0.9060848823384626	0.13432945454245787
3.721818367321464	1.7230562801466414	-0.8361763637274253	-0.1513548915814468
3.875830157806885	1.9537778874124088	-0.7412974897591396	-0.37310195313390304
4.0412740827068925	2.1765175356132693	-0.6205809231178551	-0.5692427154988138
4.2187885642540035	2.317776982609327	-0.47342910480591216	-0.679022207724959
4.4067930715836345	2.461866714765296	-0.30030802678041474	-0.7767049949182411
4.601290047319891	2.602868942433273	-0.11074931454692577	-0.8568714353053684
4.798643856405927	2.6808447391230597	0.08596199180291142	-0.8951093178876043
4.992728111672416	2.7590377391008807	0.27656351698075976	-0.925811041260882
5.179623762943577	2.837209439114577	0.44951964947045875	-0.9531589590988092
5.357374397364578	2.915381139416341	0.6003661245494288	-0.9729739873493068
5.527100653866438	2.990957697051362	0.7269551501664968	-0.9868889342213812
5.690193561667284	3.0576897129865475	0.827662923768927	-0.995416589880882
5.8492990136437335	3.1069074532977434	0.9055836581476875	-0.9979453927503362
6.006886895180363	3.144510946287777	0.9610468097221446	-0.9979453927503363
6.130289231213019	3.1621210230014944	0.9870777800805424	-0.9979453927503363
6.248120489515233	3.1652462113677475	0.9977549282636461	-0.9979453927503363
0.08272503351252666	3.1564489918773257	0.9947034193531057	-0.9979453927503363
0.20000553060295864	3.1727534735677785	0.9780785696840675	-0.9979453927503363
0.31551797564735895	3.176572087053509	0.9486968679599594	-0.9979453927503363
0.42715500206406154	3.16979759337274	0.9085022555592306	-0.9979453927503363
0.5320551020713953	3.1528632574536775	0.8608832192605651	-0.9979453927503363
0.626518443287402	3.2014965969005735	0.8093854679712887	-0.9979453927503364
0.7665914699576157	3.2467440088626147	0.7201489984304116	-0.9927012640950041
0.8888290604779561	3.2846520868553326	0.6299767352215324	-0.9878570070872528
0.9945064740021692	3.3201361198669246	0.5440625211051922	-0.9833225177466771
1.0858318833265617	3.355614421944121	0.46522798753061156	-0.9760638543579546
1.163392769866365	3.44048381460664	0.39602562217300946	-0.9545510894223247
1.226956076701678	3.522769800518288	0.3364143254232389	-0.9263277178198285
1.2761787125105604	3.6570112840685804	0.29025207716873114	-0.8682998140633298
1.3114882453357077	3.78563777000485	0.2560738037944151	-0.7980314526920521
1.3332249851950058	3.909616030767759	0.23489656495211714	-0.7178093470182042
1.3424583741571954	4.03003921238045	0.22590084228892832	-0.6293586818799599
1.3415645976748214	4.147535859179472	0.2267716130743075	-0.5343186042571328
1.3327414601930145	4.262229368879376	0.23536764407988298	-0.4344883346384128
1.3188411301727239	4.373992779249882	0.24891018131094525	-0.331731074235085
1.303069807542556	4.482800520643792	0.264275552031667	-0.2274920392147177
1.2887158421475389	4.58906696488315	0.27826004811856886	-0.12280745382589268
1.278848948395584	4.6941466773538	0.2877478615817975	-0.018187514847708513
1.2761508583500294	4.800838287192706	0.29027819951370964	0.088144786214797
1.270441137604356	4.85597511071396	0.29563292183189405	0.14298923653713855
1.2765765869771346	4.924937189161746	0.28987894030601935	0.2105175244979414
1.2930556739814392	4.9997493099740105	0.2740319230235997	0.2834039904995337
1.3200051612996144	5.079814385699487	0.24777611220244064	0.35853308791062205
1.3580390507265026	5.16559093399678	0.21072121042285194	0.4370866750237158
1.4082722767669764	5.260797664449708	0.1617809814573198	0.5212108233837809
1.472491636446694	5.369063063894789	0.09794790976196763	0.609946277982857
1.5129153117106948	5.4955939259249575	0.057738588508479814	0.7048694277449985
1.5742187313125162	5.552112584214084	-0.0033853764239709302	0.7431574880314209
1.6515172882692981	5.637128234202045	-0.08059129919091015	0.7982292983941387
1.743253940819496	5.743660563146749	-0.17127999695180193	0.8568110600610436
1.8484812907845993	5.867342691404357	-0.2735690290182118	0.9134071540440638
1.958957808182454	5.970352416147817	-0.37783529368711744	0.9495423806466016
2.0838823274551976	6.0807405122276315	-0.4900806478916324	0.9776126026449947
2.2224641214480196	6.193066125021662	-0.605386980151676	0.9942299991204073
2.3748315115339103	0.021027764282793137	-0.7186868604912006	0.9986536693354033
2.4745487674126063	0.13040046926269738	-0.7842850685265376	0.991375063912143
2.588530079944275	0.23954755161144398	-0.8498399234325446	0.9705249486688431
2.7107599256169794	0.3745362517700967	-0.907706380314474	0.9301124624943718
2.837232746071178	0.5141778876748062	-0.9531648669657445	0.870629183450371
2.96563840886529	0.6615284268935446	-0.9836533932569931	0.7882071969453199
3.0946189999012748	0.818935623800797	-0.9979453927503361	0.6816818681584863
3.223599960524312	0.987938102468211	-0.9956588320933635	0.5494460271655663
3.3527862159006108	1.1689645702156777	-0.9767807504013316	0.3908002451341166
3.4830466632547092	1.360893928266497	-0.9412242899714345	0.2079398170804593
3.6155313878052797	1.5632167554018817	-0.8886407848539133	0.007603414775780609
3.7510210800725896	1.77084880446303	-0.818721877582991	-0.19850248448061547
3.9493626135731534	1.9795478294461275	-0.690177282827392	-0.39665017271045855
4.164091663286314	2.187596165060666	-0.5201707256043351	-0.5781447868016185
4.367155061643006	2.3968576247273545	-0.3382816842923436	-0.7339995472853152
4.573549632210922	2.5167438756022444	-0.1381153894115491	-0.8095051204284134
4.78346441041486	2.5977356516658	0.07086303763017367	-0.8543541648450484
4.992119684346768	2.685022683975697	0.2759707504998237	-0.8971581044533353
5.193773774390635	2.774469405748945	0.46205644667716567	-0.9315980699670257
5.386012036602441	2.865022677972925	0.6238039311222677	-0.9602090822455303
5.568726845974954	2.9531101512407907	0.7539199473332169	-0.9820524125951918
5.743816310174077	3.0379506914432404	0.856895967302034	-0.9928941487944284
5.914967130784442	3.1140882704475703	0.9321019762898285	-0.9979453927503361
6.05586730508165	3.175225169854412	0.9728611312881414	-0.9979453927503363
6.196524678753532	3.227914153903599	0.9944514376376814	-0.9951075231740765
0.04206880979379463	3.2668920071268466	0.9973064883224501	-0.9901265600490112
0.17080095422780722	3.2981485440652523	0.983657452508512	-0.9861323006162064
0.29923751536690574	3.325298452726457	0.9538234608544911	-0.9826628254474279
0.42673556763742887	3.3419170486436687	0.9086841166830597	-0.9795358760468567
0.5524798692468251	3.352127097039673	0.8497484280643011	-0.9769478244038096
0.6756428448099085	3.358901192678553	0.7790640974456371	-0.9752307209515652
0.7954184142883931	3.365048295989913	0.69907921620651	-0.9736725480411241
0.9109496776049641	3.373638114511406	0.6125465460212923	-0.9714951936275321
1.0212432956165016	3.3879011833753174	0.5221487422557853	-0.9678797789520652
1.125147650210168	3.4109760864576972	0.43039453186238985	-0.9620307331376616
1.2213684667531761	3.445541581975966	0.34165452910907157	-0.9532690423014258
1.3087016881792688	3.493676558312792	0.25878863531154245	-0.937237973441448
1.3863096344561145	3.5562542637106414	0.1831783080497953	-0.9137707105876722
1.4593270458477234	3.6328826046409293	0.11104269268577702	-0.8801320703529253
1.5230497155865286	3.721654554833829	0.04765792418256963	-0.8362742745900249
1.5807294617877719	3.8174148789706552	-0.009888304473584953	-0.779038247749732
1.5675280650045322	3.916833297602128	0.003297271824202516	-0.7127918595671213
1.5621070276406939	4.013617237129963	0.00871181264497363	-0.642189104747125
1.5571572558597118	4.10055856768362	0.013655652645119339	-0.5742621946999104
1.5506602248630599	4.2683690700512775	0.02014489763351374	-0.4288779599180822
1.5436071686285735	4.406250485719016	0.027189501521980748	-0.3008278301162708
1.5388329886714778	4.528403626312865	0.03195796012657133	-0.18265217706926168
1.5403188929454887	4.641430794319077	0.030473836552537516	-0.07084022344154886
1.552788930552532	4.7482522358367225	0.018018742973901977	0.03583758211680262
1.529287013651874	4.850432891925069	0.04145370054319718	0.13747640638787048
1.528561409945119	4.9492512383214295	0.042175456602167205	0.2342057330154549
1.5461413368131214	5.046205071553238	0.024658370271444865	0.327013412505451
1.5774448718061787	5.1431200833354636	-0.006607650727594189	0.4171776806842314
1.6218308622224593	5.24067461964536	-0.05094044920311357	0.5036102212434657
1.6789024402866182	5.340490768098177	-0.10779688127686018	0.5865281252817467
1.7481918514766277	5.44406889998034	-0.17615127346972959	0.6667527111732823
1.8301041954683668	5.552572487235362	-0.2559635658618136	0.7434554060262444
1.9233052799633596	5.665421140534675	-0.3452512487614929	0.8141579601936586
2.026602547976514	5.782205826496006	-0.43964812911318213	0.8764929549502193
2.1388100430077883	5.902184635621356	-0.5370195129143407	0.9280768659582649
2.25877383250944	6.024232645786717	-0.6337556105993929	0.9665088544234002
2.385069799896303	6.14722670872933	-0.725804580336925	0.9903133073209088
2.5163890673283595	6.270401509167814	-0.8092930512226093	0.9991815002754552
2.6516950467249987	0.11034098435932475	-0.8808148500842206	0.9929352712534306
2.7899596808134866	0.2335231860668358	-0.9374070774131406	0.9716757693153493
2.930242414540636	0.35657542791797353	-0.9767410358501014	0.9357681890742142
3.071635729927818	0.47823740938304055	-0.9971987453969424	0.8863536110678512
3.213342463761133	0.6799913031077828	-0.9969696331998337	0.7762472340706629
3.355049197562797	0.8687882942225001	-0.9762071279088762	0.6448023115940762
3.4974526162084234	1.04910668367081	-0.9358219141176922	0.4977662213110299
3.6425908137506435	1.2290240704230329	-0.8753713448998992	0.33447490795838386
3.793730782961482	1.411021647908828	-0.7931942519935377	0.15909194232271806
3.9547798753070427	1.5910792703754943	-0.6864111697831043	-0.020225709904362527
4.1294666677919585	1.7645886179136092	-0.5497597586374916	-0.1923267753895657
4.320178196989821	1.9261635893895594	-0.38153549032222006	-0.34786838635118966
4.527596536739579	2.072089694453868	-0.1834483754533966	-0.48000317055358854
4.7510981502719245	2.2014889930092236	0.03866840556463698	-0.588999197107436
4.982842558224397	2.3151764564699837	0.26693241646559007	-0.6772143062617302
5.215096473270971	2.414254826076486	0.48094818770243636	-0.7460941866351525
5.44102193663264	2.500695995153005	0.6644986562514368	-0.7999132886922332
5.658820783611826	2.5780309736957703	0.810559701495016	-0.8446913567106692
5.80609595238231	2.6511879689092863	0.8868513920889767	-0.8805661885405058
5.951406887451696	2.7251014736077392	0.943576578014271	-0.9130846036655778
6.076396102206053	2.8020864568357196	0.9767827000249264	-0.9419547392149487
6.200237343189065	2.879071440066311	0.9946891459318058	-0.9637701742608038
0.040784241223682446	2.9460599023801626	0.997388734539093	-0.9807504659530953
0.16421665700376237	2.9875033493968948	0.9849152356114889	-0.9864475046180239
0.28538969890228855	3.049750425742867	0.9581840327467686	-0.9944020317733954
0.40058801045229514	3.0710024162249985	0.920021345658883	-0.9971178145108243
0.544359444616986	3.0761337154326105	0.8541753687438026	-0.9977735410330214
0.6714290229506573	3.1376042151572987	0.7817937454383045	-0.9979453927503362
0.7777233626462624	3.173481403438397	0.7121695010884613	-0.9979453927503363
0.9454602867444307	3.180556937013214	0.584261289548055	-0.9979453927503363
1.0825288849763866	3.230481069395558	0.4681544177066692	-0.9947794981456746
1.1957121569334277	3.275923354341926	0.36571567341252376	-0.9889724480667448
1.2888901508684782	3.3169134375152316	0.27809022608271977	-0.9837343429404772
1.4080582077751231	3.3600251491906503	0.16198954033958787	-0.9749458195108447
1.5033387807578713	3.4351576428952013	0.06726433813567835	-0.9559011719013004
1.5809533949798997	3.515040214897666	-0.010111969305336536	-0.9292263894211066
1.6439131507385902	3.6397455851751976	-0.07299627441918952	-0.8767665921536125
1.6942380647489614	3.7655257138577793	-0.12292556069581181	-0.8100524456849584
1.7343058326481	3.892146517160479	-0.1624526381270236	-0.729954258286227
1.7642635422988555	4.019183334578741	-0.19200608647503184	-0.6378403353148028
1.788091446346104	4.146208578407442	-0.2155124472653299	-0.535452841360912
1.8066513571458345	4.272927888103271	-0.23349548405154014	-0.4247121745097393
1.8217903156830524	4.399231924137136	-0.24799877590298985	-0.3075516907272323
1.8401707778014071	4.52524481193312	-0.265607464493533	-0.18576836514575515
1.8641992426311724	4.651412101643678	-0.28862700294537835	-0.06087087766388971
1.8970534033855444	4.778637058075772	-0.3201016569503867	0.06606128321921344
1.9422978595812552	4.9084518401771	-0.3626116611588862	0.1944565063734987
2.003637800696615	5.043223694388089	-0.41866325802734194	0.3242174006589442
2.084816468810881	5.1863222093836105	-0.490878924946584	0.455454419554065
2.1897874378059745	5.34218769703321	-0.5798568193379461	0.587918945998654
2.323171157865896	5.516227433108329	-0.6827722709109134	0.7199116475677712
2.4643769475961923	5.615525833163043	-0.7782053632072965	0.7842356003683311
2.5680826926326032	5.7418450417426845	-0.8398129044301259	0.8558213081792729
2.652110057445543	5.834314616846252	-0.8810183636342734	0.8990866253138049
2.754121495076922	5.938873328477487	-0.923967400781736	0.9396298557918339
2.8689213467632753	6.048622568043757	-0.9611973200850796	0.9714771858917375
2.9887560288880826	6.150983624061317	-0.9866075839922621	0.9910309821862888
3.100380443942817	6.252426858324038	-0.9979453927503362	0.9980306492724221
3.209903701366673	0.06850204480630041	-0.9974090711695075	0.9956140651821097
3.317919464339428	0.1634217879271657	-0.9836057832046333	0.985067077616733
3.426733767524513	0.27954296728548556	-0.9580364629056473	0.9600251239841535
3.5407206678384737	0.41207128600329923	-0.9195959637681606	0.9150423518893149
3.6625105344942623	0.610505390578889	-0.8656030837829827	0.8181151634822638
3.7935281907184324	0.8014319899607817	-0.7933153415487928	0.6946305477141664
3.9360324529703687	0.9671631754346518	-0.6994444909104978	0.5664733748134234
4.091987953501838	1.1183175438942525	-0.5809583809081025	0.43644595154521154
4.263401836358034	1.2802336261121061	-0.43341694993767577	0.2864492753632383
4.452091802305371	1.4319354218583404	-0.25691133535395777	0.13828906752554057
4.6582517052906445	1.5747984992429904	-0.05403947056246855	-0.003964449563563514
4.878708189733497	1.7305579218109264	0.16547845384293208	-0.15875530309605412
5.1054144725231465	1.8385030844298518	0.38254150484869787	-0.26400979556360404
5.326829970155962	1.9447765666951353	0.5753315923007412	-0.3648766697222444
5.531480118351772	2.044674592640347	0.7297920988654799	-0.4561621156555045
5.714878510799063	2.13801944215919	0.8411202010006305	-0.5363438994076464
5.880342176705368	2.228806365264286	0.9190435559603854	-0.6103421496028631
6.03486172445596	2.324481927356337	0.9688484836994623	-0.683683525769641
6.1851177097310055	2.3771046354557184	0.9937210912262134	-0.7202671499573066
0.05215749005777228	2.405861296860045	0.996660547107681	-0.7402589544786742
0.2032029879306724	2.4587673295673964	0.9774677667900848	-0.7748524897604483
0.3526945177922539	2.5339728741927976	0.9369902581024909	-0.8198029074779984
0.49591567513773327	2.630190963183284	0.8786885529005684	-0.8702696468748459
0.625633777715925	2.704046633396895	0.8098677533423929	-0.9051888288615833
0.754770359134528	2.7756303569201277	0.7278065294099191	-0.932033438220325
0.9324103411094765	2.8301023129875587	0.5949571615842386	-0.9513574387987124
1.0843061641883258	2.902700365974261	0.4665797625098771	-0.969759654246368
1.2184560257269892	2.9487145454943926	0.3443858908792837	-0.9814233671193794
1.3406458597355302	3.0520591529681083	0.22766670281176538	-0.9946970630340678
1.4537205548390508	3.1522908623844357	0.11661945423950112	-0.9979453927503363
1.5586875932016637	3.248385702758621	0.012127149251502753	-0.9924914727370294
1.655798205330675	3.3406709848686402	-0.08486708602347844	-0.9798517293391453
1.7452221938000205	3.4349334997294987	-0.17322168954024975	-0.9559579878992052
1.8275187996015125	3.5300433893112553	-0.25348672766212266	-0.9236000495710546
1.904082783448806	3.626669809671802	-0.32683588178769063	-0.8831787096259051
1.9774172331433695	3.719509589045667	-0.3947032630317059	-0.8375563224582773
2.0487884049249407	3.800534811511734	-0.4599212608971814	-0.7891274783664151
2.122392112772167	3.9576076184912834	-0.5229894553463319	-0.6844453056592715
2.150412518187994	4.082956217403534	-0.5469344895510727	-0.5880148398053017
2.1823122476133063	4.278822342768552	-0.5740164834635162	-0.4193259026834204
2.229460417344984	4.436673116364971	-0.6108531578491003	-0.2716826091909069
2.2884841684619515	4.57765801401916	-0.656968175956594	-0.13406244774881443
2.357460441215461	4.711767537336601	-0.7066103875915642	-0.0005877716121414911
2.43509691722162	4.843094939795331	-0.7605837341570829	0.1301773651057404
2.5201824199284735	4.973504848311008	-0.8115603412844579	0.25783505805968626
2.612334889593412	5.103894471599456	-0.8615133599974497	0.381116009061375
2.709427705491719	5.234728227139647	-0.9072067844974046	0.4983417649433046
2.809715937193025	5.366280663384344	-0.9448158703453458	0.6076657934011114
2.9114955650432455	5.498749195148739	-0.9719890686936414	0.7072036042059595
3.013275191981129	5.632307154874851	-0.9897408773146119	0.7951062784973495
3.1136042260797856	5.7671052505837705	-0.9979453927503363	0.8695921947016841
3.2104384490290725	5.9032250245676385	-0.9973407359953672	0.9284044765102815
3.326491416012522	6.04059825722971	-0.9825103771813981	0.9699443203160333
3.4637013461823782	6.1753740888426725	-0.948478976570116	0.9930972428983671
3.5969118410312353	0.020006592036994616	-0.8977714648021133	0.9987190512509443
3.7743327921102034	0.1477838557636263	-0.804788447554375	0.9880543557075472
3.940187893079119	0.27609023937823685	-0.6965556038736359	0.9611123616943369
4.0949701372342195	0.405446915923117	-0.5786284128153236	0.9179145896241011
4.246004587316484	0.536053918258189	-0.44931431749567874	0.8587032197095419
4.399262796653836	0.6676639578532632	-0.30752211451042843	0.7842326958089286
4.557176710026979	0.7997056388551927	-0.1542673688422235	0.6959076520841038
4.7210316225526325	0.9314606857251905	0.008665211572203953	0.5957355090772419
4.919516211474124	1.0621774529946522	0.20523608211087516	0.48618562401174503
5.12031676302098	1.1910927993980978	0.3965172544650487	0.3700478251922493
5.324082313720257	1.3173876253362722	0.5730795843263186	0.2503262731112437
5.52874354477463	1.4402358780858493	0.7280193892396014	0.13003262600153984
5.729967808725109	1.5589000264428905	0.8493463012181575	0.011914970589170746
5.871330792888933	1.6731583042354061	0.9151363411872193	-0.10213025889242347
6.009083448036175	1.7840289803882912	0.9617384874799648	-0.2115048018461904
6.143745861018124	1.894500575516267	0.9896483690159973	-0.3176560192571713
6.277546107343855	2.0098718400760576	0.999638942706389	-0.4243598377078054
0.1284062416123769	2.037548671328912	0.9917560166177565	-0.4496505464984081
0.2616604009513305	2.0918421418270072	0.9656562078678653	-0.49688276315612867
0.41777725246828956	2.159958050712403	0.9125683216048054	-0.5550916913976363
0.5670673664220219	2.236390272784368	0.841795890161333	-0.6162674258856441
0.7041908670153051	2.3191870885797656	0.7605711344988277	-0.680002521903961
0.8266471777904757	2.409549036054534	0.6759770846603079	-0.7428226930179098
0.9333996516044524	2.506567034251978	0.594146312347444	-0.8034224137341359
1.1053034706653606	2.610140026013076	0.4479763165568787	-0.8604370396591939
1.2502196931732272	2.719469352265689	0.31459711020894265	-0.910972502061373
1.3780236907277428	2.8327537523521173	0.19125097260323842	-0.9520295278758388
1.49349558337954	2.948171898767326	0.0770553401403694	-0.9812858165712226
1.6158176980700731	3.064268621710197	-0.044934491195467705	-0.996257305801484
1.7265645459151728	3.1803653446102857	-0.15481581541007353	-0.9979453927503363
1.8285113423732668	3.296438572559842	-0.2544375947550215	-0.9863508171405664
1.923190588681257	3.4122957513859746	-0.3451413732285715	-0.9616962233632285
2.01197423183975	3.526551284300935	-0.42628097446560614	-0.9249096237343953
2.0964206940097356	3.6361114275783692	-0.5007953970740411	-0.8785487155479486
2.17872470720919	3.7360104196864357	-0.5711288694846589	-0.8276937620089965
2.261604178069567	3.9054829995104385	-0.6359669481420891	-0.720682655286341
2.345813492586386	4.051546172171171	-0.6985133586288123	-0.6125553811507196
2.4339140692838783	4.178548088083743	-0.7597614111336503	-0.5078168862820394
2.5279947262925746	4.288977526868918	-0.8162297634148736	-0.4100462347383832
2.6282588631508674	4.380503379366167	-0.8693221809006206	-0.32549384639788415
2.734680826425715	4.5266360708158535	-0.9166769563911894	-0.18439588046622143
2.846014093759598	4.719813205659206	-0.9553907703534383	0.007448254823265044
2.9489010035798757	4.877482045649535	-0.9814706306714975	0.16428387055725052
3.051787913423303	5.021171085304764	-0.994662401449116	0.30353589918233403
3.1528684738106336	5.160058288707382	-0.9979453927503363	0.43218479545497157
3.2513923670280094	5.288803059586079	-0.9921072524012018	0.544164338370009
3.347020980191117	5.418774185859141	-0.9782421271913133	0.6480404168804734
3.4433422095933737	5.549303211466621	-0.9538265410602631	0.7413376202399213
3.5388909139761098	5.680069975399774	-0.9202821396925223	0.8221439370271006
3.6652905266050113	5.810898029239445	-0.8642398272800288	0.8889335080015025
3.7876874852518783	5.941675436345185	-0.7968063361529076	0.9405122182089147
3.9039385515577707	6.072336369362602	-0.7217563648219867	0.9760071786291962
4.071852775448284	6.202873167965669	-0.596689914112374	0.9948579081299893
4.22572175326671	0.05016647329948962	-0.46750429945090366	0.9967880246121534
4.371967970067302	0.1807126502038073	-0.33367086411206104	0.9817640441011682
4.5150247397505	0.3114475476888273	-0.1958505235912136	0.9499786147097712
4.657592295122227	0.442395440077631	-0.054698090497159124	0.9018942066991285
4.818839565869644	0.5733532260669477	0.10605060978396583	0.8383690831855616
4.980749772063276	0.7039976323852087	0.26489349836348275	0.7606963088744362
5.145766018495492	0.8339454444183957	0.41952195811803317	0.6705780391397826
5.313929189104036	0.9627568481601599	0.5647579771181135	0.5700848467686226
5.4836734815426444	1.0898971184320259	0.6960510294696067	0.4616262216730026
5.652921328391378	1.2147005022979214	0.807343547230579	0.3479079169148534
5.81863658592654	1.3364023652692352	0.892288842057483	0.23180097025115137
5.9805503228738734	1.4543087131587085	0.9527536237724282	0.1160344147380561
6.140131875474487	1.5681221280827542	0.9889579976982217	0.0027039206680931176
6.2756946419913495	1.6783372749585779	0.9995204001668687	-0.10723934251555162
0.12812194815070507	1.7865499645256533	0.9917968213223551	-0.21399176681641804
0.26338066300246366	1.8956530913363123	0.9651145104553751	-0.318760142322205
0.3967840950675793	2.0099821237632995	0.9216706721873933	-0.42446061342858465
0.5492184172368425	2.1231124680851736	0.8515264452537199	-0.5236050400373287
0.6955641407742789	2.1671537599165718	0.7661593930331584	-0.5612408352256505
0.8348577331641621	2.2390356730165153	0.6699031544421732	-0.6183342663913464
0.969081871438432	2.326528304422608	0.5649007914857349	-0.6851061794536234
1.0995922031390803	2.4228430366576306	0.45303645400186365	-0.7520647624510485
1.227032623282723	2.524429779412087	0.3363425380794862	-0.8140989916450928
1.3515119200998653	2.629660414814302	0.2170803335080025	-0.8700094758076872
1.47274935909047	2.737107372820026	0.0976915537401511	-0.9175869354596156
1.59021844362354	2.8407596204290244	-0.019365914762724142	-0.9540588620402652
1.7033169646928796	2.9448549688790906	-0.13188194633667988	-0.9804450383971954
1.8115450297952604	3.048950333194304	-0.23818367726414438	-0.9942997882901998
1.9146872300153304	3.151834932280933	-0.3369950603797517	-0.9979453927503363
2.0129644615196214	3.249750013780313	-0.42718583276533856	-0.9923171280174461
2.107175525933967	3.3760666657390375	-0.5099860142143091	-0.9708796024225623
2.1987837107416284	3.4933602987119827	-0.5868855710095485	-0.9373565739419781
2.2897555781452383	3.63068280528791	-0.6579615232016822	-0.881210811102441
2.380274153475645	3.800390816793757	-0.7224706180091227	-0.7892135441313057
2.472245074139542	3.988299860419103	-0.7829081491061258	-0.6619694688100911
2.5671587123281783	4.194773614057253	-0.8393598016483813	-0.4939512491272625
2.665782118413985	4.347658584295749	-0.8877228884248093	-0.35642428931594505
2.7672689570194096	4.486546752654752	-0.9288978299705789	-0.2239031069863471
2.87095516202548	4.621606509618145	-0.9617128532859863	-0.09064075082248965
2.9757467643483637	4.783201290770156	-0.9849451356633246	0.0706013132260247
3.080538366642044	4.945155302565416	-0.997945392750336	0.2302152261432524
3.1844859315826484	5.117609191055513	-0.9979453927503363	0.3939780241458491
3.2868525632690067	5.194778481507965	-0.987575809151304	0.4629466091642582
3.3863889295376013	5.301570452414664	-0.9682631063250224	0.5546286271686124
3.5060727068878337	5.421347996960867	-0.9325892942491464	0.6499444475233507
3.642853214364506	5.546838162071365	-0.8752426685119902	0.7397407997386433
3.799171743609526	5.674959660198075	-0.7899421852060082	0.819357991305944
3.9467625376857627	5.804293826904887	-0.6919848712727468	0.8860700147298586
4.089702097299094	5.934138088120738	-0.582744311117312	0.9381387646833131
4.232580975800088	6.064128444028382	-0.46158062958457863	0.9744392375954629
4.37796792068397	6.194098584022845	-0.32792284421532275	0.994296103685521
4.528675525609726	0.04084614554644445	-0.18238394689014129	0.997384771032232
4.6882480498426755	0.17083855199768833	-0.024079073474209328	0.9836502702933025
4.861412006860602	0.3010327010207359	0.1483973025369387	0.9532581705703864
5.054583666724225	0.43151725103153465	0.3348710735987921	0.9066108431017061
5.212304766246232	0.562271129090176	0.4784747575599496	0.844410612804638
5.308985777171342	0.6931899707384216	0.560706304955387	0.7676973433046919
