5.996157453859701	0.3367129621054704	0.9576681904024659	0.9420227282179578
6.082443249718758	0.4948682055930888	0.9779378726582201	0.8791427216012524
6.160326833545603	0.5853317829069049	0.9921338223011029	0.8318388384048059
6.225832774185321	0.5936447735591496	0.9963279275521622	0.8273069181956694
6.274500186889397	0.6754247148420354	0.999443923585259	0.7792053986322638
0.02849960514452221	0.7184168668081518	0.9981752747548932	0.7513557540021467
0.10666013645549283	0.7385056810936543	0.9931709424516616	0.7383425338373921
0.17191897459512573	0.7397503988904541	0.983443879657994	0.7375362250875305
0.2669888943858161	0.7228848863807582	0.963978305885414	0.7484614407006036
0.3441090981058056	0.7955856338960442	0.9396937413457727	0.6989555120011609
0.4708943630326223	0.8367451320688392	0.8895374571635052	0.6685069115914726
0.5734092703451247	0.8576763158733481	0.8383385300179349	0.6530226301969417
0.643973243411171	0.863104342533776	0.7995791706438203	0.649007133844128
0.7677198512616323	0.8575727681444281	0.7194180506437343	0.6530992317970872
0.8569950408327955	0.8428750431758513	0.6535266176700589	0.6639721815259907
0.9210612446706534	0.81954261336188	0.6042589998164856	0.6812328349239052
1.0309744165478818	0.7871756011698239	0.5138312652630084	0.705177009766708
1.1208679287923442	0.7445827705918207	0.4341863308808714	0.734405890167107
1.201895179105372	0.6896395809833702	0.3599170768974441	0.7699972303411564
1.2811785863452183	0.6184856651213353	0.2855630674600099	0.813764627196793
1.3635865510979959	0.5251209533698868	0.20531650203027313	0.8646634482958325
1.4532176413351112	0.5199250582114043	0.11711970095162115	0.8674960488914947
1.5534983153004476	0.483992169130822	0.017310208348989928	0.8838584246724451
1.6681193296830836	0.43099652489274387	-0.09715928227588377	0.9068366229490308
1.8014381360632883	0.36624221700974496	-0.22850115986071687	0.9327241908446119
1.870102962369929	0.29064662767907956	-0.2942828325831868	0.9565286659297436
1.971551370795375	0.29357158353776674	-0.3893431184727585	0.9556076196163312
2.094514617764399	0.29747006639508367	-0.4991665462343009	0.9543800170687691
2.23420587006938	0.31139672656678	-0.6145607608762291	0.9499946178938761
2.3889740727838684	0.3412860801830512	-0.7285188544061165	0.9405826881798682
2.4939250559646426	0.3907871438839482	-0.7958662926047373	0.9242708695306585
2.612998168845854	0.46168352228409243	-0.8618386198248679	0.8935311537787017
2.740829633226609	0.5542827956200258	-0.9189828201891073	0.8487655425050485
2.8734473218368266	0.6675523139691375	-0.9623445680481825	0.7843050169735095
3.008365113324717	0.7985694210624544	-0.9891134204716533	0.6967481929819599
3.1439666633616805	0.9437178644534295	-0.9979453927503363	0.5856893970956929
3.2795682133999837	1.150768647119376	-0.9885066730929343	0.40769453308951387
3.415719613174039	1.3526430154657194	-0.9608283400014185	0.21597835239808633
3.554332583876196	1.556051254661038	-0.9144913596672289	0.014760328417691426
3.698309279944079	1.7585264040047703	-0.8480480438447919	-0.18634636741719157
3.8506156629001023	1.9518901304293825	-0.7588267587585509	-0.37137694669480004
4.013443791164668	2.127941972959088	-0.642324617378547	-0.5277321273396601
4.187333368966577	2.2811083727733834	-0.5003093628141992	-0.6512054966063532
4.370777935741238	2.4103530728689666	-0.3348109303261086	-0.7433816642627323
4.5602352333032465	2.5171511281926238	-0.1512501185009884	-0.8097485356466037
4.752597216243138	2.6073177168035593	0.040159522461431514	-0.8590530316368893
4.943117098319955	2.684739094743866	0.22822948502499296	-0.8970190375606754
5.128988292938706	2.7546404496899966	0.40464963726475717	-0.9241620139308883
5.3099285636687075	2.8221289747558456	0.5614790226367733	-0.9493363503267683
5.48686270348831	2.8896174998247854	0.6984103231673504	-0.9664433983462326
5.663093870138654	2.954292176381442	0.812889222601971	-0.9822034630803163
5.781458918621026	3.0075323291549245	0.8761691057453954	-0.9890069993402196
5.902266463874125	3.036838141078231	0.9281026330515775	-0.9927519764610484
6.023223023109284	3.0989189916936657	0.9661909319350231	-0.9979453927503362
6.1438867021779195	3.1430112664023633	0.9896752735777092	-0.9979453927503363
6.264464727924282	3.1608483699430145	0.9988013899351604	-0.9979453927503363
0.10180832945064708	3.159696711011498	0.9934815858686926	-0.9979453927503363
0.2215899783751236	3.1426486476650504	0.97395534244035	-0.9979453927503363
0.3390953428023582	3.1843233424794692	0.9412725346888844	-0.9979453927503363
0.4522182019796419	3.219276437497355	0.8976351893052814	-0.9962113332443195
0.5586084481140527	3.2413486920630525	0.8464073644707585	-0.9933907293118992
0.6557606955381796	3.254169659091965	0.7919434432419812	-0.9917523434410067
0.7408016625809484	3.2958055086520135	0.7368552328865381	-0.98643171610549
0.8443523144189979	3.383390069469853	0.6628793391985537	-0.969023259893799
0.9304207413707031	3.4665115097766463	0.596587858355277	-0.9474251372305377
1.000185840983313	3.5428498879155126	0.539407652481515	-0.918797485030346
1.0542889130250284	3.607984659870005	0.49317480746408315	-0.8923415600805794
1.0932699395576655	3.7174045719197166	0.45863792907515943	-0.8386840672849527
1.1189642325426445	3.805827895708208	0.43587299056414774	-0.7859637974592324
1.1320481383156051	3.9794266996080228	0.4242807544757898	-0.6689020334765214
1.1347857994573383	4.120875231507473	0.4218552085542898	-0.5571016308426548
1.1295449651313525	4.241701142527256	0.4264985459384791	-0.4532467463191399
1.1241069640611554	4.350097912698605	0.43131657148439406	-0.3541952644786125
1.1153647114768714	4.450554890245673	0.4390621374995906	-0.2583837143222342
1.106495599777613	4.545323831270853	0.4469200996781548	-0.1659603001169458
1.0997864503880963	4.636373486974388	0.4528643524895798	-0.07589147013533963
1.0968343192612398	4.701030940548411	0.45547991710615127	-0.01131150171841281
1.098622600164539	4.768719650792854	0.453895514498622	0.056196464821672426
1.1057050861735334	4.8361623074296824	0.44762048842204866	0.12328149430472646
1.1183595723535322	4.904429492426178	0.43640871466573117	0.19053769336016613
1.136721244384004	4.974430690732902	0.420140419796617	0.2587370694112361
1.1608979352151951	5.050326355644868	0.3983653419915178	0.33087845825602585
1.1910690517529703	5.135361538080074	0.3700700963419312	0.4103036715111792
1.227534670429703	5.23626261019564	0.33587170540964817	0.4997012160845534
1.2707054844991441	5.359939841701007	0.2953850105451053	0.6024687895800712
1.321179253571804	5.407144855502469	0.2466322409212825	0.6394373762997543
1.3795739280594714	5.499162501891308	0.18974063819022288	0.7075093565209729
1.4468594467432012	5.555294726215937	0.12344418004137811	0.7452188299243323
1.5241743722079748	5.590773894793752	0.04653923126075443	0.7682016812466599
1.6131039480221208	5.650427809872614	-0.042223993291501255	0.8059841776078077
1.7151417224126282	5.7291921336491995	-0.1435471360515247	0.8489234332396773
1.7928252593814624	5.822225082380626	-0.22018238033633375	0.8938447658361693
1.8889119455738095	5.925174565885853	-0.3123020491735657	0.9353162198284535
1.9971837228603364	6.034329334665504	-0.41276561022301206	0.9687467825064804
2.1144577384315997	6.145235159571443	-0.516209080039171	0.9899328662815233
2.2382575031987897	6.254772918489796	-0.6177262854589924	0.9981808589047763
2.3669648448925584	0.0782270857700442	-0.7132179063759287	0.9949914064587255
2.499488748153007	0.1815014604530025	-0.799191716137863	0.9816133594997396
2.634693841302363	0.2855347981242857	-0.8724777746799961	0.9581383421073346
2.771907220578194	0.3888153628899784	-0.9306372250063519	0.9251258072390086
2.9105464121708535	0.5718199868392861	-0.9717484766263347	0.8392049457688311
3.049985904326437	0.745847570400439	-0.9944321234804676	0.7335865726036125
3.1896479315059856	0.912690005693469	-0.9979453927503364	0.6111201549039406
3.329309958706728	1.1358641300453722	-0.9821501968208777	0.420899816259764
3.469517732585659	1.338912380071873	-0.946297773732506	0.22935556292156845
3.6118175809974313	1.5398280808529348	-0.8904619667421416	0.030964060458424772
3.75845128462776	1.737713463218636	-0.8142808380273922	-0.1658142847692224
3.911565140353282	1.9260353050326289	-0.7164543142737345	-0.34775116186534155
4.072042237905967	2.0981963830365813	-0.5965418878602063	-0.5023128246006531
4.23798416875149	2.249759711693041	-0.456643265974384	-0.6267129144507253
4.463931643319297	2.380491162687514	-0.24556863504352466	-0.7226214841226126
4.674534317139493	2.491831925670151	-0.037776371711229995	-0.7946152268549537
4.877180307189228	2.586086947624229	0.16398989880788972	-0.8486418567150162
5.069375192590748	2.670436524735915	0.3487429453076649	-0.8900053228465572
5.248068204583609	2.7490329737950012	0.5101608784883864	-0.9220591546148197
5.4125421305912305	2.8259399669983885	0.6434301235336722	-0.9503023638413381
5.562967026926762	2.9028469602035663	0.7501888265055747	-0.9697968130747397
5.701148956609686	2.9771818635455047	0.8336353803511001	-0.9851285263734499
5.829632241468062	3.042127522428163	0.8970564103519465	-0.9934279042323272
5.950851953948918	3.088543239649009	0.943401833682522	-0.9979453927503361
6.067632046455335	3.1222979243231523	0.9751085226812084	-0.9979453927503363
6.182761342017601	3.133808995182189	0.9935702216393684	-0.9979453927503363
0.014687900657120289	3.1278069908407455	0.999059587563029	-0.9979453927503363
0.13334987066259302	3.1053812678452952	0.9908116465695697	-0.9979453927503362
0.24776495905061097	3.1459819175592254	0.968955196290485	-0.9979453927503363
0.3941106169860417	3.177929164240321	0.922829856311464	-0.9979453927503363
0.5715493626836721	3.193820446152102	0.8393524795663793	-0.9979453927503364
0.7342988514038207	3.198462690902461	0.7410676524119084	-0.9979453927503363
0.8737727943225262	3.1947783756223234	0.6411149232991415	-0.9979453927503364
0.9935248371397356	3.2313439242706337	0.5448670809524354	-0.9946692342917259
1.097226802049725	3.259387409096058	0.4551321804880736	-0.991085569408652
1.187524559982307	3.2816124751765883	0.3733942114845805	-0.9882454377583734
1.265195402852457	3.333240549030671	0.3005525062043093	-0.9816479083713018
1.3304698388543712	3.438677520336577	0.23758079416398503	-0.9550089504110435
1.3841358923041187	3.5845166879413024	0.18529609834550495	-0.9031720199823017
1.4271019254090045	3.7158674432108874	0.14309693346646904	-0.8394378466572344
1.4619218590823624	3.884575152606405	0.10846163892797298	-0.7352179166086179
1.4918036536693218	4.0303621904473115	0.07873829808054142	-0.6291063404221602
1.45391060153765	4.161499820230885	0.11643041529865196	-0.5223856032870294
1.4284905518308135	4.284465031940043	0.141715670492953	-0.414169690712177
1.406050037334722	4.402386503965152	0.1639460207192445	-0.3045295679172691
1.385799502083605	4.516985513713189	0.18367530967762696	-0.19391620909574658
1.3690470498229117	4.629797913312117	0.19999655587256354	-0.08245916366422928
1.3578954843962356	4.743014325745694	0.2108610813733926	0.030621570807745267
1.3524862966903828	4.860213906696346	0.21613103725137434	0.1472055555202757
1.3547037943788687	4.987108852006793	0.2139706176813153	0.271088896369478
1.3657837171104048	5.017706480555217	0.20317589080144344	0.300286704133672
1.3864481252866443	5.0814880849276705	0.18304338195625133	0.3601027259034909
1.4171004010697064	5.162439581902344	0.1530454228741492	0.43429460221990956
1.457955540723519	5.2549715355856375	0.11240692515053394	0.5162771746586767
1.5091360339920992	5.3589830052231715	0.06149782590836292	0.6016845563876301
1.5706960267728696	5.4772028210665304	0.00013310652482160373	0.691264222925056
1.6425823398454162	5.541977380916519	-0.0716670583628893	0.7365920616179292
1.7251484487825777	5.6293348701606565	-0.15341882765794546	0.7931808788780171
1.8176167418539406	5.73196518609303	-0.24400044542613633	0.8504351939208705
1.9197348120947608	5.845177231729638	-0.34183070055025316	0.9037965089689842
2.0300482092859027	5.965359203195646	-0.4427967271579026	0.9479700559333859
2.1474401889117494	6.088618010662753	-0.5443944646966418	0.9791174229907773
2.2707806237511803	6.214010366658368	-0.6431364680516494	0.9955709821361477
2.3988179374890595	0.056539972556046654	-0.7353623685454652	0.9963799528183818
2.530494485596941	0.18238566818660246	-0.8177238716682516	0.9814444513370306
2.664785582534463	0.3099104594211623	-0.8872342057364908	0.9504626320935265
2.8009290975682464	0.4416974031851803	-0.941520717961319	0.9021968661034947
2.938338576934116	0.5802712946336075	-0.9787932578937326	0.834597620416387
3.076447610991399	0.7271399097336597	-0.9978136536116822	0.745705103023798
3.2147486384391253	0.882777338586711	-0.9967899387415893	0.6344536231778312
3.3530496659015276	1.046367526314135	-0.9767139708738223	0.5001930928670266
3.4918169697731893	1.214983918797063	-0.937935337666954	0.34764212166480624
3.632361869100048	1.3826034657390713	-0.8803874293914207	0.18678908043878828
3.776584996174893	1.6155364914024708	-0.8034423032774174	-0.044653621524477695
3.9261382825678512	1.8230655293915965	-0.7063229778741644	-0.24922044491955508
4.080922619600066	2.0135902458156916	-0.5896036815470684	-0.427757665871992
4.286142268374678	2.1899057073613704	-0.4126370550627481	-0.5799492228633988
4.479793088922629	2.355029405811855	-0.23037319249009686	-0.7049203171104996
4.736208980593601	2.5139767230417234	0.02382438114599532	-0.8078511909993643
4.9624710352825465	2.5888457419036626	0.247085254024789	-0.8499947181951649
5.172450549573326	2.6665343812561253	0.44316423967593366	-0.8880917841520717
5.36586308545684	2.744979856437078	0.6073235421609413	-0.920539195232946
5.543178223667151	2.8243595196747857	0.7373699487980849	-0.9499017507263016
5.706732975693458	2.9037391829440966	0.8366795710632741	-0.9700229744444056
5.860164713775663	2.9785911800777867	0.9102948795251229	-0.9853086223279048
6.00740495271222	3.0404919255098153	0.9612099420916247	-0.9932188920045091
6.151426910601823	3.078435036627201	0.9911156621910718	-0.9979453927503362
0.011455679705853303	3.136505114068567	0.9992665348220395	-0.9979453927503363
0.1548272841394251	3.1601746942757614	0.9867088658402678	-0.9979453927503363
0.2976785880572372	3.157166742210419	0.9543143551861724	-0.9979453927503363
0.4382395226297355	3.182416230135384	0.903696156585988	-0.9979453927503363
0.574527585752974	3.2498031904482967	0.8377288678146397	-0.99231033259388
0.7053505349332624	3.2944918970937933	0.7598199197322464	-0.9865995819624083
0.8306921145603666	3.328017904002482	0.6729847580077377	-0.9823153079366836
0.9505806929508466	3.3493766131154223	0.5800645510259871	-0.9776450193791162
1.064804571750652	3.3679590293993384	0.4838580177617336	-0.9729347328917185
1.1728570279442565	3.3901718030665715	0.387149798606131	-0.9673042203655864
1.2740597016081303	3.4206007829130676	0.29223933985234246	-0.9595910569961754
1.3678035333210794	3.4622562124641436	0.20120806441221128	-0.9490209161092708
1.4538563671960347	3.516415187494562	0.1164843620526454	-0.928710761001321
1.5328258708142883	3.5824534293789188	0.03793360882505378	-0.9039457624950851
1.6067169878107272	3.6578373296751248	-0.03584468718010692	-0.867894736638648
1.6786001427092245	3.7890248932011867	-0.10749866302375	-0.7960069662888951
1.7543748526264153	3.91779353516965	-0.18225083873176612	-0.7121242966162605
1.7598676497269488	4.044672562021282	-0.18766951383373973	-0.6179257049699869
1.7058116287471912	4.169991386477661	-0.13434294639757305	-0.5151290757238691
1.6878455464020512	4.2939004679099595	-0.11661930554541708	-0.40554771873686524
1.689846275687109	4.416496703409808	-0.11859303619017	-0.29101183879971404
1.7046699505759932	4.5380131075282035	-0.1332166744877411	-0.1731723700326276
1.7361376342195094	4.659056338483992	-0.16425972063618607	-0.05323580163736808
1.7031757357466326	4.7808899426885025	-0.13174262319025737	0.06830222149483271
1.7156665786297502	4.905761381053035	-0.14406490964916208	0.19183529933718318
1.7581125239358137	5.0372863905701335	-0.18593807241123905	0.31864924510809045
1.736242310827197	5.180795681637284	-0.16436298469590901	0.45055796007965687
1.7619033682314147	5.3434946778830925	-0.18967776153939506	0.5889901611833859
1.8142783651395817	5.418094510507696	-0.24080224314033177	0.647537612810861
1.888040444317361	5.531118188826592	-0.3114671412081265	0.7295576465713647
1.9808339975443012	5.672616640360096	-0.3978254554778209	0.8180806677291061
2.091797402509239	5.759113644200865	-0.49684453085797453	0.8652354807361303
2.2214815733372744	5.864000551640664	-0.6046193192853121	0.9119580472115626
2.3704927491506593	5.980969488737595	-0.7156705267029686	0.9528856159091104
2.4690928180733804	6.103521174132733	-0.781024042985594	0.9819643399138149
2.5871421973693236	6.215282551864852	-0.8491593315926167	0.9956524354914118
2.7187231175455677	0.04311430443059831	-0.9106926566081661	0.9972395491333728
2.8585852239252487	0.15344666529712753	-0.9585773109865763	0.9869726022714168
2.980214892141766	0.2641707556780936	-0.9855161157952871	0.9648657162918729
3.103414375485051	0.4011388883085651	-0.9979453927503361	0.9197824924325559
3.226613858808906	0.5401168501270625	-0.9952736873258392	0.8564882667744126
3.350102285344014	0.6818949134506901	-0.9774610753731058	0.7750141050194358
3.4757113554265002	0.8535024615055803	-0.9439751034732005	0.6561103263413129
3.6061480180082404	1.0248491710725915	-0.8932422151407023	0.5191933289892772
3.7442819894880612	1.196876291417815	-0.8227498377330015	0.36462391828428203
3.890877610049933	1.3711996359062362	-0.7308364101658605	0.19789937709091338
4.048388442449297	1.5446016232304445	-0.6150225026153349	0.026196238669348133
4.218118664398449	1.7140112986389433	-0.47400157243145014	-0.14243196666786942
4.398828337018791	1.8766425104752884	-0.3079383317072218	-0.30054779291816985
4.656849113658665	2.0004980171491757	-0.05544038133590913	-0.41579416688615056
4.903374065900173	2.119117924012154	0.18950943338344484	-0.5201914743504177
5.143712138649373	2.227952597064479	0.41770223696698794	-0.6096751039602423
5.371646046192899	2.3259766910657325	0.6120633173104633	-0.6847226945195769
5.583055839742367	2.4145357171699287	0.763202045718153	-0.7462894638181655
5.779293262360826	2.4977512096812076	0.8752301063302313	-0.7981531879216692
5.965080235470864	2.581874920336271	0.9478822111224262	-0.8465763567559602
6.112307616672164	2.6732948133267085	0.9836427937541148	-0.891406974489255
6.258385574355077	2.775776123567744	0.9984121640167536	-0.9320881021651466
0.12127264624827107	2.8932626009703943	0.9922353570153709	-0.9673673616462164
0.26697744875079976	2.994499693385296	0.9639819100286715	-0.9873415644118484
0.4108190466263498	3.0957367885890745	0.915585306034075	-0.9979453927503361
0.551045102309767	3.1837709796340716	0.8505306073725022	-0.9979453927503363
0.6864306169718642	3.2314412180006533	0.7720759471130387	-0.9946568011677478
0.8168008662185099	3.3074590452937995	0.6832610997691762	-0.9849425156624365
0.9425321689657505	3.3521949155954998	0.5866612055280688	-0.9769306336993164
1.0636594063280311	3.3728147766015075	0.48487262518627494	-0.9717038940124716
1.1797892623964144	3.385487233611175	0.38064857163036603	-0.9684916689658056
1.29013327238422	3.40012771162463	0.276879102362269	-0.964780588302119
1.3936370578666937	3.423714300925531	0.17603949161877	-0.9588018398352689
1.489132828263748	3.460807992511671	0.08139496094069291	-0.9493992997362657
1.5755714258544158	3.5141406894421463	-0.004736449903745582	-0.9295637204269998
1.652308909848485	3.5846801496986798	-0.08138197209490144	-0.9031107201950607
1.719400501767118	3.6717290913561085	-0.14774844573593515	-0.8610824746988166
1.7761763986928747	3.773038949235242	-0.20375818602543946	-0.805561778536553
1.823951357880147	3.8846287386686518	-0.2500690785338286	-0.7351806632548143
1.865287500259213	4.00360087701858	-0.2896695659427099	-0.650014846404788
1.9003836798653664	4.126965660302953	-0.3232920991207735	-0.5518970121490601
1.9338454429821104	4.252470184149732	-0.35488795880174656	-0.44340614378990967
1.9667724043071848	4.378747368512481	-0.38497616444291816	-0.32717612446494637
2.00116859384742	4.505110324983092	-0.41640693067554957	-0.20563114928473814
2.043287699456914	4.631329927575073	-0.4548947916867514	-0.08092898535922274
2.0951468822902184	4.757506093847478	-0.4997068523245419	0.04504236983485498
2.1590680770686417	4.884006652849648	-0.5543311581710488	0.17064053516856603
2.237456471356622	5.011426281330414	-0.6171004425193758	0.2943969724901095
2.3325852022696543	5.140552902171819	-0.6893169713832394	0.4149031786626669
2.446219528398397	5.272301618054413	-0.767352658374442	0.5306395841700743
2.5794281854036027	5.4076502040596806	-0.8453765233841073	0.6398112184739606
2.6707866492326344	5.535514824970519	-0.89017701739747	0.7324057188026124
2.77417386789818	5.6687588084630915	-0.9314872403291692	0.8159775273469182
2.886045217244173	5.8060794583702515	-0.965537893157266	0.8868442405072776
3.001175957754678	5.946567324327645	-0.9881947213686108	0.9420526364612065
3.116307949811513	6.089237827166342	-0.9979453927503361	0.9792358251069992
3.2302560728374656	6.2151839712254136	-0.9948082503592124	0.9956461237344401
3.3436964629215415	0.058088847453258284	-0.9790848286211351	0.9962807840364943
3.458335486070598	0.18433326541559128	-0.9500260327456573	0.9810724063331872
3.5774349099283382	0.31171945754387564	-0.9058277572779684	0.9498929923682139
3.70286899039717	0.44152298128085377	-0.8458120465184943	0.9022724930943355
3.8359782089361927	0.5745118180219596	-0.7679429297072138	0.8377374637702741
3.9773521313476143	0.7105778273529769	-0.6705228852706472	0.7564337613380008
4.128770483133944	0.8487855415971514	-0.5503546881255411	0.6595997665879676
4.2922785899148	0.9875732912993794	-0.40702976860358286	0.549745030218019
4.4701370002541045	1.1251508663262397	-0.2396238335932348	0.4303916824092191
4.664107404204127	1.25964771547467	-0.0481907890882009	0.30575526948106974
4.874309393202949	1.3891086177889838	0.16119288179537197	0.1804513702044943
5.098636772180419	1.511672092045095	0.3761852039177513	0.05897521577199029
5.330656987682999	1.6429369727424143	0.5784682559232914	-0.0720212662696625
5.562042716193363	1.7628766000168694	0.7495900724475495	-0.1906378601463108
5.738123115626201	1.8456897960362992	0.853792258359561	-0.27089474578156414
5.907978833446388	1.9236745298317954	0.9299014147048987	-0.34559391786660176
6.0477842979537675	1.9946152104714185	0.9713170530910691	-0.41041853883107016
6.184803489429856	2.058011897942868	0.9937009728521824	-0.46797289069215336
0.03407833666918825	2.117320768697943	0.9978180890255783	-0.5186557026572034
0.16610628776930858	2.176984086177714	0.9845542638073775	-0.569641409559734
0.2951703621421361	2.237530202963522	0.9551041764155928	-0.6171580487257409
0.41686958825422116	2.303351175009438	0.9129618725952554	-0.6685837080630324
0.5255824185505192	2.374197996281352	0.8644118753703469	-0.7182464368650928
0.6940195736575477	2.4528029313523616	0.7671599394896891	-0.7712875638958056
0.8380547252518143	2.5377799572643154	0.6675381126192339	-0.822078404254234
1.021997792837381	2.629563313353212	0.5215303484362306	-0.8699618590544722
1.1742683757924142	2.7259773241874	0.38582620045520954	-0.913413056357201
1.3089375182713767	2.825716703543903	0.25855887545707035	-0.9502457708333717
1.4328106277375015	2.9271391783330065	0.13741850258733798	-0.97595442492972
1.5492616015539356	3.0285616508949103	0.021541844839716655	-0.9916943273347107
1.6599803914237357	3.1281858911336995	-0.08904426020641094	-0.9979453927503361
1.7662792353285668	3.2234650393272544	-0.19399457893768945	-0.995676073615196
1.8699310393050923	3.3348653144295026	-0.29411812836134804	-0.9813233555583589
1.9736503232856522	3.438737288867883	-0.39126111246968465	-0.9549938002335274
2.0715670389025562	3.579123183145536	-0.47955653158217715	-0.9051946380048169
2.110487449347558	3.706876662090557	-0.5128162416234073	-0.8438467587478603
2.1676045412860376	3.8956284523920237	-0.5616260536102718	-0.7275335959038187
2.2373384976252226	4.055831542122948	-0.6170082701200156	-0.6092072389336672
2.3173082708936037	4.196200477141438	-0.6786963565120568	-0.4927319132593742
2.4076347767516624	4.324641957382574	-0.7414918884002198	-0.3774565672991052
2.4717100347369922	4.44371861540236	-0.782588355602073	-0.2649329421958391
2.5499921763302624	4.552555430927646	-0.8293776579330264	-0.15882628655509357
2.640217221527833	4.716216669539999	-0.8751863377660367	0.0038560287742936336
2.7393326316455373	4.879215178965864	-0.9184214296847386	0.16597239323466256
2.8453886249778777	5.032597955247904	-0.9552322260013039	0.3142523104110072
2.954721851220738	5.187262614313286	-0.9822583710435139	0.45628761081611025
3.064055098346492	5.293926307303162	-0.9962300197425298	0.5483634058239623
3.1713785220599164	5.413544637001471	-0.9979453927503363	0.6441717486372003
3.2763116135109187	5.539109359926722	-0.98892283259427	0.7347342024109625
3.379543199993171	5.667491024013677	-0.9699983675998125	0.8152863804170732
3.4852595358616285	5.797249611366754	-0.9403944407016611	0.8830157376535943
3.5939430074991265	5.927665803022964	-0.8992273256310653	0.9361006914211296
3.706556098940118	6.058339863755189	-0.8440039569635508	0.9733334584651923
3.8219412496185314	6.189054471867137	-0.7763328321799101	0.9939731476746221
3.937931508239464	0.03656022325892627	-0.6981242562288279	0.9976591829252018
4.051605344884236	0.1673062476696524	-0.6125091497492441	0.9843250382369717
4.210962077453579	0.29826523769513236	-0.48011728405806764	0.9541296236851335
4.360175469948692	0.4295471182432552	-0.3449682113145112	0.9074650661702459
4.503806703106398	0.5611021183776815	-0.20691717956700453	0.84504791212257
4.643806792020782	0.692708416056354	-0.06846707312316933	0.7680092869072386
4.836487961468499	0.8239627612545407	0.12360542150280371	0.6779629379885652
5.020236701839294	0.9543907473139358	0.30265961044262885	0.5769417905901617
5.201649874852044	1.0834973712074132	0.4690346088245084	0.4672963466357519
5.3804651875330896	1.210743985528373	0.6192915778628315	0.3516184396517535
5.554381375393262	1.3355430460481075	0.7446271755253111	0.23263817070096093
5.71956889848527	1.4573743195650892	0.8436772185209216	0.11298506427633082
5.875458599916313	1.5761373560034202	0.9169261027739741	-0.0053017018449939245
6.024208930996266	1.6927419499662606	0.9665013868165802	-0.12144963508371731
6.169181780294784	1.8097422566571297	0.9927007720814726	-0.23645660040479602
0.03042884419262601	1.9318416156539429	0.9980517526507423	-0.3530568888732442
0.1753176749718491	2.066153158911517	0.9827946337688027	-0.47493006242007973
0.31917546274201525	2.1101665428667276	0.9475451531418089	-0.5125420087368388
0.458609840295955	2.1902583428046527	0.8948638609318652	-0.5802247355094873
0.6294861069215386	2.2959036137043385	0.8077676128142122	-0.6627649585267528
0.7868869545090277	2.425115942966491	0.7053905421765851	-0.7536449006313203
0.9311841381100464	2.4845711962726598	0.5959621703972378	-0.7902754827446359
1.067068919156439	2.5694266115779016	0.4818518240326263	-0.8404719373225349
1.1973864494106847	2.6727996349663727	0.3641454790554827	-0.8911641482174681
1.3236161909050195	2.7897046015410027	0.24425803005602528	-0.9373114201451427
1.4462923426030285	2.914504930134895	0.12400827700701679	-0.9727518850846998
1.5655020584871464	3.0262327412899013	0.005320850385883313	-0.9913967169763949
1.681238912241325	3.137960552435145	-0.11010182394554163	-0.9979453927503363
1.7937238602493137	3.2488229844620364	-0.2210688551250648	-0.9924355926959326
1.9037028046987656	3.35987498729603	-0.3264718578889767	-0.974983882674017
2.012785691608029	3.472453781847881	-0.4270224752720874	-0.9451967260135118
2.1235282865406533	3.5888758977389785	-0.5239603806182969	-0.9015372728865678
2.1886007285421756	3.708705250112152	-0.5789296481881497	-0.8429500531413859
2.263149591965002	3.8300479706671653	-0.6371743737702966	-0.7714874381431961
2.3453075264249663	3.950223025486862	-0.6981616079004747	-0.6895791192733942
2.4331601509700023	4.066156049428975	-0.7592372825728214	-0.601140743118705
2.527516304635077	4.199731642073579	-0.8159438103849905	-0.4897143314711054
2.628002287482501	4.320969819903261	-0.8691963609578057	-0.38081211616161414
2.734418699606968	4.429483375562795	-0.9165786562231433	-0.2785704614123049
2.845558049671601	4.600289165168156	-0.9552751719149721	-0.1117366903950324
2.9485686740324	4.753260970625347	-0.981386391498673	0.040819757163332505
3.051628103737292	4.89513691481801	-0.9946419794379682	0.18148430555948358
3.1529001489487087	5.026318730742729	-0.9979453927503363	0.30836349288447096
3.251596556398239	5.157399970404369	-0.9920811591292655	0.4298295466553196
3.347413490279186	5.2884553215154915	-0.9781426334045122	0.5438793286075814
3.4440299820517155	5.419503676027211	-0.9536522039198485	0.6485800725035107
3.540156149189946	5.55053336774172	-0.9198076638844661	0.7421344962634343
3.6731991503590167	5.681512866282161	-0.8603615850647448	0.8229305451953299
3.8029217911721447	5.812399129379073	-0.7877007786017476	0.8895843648244975
3.9283082459984358	5.943147250063823	-0.7048144062040109	0.9409756811345362
4.0480289428877025	6.073731236349452	-0.6153033781693082	0.976273636850516
4.15996039115314	6.204170577512122	-0.5237011332151423	0.9949409765072754
4.337097469707016	0.051362532806150746	-0.36607489097361373	0.9967114453063916
4.496447667234838	0.18180849898742787	-0.21417690966842787	0.9815547066371149
4.648569650240679	0.31244143848523576	-0.06370992268786602	0.9496656460708608
4.79953155699541	0.44327001993189297	0.08684498519592479	0.901515000641935
4.944749131840977	0.5741070427604654	0.22981951020342561	0.8379581315497127
5.093745212759606	0.7046678867656467	0.37159777423982826	0.7602621285542305
5.24466281592373	0.8346273476614087	0.5071437313151387	0.6700735869407444
5.394727863091935	0.9636251783367257	0.6302516462257088	0.5693731542670978
5.540485450153872	1.09124476578271	0.7356256121695459	0.4604322168762648
5.678738836868822	1.217018890741761	0.8214182519082378	0.34573367286765444
5.808237958555187	1.3405282428207654	0.8877801371444936	0.227781292281575
5.929460674795896	1.4616491465462131	0.936665882866531	0.10873290535548764
6.045097900158387	1.5809511634420004	0.9708038767200867	-0.010109740441700626
6.158662309093662	1.7001649126166625	0.9920272489021681	-0.12877242931048868
6.272269084757232	1.822601320391554	0.9993010742943889	-0.24877572749786897
0.10172747885644468	1.9535790522671503	0.9934867624358616	-0.37292026030533737
0.20837571911298453	2.100769911636752	0.9764796318903427	-0.5045120515370043
0.3584671586441371	2.2020447992428047	0.93517249748245	-0.5894334462705408
0.5085126784441042	2.3033384646244657	0.873226661761662	-0.6685737774906431
