0.2600527338696819	0.6418830699719069	0.9661624499823741	0.8009331523552892
0.4230360535194111	0.8559217576783794	0.9102881762270658	0.6543206013517372
0.5617546797596689	0.9741355022370431	0.8446921609569013	0.560758782786842
0.7123389402102499	1.0050465736505771	0.7552929399325675	0.5354237451101387
0.823021865582816	0.995212181061639	0.678658985258512	0.5434841162126153
0.9023364634154195	0.9631057889143726	0.6196060265255523	0.5697988512741072
0.9641856829697651	0.9560883725914342	0.5689137588030568	0.5755503991436811
1.0158058665182879	0.9292980572230908	0.5266053160582493	0.5975080220337945
1.062639274213272	0.8894803868733767	0.4857764540979783	0.6294949028855991
1.1058839577810613	0.8377278608999412	0.4474620096054056	0.6677799173661376
1.1469335954354953	0.7717541148861853	0.41109235827276125	0.7165853770797082
1.2192745047909777	0.6862968755353765	0.3436183002551315	0.7721625827269396
1.2874647819226623	0.6892734659736213	0.27947890620675525	0.7702343939268104
1.3562852561743866	0.6606848818747055	0.21242986251837742	0.7887536322347815
1.4448861792051573	0.6155986756206726	0.12540698396353772	0.8153385019440339
1.5386392523766175	0.5604384125450713	0.032151053793078185	0.8454097388106485
1.642401655380096	0.4976291288897606	-0.07148659042889535	0.8779456224084893
1.7601829663997983	0.4272531392756479	-0.18798057549743039	0.9084597045847389
1.8317680710533275	0.35587970440056876	-0.2575575773094215	0.9359872671088303
1.9265122420737253	0.2802561296924346	-0.3481869803919504	0.9598005545760943
2.0354779962839618	0.28582760249718886	-0.44775839204317547	0.9580461402413091
2.153770093672222	0.2960065404300959	-0.5498037292576985	0.954840870243914
2.2786395748226003	0.31855031316274873	-0.6492766347490563	0.9477420079810382
2.4083265184316467	0.3580717755911309	-0.7419727913900033	0.9352970005932493
2.541188391915575	0.41691249141070785	-0.824115628532048	0.9129432703638716
2.676340411828727	0.4955331812169631	-0.8929004794338227	0.8788543971180962
2.813260826685019	0.5926305421372972	-0.9461452392150946	0.8278598378451332
2.9514704174656368	0.7049530781380837	-0.9818428717202189	0.7600773860370333
3.0904234664521817	0.8737513990776399	-0.9979453927503361	0.641130750879436
3.2295958883986478	1.041743177528831	-0.9948926150451447	0.5042902289825235
3.3687683103507986	1.2100458084987626	-0.9727295956764108	0.3522732079476165
3.5083938495594005	1.3721278991563568	-0.9317188426266642	0.19699500722295807
3.6497694619717627	1.6348906077014174	-0.8718510691293242	-0.06398454395080803
3.794650971657473	1.8539616904883138	-0.7926442544305947	-0.2788193133208054
3.97933874097365	2.046008602646408	-0.6689707552019296	-0.4573811157021068
4.162687097784527	2.213386783684351	-0.5213710069166134	-0.5982948928577005
4.350662981207982	2.3570308837022265	-0.3536789126250767	-0.7063117566164823
4.544618156869199	2.480072770948753	-0.16665645186629205	-0.7875867701186188
4.7395959764163615	2.5854447326216987	0.02720731801052397	-0.8483269264045635
4.931505738095794	2.676571508652866	0.21691699978835188	-0.8930138050246047
5.115567352013229	2.7519002272654416	0.3920631352087426	-0.9231344032266285
5.2897282787386	2.8254742905453427	0.5449226576716841	-0.9501843237828891
5.453391828136931	2.8990441768399777	0.6736495424440756	-0.968832880353702
5.6080828036422306	2.9701495450619984	0.7794141220834228	-0.9842298694143446
5.755470334804648	3.0315371354908844	0.8632492897043389	-0.9920745632334622
5.897483525470603	3.0730698710516235	0.9264758141453452	-0.9973820136752877
6.036129847280812	3.1002161765392677	0.9690907302760252	-0.9979453927503362
6.173148125874126	3.1023410030050416	0.9929547226493045	-0.9979453927503362
0.01946220598006818	3.084109108353216	0.9987539062945886	-0.9979453927503361
0.14889606599227598	3.046426325866681	0.98784189275441	-0.993977246477692
0.2775202776495671	3.063072486346139	0.9606620535387677	-0.9961044521769696
0.4040023243970319	3.120808798254934	0.9185409450725968	-0.9979453927503361
0.5268547789772169	3.167725141643043	0.8637182337950976	-0.9979453927503363
0.6447642835288085	3.2362211422754568	0.799066747209382	-0.9940459766973226
0.7566223525842755	3.292463856866394	0.7266068369759738	-0.9868587443521624
0.8613603203509743	3.345504593633491	0.6502973107633612	-0.9786265021295844
0.9576629202795954	3.401171240117952	0.5742598833776742	-0.9645160738231509
1.0440707969494978	3.4634758234772582	0.5022279767532253	-0.9485635498309427
1.119089149330083	3.5303428665656407	0.4357623152874748	-0.9234877426176002
1.1812618920850644	3.60413418606352	0.3792675018002503	-0.894229760926851
1.2306340491144778	3.6847175733058966	0.33296502871649375	-0.8547131643640554
1.2664061290902093	3.766785478438999	0.2994170561367352	-0.8092994833278122
1.2890118815240992	3.8472529726399745	0.2779716287592388	-0.761164521317325
1.2996952005154456	3.9173065408518375	0.26756329708794524	-0.7124628580044494
1.3003588083246835	4.058436968616958	0.2669167704622961	-0.607171629747953
1.2943836560254753	4.1663619004603	0.27273812307444095	-0.5182306784859134
1.284913083241898	4.3139118930112605	0.2819649244765561	-0.38726155295082487
1.2757225910227825	4.430492645750683	0.29067983957939864	-0.27760356926738483
1.2709806258745509	4.527319250670213	0.2951269759179893	-0.18372191971376112
1.2688872293393139	4.6337812572187165	0.2970902167921665	-0.07848059337631316
1.239998271697902	4.724958445122354	0.3241830209978316	0.012587328258119604
1.2289440667007605	4.806782452891445	0.3345499374977032	0.09405743187612389
1.2301454335051039	4.8826419809521	0.33342326494643737	0.16931098975822237
1.2414423984862644	4.9552689947963255	0.32282868191744996	0.24006859317703264
1.2618266497626756	5.02580978600222	0.30371180911206963	0.30788619147480206
1.2908746424365762	5.096789750016654	0.27615681508409845	0.3744530192377935
1.3285266464203127	5.171397534747762	0.23947396906320986	0.44223127694490416
1.3750037400527455	5.250241056575594	0.1941931901183926	0.512086008011117
1.4307162217313187	5.336869615262355	0.1395018026185163	0.5835601905149018
1.4962540241320805	5.43249540460346	0.07431152652982446	0.6581909756877196
1.5726458333914646	5.5402095077961535	-0.0018143634556319725	0.7354468610196406
1.6606381612198777	5.662076004373149	-0.08970124173464004	0.8123343216492511
1.74466156643507	5.799377025004273	-0.17266862750494397	0.8839381555821246
1.8427472985168618	5.887457181791022	-0.26807580019877175	0.9221285264319697
1.9528211381809848	5.98494463151848	-0.3722276888087528	0.9541373580824996
2.07322464258506	6.0762500789288705	-0.4809730484485977	0.9767548055352895
2.203088499633299	6.16516817718709	-0.5902488851658265	0.9924437957873341
2.341929836470324	6.248087330630168	-0.6958134174635682	0.9977528052217874
2.462245851338792	0.03877078741762372	-0.7769316051693275	0.9975176486054859
2.5910350008029623	0.13675921003998212	-0.8510682901019269	0.9901603683366348
2.725061339562781	0.2817855539268448	-0.9130695529989477	0.9593189505380153
2.862309738754447	0.4243033477172726	-0.9595214041337775	0.9097386945145234
3.0012660280933523	0.5613041568406121	-0.9882062314185109	0.8449377685856072
3.139179615770835	0.772698189631831	-0.9979453927503363	0.7158869780232774
3.277124790112216	0.9622831321935832	-0.9888189171055943	0.5704731093332138
3.415547088306416	1.19418232123839	-0.9608720717497707	0.3671503925002447
3.55631396067411	1.390582995464804	-0.9137483236317367	0.17901494282915176
3.7022927525178697	1.5862219747979347	-0.8460946228729981	-0.015374235284636606
3.8567495437225054	1.7787083910792896	-0.7545624477999635	-0.20625601069500912
4.022542270914775	1.9611135487992415	-0.6352160119360468	-0.37980517989515744
4.201161797329451	2.1269510976013097	-0.4884921822547844	-0.5268853678448374
4.391837939026381	2.2738046828308387	-0.3146352112840079	-0.6454991531839485
4.590861490554165	2.4017613421923847	-0.12103714420123263	-0.7374086412552484
4.793800493823234	2.5126623405932107	0.08114431204562189	-0.8070655834966789
4.992872524300292	2.611614251402004	0.2767042124453133	-0.8611599724115946
5.181810189583908	2.7018879409617766	0.45145680602328053	-0.904379297695918
5.356654212736668	2.787567991419985	0.5997758536902219	-0.9365101700672247
5.517018041368946	2.872105192194629	0.7204237912519755	-0.962004363899196
5.663848747608599	2.9566423930091346	0.8133007525320015	-0.9825037962539112
5.799361174531654	3.038778724306732	0.8839312830304678	-0.9929999627584702
5.927336436856249	3.1131442214900775	0.9359969765248126	-0.9979453927503361
6.050665027384598	3.1731774689612506	0.9718673521858783	-0.9979453927503363
6.172130958078906	3.2250319657507336	0.9928895971240549	-0.9954758367604277
0.010298293439718841	3.2632676874121525	0.9993406380219767	-0.9905897103089536
0.1311268060637522	3.293758112180759	0.9912363134693319	-0.9866933520213343
0.24833029791641564	3.3204387536724993	0.9688472009116816	-0.9832838443026233
0.3562738010044692	3.3372655736957326	0.9358631690910525	-0.9807149358235282
0.4824327936759753	3.34902961623605	0.8845345488880154	-0.9777329764395493
0.6359766749393603	3.359510974240201	0.8042292067700771	-0.9750761530091505
0.7612836741703926	3.372117377951026	0.723587305648899	-0.9718806712081549
0.8503381845922173	3.390281893189545	0.6584511664292096	-0.9672763146287482
1.0042404168609997	3.4172569961814054	0.536084479652919	-0.9604386428654319
1.1498947748117376	3.4558728684192075	0.40846877697945067	-0.9506502591363347
1.2601863016206276	3.5080964757067714	0.3052501696023742	-0.931830360783508
1.345704707311286	3.574859581140799	0.2227380693519168	-0.90679353122586
1.4126766743766956	3.6556158330254322	0.15744569193863242	-0.8689841173395045
1.4644705114624261	3.748398603727718	0.10592650124827979	-0.8202893339154136
1.5038583091056412	3.8487380302769583	0.06674756468300871	-0.7601321002874944
1.5329408441762697	3.9535268629744347	0.03781924513057741	-0.6872822715172087
1.5559932001593704	4.057873426061551	0.014818313347145395	-0.6076119232680212
1.5769303440269904	4.156519767415771	-0.00609373955582854	-0.5266413423896465
1.6016804319954576	4.243476331150049	-0.030814167147210386	-0.4516246033036592
1.5523136502947668	4.31102031333006	0.01849345365827075	-0.38990383880334745
1.5017316338554099	4.471029514435921	0.06886296284460405	-0.23876879500992532
1.4765119170784682	4.623525580332258	0.09394894741140317	-0.08872397991276974
1.4662297987260255	4.7458550324830515	0.10417654293060462	0.03345309037704399
1.46678892136242	4.854084000707161	0.10362038514534508	0.14110815449072756
1.4791402951556	4.955874699688378	0.09133450679488807	0.24065870729948036
1.5045589658637808	5.055928619550668	0.06605062328684747	0.3361324047982413
1.5444489354349726	5.158140969053253	0.02634874348455761	0.43048606554410346
1.600486789839191	5.26534573260453	-0.029621955445514485	0.5249384676481004
1.6748596114131789	5.381357542461286	-0.10380860795143218	0.62002296130226
1.770617735553095	5.510065910514594	-0.19827453370686796	0.7155753813029132
1.8922180454770383	5.5821496488345534	-0.3154693299127722	0.7626150294001621
1.9530772734005928	5.674401810711416	-0.37246174165934615	0.8190538733936298
2.011381343330965	5.779516272805514	-0.42573920107818386	0.875326800658406
2.102246100375081	5.892920200989449	-0.5057735389890017	0.9244972180505927
2.2142360193714636	6.010996664805392	-0.5989583972664787	0.9623409448629753
2.3413344108330363	6.131213809839377	-0.695399473967823	0.987254400201724
2.480076487071718	6.251886562640694	-0.7875889912484623	0.997996056120404
2.6284989417377793	0.08919166432057808	-0.8694399109810631	0.9942893846874885
2.7522522127982696	0.20980622012132727	-0.923266401307528	0.976206366584136
2.8823656528020236	0.331088645272771	-0.9646051940719287	0.9437937827345018
3.0154310449470496	0.47861882019284735	-0.9900163728393347	0.8861882364726636
3.1493583974563957	0.6243056705171344	-0.9979453927503363	0.8105917858964863
3.2832857499574764	0.7699498725010971	-0.9880316106926812	0.7179201031542375
3.4178235156972945	0.91353699329246	-0.960295041022713	0.6104259550023887
3.5551394086154136	1.0497185775527167	-0.9141887923533307	0.49722408821536496
3.698615099032146	1.282420450729496	-0.8478980758434719	0.2843933969339211
3.8522149350243207	1.475693708111519	-0.7577149351280428	0.09476281767405707
4.019723692985109	1.7672430159352532	-0.6374181554766416	-0.19494535390381915
4.204422238615215	2.0212073077774035	-0.4857059492595237	-0.4347180326189535
4.408211154298942	2.20952916867213	-0.2989494876550819	-0.5952809538454581
4.6306664709437575	2.3065802815229115	-0.08159164690755126	-0.6711065959263394
4.86842778828825	2.4246261636450934	0.15537588148668036	-0.7533044030918349
5.118510832567682	2.5513193928974895	0.3948236066433598	-0.8301709363993373
5.376647188278731	2.6457137163985087	0.6161623057109624	-0.8778817167733832
5.561276635613143	2.7454509085014585	0.749093817411654	-0.9207158444491861
5.697808589965002	2.849230102163055	0.8318143419623611	-0.9562059668647377
5.837223418025842	2.956117215323299	0.9003478423668803	-0.9824366840229662
5.974801454425104	3.063004328500394	0.9509433489009957	-0.9960957423151311
6.110240437688485	3.1640771322774817	0.9832479053236522	-0.9979453927503363
6.24471434475879	3.2525060354288544	0.9975368453009505	-0.9919649371945025
0.09597177871768563	3.3229824372692653	0.9938552788168149	-0.9829587880681314
0.23010965222935126	3.3725790210116933	0.9723278488063158	-0.9717636535373937
0.3624435969246697	3.3995031593171627	0.9339203473660926	-0.9649389003455899
0.4906728701494451	3.412677586235462	0.8809617626006929	-0.9615994355448694
0.640680714767771	3.417762481469136	0.8016647466311497	-0.9603105120301305
0.7801586587072143	3.4101852940905526	0.7103679398466815	-0.9622311838510882
0.9107511721770712	3.395107560336084	0.6127092431477497	-0.966053100467267
1.0337216584253206	3.375832149441633	0.5113972308861399	-0.9709390478106035
1.1502665977263071	3.3542368699360057	0.4081393448447697	-0.9764130373980058
1.2607104157020672	3.383170174758875	0.304758641996355	-0.9690789989898316
1.3650324990279608	3.4182168334163126	0.2039077726226157	-0.9601953425169407
1.463394044956359	3.4637129862249973	0.10699725959171082	-0.9484746114381888
1.5566316158802593	3.521467808521592	0.014180662700345983	-0.9268159777875873
1.5979759876762636	3.5911359938070073	-0.02711416221487991	-0.9006038330156965
1.6403439644990627	3.670265767586819	-0.06943136547394425	-0.861800061499404
1.6768594864829993	3.802636580636253	-0.10578149590806935	-0.7878712491806077
1.7063946163659012	3.9326993914715866	-0.13491806694844063	-0.7017616553756093
1.727509665575279	4.0609161588925735	-0.15574818124789158	-0.6052346484092819
1.7437413572899338	4.1876004275761	-0.17176083602965475	-0.5000811460041713
1.7557417500040586	4.312893001891751	-0.1835992906500919	-0.3881926016809861
1.7654587921988132	4.43683773933457	-0.19318520719531262	-0.2715248985420746
1.7755979700898152	4.559499573801939	-0.20318756296904378	-0.1519758507190742
1.7892847754629664	4.681096061186881	-0.21668967312232992	-0.031222491223884184
1.8097743704797111	4.802136813317584	-0.2364873658065387	0.0894364266648619
1.8401993096326479	4.92355401543201	-0.2656347983074491	0.20916995349030093
1.8833781115582717	5.046800610458507	-0.30700057420172305	0.32757192414015923
1.941715348299389	5.1738901569419395	-0.36207937033909077	0.4444397203145972
1.9908757623805784	5.307351475897597	-0.4070014824549628	0.5593668145251942
2.0600479181686913	5.450172337051238	-0.46971278607287276	0.6712678565163392
2.1454385063915025	5.605463702998654	-0.5426839128433387	0.7777175095893193
2.244065684883707	5.775933390939989	-0.6222641943262345	0.8737733112897748
2.353704163520873	5.88712321515166	-0.7039990006735095	0.9219837229907181
2.4720658600534007	6.0110479763845595	-0.7828010326950547	0.9623571024882903
2.5968967712294804	6.140779658682212	-0.8539427934582046	0.989081742229391
2.7262786186370525	6.255218194175373	-0.9135260447769812	0.9982093682746565
2.858553725536871	0.08589643967214326	-0.9585693267486342	0.9945003658422731
2.99232382426825	0.20006812100975607	-0.9870635110317686	0.9780666131831077
3.1265409921703684	0.3170451378490597	-0.9979453927503362	0.9482159762187451
3.2607581600607842	0.4392295163182915	-0.9909104017315138	0.9032669086431571
3.3953766505237715	0.5685477740386907	-0.9659848912604776	0.8409888293240964
3.5317722575125847	0.7054395588400865	-0.9229517067744917	0.7597622514357028
3.6721187893203604	0.8488153046307928	-0.8608913740543578	0.6595777487607695
3.8191147347399257	0.9963988097422841	-0.7780222425167549	0.5425115429255166
3.9757830556660307	1.14453973030422	-0.6717487977567049	0.4132133036729323
4.145361438300831	1.288379433718528	-0.5361767708875544	0.2785877974358925
4.330974971884905	1.4216592802685633	-0.3716695455088629	0.14851071797496543
4.534534137923791	1.6108271577759432	-0.17660439303127803	-0.03994993153894893
4.755192605911819	1.772844555023169	0.04274114959662932	-0.20047130358535278
4.987470149772039	1.921005272529974	0.2714408943745759	-0.34304781587772554
5.2223351770474435	2.0628281069547105	0.48736162147417567	-0.4720886159221891
5.447667047658302	2.2044297933827606	0.6694145162419782	-0.5912968325492675
5.656247497702384	2.2506287388084436	0.8091568457834272	-0.6273918818224071
5.848858795984305	2.3147458613696257	0.9053927856937598	-0.6769149539498195
5.99800606233321	2.3911546502765857	0.958250303125436	-0.7300348050363081
6.143021317452457	2.4832949566826334	0.9895099611308036	-0.7895126732607727
0.003820350303185635	2.595995168395393	0.9997553969745185	-0.853500664172334
0.14805793955282356	2.7371596936062152	0.9880019981138478	-0.917606556275598
0.29150637146950487	2.846999967119518	0.9562579391608939	-0.955640670360766
0.4313435908084874	2.9471621971069153	0.9066861398377929	-0.9810298765462726
0.5639367643874839	3.0473244271096283	0.8435025730171901	-0.994092014449855
0.6847573519366347	3.131006456573032	0.7731598620712821	-0.9979453927503363
0.7911598112173824	3.2261727431632314	0.7022296069782414	-0.9953300573047708
0.9620644100689607	3.301617635381464	0.5706523762759187	-0.9856889869266461
1.107371419870101	3.347363503308844	0.4461441300663871	-0.9781553041437396
1.2346580936974325	3.3721805366481723	0.3291911766670665	-0.971864661688554
1.3486033954333463	3.3929366587640315	0.21991399310646526	-0.9666033824211355
1.450715807097505	3.4196151922258364	0.11960826875071162	-0.9598408853513924
1.5588733287932852	3.45852537140427	0.011941636244451166	-0.9499779004517896
1.6531654227713615	3.5132471729236334	-0.08223745857713227	-0.9298987980216611
1.735913837199159	3.585105648786228	-0.16403894362223972	-0.9029511537988809
1.8084764720311126	3.6735055429839916	-0.2352439645549076	-0.8602113358115763
1.872352194067374	3.7761791387627346	-0.29643762174317956	-0.8036848845964034
1.9297633354584631	3.889127811197823	-0.3511577849357682	-0.732052880885853
1.980802981805545	4.009402381896968	-0.39779711372114934	-0.6454821540994923
2.0289137219406745	4.134065492333721	-0.44176004818216796	-0.545829800832816
2.07481457580523	4.260939677664516	-0.4823317370462552	-0.4356668367814812
2.122920347311953	4.388733570200684	-0.5234408618815191	-0.3176092313913313
2.174068274212586	4.516808389014456	-0.5671496819703772	-0.19409094360302986
2.2327929265921957	4.644924150371277	-0.6134568338502073	-0.06735105380912787
2.2994256850381083	4.773076768048983	-0.665516738619665	0.06053047765812587
2.374307228916819	4.9013817747016715	-0.7183223760523614	0.18756842351594982
2.458902602530144	5.030008846295945	-0.7749333425248512	0.3118241777392349
2.5518399647259455	5.159123901711342	-0.8304820826221011	0.43135693603409686
2.651961405119521	5.288842027228031	-0.880945467294264	0.5441962766572275
2.757043509454671	5.419208806585568	-0.9250631852792529	0.6483619366612343
2.8649726627347922	5.55020932062538	-0.9601964043409594	0.7419245836021513
2.974028465793846	5.681781253023707	-0.9847255550289351	0.8230768592414724
3.0830842688472826	5.813826105719811	-0.9979453927503362	0.8902030825656422
3.191400219854226	5.946210387070674	-0.9979453927503363	0.941940239638644
3.29802623429564	6.0787715580475945	-0.9861479305291414	0.9772364778720817
3.40107651690744	6.211356397985962	-0.9645400843421112	0.995401058250827
3.5486670473996105	0.06071973529137411	-0.9166159922797289	0.9961123379323849
3.6921750873290398	0.19335881355807674	-0.8510561379830774	0.9793482767013616
3.8299364056603435	0.3264103578126364	-0.7715541206422628	0.9452669398098272
3.9614469589885273	0.46020199644281135	-0.6817761729796231	0.8941735234493091
4.085954642302176	0.5947978573046616	-0.5856721825549884	0.826678301642648
4.282091007777779	0.7299673242943062	-0.41633904143015255	0.7438735480274796
4.462715221363495	0.865266354804162	-0.24673398090243154	0.6474077400073649
4.639104795342443	1.0001742648829426	-0.07316343495306997	0.5394171403745457
4.840745415986176	1.134224147919407	0.12784030008089942	0.4223528273341914
5.042216052514379	1.267087134396518	0.3232724083081402	0.298778391922683
5.2437839672440445	1.39870877684882	0.5063650783992859	0.17109831806097162
5.440327426429103	1.5294802287940845	0.6639848777894357	0.041261509959994495
5.627312551210088	1.6612063535629913	0.7918708522446337	-0.09026875315899584
5.801467203578798	1.7860752260639066	0.8848444288883447	-0.2135234346651419
5.96475909075444	1.8845822819009639	0.9477810850981634	-0.30815418287803914
6.121776227839464	1.9988440605708488	0.9854515606930365	-0.41428280405011586
6.277497648353431	2.022324112107067	0.9996358400548705	-0.4357385530976008
0.14293214033179302	2.07609746998856	0.9889811677093393	-0.48342804327898176
0.2908581757001111	2.147183870282343	0.9564620510697954	-0.5441754258120374
0.43554087216659687	2.2305755044809237	0.9048662551160224	-0.6117243709199773
0.5738097021243457	2.325877005957717	0.8381202301366351	-0.6846533928310008
0.7123465452221028	2.3667097595485123	0.7552880135246576	-0.7130405695056038
0.8393110595361636	2.4283809653321162	0.6666087130321801	-0.7559147638805239
0.9542809930112442	2.504007077262858	0.577031746365446	-0.8018923252735964
1.055201584375054	2.5879583561431536	0.49236618793225784	-0.8495595606981472
1.225114860789779	2.675807951641807	0.3381410648515223	-0.8926393708466522
1.3676797194805759	2.7660839310444194	0.20132869129965153	-0.9284534334260452
1.494151230634897	2.8576485926102704	0.07640316957578215	-0.9583398928941598
1.6099968077747975	2.9468455441468953	-0.039120576624938994	-0.9809496110880034
1.7176704763056407	3.0335571325214543	-0.14604176592921583	-0.9923326977865476
1.81839242643226	3.112488178887747	-0.24474355994067684	-0.9979453927503362
1.9131446011602606	3.2134438346292873	-0.3355172046574746	-0.9969566790601241
2.00322843060801	3.352257324061621	-0.41828918125518894	-0.9769148143489059
2.0905495948060335	3.4844864349236913	-0.4957782080232122	-0.9406843612541602
2.1777512810796424	3.649081101626286	-0.5702970213503473	-0.8721886282589774
2.26826127424779	3.7881267507227063	-0.6411681104706866	-0.79654378680896
2.3638898308322553	3.967506840749759	-0.7110801380470647	-0.6775633066148609
2.467987174465611	4.191530592447921	-0.7803631988648113	-0.4967225960157089
2.5430191481775766	4.355131245048979	-0.8252098731003958	-0.3495958744127241
2.63033277429995	4.496866974230882	-0.8703391884128375	-0.2137632609685097
2.7268039891219105	4.630375299019529	-0.91372306394196	-0.08188246989285553
2.83063424043616	4.786597707615125	-0.9514922722151608	0.07397971994283614
2.938078535860831	4.939698709948121	-0.9787273424640626	0.22489908555043234
3.0455228312435083	5.049677610607371	-0.9938617892877862	0.33027004854812003
3.150403001950187	5.1714493846298515	-0.9979453927503363	0.44227721552660604
3.2519257461870894	5.298295208891061	-0.9920390921075128	0.5519442032946953
3.350669584669602	5.427400278963034	-0.9773172758635694	0.6544217498334292
3.451560087670123	5.557540816504445	-0.9517434664230052	0.7466738121357693
3.555209264175025	5.688149997698765	-0.9141625958226529	0.826548851922221
3.663251974266045	5.818933940176545	-0.8652394954884249	0.8924177708593353
3.774365801007838	5.949718296075797	-0.8047687181083023	0.9430448534560996
3.9146680429464014	6.080400341720298	-0.7142971576685815	0.9775476206580498
4.053655141467096	6.210952638543989	-0.6109076519666323	0.9953752070138369
4.192718761753915	0.05825447447962395	-0.4957072375920588	0.9962701795451427
4.3333624061920935	0.18882078937173807	-0.3694879407843856	0.980215164988487
4.477153372038599	0.31960696347492734	-0.2329020708326964	0.9474092768488034
4.6257271684333565	0.4505883332391628	-0.08652503018343544	0.8983418784610032
4.780719439449725	0.5815535663457846	0.06813262238099678	0.8338985755925545
4.943568112553584	0.712156027495992	0.22866889020758563	0.7554114279322942
5.115273966830329	0.8419700402554456	0.3917879910718092	0.6646416763817672
5.263309814336316	0.9704915945055236	0.5232698077255168	0.563745367704376
5.418589935528074	1.0970897865454234	0.6479041138409548	0.45525357513132375
5.573459044410611	1.2209477065280425	0.7569853915765317	0.34204912882217214
5.722841056077008	1.3410547039364773	0.8454610719784582	0.2272683822103877
5.86442654162122	1.4563258713345832	0.912142750735367	0.11402795291628606
5.998988837184142	1.5658745311138405	0.958559771437813	0.004948824128453724
6.129415021457013	1.6693460884042808	0.986910781808419	-0.0983694866247818
6.258897656903236	1.7671338104141996	0.9984449507851479	-0.19483762204569643
0.10554931365167727	1.8603829386458757	0.9932420643637964	-0.28497094098071024
0.2343115498297393	1.9510371503527453	0.9715251700051666	-0.37059750520002294
0.3750617110019462	2.0417253285285555	0.9299469993859607	-0.45346711856149274
0.5037634037769564	2.133496746745243	0.8752858833550712	-0.532478998283717
0.6629890376968163	2.228907882358398	0.7872610360774926	-0.6104214644980468
0.7968529697090773	2.330218683491579	0.6980179738029562	-0.6876717532495269
0.9967909783617287	2.4377772515400467	0.5421901174201911	-0.762306702346063
1.1601668558286546	2.552243008276682	0.3990509669602063	-0.8307229820937319
1.301882755849901	2.6733100341955365	0.26543204915939766	-0.8914144385206564
1.431589676939636	2.7998382540357256	0.13863297906790176	-0.9411116407708522
1.5532892476317441	2.9049822562946006	0.017519025472083262	-0.9703380697213739
1.668600016188263	3.011579757272037	-0.09763348220531816	-0.9895242184412106
1.7780380335682422	3.1181772581948253	-0.20559469925603738	-0.9979453927503361
1.8818305920028549	3.224225319272476	-0.30551803313373216	-0.9955789177674844
1.9804645499035927	3.328601583800149	-0.3974878592909896	-0.9822407197459906
2.0749114316099466	3.428003762991763	-0.482414505854288	-0.9577145433879136
2.166755548526743	3.584797948133057	-0.5609005408862693	-0.9030665446087921
2.2561805593700925	3.7573778075431847	-0.6317294967805388	-0.8149224561900188
2.345252776533654	3.915097307171115	-0.6981235454456823	-0.7139987305894491
2.436012716616061	4.060770346323827	-0.7612204034218848	-0.6053485711797054
2.5302771242585593	4.199557785072172	-0.8175939546122079	-0.4898629021924652
2.6277683785527217	4.334715594909368	-0.8690816563626425	-0.36825141549452634
2.728797187897412	4.468154842745057	-0.9144705333368051	-0.2415227626892215
2.8327423168458084	4.601029219220059	-0.9520266291940946	-0.11100662292817265
2.9383229680342127	4.7341354734736845	-0.978789301336675	0.021753358906259186
3.0439036192069566	4.868161811220289	-0.9936548708769766	0.15511131481128843
3.148042194938283	5.003872781984575	-0.9979453927503363	0.287313107388965
3.249600640986215	5.1422664483421405	-0.9923362163026583	0.4164213668932581
3.3690599603124114	5.281353723328947	-0.9726556679991785	0.5380587844014646
3.499676003610594	5.416169695229001	-0.934988121694963	0.6461136904142029
3.630437909655582	5.557472751665379	-0.8813309033724965	0.7466297207959989
3.761621296446171	5.704772764248658	-0.8123861192787027	0.8356109397809244
3.893541549292222	5.821478521334384	-0.7289844235308394	0.8935210670116194
4.0262915301722995	5.943765459193947	-0.6322867308368532	0.9411703504792128
4.160174029664239	6.068412215811867	-0.5235185669253335	0.9752575566328539
4.29560955738283	6.193785169759571	-0.40398597621798477	0.9942760369191406
4.433243247651047	0.03602920544589802	-0.2749684618371043	0.997693182049194
4.5739992440646144	0.16154580504943392	-0.1376718447998393	0.9854254422963328
4.719093738595452	0.2875791282146082	0.006729649965109569	0.9574945981385166
4.8700020322879976	0.41454140171831566	0.1569417777666157	0.9139713429510941
5.028359823861434	0.5425091801072796	0.3102776822753451	0.8551840612197796
5.195802892750839	0.6711974313323722	0.4638542293493181	0.7819437668718359
5.373916451838772	0.8001248261614989	0.6139241655421553	0.6955975494989618
5.56411621585684	0.9287551584569073	0.75093325314746	0.5979529875450796
5.688748876165752	1.0565529769703075	0.8268753372439173	0.49116886487872347
5.822404909314043	1.183009678924469	0.8939227363748982	0.3776283825484933
5.958114761893119	1.3077299183695017	0.9456888365657139	0.259735391885637
6.09318638925348	1.4306493011182353	0.979990109809719	0.13956836837267841
6.227517533467518	1.5524185754906894	0.9964357965131025	0.018388654204158833
0.07857006634644931	1.6748732976703435	0.9949694466696977	-0.10382210952077474
0.212630396371635	1.801525647365436	0.9756668707128844	-0.22858499666839607
0.34541891241675954	1.9380148291864414	0.9392812907992881	-0.35869788672904196
0.47511724877403877	1.9797399187041889	0.8877064707256441	-0.3968257012398284
0.5995423381531194	2.053456044718358	0.8240917946274885	-0.4640796543283764
0.7589486400869047	2.143163330991611	0.7250999042616783	-0.5407396457292942
0.9062049390838905	2.2426277562062453	0.6164353833763403	-0.6211407464642539
1.0453976432852752	2.3508416238533187	0.5010524014896759	-0.7020089458245211
1.1793427105507615	2.4670357589106247	0.3810673593856089	-0.7797945369817993
1.3100589316862479	2.5909104797883686	0.2574663270859067	-0.8510072273088912
1.4387092963743537	2.721682618699893	0.13155111273131745	-0.9118024990203009
1.5660276520372758	2.8577602393042327	0.004795886704339062	-0.9583681931919197
1.692770442277114	2.996980114008649	-0.12147774290794472	-0.9876585362981349
1.8201035007579502	3.1184964467124545	-0.2463827883105809	-0.9979453927503362
1.9499853705661163	3.240012779403726	-0.3696364032569408	-0.993561445016951
2.0854862447268	3.3620579143569445	-0.49145128665863624	-0.9744305524891315
2.2309307394383406	3.4859605890749834	-0.6120019145559492	-0.9401315387635398
2.314242958159957	3.6125434307225164	-0.6765653326040204	-0.8901060235169563
2.418751500028021	3.7415061045742193	-0.7492203014984686	-0.8244089864970263
2.5409605971882083	3.8719233987168438	-0.8239794754305714	-0.7440134922512937
