0.6224758085911992	1.4967123397608815	0.811589355674799	0.07385564120436613
0.8520114895668596	1.8478950083230834	0.6572133040451125	-0.27300736385307856
1.0551190459193522	1.9031456911581612	0.49243931634524607	-0.32593813687680034
1.1442305875512662	1.8527676182467716	0.41348720168469044	-0.2776753787385006
1.2616095890084842	1.7733069440129534	0.3039153742453997	-0.20092745291337508
1.3089734462097706	1.6828504190158848	0.2585238722994025	-0.11169158440385558
1.3232915576561157	1.596713734220638	0.24457430728493296	-0.0258534214372503
1.3181385528361915	1.512954858566729	0.24959467439303765	0.05769925135696016
1.3096308685430635	1.4308592817498405	0.2578833719363065	0.13935950120218782
1.303653072112489	1.3504551254656503	0.2637073006202007	0.21810992637799573
1.3046783608289638	1.271963712541862	0.2627084027094907	0.2942050120685052
1.3164489072577488	1.1954169098357823	0.25124082870160147	0.3659925637007816
1.3081875810136707	1.1205966188618044	0.25928950942177614	0.4344267093139256
1.3185446519763895	1.048493703148909	0.24919902819488224	0.4983093171610571
1.3442225626600588	0.9768142156852656	0.22418206378167238	0.5585632812065864
1.383792934553282	0.9157081211155962	0.18563022840591414	0.6086464759133523
1.4381366833224045	0.8510247806355213	0.13212068939670962	0.6579432426329168
1.4672092112240847	0.785089529200491	0.10320232394836351	0.7067202251760264
1.5173248862620037	0.7165913052140026	0.05335239654135106	0.7525383242928247
1.5830177486391228	0.6480203018996995	-0.012173849053838653	0.7969575493583436
1.6617544113535587	0.5774922614248013	-0.09081615415994891	0.836112641578771
1.7528338010107996	0.5091541939344997	-0.18073058268233316	0.8729485092767221
1.855391581972996	0.44134878299090813	-0.28018916537947014	0.9023480231289894
1.969415558883461	0.3800993850344618	-0.3873914428418951	0.9283606742173125
2.094567142368018	0.3237654424548244	-0.4992114315031463	0.946099803503262
2.2308560599921674	0.27876362454944026	-0.6119435678065921	0.9602705330735889
2.3785307240534896	0.24205562484216864	-0.7212585753552668	0.9700458372278964
2.5379492237796883	0.29555744824404123	-0.8221795749938319	0.9549822859514772
2.651978823685388	0.36239080040488303	-0.8809540090354793	0.9339369725878941
2.7755631067617306	0.44624759441275963	-0.9320082187410548	0.900223964410782
2.905418675379362	0.5479480298030116	-0.9704486935975365	0.8522190112297514
3.0381107979285664	0.6656685654252429	-0.9929146087334333	0.78552527986152
3.1715777076518794	0.7969823792897566	-0.9979453927503363	0.6979222403565777
3.3050446173727477	0.9376384856259155	-0.9852510543696353	0.5906721196155791
3.4392492392262515	1.1404712081518569	-0.9548640306266906	0.41681798182785873
3.5764579583047156	1.3344009138171768	-0.9061941238681337	0.23375090458840078
3.7199635371928745	1.5450720639684317	-0.8372849972662223	0.025726361705101983
3.873315619233491	1.743833440069716	-0.7430456121476854	-0.17185167620761754
4.039533227044574	1.9292220824103643	-0.6219410466083337	-0.3506631953241023
4.220201305070404	2.0979448622254573	-0.4722218372211243	-0.5020978857253516
4.414734668961416	2.2477150324083186	-0.2926998875379751	-0.6251154147924582
4.619678325117862	2.379465386041488	-0.09256662459646565	-0.7219083580089236
4.8312592619455526	2.4951078869265872	0.11840444812561736	-0.796573271672484
5.042121300739347	2.5972303808194566	0.3231835476673046	-0.8541063894055543
5.247148614891823	2.675207653432684	0.509346129360979	-0.8923449957532359
5.4437972097502465	2.7494275509316033	0.6665517226379849	-0.9222071249713846
5.63451032443476	2.822880963976427	0.7965334573310983	-0.9495269651860124
5.82138581718765	2.89633437702116	0.893480871740945	-0.9681459980196119
5.952815382692924	2.966389491551145	0.9440201024338066	-0.9837493737908797
6.084366286819086	3.02526444695426	0.9783052259973672	-0.9912729790590596
6.215540988304974	3.062133111496907	0.9956689822293106	-0.9959844098683838
0.06344124785884794	3.127782293804364	0.9959380894590617	-0.9979453927503363
0.19448313386541446	3.1777503280770514	0.9791335003878412	-0.9979453927503363
0.32501246095028935	3.2037580928809803	0.9457071268806068	-0.9979453927503364
0.45421858309784	3.212094769962153	0.8967678509678852	-0.9971290754546058
0.5812192611149427	3.262943080220294	0.834080825843403	-0.9906311917226043
0.7052407747332781	3.300033026894535	0.7598910206756582	-0.9858914833647094
0.8256114321005723	3.331445317655636	0.6767432992168005	-0.9818773202177878
0.9416474773154169	3.3551464477372916	0.5873863080647493	-0.9761824768529629
1.0525544975563672	3.3790398897104406	0.49471148572643897	-0.9701259471130197
1.1574319500879662	3.4087810507705267	0.4016158315937162	-0.9625871326273009
1.2554002534534703	3.4485120309721458	0.3097386481249015	-0.9525160903949335
1.345837883564706	3.501192907158639	0.2226083210389198	-0.934419267754738
1.4286534670679083	3.5680509203669795	0.1415536191440182	-0.9093468468363571
1.5048758454099607	3.6488643925696955	0.06573542405303726	-0.8722948983557532
1.5232074491638954	3.7418157191076933	0.047501027016654276	-0.8242239296281424
1.5428511550565538	3.8423127309197036	0.02794460909125589	-0.7641567805526785
1.5567904011760427	3.947268745013965	0.014022067692037711	-0.6916329528838068
1.5622341537475373	4.0515808259582995	0.008584838885397492	-0.6125283062869453
1.5615578491937316	4.149726055857541	0.009260332959332665	-0.5324469563065344
1.5554387283449171	4.235330736438708	0.015372120685451268	-0.4590679360280137
1.545941791322378	4.406660432723135	0.024857676627906763	-0.3004350962944727
1.5359212861722022	4.546220704639987	0.03485460747927109	-0.16507552951537388
1.528628054331725	4.6707245958990065	0.042109165609740595	-0.041581527401536235
1.5272843589252678	4.788814449022218	0.043445735822919315	0.0761847066688472
1.5347947553627799	4.905731675868274	0.035975164650834245	0.19180635876023255
1.5508941663817646	5.026029559249394	0.019911236469111998	0.30809230045350666
1.5777721145776187	5.154981020664945	-0.00693450133299376	0.427686376492536
1.6168123172565563	5.299194470773118	-0.04592791843547514	0.5526812477458027
1.6688836135596057	5.3581369467241515	-0.09791325260042893	0.6009911179861392
1.7344971637202933	5.451294605149962	-0.16264138730128802	0.6720980778360243
1.8046891730152959	5.567357824228639	-0.23161568967588855	0.7530331164261287
1.889705327062513	5.702578618398738	-0.3130621175264789	0.834414776530535
1.9873451918494156	5.854770481708921	-0.4037752955279781	0.9079560130812567
2.0963728430057293	5.963133089929284	-0.5007545056625623	0.9472690698275166
2.215221513451698	6.079297451552565	-0.5997283598068937	0.9773369380946398
2.342580671859268	6.184329654449681	-0.6962658821529983	0.9936706349353603
2.477340773703579	0.004840275882089106	-0.785953853051327	0.9996900948784889
2.618501116508422	0.10651266727858985	-0.8645371631615213	0.9931803843624742
2.7650091155448897	0.20702328440182224	-0.9280503669076037	0.9767379843719664
2.915429436753097	0.3352465011764376	-0.9729862297987936	0.9424845055909179
3.0385272666523515	0.4666495140679927	-0.9929678290928008	0.8913779665594327
3.1594896560570738	0.6024529345845913	-0.9979453927503363	0.8225050502968105
3.280157992188538	0.7424742826833055	-0.9884313055148148	0.7357717357057374
3.4014429003421376	0.8845109060029415	-0.9644472131613513	0.63317118039103
3.543195026396448	1.0237888736777971	-0.9186680546621091	0.5200623598321831
3.697792907388141	1.1514278278296108	-0.8483012633564976	0.40711050424136025
3.856332365302897	1.3430797680400042	-0.7548524727544631	0.22529544300842141
4.022082181656218	1.5984648641016086	-0.6355754778135603	-0.027602452773251743
4.215497347763481	1.7986420882731797	-0.4762416369685	-0.2258225147590177
4.41927465263346	1.9685046195058644	-0.2883505323274042	-0.38655903893285615
4.638342927885569	2.1169348868382794	-0.07392438939193427	-0.5183259446044017
4.867441518432521	2.2485905760439393	0.15439484150917598	-0.6257994734950395
5.100485909686883	2.3665477812071294	0.3779193724202578	-0.7129279611853232
5.328887515111692	2.4736220343546527	0.5770179776827796	-0.7837311593929069
5.547487098318767	2.573179059109678	0.7401611705051956	-0.8423120679041678
5.756684512286773	2.669644362053814	0.8639112121939588	-0.8896168609787712
5.898419883177775	2.767965642174889	0.9268818062483292	-0.9291590938434873
6.038004138221137	2.8715891927219057	0.9694487717487269	-0.9618735679194517
6.175823337123468	2.9803923700182113	0.9931260066189567	-0.9855387956169034
0.030086852618180737	3.0891955473210024	0.9980736491176	-0.9979453927503361
0.1657280200376276	3.188651865450731	0.9846265234191659	-0.9979453927503364
0.311385388648929	3.2689533273828757	0.9499981881178188	-0.9898631448186899
0.4545940887083683	3.3092509019904806	0.8966050367876495	-0.9847135350646481
0.5933373059777476	3.3089691220474484	0.8274745376005384	-0.9847495436025628
0.7268515246634215	3.2796205876202094	0.7458919143685545	-0.9884999802138229
0.8553023388831682	3.3228754102833125	0.6547788293724593	-0.9829724650007056
0.9789157579435037	3.3526485711911547	0.5568408351748926	-0.9768156406978952
1.0976786196240957	3.3705872507417545	0.4547318737232694	-0.9722685291383462
1.211265586170215	3.3873513341223833	0.3511292692137479	-0.9680191552025286
1.3191061401195863	3.410373097467921	0.24865199268759985	-0.9621835792932528
1.420582233454954	3.4446895261757535	0.14958205354875043	-0.9534850221213228
1.5153435867462863	3.493540649433292	0.05532318985013774	-0.9372889406250337
1.6036361374150405	3.558369835367196	-0.03276752885955933	-0.9129773501434897
1.6867320568947881	3.6388453643606566	-0.11552084191042691	-0.8772080437227633
1.767411059461892	3.7329649228186876	-0.19511112978397252	-0.8295140580662173
1.7867847649970652	3.8358367015970507	-0.21422339879646107	-0.7680275087636679
1.816170695886235	3.9442962311865375	-0.24261511719178724	-0.6936994624323056
1.8499686502742256	4.053171299395318	-0.2749939360693172	-0.61128567582108
1.8874592020395737	4.157103253240834	-0.31091030459546076	-0.5261427204806568
1.8748058611117133	4.31426999508828	-0.2987882622553952	-0.3869343241844802
1.8816590649522769	4.452432393120622	-0.305353708297989	-0.2565850455379595
1.9042239475607956	4.58175908689009	-0.3269711185881681	-0.13001671639366746
1.9377080414797692	4.7066679426661455	-0.35841754833050565	-0.005681254954786746
1.9849284138587708	4.829260974887468	-0.4015668769480285	0.11641675735404726
2.0496377259988114	4.9507236138876465	-0.4606973588454163	0.23564020981524977
2.1362346745795295	5.071906737158759	-0.5348187137399777	0.35111709262617985
2.2499067285407715	5.1935368562187385	-0.6268277781194501	0.46184653906777834
2.3225999924251624	5.316216412619536	-0.6823751932501949	0.5666326094517843
2.3721593262180387	5.440335186494131	-0.7168291411360693	0.6639906184599905
2.4514673574407797	5.566012905248657	-0.7704892902376956	0.7521618989146558
2.5526785332238418	5.6931032036402325	-0.8309832957235148	0.8292491477658224
2.669345674775767	5.82125935603616	-0.8894703902846378	0.8934260398872145
2.7966746099688673	5.950054538650521	-0.9399252427330728	0.9431507336809045
2.9012836816188865	6.079096682268897	-0.9694005519060656	0.9772985856017313
3.0081150412128426	6.208133660526091	-0.9890814638638659	0.9951947181850066
3.114946400794375	0.05393470224819503	-0.9979453927503361	0.9965467587259358
3.221127329845648	0.18299747738651945	-0.9959748085059633	0.9813275788375494
3.3267056680333122	0.31220323516517773	-0.9824829980076679	0.9497406544813742
3.4313691148702996	0.44099308319693215	-0.9568614911671145	0.9025022497736587
3.5535448787678123	0.5676721844792563	-0.914786756929116	0.8414661668053118
3.7283996488466573	0.6888899553149463	-0.8322427261858351	0.7704828261421686
3.899536436304295	0.7989212651930244	-0.7248167419078602	0.6964879089208365
4.068862706621419	0.8882711227364584	-0.599026042797592	0.6303894813457205
4.244298610756167	1.0598831417841938	-0.4508732154777628	0.4882183654326412
4.4293690506185355	1.3083155702999334	-0.2786799859894695	0.2591648145640383
4.640881686391434	1.4900380969909164	-0.07138867332109881	0.08049449256829165
4.862703214244461	1.6434206137340595	0.14968166305496128	-0.07250432766845102
5.0897686045697155	1.7825547448256365	0.36786840925447134	-0.21005046020720552
5.312321167955999	1.9138307544018338	0.5634400261540256	-0.336174547148564
5.51925621536721	2.041659177304884	0.7218736454142224	-0.45340667048061506
5.705526496600998	2.082009823856715	0.8360218454372332	-0.4884804867930054
5.873928566995597	2.136650924545124	0.9162627010863945	-0.5351744230709445
6.031049852404233	2.196236723710402	0.9681203105787436	-0.5848956203398294
6.183764478714028	2.2167737980584223	0.9936344488047967	-0.6009411534940521
0.053147954137254746	2.251407652055762	0.9965971313234611	-0.6280004435932964
0.20648712172109213	2.2967319855725594	0.97684040629147	-0.6634121621181857
0.3583503650820454	2.3510594339720305	0.9352092748852526	-0.7021603687332807
0.5043030706841832	2.4135188979019566	0.875051891045404	-0.7455825649277471
0.6747638534044241	2.4836126802682315	0.7796334943507969	-0.7897025769169789
0.8290353680984267	2.563026605647545	0.6742103708854263	-0.8371683473754088
0.9695883821983485	2.6501823620106104	0.5644856499652595	-0.8800730575928551
1.100510451928723	2.744006833419275	0.4522228929030529	-0.9201743019090957
1.2243247139593685	2.8424025752113216	0.338882084781551	-0.9544753195984331
1.3419928729332498	2.9430901747240568	0.22635436156848404	-0.9799976968924908
1.4535771835918176	3.043777774249253	0.11676206523419329	-0.9936387892038735
1.5586931530866537	3.1425942910897837	0.012121596029450139	-0.9979453927503363
1.6568832492545689	3.237821411115348	-0.08595082963636015	-0.9938414790294795
1.7479527140346953	3.326809956405256	-0.17591536304397895	-0.982469671041402
1.8322661418125776	3.412349768700787	-0.2580347346757172	-0.9616825310088997
1.911088037595021	3.4876198976535266	-0.33354699372622715	-0.9395092815183973
1.9868007352214996	3.637924119389122	-0.4032777785290147	-0.8776598051480574
2.060643549034501	3.768760416264793	-0.4702217866117144	-0.8081190613166717
2.1366538167747633	3.8708866917825087	-0.5351768946460917	-0.7447342171673667
2.211771991142384	4.046227382275272	-0.597033261973464	-0.6167109301918718
2.2971687785921437	4.25832178701826	-0.6637534267383797	-0.4380590293477194
2.3974470807313137	4.417256837189416	-0.7344093406559506	-0.2902836221245253
2.5163598996557637	4.55828872272573	-0.8092756176799953	-0.15317036208710097
2.6034645296327836	4.692197205338284	-0.8571635002071605	-0.020134650626069003
2.712391871908525	4.823035281575051	-0.9083183764294396	0.11022407693125563
2.808289858825865	4.952488637116697	-0.9442810767526523	0.23735980156294312
2.9123724049245636	5.08118080479669	-0.9722113308032336	0.3598145507284545
3.0164649871365503	5.2091953190284945	-0.9901484998677232	0.4757198121424432
3.1143408208567847	5.336285376134163	-0.9979453927503363	0.5830813420102051
3.203378689158721	5.462019370301333	-0.9979453927503364	0.6800319473698783
3.284416533605156	5.58584484620497	-0.9878871083359388	0.7650087205483825
3.359644034827542	5.707197388851262	-0.975042424699711	0.8369327511116208
3.4370477116056426	5.825669060619865	-0.9554220756970704	0.8953380284614139
3.5205415782395333	5.941226822645123	-0.9271633233694363	0.9403709531729447
3.6086945531596255	6.054403409236982	-0.8919934415950137	0.9725814866434226
3.7015867932633304	6.1662678794870045	-0.8464408121808201	0.992514205694369
3.8480476207120793	6.277910967640838	-0.7606120771828189	0.9996623033737199
3.991688430689943	0.10613770060296727	-0.6593219925578848	0.993204392104182
4.134125213120465	0.24188946710988474	-0.5457787660151499	0.9700775779560233
4.277094414395889	0.3724830047986913	-0.42090485993054144	0.9307590143211013
4.438613485113282	0.5284633453350934	-0.26982371419578516	0.8628413057808662
4.6025340249765305	0.6662619724628903	-0.10952212362177934	0.7851408800498401
4.772996736699027	0.7797545524958763	0.06045087068919698	0.7106668858761118
4.951019198718021	0.8637607560302804	0.23592818632835727	0.6485215382186741
5.135211893543636	1.0267175259178416	0.41017108764625204	0.5176028363857327
5.321756614484165	1.244915178812945	0.5711734168893245	0.31957181960320813
5.504136598115404	1.403979528337714	0.7111890483308926	0.1659632350687097
5.677921558438761	1.5410326937814063	0.820972703394035	0.02976089113184048
5.840691722551656	1.6686634367702127	0.9018516525426696	-0.09769604696459715
5.99449566937898	1.793925132700344	0.9571449071313329	-0.22126741152522844
6.143817913714126	1.92369240470521	0.9896621330762259	-0.3456102516807608
0.008919007470626369	1.9551945769350774	0.9994289486464665	-0.3743965045887707
0.15751027009631616	2.0145955635037884	0.9861963412249183	-0.42867631138669765
0.30522740077202826	2.0874697457840297	0.9519372915799141	-0.4931463014150492
0.4490646408754263	2.1686965467993238	0.8990025309683898	-0.5625592345896102
0.5853292184356808	2.2595927549559383	0.8318402364550928	-0.6343954313958389
0.7100486700996446	2.36045519129918	0.7567765411427978	-0.708692355919607
0.8210742520249522	2.473755076964223	0.6800997731594461	-0.7838106790733268
0.9984602303165698	2.6012345763893547	0.5408219810459438	-0.8560699725497858
1.1517280276056097	2.743166234270144	0.40684452963580764	-0.9198590688550566
1.2902461490857062	2.8422677160767185	0.2767691310932297	-0.954441135391723
1.4198713177325777	2.9467795042916824	0.15028919950909422	-0.9809328712500357
1.5438203719804866	3.0487038735827943	0.026976553671859055	-0.9942682933222825
1.6640792669130837	3.147429783696267	-0.09313822362462638	-0.9979453927503363
1.7822960142089768	3.2420352283160616	-0.20979522100485523	-0.9933029971389478
1.9005786558095847	3.3591181906635788	-0.32347888825927723	-0.9751757161200597
2.0220131347177164	3.478295584376922	-0.4354543862244976	-0.9430059918755743
2.079080768316426	3.600773425154091	-0.4859774418134992	-0.8958778156630273
2.152214991577348	3.726665432757996	-0.5484748058427434	-0.8332792686108131
2.2343871419644925	3.8550936902583386	-0.6147023878749764	-0.7557136071194064
2.323251183448547	3.984996796920508	-0.6828279051788341	-0.6645501389668567
2.4201422127859464	4.115556569109859	-0.7501871333991159	-0.5616467311416822
2.526089931251689	4.246297709749661	-0.8150912658056799	-0.4490464662366326
2.6423553434601024	4.377017711641726	-0.8762348330538487	-0.3288331551211664
2.731790534122317	4.507678311537648	-0.9155930679875343	-0.20309781616671238
2.8294624439209057	4.638316608259312	-0.9511952442502583	-0.07395067747688773
2.931152763811041	4.768987842084051	-0.9769717919477846	0.05646323397897135
3.0328430837227947	4.8997326991656704	-0.9922414497972023	0.18596179498191295
3.1315782100520897	5.03056216630307	-0.9979453927503363	0.31234309541020755
3.226111479319097	5.161473242509799	-0.9953378861851041	0.43343843323075226
3.3165621760571495	5.292456196347465	-0.9837792304913627	0.547158487497022
3.408129787965783	5.4234891928192885	-0.9627522152700563	0.6515284419835907
3.5007145060396594	5.554540201858962	-0.9345986729396558	0.74473006082938
3.5960508263649684	5.685566687781974	-0.8981936904042612	0.8251405315104563
3.691131014395679	5.816516680719448	-0.8515681319597722	0.8913696796833587
3.8480086300822647	5.9473370188214245	-0.7606391837039291	0.9422950073926667
3.997191780049266	6.07799338670426	-0.6550222479541558	0.9770878255962865
4.140995688231171	6.208499590878236	-0.5399075532654676	0.9952181473640469
4.282010198458589	0.055754280195329374	-0.41641288387766867	0.9964302578200903
4.4231856489411525	0.18626896317105138	-0.2846037540572238	0.9807026344583094
4.566463507221395	0.3169901323521306	-0.1451058913994145	0.9482332970306177
4.71342250466209	0.4478799576078484	0.0010652124090864135	0.8995161936931049
4.865282524305729	0.578727781325063	0.15224729584783708	0.8354390840302279
5.022715162647883	0.7092082251087878	0.30498397445229714	0.7573209682825458
5.185572280851573	0.8389336093306196	0.4547899888600788	0.6668879397233052
5.352739009557612	0.9674495509800732	0.5965669121842377	0.5662386584189034
5.522364292941183	1.0941901543822068	0.7238870095274264	0.4578226260851199
5.690830158966079	1.2184412310589847	0.8280099719353664	0.34439976569777
5.856589772768092	1.3393736027872292	0.908744833205655	0.22890621202231604
6.019761742594606	1.4562084501368906	0.9651010010739262	0.1141447514663723
6.16529971448963	1.5685219288903616	0.9924522176386334	0.0023045989797004993
0.027113314069210245	1.6765964151046466	0.9982640338906552	-0.10552197451999856
0.1722778123563723	1.7816694308970993	0.9833753317086156	-0.20917709305852109
0.3169813579551276	1.8860261773078824	0.9482360600213782	-0.30953745085106543
0.45976865959042235	1.9931246424651858	0.8943614124778869	-0.4090564782312198
0.599154592733227	2.088468552246659	0.8243031783975323	-0.4939998384912138
0.7352862540719644	2.196616881005151	0.7404280283838696	-0.5851926356971947
0.8685526545881702	2.3184198001267253	0.6449766309464715	-0.679469098341712
0.999385666116075	2.4567808204752692	0.5400634841781333	-0.7736651515936201
1.12801036320259	2.5424855613224855	0.42785819099925515	-0.8248909477851892
1.2544118148491266	2.648218155307581	0.3106656311579763	-0.8791098471036249
1.3783339941730746	2.768107024866338	0.19094865633051694	-0.9292121137610779
1.4993330733629464	2.86565378249784	0.07124880452667583	-0.9603690551505832
1.6168630648732631	2.9666399894540154	-0.04597860523650129	-0.9837813848103156
1.730400984517415	3.0676261964272014	-0.15860048357708112	-0.9966863688327203
1.8396056960099743	3.167060206027865	-0.2650661098078098	-0.9979453927503363
1.9445131488980096	3.263781773763962	-0.36463596215220134	-0.9905240154348207
2.045710607406916	3.355047755809472	-0.45710881173948475	-0.9762074933657201
2.1443558405734806	3.5048972632081883	-0.5417587131661709	-0.9330300973374775
2.242236115183586	3.6489492513604835	-0.6208347589167023	-0.8722532851806918
2.3415698013118686	3.7832684984041363	-0.6955631188490157	-0.7994475683344411
2.444802976882839	3.9046823135922244	-0.7665059843338519	-0.7212392969678938
2.55295526090289	4.0107551325179065	-0.831148696091655	-0.644425255508688
2.667241026323366	4.200361187043117	-0.8884383097697062	-0.48917634939678134
2.7878082044878085	4.35968421783664	-0.9366002523603942	-0.34543543032675655
2.913320615135062	4.504135916824501	-0.9724516839238119	-0.2065924083903408
3.015879838658377	4.642194045416043	-0.9900737239949791	-0.07007788702073939
3.118439062214476	4.8111233798430595	-0.9979453927503362	0.09837534026014502
3.21988148069522	4.980476794934094	-0.9961340150338891	0.2646275476321132
3.3208043249161165	5.069533136909839	-0.9832371281103894	0.34889106953442484
3.42276911991832	5.182255768801073	-0.9590414251108536	0.45185158565339045
3.5270610644675373	5.305067042188663	-0.9247184510940557	0.557494468746186
3.6369047769512535	5.432222894080467	-0.878159671749041	0.6579893803235771
3.752161779891557	5.561301159260988	-0.8180400803350841	0.7491097034477392
3.872944713460248	5.691213864515507	-0.7433034680792296	0.8282191533246588
3.998322745046457	5.821431959081912	-0.6541386295744793	0.8935008782454503
4.127235080471073	5.951676617458367	-0.55166677725255	0.9436615139381836
4.258932722329283	6.08180769815231	-0.437500765039937	0.9778164647092549
4.393132190739222	6.211795871125271	-0.3133953036460796	0.9954291961049404
4.5300069895103325	0.05853032880408782	-0.1810704502953569	0.9962525176039589
4.670111041380358	0.18852995324483024	-0.04219434663963084	0.980270722742597
4.814263505568738	0.3187386273839602	0.10149881488870277	0.9476827092676252
4.963388946945996	0.44912708075352603	0.24797953875464443	0.8989754578773845
5.118329416360665	0.5794996136490399	0.39465346987908295	0.8350183109711182
5.279604444271256	0.7095518771099153	0.536625056976078	0.7570983558830695
5.447240133644633	0.8389230252054732	0.6690986976633129	0.6668957695514511
5.620957390150969	0.967196942082366	0.78775407815984	0.5664456993155215
5.800400014917023	1.0938793052113653	0.8843817102437967	0.45809803596950716
5.936538239440806	1.2184083133111714	0.9388945540462241	0.3444306368045599
6.074250664686871	1.3402534100777275	0.9763728620470379	0.22804905086352767
6.211927308326735	1.459131714010843	0.9954376115471347	0.11123698873948469
0.06632677758835678	1.5753187569522127	0.9957533395680986	-0.004484083798644716
0.20386349809089518	1.6899755081192809	0.9773415910585521	-0.11872052470827103
0.3409137187348662	1.805387345133005	0.9406999419627207	-0.23228454638494064
0.47687791914569855	1.9252381499415692	0.8869430677425997	-0.3470227324767041
0.6113160956881089	2.054771741480414	0.8176731984877366	-0.46520399223509
0.7440660154453184	2.1154604534093253	0.7347406360807848	-0.5170659571643565
0.8751384415783775	2.20254556506964	0.6401046571530521	-0.5898246925863903
1.0044990761478572	2.3059175735671986	0.5358724797940241	-0.6705888248799496
1.1319878251334556	2.421293548185132	0.42433419147379703	-0.7509875487156027
1.2572331788556765	2.5473267615574415	0.30801968374889444	-0.8277845372658521
1.381589107631923	2.6410076858784337	0.18777732909271466	-0.8755739668035953
1.5021384448903758	2.7430362743156693	0.06845830900035109	-0.9198103325776119
1.6243300839226846	2.848782308696896	-0.053436675849012516	-0.9560924598008248
1.7410612852598446	2.955770178020869	-0.16911692996228334	-0.9823923362751176
1.8527637805163606	3.0627593767400456	-0.2776717021497801	-0.9960644400348663
1.9596877676283226	3.1685880373432185	-0.3785023206168173	-0.9979453927503363
2.06229573281677	3.270524235087328	-0.4716336718643311	-0.9896623991977358
2.1614566270283277	3.3930973711058585	-0.5563723103112712	-0.9665626449217436
2.258396874069034	3.5303605976071197	-0.6334610944939921	-0.9234810933004287
2.354797416799143	3.702977353125702	-0.7047590369490777	-0.8457589074488623
2.4523772392444187	3.893547553072614	-0.7710331273623504	-0.7289802496664851
2.552780372641918	4.064494423929374	-0.8310441652299514	-0.6024389644033896
2.655678554808381	4.207610748159481	-0.8827682884692588	-0.4829811860390576
2.7613197998892773	4.34642722794642	-0.9266668367878851	-0.3575494858589964
2.869253584799998	4.484477026163048	-0.9612815360616817	-0.2258859281485863
2.9783853779325455	4.624093265494699	-0.9852823229601425	-0.08815697506128314
3.087517170968161	4.767585396659604	-0.9979453927503361	0.05506822528063396
3.1957622086743585	4.917858944492095	-0.9979453927503364	0.20362147297762587
3.3026816431008315	5.062989869631827	-0.985553017837107	0.3427546259344525
3.4078468405102016	5.2240854441602655	-0.9628239370287504	0.4889123441667414
3.5135617217288186	5.404020323057934	-0.9297808390865309	0.6371259380146875
3.6182717294652407	5.50535509314222	-0.8872969721956642	0.712090455535056
3.718750003546282	5.6365607012330505	-0.8380103273545867	0.7978616594000536
3.852622343882905	5.765955679947658	-0.7574317020313153	0.8689654933597043
3.9834502619522625	5.863770552133828	-0.6657584404847181	0.9118583225200796
4.159520155070011	5.968951416164379	-0.5240773400512768	0.9491012164266344
4.316101759595453	6.0778183585140715	-0.3852604829018333	0.9770543903650578
4.4638673857952735	6.187461701762138	-0.2456301944712933	0.9938711684434889
4.609636638995076	0.01346885247749294	-0.10251535511444063	0.9991376387492503
4.757367271595951	0.1213850850646295	0.0449042837139792	0.9922281579701315
4.9102235737136635	0.22639776834350864	0.1961826357062132	0.9730369214184658
5.071237420519678	0.35150551097934934	0.3504893903435529	0.9373646672883237
5.243642085876003	0.5066717588117967	0.5062393726395976	0.8740248597443562
5.43101093807803	0.65345648698232	0.6570928104995865	0.793436073559369
5.554556342385643	0.7929796774172203	0.7447405164104957	0.7008833228596809
5.695502151442737	0.9269681271539326	0.8305569611005934	0.5994176571058535
5.844925789581351	1.0573255185505472	0.9036874870366823	0.49048439920451176
5.96703801616769	1.1850497979957935	0.9484987013466892	0.37571510664419405
6.090331233970089	1.3106226089517234	0.979444696085273	0.2569171588040844
6.213346939948364	1.4346049864883013	0.9955285053558596	0.13563365875550634
0.05307827600007726	1.558158684236288	0.996601592559162	0.012655424375116906
0.17588866775184014	1.6835788113272143	0.9826855583358209	-0.1124101474983283
0.29755872596403604	1.8148423940170189	0.954352098846041	-0.2413425891226532
0.45142336250508747	1.95810154856766	0.8979798210067533	-0.37705285539535416
0.59928992151775	2.009726500025947	0.8242294023909045	-0.4242270279634609
0.7393523122502456	2.096327070475644	0.7377940993960914	-0.5007153904255675
0.8720443668472894	2.2029196404336973	0.6423935637069929	-0.590116956155896
0.9978195843930405	2.325126239042993	0.541347061150509	-0.6841314551418775
1.1192035599129238	2.462589150663226	0.43566094842422226	-0.7771367954662971
1.2741375615623678	2.5521311367767923	0.2921663207935795	-0.8306561164034988
1.4169331159970309	2.6578163670192994	0.15321182088680377	-0.8838166318754721
1.5543938938763073	2.773065088676772	0.01641570302985166	-0.9310714370767142
1.6996354457876688	2.8929644707070694	-0.12825010731841832	-0.9672917913366632
1.8472403435426568	3.0022289595905733	-0.27238018766047256	-0.9883292840210274
1.9276754216451248	3.111556866597424	-0.3492498779304253	-0.9979453927503361
2.023789909332981	3.220204974628692	-0.4370779784981457	-0.9960926758830494
2.12723286602513	3.32697434834258	-0.5271261550299644	-0.9824486634663265
2.2357368045769643	3.4284868036305185	-0.615756873817251	-0.9575921018410862
2.3373682942086145	3.549633471027106	-0.6926422057596138	-0.9162535737929796
2.430507441258177	3.6886176861327926	-0.7573931027751358	-0.8528006214640371
2.530943411017473	3.8432531045976632	-0.8179921947723188	-0.7635947184089176
2.638169256138175	3.9707650874514315	-0.8741820535723945	-0.6752981538481203
2.7500588746597554	4.171043489964999	-0.9224438776579872	-0.5142299933009926
2.866433175079406	4.331746774469634	-0.9605666162367864	-0.3709642828927824
2.968332792021661	4.478011764377312	-0.9839977073234917	-0.23207972135728222
3.0702378453041685	4.620443535517309	-0.9970201103211825	-0.09180233122119388
3.170688940621444	4.763970604451883	-0.9979453927503363	0.05147260117679808
3.269218412703209	4.91239096342729	-0.9898292696794406	0.19829423707453797
3.3657677417853247	5.061136200158115	-0.9734901823166258	0.34101620723701576
3.4859221078150764	5.223529360758532	-0.9401459696193125	0.4884196587110696
3.6080668470824957	5.310123838029908	-0.8923012569979	0.5616390715471495
3.7325710651844286	5.420562856099734	-0.8297494671077896	0.6493636231351234
3.859295499551463	5.542132641955396	-0.7527924839457835	0.7366926372941838
3.9878197097609114	5.668979442939763	-0.6623446085780289	0.8160978087096058
4.1176961270364085	5.798488189635853	-0.5598183568917747	0.8835527685258024
