1.1925457602369351	1.488647525476601	0.3686852013131277	0.08187769032010153
1.4605140841250766	1.8929169700516029	0.1098619488983168	-0.31613890748392015
1.5428319408329105	2.1341231763627113	0.027963800288673166	-0.5330143181120542
1.4669861460173739	2.365021173257666	0.10342420631058151	-0.7118666541275488
1.3453415990623823	2.5260712694579492	0.2230918312390451	-0.8150801116357562
1.210761242135258	2.635881527207396	0.35160225596394473	-0.8730601937909147
1.076625718679791	2.7295704269195453	0.4733845759305533	-0.9147605056722532
0.9131629731858824	2.815218139611965	0.610732505796608	-0.9468792510592762
0.7666121928814943	2.8986277620531284	0.7201355744439555	-0.9687273271837762
0.6286332592351239	2.9820374350487793	0.8082325523079592	-0.9857490177707162
0.4951603481714105	3.06294664911595	0.8790160525101182	-0.9960883714913623
0.4388178498896761	3.1347785387760334	0.9034454016675655	-0.9979453927503361
0.382612641795534	3.1893184123982943	0.927569268812828	-0.9979453927503364
0.33638759295206555	3.2189799158156345	0.9421251844852385	-0.9962492256226906
0.3192348020285356	3.2310065967747934	0.9475264676526152	-0.9947123412275602
0.3143039558749107	3.27212135715155	0.949079153536168	-0.9894583036550041
0.342744941534084	3.3216121986569513	0.940123303856116	-0.9831338902719748
0.3772716809626238	3.3534351433799396	0.9292510966840488	-0.976616259718824
0.42197731012668777	3.3770789916416715	0.9107472331165855	-0.9706229972024896
0.47297150869080373	3.397567311938362	0.8886368347544517	-0.9654296005651262
0.570975813062929	3.4177832509529242	0.839665156583102	-0.9603052473639351
0.6638136017620542	3.438884960919194	0.7867268963533463	-0.9549563681979284
0.7486643538988057	3.460552079189803	0.7317619042434124	-0.9494641688600395
0.8227050848962136	3.5609224154606554	0.6788933304029393	-0.9120201071824752
0.8861880630613632	3.659265796364426	0.6319304683473169	-0.8671942431027443
0.9363957495689618	3.7572618445132773	0.591690679095576	-0.8149917673912086
0.9710610338002754	3.8556479864730955	0.5632786492980766	-0.7553282570463731
0.9906513777611445	3.956147706369133	0.5472221983356267	-0.6854602453754659
0.9929336208451754	4.0577808527781185	0.5453516480157176	-0.6076842504000821
0.9776638696795896	4.159197163595776	0.5578668958995103	-0.5243533546835999
0.9862980995816069	4.258907431220118	0.5507901906973365	-0.43752387570860585
0.9720897131631628	4.356892535006607	0.5624355329250676	-0.34798643180684113
0.993915405684609	4.452654274213028	0.5445469668849764	-0.25637248096612514
0.9962016659175226	4.546580644226035	0.5426731240677956	-0.16472044709790362
0.987514752580966	4.640514784607401	0.5497930091643554	-0.07175513541193619
1.0066294968232958	4.716699523601768	0.5341263647093223	0.004338304186259374
1.017059531562015	4.774791415510416	0.5255777990662991	0.06223603288443709
1.0239630961225974	4.844289707796152	0.5199195652928386	0.13136579762838105
1.029089112743742	4.923996578575317	0.5155016293863142	0.20960112511259985
1.064293126983439	5.016370090365613	0.48431115374349376	0.2990334031943047
1.095316971132296	5.014221057975045	0.4568242754379954	0.2970179855903887
1.126632871658514	5.049419770449288	0.42907863751314296	0.3300282394456244
1.1594803291392535	5.102136428452315	0.399694809268703	0.3794672711816006
1.195166666846803	5.166918810010908	0.36622724798355877	0.4382631625740655
1.234168723915131	5.243270343039838	0.32965012017969275	0.5059100114537444
1.276402045944223	5.335121283385833	0.29004262935597497	0.5821272394091155
1.3413236841791643	5.445952193904649	0.22700632548614513	0.668145917278822
1.4131741130562618	5.482166912060256	0.1569508910196175	0.6949365131563588
1.4886499924235865	5.549590443730799	0.08187523645455835	0.7415236848149156
1.5703584165747704	5.641010082350503	0.00047031213260999294	0.8007438990014271
1.6597183567858622	5.751556977853948	-0.08878253958948881	0.8611158792155814
1.7571066308904122	5.878421369695469	-0.18494575328846707	0.9182107198856652
1.8624964445183352	5.98063194923494	-0.2869957032800901	0.952779327291582
1.9756002199208507	6.090279356505881	-0.39304290127065133	0.9794347860530122
2.0952924115804805	6.201857760778726	-0.4998312154014283	0.9947928953300336
2.220558751910868	0.028994747063930435	-0.6038983226359398	0.9981435726328577
2.3504779086229957	0.1377250865180588	-0.7017560888018011	0.9899758591821497
2.4842958314903325	0.24677656758361685	-0.79011089698102	0.9691440064313412
2.6210236717092	0.3719539250196291	-0.8657741773847718	0.9309256175122431
2.7600544172193766	0.5043387433492208	-0.9261923056823358	0.8750364238578252
2.900796472023739	0.6450110080634672	-0.9692770536086702	0.7989069229089564
3.0425445200166656	0.7959831935741704	-0.9934811921750899	0.6986614089067196
3.1846006974179955	0.9578647886285194	-0.9979453927503364	0.5740944299659402
3.326656874682968	1.1299082634201054	-0.982489233288955	0.4261766665542341
3.4693207427913637	1.3090533863011309	-0.9463716468675603	0.25844598985618567
3.614480047433185	1.5296813494881432	-0.8891563426475972	0.0410614557455938
3.7651540995331017	1.7409201275329396	-0.8102745598815551	-0.16897767707414058
3.924598542612107	1.943966362196672	-0.7073934143819417	-0.364136315964104
4.095280233526959	2.135975520279016	-0.578386135835563	-0.5345972516127169
4.277812631739644	2.315507120729474	-0.42024856277270173	-0.677444186050103
4.4702866146894324	2.419373443827032	-0.23948050128834633	-0.7496526805802499
4.6712071599768645	2.5176902715244345	-0.04109954162596685	-0.8100707820726515
4.874370204641027	2.6068791866358203	0.16125212795449506	-0.8588379845867197
5.0751287750166485	2.6877813942340185	0.3541388022326871	-0.8985109247310912
5.240229292970121	2.763543760036503	0.5032156653634867	-0.927500843995715
5.399155441830042	2.83772296561945	0.6335270402845256	-0.953289128228586
5.548418814988463	2.9119021711996314	0.7407647220130953	-0.9720921355636789
5.687757345185259	2.9836542463582503	0.8263347929949874	-0.9859556293936431
5.818843834716779	3.046445501396503	0.8923787023443643	-0.9939796969104134
5.943473281525707	3.091230991444451	0.9410783459577104	-0.9979453927503361
6.0640880117825935	3.123804242997138	0.9744315139168623	-0.9979453927503363
6.183080611085592	3.134703678267012	0.9935906632674327	-0.9979453927503363
0.018788482692496198	3.1285933403912067	0.9987970423269937	-0.9979453927503363
0.1372045724059869	3.106868782705893	0.9900752917916974	-0.9979453927503361
0.2522896525879348	3.149358291609452	0.9680908545264755	-0.9979453927503363
0.4019700782626552	3.1839264662474913	0.9194220996522589	-0.9979453927503363
0.5610057615067612	3.2035158743361154	0.8451004421528421	-0.9979453927503364
0.7042018416787099	3.213075275937942	0.7605640252832668	-0.9970037770170203
0.8281157432397854	3.2156510313369338	0.6748906826261096	-0.9966746223406946
0.9333021728780417	3.249335086662142	0.5942262069319199	-0.992370151375694
1.023835923329998	3.3151978674108693	0.5200237974447705	-0.9839535749073933
1.0930684265660229	3.3767384434917296	0.4588164679774206	-0.9707093196335701
1.203407089943444	3.438500084920896	0.35849916819956895	-0.9550539268892421
1.2859462683715461	3.5504229402029046	0.28095833340537896	-0.9159575149882402
1.3477848829567376	3.6596632902645623	0.22071143717235303	-0.8669993194761088
1.394372592475914	3.764612319317464	0.1753228895801449	-0.8105983823752996
1.4297864878863045	3.862192844328909	0.14042660637795354	-0.7507782323743896
1.458749434188119	4.013895311739649	0.11161724145278323	-0.6419718461788666
1.4865347685989583	4.1478182164604505	0.08397924391385167	-0.5340773138599866
1.4444414600894315	4.270811099903012	0.12584934487394484	-0.42664646653381655
1.4235373003606149	4.386835201435719	0.14664265643160898	-0.3194278899319618
1.4156712775134064	4.497748385840147	0.15446696823861458	-0.21289374347964257
1.4224645170157453	4.60468191148745	0.1477097511444855	-0.10740322154956275
1.364334118391869	4.708882748344079	0.20458817702682197	-0.0034691034884931637
1.3385054077377612	4.812452177319338	0.2297520598377335	0.09969709154217403
1.3313751485654988	4.9188408670375825	0.23669878701374536	0.20457812095726896
1.3369279030112267	5.032818460030802	0.23128895978615815	0.3144591054426459
1.3536692457610415	5.161558578648425	0.214978537144653	0.43351404036848196
1.3809445669786864	5.3148567770760895	0.18840527934861867	0.5655182379290712
1.4184975081970872	5.398242116930149	0.15165572416557035	0.6328513890702099
1.4662582960601183	5.532641641348979	0.10414819670889375	0.7305445153234285
1.524249272239661	5.603540688733515	0.04646472840033172	0.7764718109803039
1.592520430065364	5.720845446454559	-0.021665142515932576	0.8443731429820411
1.6710751743976482	5.805128715952906	-0.10007523964094936	0.886432011387511
1.7602138491229533	5.875388108423033	-0.18801104147678083	0.9168955386109625
1.8593038848671009	5.953116064032031	-0.2839371953740685	0.9441147846964719
1.9680711575547443	6.023844782607435	-0.3861629473471745	0.9663867192635397
2.0855414599558464	6.075538396907184	-0.49149847122033385	0.9766188545611596
2.2108482827285836	6.157982690794663	-0.5963115723244271	0.9919837354337908
2.3432359776256315	6.221377465495037	-0.6967214546757841	0.9960426704687506
2.48206608702827	0.023386168747760516	-0.7887781768275748	0.9985026693428217
2.6267510780767966	0.15873309574611077	-0.8685827911018742	0.9859627476631663
2.7763187954910005	0.2992476385260558	-0.9322916095418626	0.9538202731488074
2.9084978711754004	0.43863185163493895	-0.9712292107341958	0.9035260480081828
3.042995812236533	0.6322847629674153	-0.9935388626140674	0.8062418940418344
3.1781162072736993	0.8160232933057272	-0.9979453927503364	0.6838363256091833
3.3132366023036925	0.9921517070830528	-0.9842042041332096	0.5459925127194443
3.4490811410066384	1.171202268585739	-0.9523718319053832	0.38870167430425384
3.587808095518312	1.3585936894991693	-0.9019377093555773	0.21018084798414255
3.7326408626152996	1.5525768646408102	-0.8297077491242434	0.018230554746934725
3.887120434551773	1.746792393542259	-0.7334484212423752	-0.17477070037983933
4.0542800086753115	1.935192441600662	-0.6104194457432675	-0.3561188276642946
4.235545579077922	2.1134464361697733	-0.45887161577102586	-0.5153448645900582
4.430024526319938	2.2800160404976846	-0.27805203292548514	-0.6503520618157819
4.633680985229466	2.3784096001692148	-0.07858074520013164	-0.721174369300077
4.841809955513714	2.4720917281858923	0.12889919469080935	-0.782816494099754
5.045614628886716	2.557705180547346	0.32645968025393435	-0.8339877270860663
5.238287577271878	2.6362322326227736	0.5014953207522449	-0.8732321732135491
5.415658277388719	2.7109234725615976	0.6457353583607908	-0.9077677120477788
5.577083112274195	2.7850250968389108	0.7593330061410641	-0.935556559269831
5.724563490697376	2.8591267211158597	0.84640007655473	-0.958714570149267
5.861443222707834	2.92892978175025	0.9108492237955659	-0.9764083085878872
5.990873472781207	2.9849398145793393	0.9560043050217575	-0.986119911604552
6.116279477443221	3.0140262804281686	0.9844015291506532	-0.9898368585847177
6.240541627964696	3.0644243295097975	0.9972696815407422	-0.996277203634329
0.07916627269647365	3.0936398082973393	0.9949312737626463	-0.9979453927503362
0.20385136613046256	3.14196125856367	0.9773439085989546	-0.9979453927503363
0.3553218057838054	3.1576874259535805	0.9361629451323812	-0.9979453927503363
0.49931619155565116	3.148005774489714	0.8772141347362626	-0.9979453927503362
0.6277234971937093	3.190994654422821	0.8087285193014838	-0.9979453927503363
0.7914071733018715	3.2118551097886754	0.7020466156979422	-0.9971597015252569
0.930569060883879	3.2190311185729636	0.5964662941298177	-0.9962426824443197
1.0621855041477022	3.260582993792624	0.4861784907544012	-0.9909327861536998
1.1766516333877077	3.296070751023469	0.38359112045674	-0.9863978208967452
1.2780513757780052	3.331655296586822	0.28849584560517705	-0.9818504871003434
1.368077542879584	3.4018304894777596	0.20094110782612318	-0.9643489667417098
1.4474550861136968	3.4746533183479325	0.12285169915875015	-0.9443718779166533
1.5170197857826166	3.5913357840793085	0.05365587916904748	-0.9005058595765315
1.5784505021587	3.708206377814292	-0.00761207593791563	-0.8431946908515333
1.6339319695203804	3.8241210858821115	-0.06302705459679646	-0.7750299421989673
1.6880681334779815	3.937119782944968	-0.11683888894241662	-0.6986885725513818
1.6787399082693333	4.044344705810903	-0.10763654253155142	-0.618181857701594
1.6868912642982958	4.141696230603428	-0.11567790090562508	-0.5393088998621125
1.709524112266244	4.223144270200517	-0.1380053321808063	-0.4697069057039627
1.6718861788164179	4.326842091660846	-0.10087530004207926	-0.3754461147720925
1.6644049781206287	4.513583927574341	-0.09346354450154915	-0.1972718928722342
1.6804180737341183	4.654916296612739	-0.1092920621610931	-0.05737088210390956
1.6316223137763326	4.7888330717326175	-0.06072016673221608	0.0762032306288824
1.629375278248053	4.912164083828773	-0.05847582403966214	0.1980731973290497
1.6522658785252005	5.034112472849567	-0.08133899234013148	0.31567266379852693
1.6947572801948012	5.160925807282797	-0.12343776964098818	0.43295340998886944
1.7581421720217434	5.298627921882733	-0.18596732041405215	0.5522168983451757
1.8451673517615563	5.453670267481857	-0.2703942383144166	0.6738555237783567
1.9600485826676706	5.537595043568664	-0.37883202845092784	0.7337532519234705
2.1091021843454487	5.652358353846565	-0.5116324536886547	0.8070366353352577
2.200731581049442	5.790084081763495	-0.5884074342055673	0.8799088604309916
2.3429614382743718	5.883672444602985	-0.6965305932622619	0.920487515311494
2.4334573799151342	5.986927649116697	-0.759443917928909	0.9547617952147198
2.5621624911413963	6.095980391716647	-0.8366518654032264	0.9805238416520503
2.6510632946227193	6.206327119621739	-0.880505050585741	0.9950790519932199
2.7568198202657306	0.032756063382954156	-0.9249792996052572	0.9979027493369788
2.8741032286827664	0.14148889211552101	-0.9625108278664007	0.9892568680852578
2.9834855986784734	0.24986914519032694	-0.9859340779790671	0.9685532384684129
3.0928679682675866	0.39239789765494065	-0.9979453927503361	0.9235724683685111
3.200532393333009	0.5356935068832761	-0.9979453927503364	0.8588997020180033
3.3068410590476556	0.6801334980628823	-0.9850214878594482	0.7761551223994247
3.413088657305639	0.8250635543232426	-0.961495236904734	0.6771486032718992
3.5228501684304407	1.0166964001556587	-0.9262975790522353	0.525875425367845
3.636838381160888	1.1947094437918608	-0.8781922310115777	0.3666560434721197
3.7794242685624613	1.3807660073940113	-0.8017452677666608	0.18857924283149247
3.922873646126234	1.5603991011577876	-0.7085925728266691	0.010417692357638886
4.120836005521784	1.7522289934735114	-0.5571351516841666	-0.18013393665958619
4.375968656807568	1.9347371684161943	-0.3298381614028451	-0.3557028052727371
4.611817523382768	2.0356583380586306	-0.10036390045198419	-0.4479231858833468
4.845776314202168	2.1381669984639684	0.1328445210291259	-0.5364699946840211
5.083317406712058	2.2313492950143035	0.36181831071443343	-0.6123289303351779
5.311125850065372	2.3110656822696276	0.562460331099476	-0.6743564712338908
5.523358454371201	2.3770332124160616	0.7245310117758551	-0.7202174962291821
5.719798388760551	2.4326999049866798	0.8438023277216717	-0.7589173167881652
5.869864866755576	2.4842047872113886	0.9145007353400715	-0.7900564797383858
6.013469089217565	2.532693437852237	0.9631194924719105	-0.8190381872936334
6.153531268678235	2.58490102627282	0.9915176528578142	-0.8480603029084245
0.0096051690171947	2.6430094268306616	0.9993850162379333	-0.8765555833915712
0.14913417715032934	2.708073981976841	0.9877964069294176	-0.9066991246950354
0.2878919633788108	2.773138537036661	0.9573960887289339	-0.9310989809432835
0.42310698957389475	2.8230111900969836	0.910257419308298	-0.9495599750124307
0.5763287067237136	2.8730977412234777	0.8367469664908134	-0.9622559560606907
0.7174980032968526	2.8636647878982755	0.751950979434766	-0.9598648831288885
0.8468655625057614	2.8910506627078965	0.6610201113138254	-0.9668066776775864
0.9645559583900535	2.8962536746513505	0.5686102771929159	-0.9681255415151291
1.0875199704187601	2.942069875914309	0.4637323558400413	-0.9797390706932262
1.1963258611660408	3.0337742853388354	0.365140125868692	-0.9923604476518284
1.2901907596926023	3.1230781867394084	0.2768230947701511	-0.9979453927503362
1.4130517170506878	3.2082720973152083	0.1570726379977468	-0.9976175731505813
1.514073417395209	3.2868668483490415	0.05658662389343669	-0.987573983667061
1.5989308340890205	3.4219402758861532	-0.028067864344646896	-0.9592515211922901
1.6702916655078213	3.556081462421811	-0.09930230373310965	-0.9138355127922382
1.7299196539699289	3.688895804916032	-0.15812564829630413	-0.8526642371777728
1.7798293051112133	3.8203110006750576	-0.2073617986651579	-0.7773072333541553
1.8200755524219148	3.950456156028401	-0.24635601349160713	-0.6894170455142443
1.8538809463056076	4.079498495400695	-0.2787419594893502	-0.5907163440261298
1.8819929554392616	4.207532318543808	-0.30567357912445686	-0.4830482086178564
1.90950524753709	4.33460275956504	-0.3320306631217597	-0.36835452288455334
1.9379002064834296	4.460738533992237	-0.3585931460751651	-0.24862766954514404
1.9695264926620653	4.5859963086072915	-0.3874928126072447	-0.1258366734391747
2.007150595649324	4.7105038417690634	-0.4218732018745406	-0.0018499527734635486
2.0476672257910478	4.834492401719895	-0.4588967427824328	0.12162044357865143
2.1023173174143635	4.9583013425339955	-0.5058343980099996	0.2430228886559873
2.171649446254576	5.0823497252919365	-0.5650826555540777	0.36091079430023
2.2560802424379593	5.207089697734442	-0.6316511195670567	0.4738542484814927
2.3558717226641397	5.332899115642408	-0.7055059008686128	0.5803059274671756
2.4708059345579434	5.459993345013522	-0.7820479741593325	0.6785331527502374
2.600274998301024	5.588390878081401	-0.8555994132759118	0.766658000236253
2.741991856547524	5.717927492130111	-0.919418665511228	0.842782387413378
2.8537854935233034	5.848317586161904	-0.9573606712928997	0.9051581243968332
2.9578923195761204	5.97922003027439	-0.9826635238331479	0.9523347247689186
3.061999145593556	6.110314741796976	-0.9959672904231238	0.9832620994660127
3.1644016843094134	6.241410340155158	-0.9979453927503363	0.9973253019978198
3.2646381519074046	0.08927712191398286	-0.9904145792396264	0.9942839131510486
3.3623980947548118	0.22040615635043795	-0.9743443232761557	0.9741814852296127
3.460700079334301	0.3517526733894084	-0.9494266536591038	0.9372868377286321
3.557634616037645	0.4831151935316019	-0.9132530647155095	0.8842386694924171
3.7092567723873406	0.613485053842516	-0.8426795968601369	0.8164907665924145
3.898359736332824	0.7405360022553776	-0.7256347908280454	0.737027323496594
4.0761922923587255	0.8601675766153453	-0.59329946709544	0.6511796679107895
4.249694871359579	1.0463017620956085	-0.4459421865520791	0.5002513594397576
4.428143803625892	1.2059372767724232	-0.27985378633251995	0.3561262942034846
4.616084392847056	1.3503865452556658	-0.09615460982894879	0.2181767413417896
4.811220327882679	1.4842137793227783	0.09847177421486318	0.08628792571535356
5.055362831985323	1.6085091321064686	0.33560179473192564	-0.03763468377941705
5.28661179633325	1.722772738401022	0.5423683560720388	-0.15107517606142368
5.502295309432614	1.8257317996805211	0.7098269164821078	-0.2517747617214709
5.699733868187624	1.9162022851693825	0.8328639290063395	-0.3384465001875986
5.8810622715362575	1.9944273840719573	0.9193557793900655	-0.41024690564342076
6.052103747571347	2.062806200043908	0.9721421875827672	-0.47206989521773435
6.192331340330937	2.125678783768179	0.9941829535501936	-0.5257981031246677
0.038706528969387664	2.1886673160339845	0.9975217628383715	-0.5789816727262787
0.1677252973730238	2.2537205625910905	0.984244988139251	-0.6298075112431702
0.29325258514630803	2.326481083170271	0.9557080697792169	-0.6850733509540732
0.41016423041050387	2.4087540476527662	0.9158692255346066	-0.7422700122841682
0.572045513684979	2.504255558632358	0.8390819972762302	-0.8020408427985966
0.7626374712853864	2.6142967581168746	0.7227103370202159	-0.8624754238868433
0.9291950006005	2.7022369304934157	0.5975924883203635	-0.9045101722465287
1.0741177769269497	2.8026772004944247	0.4756065923069528	-0.9421762739712952
1.205503417397046	2.884323818670871	0.3565331786350999	-0.9651015516010676
1.3277308978536082	2.9659704368619435	0.24024923515944135	-0.983695822972102
1.4425219994233656	3.042340486426279	0.12775862724501147	-0.9934551188101929
1.5502036250111635	3.131289233749011	0.020600950298515212	-0.9979453927503363
1.650519583709193	3.2064291515138157	-0.07959479027477656	-0.9978530824031215
1.7431379258096156	3.275564290008716	-0.17116554749481516	-0.9890183327436921
1.8280418662063402	3.398979690502755	-0.25398783132846225	-0.9650715896603381
1.9058746557837791	3.519594509505178	-0.32855251555551307	-0.9275184835784662
1.9781638106647241	3.633549781932465	-0.3953854753308556	-0.8798048989995273
2.0447852237245234	3.780567748810415	-0.4562632088228375	-0.8010618086539942
2.108373696122743	3.9081069743463095	-0.5110099189625658	-0.7188584521478003
2.172352970268828	4.01403471420518	-0.565683856940536	-0.6418629315961683
2.2370968262987416	4.185528554736488	-0.6168194532897425	-0.501851679487757
2.306303824775557	4.320392157009212	-0.6708906013873794	-0.3813399765911212
2.3803940132533254	4.430274650418901	-0.7225539452497807	-0.27781241123701716
2.4618013241225496	4.621913177307994	-0.7766659108756893	-0.09033445064160968
2.5501772566303194	4.78177060468867	-0.8294882805851232	0.0691782136219512
2.645593281827362	4.931271018428414	-0.8778226578963235	0.21668832177641167
2.746734618574311	5.051824465393529	-0.9211972485133993	0.3322834239388609
2.851696601238298	5.178068293856351	-0.9568311771219931	0.4481415162738313
2.958421815572854	5.3069086487542085	-0.9827311878991881	0.5590038687634019
3.065147029928954	5.43702781370484	-0.9963695572105423	0.6615439202022948
3.1707256379552815	5.567830603782002	-0.9979453927503363	0.7533393756373432
3.2743650911911137	5.699016573752245	-0.9891715778456192	0.8324728878896607
3.3748796172969433	5.830401175469468	-0.9711804964586906	0.8973898097888235
3.4743902985211994	5.961842761627255	-0.9444705129715896	0.9468627552767706
3.5697939784711066	6.093227531076795	-0.908693182684901	0.9799979690372767
3.655747179361586	6.2244966038821365	-0.8689197075355313	0.9962423774657094
3.77195526304338	0.07250919074950224	-0.8062094986912512	0.9953575023165433
3.9173518153220668	0.20379163287204227	-0.7124313829195671	0.9773553193054537
4.034063247559138	0.3353193805864608	-0.6262147194645132	0.942461556420001
4.212322636148502	0.46713743866801016	-0.47895460907160603	0.8911664090179703
4.45169741040782	0.5990898935828627	-0.2572891672094295	0.8243384498659263
4.646526776667655	0.7308358908054361	-0.06575034809179298	0.7433109042060758
4.8294488903209425	0.8619167333532604	0.11660367633119889	0.6498856925969239
5.011253561333407	0.9917973480371375	0.2942349912542547	0.5462829491025525
5.194888535016218	1.1198589298442614	0.46304411569420045	0.4350802958957565
5.37819926010859	1.245339192395312	0.6174344000282506	0.3191741688083885
5.557848441436085	1.3672889921897053	0.7468730867622706	0.20170936131799516
5.729632245878064	1.4846952343059088	0.8491633653637127	0.08580902373626939
5.892990630962951	1.5967679357847815	0.9245277555394564	-0.025907558046520486
6.035018583466033	1.7034277434200917	0.9688784481141456	-0.13199123017148862
6.173921788538986	1.8058022993614018	0.9930042574336853	-0.23268207718368333
0.029265724505363463	1.9064549657242424	0.9981262229406171	-0.3291084589785792
0.16657719123249015	2.0093547867296864	0.9844643082055919	-0.42388736145166134
0.308305780957293	2.1198455943324874	0.9509679331150682	-0.520813310132291
0.4454068397274883	2.1637946672459436	0.9005885043298243	-0.558370298996733
0.6204794167942881	2.2341427071411517	0.8126777110824083	-0.61451141193578
0.7818349446120353	2.321172884283476	0.7091278722570813	-0.6813830590591531
0.9290679546706061	2.4201576258023167	0.5976966164942943	-0.7501978486210963
1.0667295913695427	2.529346231707392	0.482152465743542	-0.8170375593459603
1.1980382655033908	2.648193254494862	0.36353418923336495	-0.8790976362075089
1.3248986017780937	2.7451370907899446	0.24300862828147923	-0.920598159681465
1.4481351683371018	2.8481390327132403	0.12217522319704978	-0.955929401664187
1.5680765505709346	2.953554186322434	0.0027494435600588334	-0.9821091556475922
1.6849771388610066	3.058969339928949	-0.11378960544171907	-0.9955801128583388
1.7993894751213575	3.162854913558553	-0.2265385197311173	-0.9979453927503363
1.9125060551416042	3.2635997271133363	-0.33490547041919205	-0.9905472790981278
2.0265208820615315	3.3951037428309747	-0.4395735039201797	-0.9660540681316685
2.1447140855636477	3.524327318168949	-0.5420648539380807	-0.92574363318657
2.195275373547267	3.648313818814698	-0.5841445213442273	-0.872564889500316
2.2617048685418113	3.7632166096490054	-0.6360456172009499	-0.8114325992262265
2.3378819268559625	3.92542497596085	-0.6929992862752271	-0.7068188729313293
2.420906074136282	4.067056297699508	-0.750718174418886	-0.6004373827847509
2.511020939809369	4.19165878545246	-0.8060845168580006	-0.49661304778352117
2.6075097629469597	4.300509469736013	-0.85914720749906	-0.39950850351557676
2.7101008574304317	4.486353792264111	-0.9074592231796136	-0.22408796520194735
2.817591314468642	4.644601453489108	-0.9477692152694616	-0.06767336397302613
2.899696086368016	4.793454698205216	-0.9689981269284211	0.08080035007278974
2.981800858299677	4.91466687347654	-0.985718785729542	0.20051156547836207
3.0615334252070157	5.04145282745577	-0.9959077762149231	0.32255663630506476
3.168954203137068	5.1706203884569595	-0.9979453927503363	0.441542731533885
3.274257772145097	5.300832304311796	-0.9891852921004234	0.5540236332573061
3.391998743015441	5.431510424780796	-0.9668411260928628	0.6574623162442537
3.507878120850974	5.5623842293906085	-0.9319122460294404	0.7498112993632728
3.619916158708817	5.693304048626444	-0.8864905746338562	0.829358640665549
3.756245355550105	5.8241660985433645	-0.8155993237054067	0.8946863643276433
3.921834921774759	5.954890746566469	-0.7093147002633107	0.944673618704502
4.07463438277886	6.085432010495707	-0.5945166555513715	0.9785088087317556
4.220900212384001	6.215803925894021	-0.4716245810686283	0.9956858171592751
4.366331006494199	0.06291585917990114	-0.33907113835521435	0.9959717281702336
4.514203385939083	0.19329469849142664	-0.1966607937261523	0.9793605244545742
4.667620775041498	0.3238580467988882	-0.04468162865622325	0.9460706431009083
4.829919124996336	0.45455992667027656	0.11707141750030223	0.8966198489877103
5.004921303980082	0.5851897015496575	0.28829643816476597	0.8319162956522861
5.125831428950597	0.715425563753007	0.4016890493821693	0.7532934734057352
5.267323181097715	0.8448807603366418	0.5265592051310672	0.6624884102684456
5.419127682280275	0.9730938613796297	0.6483019232581307	0.5616125225364323
5.574301456617987	1.0994858189987353	0.7575310930484187	0.4531307095011264
5.7283550746018	1.2233315699810332	0.8484671010997962	0.3398134806348407
5.878292590481592	1.3438093342518498	0.9181548829512731	0.22458465574135497
6.023961071766485	1.4601766978505764	0.9664233378336676	0.11019754611972969
6.166942410880011	1.5720640172906057	0.9925573934668026	-0.001233244600171525
0.02611777229436138	1.679789035310469	0.9983277747810961	-0.10867151223324623
0.16872168861513467	1.7845524177533376	0.9840546498198165	-0.21202117573830895
0.31067654041762294	1.8885434730144637	0.9502213990248396	-0.3119490483344191
0.4497701523000174	1.9950580906033848	0.8986966307074586	-0.41082323662123166
0.6033815198558429	2.108388716385845	0.8219988216081551	-0.5110227546338706
0.7485408992885766	2.2329460535287056	0.7318418762119135	-0.6135764713065917
0.8864756206235839	2.374121556145893	0.6317177416209103	-0.7181932952216941
1.0187472136817404	2.537247101145111	0.5241945571360042	-0.8217599157004859
1.1462973377440078	2.6606668130106415	0.41165607750926014	-0.8852144376530464
1.2823325731350421	2.7613576658619636	0.28447901256987584	-0.9266810369048212
1.4131293032909638	2.878608906479029	0.1569954631728519	-0.9636529308586081
1.5443004278555803	2.987262518224418	0.02649707309323685	-0.9864167289059137
1.686470063153797	3.0958347552152916	-0.11526238361764861	-0.9979453927503361
1.829322355146415	3.2014589438235377	-0.25521455407592225	-0.9979453927503364
1.8992256879893843	3.3049644227760724	-0.32218272993281466	-0.9852613024027064
1.983427383075677	3.408662013091322	-0.4001952556061872	-0.962617306398208
2.0721294613464054	3.5176806834235337	-0.4800371536308459	-0.928236187422492
2.1624412730496716	3.632732094068301	-0.5572137464829022	-0.8802058779425603
2.2523214328467547	3.7538262045811366	-0.628714376830772	-0.8170452522884467
2.342621493005352	3.879638141610299	-0.6962942612600642	-0.7386501564422431
2.4347610286257706	4.008392943467532	-0.7603502223785504	-0.6462708242631282
2.5302343950726383	4.138656006410285	-0.8175684153415935	-0.5419069447945312
2.6285552747365544	4.269544858748814	-0.8694675356374835	-0.4278035403330868
2.7300363602356996	4.400627058644089	-0.9149352353069211	-0.3062151362425483
2.8341767802136446	4.531724928658113	-0.952390238173409	-0.1793756937047888
2.939818999255968	4.662791543637743	-0.9791685165873127	-0.049505072734104684
3.045461218389127	4.79384251771244	-0.9938539158075834	0.08118611309538698
3.1497444939945525	4.924904290514403	-0.9979453927503363	0.21048547265774514
3.25152047117018	5.0559954011073795	-0.9920908820278858	0.3361950342521311
3.37184905502655	5.187123257953237	-0.971948685928421	0.45616414219335083
3.5028206824146495	5.318283963273663	-0.9338088358196455	0.5683271956089586
3.6338525578842664	5.4494616369647115	-0.8796564232957167	0.6707421012494765
3.765046198497805	5.580625916611146	-0.810339052421738	0.7616279794621452
3.896499975029647	5.71172956997801	-0.7269277081075152	0.8394035205493595
4.0283083333637375	5.842710582821153	-0.630711010657563	0.9027270031914291
4.16054266534521	5.973504451914023	-0.5232035467156348	0.9505349326926725
4.293338849715388	6.104096288092476	-0.40606091774005465	0.9820742026062538
4.426901317226045	6.234535254613936	-0.281044102220772	0.9968851154729286
4.561478716412017	0.0817286457430893	-0.15002341545008477	0.9947672144094788
4.697294774943662	0.21217172307780002	-0.015043189921673663	0.9757544900136452
4.834410143778774	0.3427869218120759	0.121538621825469	0.940110084586442
4.972493405474337	0.47360266454663075	0.25684964963753226	0.8883631740676701
5.110514098592196	0.6045542071083628	0.38732406475708336	0.8213595179831406
5.246518998168552	0.7355294160743054	0.5087882939693167	0.7402705118362427
