0.35303539069760015	0.0807970480538463	0.9368829198218537	0.994826861194521
0.5147606647762302	0.20867878929892192	0.8703114759689301	0.9764217370921711
0.6963819985305106	0.3048081935093873	0.7656295975512529	0.9520692967528005
0.8892738843694646	0.39116567338199615	0.6296476674358086	0.9241067442334812
1.0235559389150746	0.4250910557698082	0.5202532756018385	0.9093971549016845
1.218639090222624	0.4105632445335253	0.34421420830773475	0.9156962183796646
1.3586935742043986	0.4090804359652487	0.21008353429897048	0.9163391442234381
1.4780341628988076	0.384165564120881	0.09243477358091734	0.9270802654049549
1.59114758811116	0.34662404265802016	-0.020293945768408088	0.9389018044687174
1.7044699346990169	0.3023976988601833	-0.13301935770491913	0.9528283431512463
1.8208807494419588	0.25445987017882765	-0.2471274012558914	0.9676762828686772
1.9413927458683493	0.20312834017451714	-0.36178458066233826	0.9774820265786655
2.0660948540279636	0.2047781168931821	-0.47488023757242753	0.9771668735395768
2.194646467787541	0.20547876274652344	-0.5836531598168956	0.9770330307792157
2.326620628802093	0.2059140234451661	-0.6851703639193119	0.9769498839324812
2.461076696227975	0.2799047689649311	-0.7762328001693823	0.9599111953920176
2.5975763783762966	0.38348079620451697	-0.8542760601817931	0.9272958936042787
2.735803294180992	0.5332482574289941	-0.9170978929801952	0.8602327572182095
2.875358901635157	0.6717097325082795	-0.9628291169010381	0.7816119061707513
3.0157290279818096	0.8586092399969595	-0.9900544519633833	0.652332480046589
3.156359903268642	1.015319813422085	-0.9979453927503363	0.5270036902634146
3.2969907786898194	1.2682636822211628	-0.9862802509563515	0.2976749952460923
3.4380982753696534	1.5612191428772055	-0.9551557779117791	0.009598633371965329
3.5811692145204104	1.8012309343070778	-0.9044273558589475	-0.22830265825738233
3.728454649414467	2.0183286253266552	-0.8322098522998729	-0.4320875320787233
3.882077165646404	2.214105652966098	-0.7369545322156632	-0.5988565425210537
4.042885479878487	2.387632989554541	-0.6193219450227625	-0.727586525253207
4.210037569118529	2.540395778167123	-0.480907329147595	-0.8236418826232981
4.381031001624113	2.677132808806045	-0.3249883783648285	-0.8932890561956319
4.553931703002563	2.802756750978424	-0.15746858644540457	-0.9422061061951883
4.724811134281906	2.9120542166227352	0.01244019395421923	-0.9721306761652333
4.890629296157656	3.020064113770507	0.17709271245038766	-0.9906084307146967
5.049770823948927	3.12807401092171	0.33035746640664904	-0.9979453927503363
5.201778183437639	3.2346988887740804	0.4691482892072776	-0.9942405048185593
5.346742922790666	3.3362035467989073	0.5916524567090111	-0.9809841392933537
5.485352151771734	3.4281887209023654	0.6972928609129978	-0.9576676601013843
5.6183908787264105	3.5077015577297996	0.7860915321405242	-0.9319784589586065
5.7466204965859475	3.5734258606651443	0.8584247010155392	-0.9073311906853612
5.87093659331342	3.6315559144558605	0.9149654215552968	-0.8807826545812787
5.974292464954628	3.681124682423544	0.950783071994951	-0.8564750513279904
6.076743374439705	3.7267377143309792	0.97684903863826	-0.8332360658534228
6.179024438088779	3.7662797426443024	0.9933309613793443	-0.8096017620406326
6.281141890194324	3.8022245395985474	0.99986916750108	-0.7881175264578203
0.09815385174955324	3.834507517797423	0.9937155686795087	-0.7688219630464506
0.19263967525708267	3.8563256818890816	0.9794856520313194	-0.754857119104074
0.2761416895871027	3.862865932084808	0.9610961604155863	-0.7503102977051849
0.3428715623831564	3.9599700486208245	0.9400834319155215	-0.6828029299786903
0.4427068084071075	4.017700380287107	0.901759201580979	-0.6389989615070917
0.5258708161663994	4.035159673127807	0.8642546521713383	-0.6253580866006941
0.5929635246597103	4.136052236872824	0.8276783086836388	-0.5441320143361926
0.6453559810208025	4.308675755793452	0.7986834548146781	-0.3920462633229552
0.684013135678988	4.421971858236588	0.7736419537404721	-0.28576657914797254
0.7134545358078757	4.508863636040348	0.7545702745268142	-0.20192848690641352
0.7318595258364187	4.5840497363224015	0.7426478094192349	-0.12775697789995671
0.7406721937313951	4.647176433037138	0.7369391007853483	-0.06510147026713509
0.7389715296127093	4.712007449231545	0.7380407644419599	-0.00034814722636828874
0.8053024651722696	4.781879379433231	0.6917672826516179	0.06928641156832181
0.8518446942446081	4.860986203055274	0.6573366943764551	0.14797375663499945
0.8891916597208895	4.847453759291886	0.6297084948408896	0.1345130711561753
0.9201706266674357	4.868031476275702	0.604988959654021	0.1549816709918377
0.9481615222756774	4.90068178297395	0.5820473286328142	0.18688644948941496
0.9746331475748364	4.938537856010356	0.5603509074591331	0.22376811185059547
0.9979785130993644	4.978695198394929	0.5412168015192993	0.2628918091692743
1.0179651852457885	5.020103864066019	0.5248355158276016	0.302535031777413
1.0330367562446712	5.065424087246263	0.5120040487517903	0.345037497543754
1.0401279146119842	5.113778072953391	0.5057213390349633	0.3903851034902151
1.1113325821146798	5.165155950498039	0.4426345719328867	0.43670128311556156
1.1611151826632884	5.223075884499544	0.39816160177186605	0.4880178823649339
1.2547854263233267	5.2869862781843775	0.31031524875079025	0.5426752853169244
1.3351287693332752	5.357272562987444	0.23304178398398295	0.6002826600280298
1.4123590130080232	5.436866451356518	0.15776166884917686	0.6614245490271505
1.4920703810433247	5.5257250444847585	0.07847298507774444	0.7260640518920993
1.5772538693960294	5.625580217724909	-0.006416877213742865	0.7907486736669919
1.669518808746698	5.73619448462052	-0.09853987620989302	0.852740843508246
1.7692977376814463	5.8571200160668315	-0.19697234841386554	0.9089747395654785
1.876543714487102	5.954311374787489	-0.3004531452548648	0.9444911789457823
1.9908327318817223	6.056828377788864	-0.4069621617753033	0.9730447227893653
2.1111088059116923	6.160743268929206	-0.5133472262383957	0.9921604851321689
2.2362802067204863	6.263639142691087	-0.6161814317149438	0.9987485307390642
2.3653680846191043	0.08120954518750764	-0.7121078289992282	0.9948004505151622
2.4975801339213777	0.17904115955545727	-0.7980509357951272	0.9820833451021317
2.6319750386836183	0.29464625257353805	-0.8711445243675509	0.9552692145253295
2.767991717082953	0.4069957437379068	-0.9291688721937404	0.9172430387233392
2.9051468949598216	0.5654559055570141	-0.9703798024685175	0.8426743961486325
3.0429286311432384	0.7134483300077441	-0.9935302775710051	0.7545742945472227
3.1808735250046065	0.9388147284309818	-0.9979453927503363	0.5897080587008137
3.3188184188681062	1.1333256121057322	-0.9834909061914532	0.4231489228936297
3.45722895529421	1.3101721820555603	-0.950306517096254	0.2573559917672052
3.597331210111935	1.5737562387325086	-0.8975658139931808	-0.0029234380926730225
3.7407880198931056	1.8004398874548444	-0.824838186319106	-0.2275448265123579
3.8888657452147775	2.0113196885258726	-0.7322350707385303	-0.4256828617629317
4.04115160057534	2.1789262908721017	-0.620676617912027	-0.5713011342193014
4.194039466998582	2.335328100863449	-0.49457861965136096	-0.6912238510358556
4.411306918440937	2.478702344588592	-0.29598371093112646	-0.786767665122475
4.649006221030509	2.5734993517422864	-0.06327387508220662	-0.842469133462938
4.8589384695529265	2.6650208676172595	0.14593688161807686	-0.8873495851715367
5.052356882079055	2.753438163271148	0.33278273793958846	-0.9237111445479784
5.230982133416056	2.831700148239278	0.49502275580287436	-0.9517624594203726
5.395286762268405	2.9100054758937133	0.6306651035915445	-0.9716113596444618
5.546288878608008	2.9857992472633685	0.7393849824893055	-0.9862297381381764
5.6858318768544525	3.0525287308907294	0.825285102311397	-0.9947570701951478
5.8166007443695396	3.101216344726717	0.8914061285509483	-0.9979453927503361
5.9407282578053575	3.13785919431128	0.9402139589036811	-0.9979453927503362
6.0607776845226375	3.1538235134094434	0.9737991497402132	-0.9979453927503363
6.179181082784423	3.1545722517638555	0.9933409907649868	-0.9979453927503363
0.014288740827191625	3.1425030608103834	0.9990851443037211	-0.9979453927503363
0.13212160340891493	3.117774036306226	0.9910462796283531	-0.9979453927503362
0.24667985048202418	3.1503590007323434	0.9691624820760476	-0.9979453927503363
0.39195485625014775	3.1647872375777015	0.9237645651604349	-0.9979453927503363
0.5255472104532095	3.1655814800251334	0.864431069459983	-0.9979453927503363
0.6846344722290651	3.1547940662147815	0.7732394616268187	-0.9979453927503363
0.8222939536097367	3.206398540431747	0.6791974733787672	-0.9978569941801538
0.939197371527301	3.254487779953535	0.5893944404139453	-0.9917116909127178
1.0396793573698324	3.2942830584793046	0.5061187571714431	-0.9866262693592718
1.125703647970949	3.3288575188206795	0.42990192228391894	-0.9822080139196236
1.1977034993314741	3.4125988877297355	0.36384814152139827	-0.9616193841082015
1.255511955755892	3.485979098018832	0.30963389084544546	-0.940124597725231
1.298924961431609	3.633136707499108	0.26831371031226803	-0.880007463030303
1.3283451895738145	3.765658382387213	0.23965075523274293	-0.8099731495925528
1.3446561880428027	3.8792802807898314	0.22375959986307684	-0.7388989434439068
1.3499855775198166	3.9730248547491356	0.21856738821731456	-0.6737271499876832
1.346280522643608	4.155316016215625	0.22217707543559928	-0.5276700164303587
1.336287594827382	4.302126163897151	0.2319127865159129	-0.398031190565287
1.3233452097324316	4.432007050465987	0.24452203620647864	-0.2761527525871442
1.3111335200648244	4.555531354293919	0.25641939848034867	-0.155890521487668
1.3034527467025785	4.679715989892285	0.26390246967863895	-0.03260090864819605
1.304078837224322	4.811660665045396	0.2632924946501073	0.09890977640837788
1.3168660079957202	4.9607712366216	0.2508344640854495	0.24542920797281925
1.2937750599718671	5.140634503273461	0.27333105394030066	0.4149754765874394
1.2925799469150685	5.258186663964329	0.27449540493365104	0.5190708200566235
1.3069632443092813	5.451894057989755	0.2604823318496139	0.6725415356232565
1.333398198332254	5.6179284891163	0.23472781029976933	0.785792003372288
1.370869109105619	5.742646935672045	0.19822139617223639	0.8562584696601503
1.4192750612377316	5.8300103578781215	0.15088229424365673	0.8972203565397304
1.472824508679785	5.90150388556102	0.09761680264542485	0.9278625029511908
1.5392032548757704	5.988463068767805	0.03158813764737803	0.9552452871638354
1.618194496879601	6.089185770907729	-0.04730844166162651	0.9792258809200558
1.7103408255912664	6.1771668707692875	-0.1388110244499272	0.9932120281532462
1.816984671442714	0.003671978323084922	-0.24339491489230541	0.9997648966885104
1.9395830239088396	0.08941134503303112	-0.3601308815574164	0.9942753193367637
2.080214688814722	0.13373347033305322	-0.4869464415376011	0.9907383684098217
2.158065792203153	0.14690683146564915	-0.5534746486012956	0.9882218916351276
2.2612242055858913	0.20502681619017998	-0.6356700771768682	0.9771193650868379
2.3790366627314667	0.25972647278778055	-0.7216103069769493	0.9662651871111423
2.50620266709979	0.3229181940793792	-0.8032046311786742	0.9463665955611422
2.6391867705339638	0.40109469452636	-0.8746810237354913	0.9198016542618854
2.7759559516253822	0.4972981855898228	-0.9321555394780083	0.8780891149704462
2.9151505328329654	0.6119554192485377	-0.9729155329988616	0.8173246640691514
3.055633850253558	0.7444579688363322	-0.9951538720650863	0.7344867347952686
3.1964865622102123	0.8921528671541039	-0.9979453927503364	0.6275178796520063
3.337339274264614	1.0529644474748312	-0.9806962541414256	0.49434827337061027
3.478864394926688	1.2227737890866854	-0.9427926822535533	0.34033658184007637
3.62309568556169	1.395012991075205	-0.8849313937132574	0.1746989747622264
3.7732429013213493	1.6141244702363227	-0.8054398762019505	-0.04324329251717335
3.9327843259610336	1.8117738878960323	-0.7017026084060647	-0.23840292588814338
4.10455158972358	1.9899224032415765	-0.5710511135521545	-0.4061303159497702
4.289594603636526	2.1464906079237536	-0.40948235845180875	-0.5435829935954818
4.486287488285739	2.280608959019046	-0.22415148515590408	-0.6508153066592799
4.693145641866681	2.392949291396023	-0.01918735069909	-0.7312824503711175
4.902909939445247	2.48743441446701	0.1890572534865232	-0.7919868306843868
5.10947481261299	2.566410759799767	0.38634939575386673	-0.8389930196189234
5.307928644086842	2.63374724267458	0.559839867614319	-0.8720135802925292
5.497935529472577	2.6945964915224514	0.7066016779886736	-0.901644931526852
5.680658919091697	2.7537156356073598	0.8224650062946031	-0.9238151994379291
5.816269268557554	2.812834779712659	0.8912624050989325	-0.9459854673566528
5.949862851659318	2.868057144876898	0.9430903729079197	-0.9609782614650599
6.081451339688193	2.9089731743577203	0.9777483903742852	-0.9713496909840671
6.212019985640867	2.919800882720629	0.9954435453358272	-0.9740943075943103
0.05928377490231822	2.9658947505108517	0.9962042772122308	-0.983686151045798
0.18955914310216854	2.9845573686681983	0.9800741189793909	-0.9860710390058018
0.3184702333683013	3.0265099010314773	0.9477672244981474	-0.9914321351007496
0.4439561530164006	3.091264614548416	0.9012175025685253	-0.9979453927503361
0.563515455933156	3.1348966232304867	0.8437322540523702	-0.9979453927503363
0.6744175377265079	3.1491596711393917	0.7798578322384979	-0.9979453927503363
0.820447737155198	3.142548952007068	0.6805632506498612	-0.9979453927503363
0.9496514310130585	3.2012882324957626	0.5808261838367824	-0.9979453927503364
1.0651223407725212	3.254755872084489	0.4835764769445651	-0.9916774315344306
1.169066925043832	3.3008857203672775	0.39070425415537974	-0.9857825180320013
1.262020965463342	3.3461344701338613	0.30352957487234417	-0.9784668405052244
1.3437089576007673	3.393227356452799	0.2246824487097543	-0.9665296961268237
1.4136512932835423	3.4801459422570526	0.1564762411287002	-0.9423120892393158
1.4716805313746406	3.5650468721358517	0.09875471379944152	-0.9104733948460212
1.5185203346724763	3.641759692246296	0.05216328721705686	-0.8757789114505976
1.5548872225304244	3.772285847126365	0.015922965578235592	-0.8060119083048647
1.5837996573956439	3.880277811299116	-0.012954820774960314	-0.7382054542149132
1.6079984632556432	4.073198417820396	-0.03712462691149451	-0.5956385691676387
1.5763861248191724	4.2305017941943595	-0.005550172537487262	-0.46341948191118426
1.5576133435273107	4.369225579000424	0.01320011155061628	-0.3362981054718917
1.5432814605083813	4.499654092440159	0.027514819315250565	-0.21101375324585994
1.5340141462835526	4.627984586758656	0.036751634406121225	-0.08427031713655121
1.5322504683053524	4.759180994598576	0.03850596015582139	0.046708389115110466
1.541322622084244	4.898941959257193	0.029471310277577555	0.18519140862165986
1.541329655178177	4.960746815836912	0.02946428561206783	0.245405415776133
1.560474452638814	5.052007855686525	0.010342431177436696	0.3324554120515174
1.5958538731796594	5.160227455562981	-0.024994590849284737	0.4323346759388623
1.6486879935402776	5.283407097280917	-0.07776539507402223	0.5397417511851634
1.7210918032200084	5.424572121249397	-0.14941692409131074	0.6523295609598772
1.816192817071321	5.543054854432216	-0.24263630953488113	0.7372900321343663
1.8443469581783518	5.69074766862306	-0.2696082920724066	0.8279650013985014
1.9104669062111548	5.775470022876795	-0.33295194290313646	0.8735724011322666
1.9987491430754318	5.881445076505712	-0.4141960697446676	0.9195217584741177
2.101857954828886	6.002869789886023	-0.5054418464869792	0.9597818538729983
2.2160266303105116	6.13187185342646	-0.6003573943534994	0.9873801047494823
2.3381667059263114	6.233703463765219	-0.6931972664032447	0.9968318589540188
2.466295210367181	0.05755375294685121	-0.7793519104901793	0.9963150441762193
2.598962572519997	0.16399999801705362	-0.8549558240463916	0.9849566234776981
2.734998774905953	0.27238559296328474	-0.9167961902383281	0.9622789266231214
2.873222272133794	0.38525634148290705	-0.9622875222604337	0.9266689510339008
3.0126297528510753	0.5057555008254361	-0.9896583969253544	0.8744221368788414
3.1523936075367436	0.6341248507259777	-0.9979453927503363	0.8052387495360287
3.2921574622383494	0.8068442284153178	-0.9868978983901047	0.6906267310171728
3.4324471116995445	0.9781634780606502	-0.956588239625406	0.5574574116409925
3.5749898058977356	1.1540596303950779	-0.9067446956448544	0.4047784793531965
3.7226554456492087	1.3333917541519995	-0.8356760413019734	0.23473408860761477
3.8790008053416	1.5149016274304465	-0.7390932364618272	0.05576280559500792
4.047646607214591	1.6931308954253794	-0.6156020954848808	-0.12183333195741908
4.231324663432129	1.8629027122654016	-0.4627162932259383	-0.2873849123324202
4.430955486934063	2.0204119843226307	-0.2771601622293828	-0.4339912769544328
4.644117603280082	2.1641858343247042	-0.0681566343384704	-0.5587045735706262
4.866714909100518	2.2951622206989084	0.15367208515747174	-0.6621857111691523
5.088349188123458	2.4156233508050056	0.36653724416564776	-0.7470455932838779
5.29952339303703	2.5292433519760236	0.5529508358761343	-0.8169760680433882
5.49413069403463	2.639397724917383	0.7037869713227103	-0.874784471847416
5.671443664272743	2.750417589091973	0.8174412066425384	-0.9225783991431835
5.834874983150708	2.8228062480108553	0.8993295926035966	-0.9495080261203038
5.989127757613502	2.895194906906233	0.9554545926167968	-0.967857164177816
6.123586400905459	2.958300260016876	0.9857973538761811	-0.9827156543668896
6.256922562770227	2.997693313658938	0.9983184927480037	-0.9877496757751747
0.10721277288044719	3.0746181484824353	0.9931355591671962	-0.9975798673832913
0.24001797055213006	3.171548138709894	0.9704350856242718	-0.9979453927503363
0.3693446140617834	3.2491799454340393	0.9317472696514137	-0.9923899768066107
0.5129937095326075	3.2866087674790583	0.8712747514629368	-0.987606963710608
0.6434576231940302	3.2839768021247435	0.7999131813679821	-0.9879433014329859
0.810067438529212	3.253612139564779	0.6882422938604705	-0.9918235886219691
0.9553954877264336	3.200572139286005	0.5761182948314612	-0.9979453927503363
1.0850582807999691	3.1848130923425897	0.46591339319482417	-0.9979453927503364
1.203506751456671	3.174515652168366	0.35840570308053565	-0.9979453927503363
1.3128877577566476	3.231082039243687	0.25471031465147775	-0.9947027004668576
1.4138936028672964	3.2858796407894593	0.1562352164363056	-0.9877001384971615
1.5067359620231917	3.336290206474362	0.06388517105199545	-0.9809621727260321
1.5917789255649302	3.3849844606356703	-0.020924526630647238	-0.9686191122819259
1.6701212585600294	3.494500273697727	-0.09913419632475232	-0.9369290719671596
1.744146135279844	3.6329669479891065	-0.1721601517836519	-0.8800907099413475
1.8167306554687839	3.790967071968235	-0.24315156474402527	-0.7948461243949121
1.8935958505327148	3.933871153766723	-0.31678928258902495	-0.700947039157805
1.9495130851953162	4.064688566970793	-0.36920483536284754	-0.6022872812300727
1.9834849658967704	4.185849692777906	-0.40024787399831124	-0.5015772487194623
1.9733408075584071	4.2973787425388315	-0.39097828124336576	-0.4023693190881168
1.9310383543360237	4.450770704815205	-0.352322879698254	-0.2581769615472651
1.9344628817404894	4.585415864931263	-0.3554521658705231	-0.1264092843763398
1.9145857193945401	4.712326964150374	-0.3368978120680054	-2.9015212561600556e-5
1.939005405587607	4.835300239316445	-0.3596030618579374	0.1224239974670151
1.9943655415387473	4.956525446611752	-0.4101903947847897	0.24129270407688985
2.073373320171604	5.077287931944279	-0.48110010192417885	0.3561637148867093
2.1756545821235767	5.198543915375274	-0.5685052725346188	0.46628275351766296
2.3057872732415694	5.3210683655574895	-0.6704870217623555	0.5706093208651206
2.3979339760564775	5.44540101200723	-0.7347478332238527	0.6677381689317187
2.462246026582817	5.571796398403833	-0.7769317099128297	0.7559083554590804
2.553658984526513	5.700210835049467	-0.8315693122975097	0.8331239528474216
2.6645799445643794	5.830354663995418	-0.8871333646949329	0.8973696430394951
2.789241445070174	5.961764745471064	-0.9371377318551317	0.9468381885836242
2.902490721675142	6.093904654767264	-0.9697065134333428	0.9801273184131503
3.018634273667984	6.226291076324066	-0.9904257120620144	0.996357270958087
3.13477782567007	0.07548001979378229	-0.9979453927503363	0.995167291023141
3.250143574712932	0.2079789127501134	-0.9922668350348742	0.9765554328940627
3.365624590540654	0.3411367461418128	-0.9735264684143607	0.9406297123316143
3.4829275803601005	0.4754373628674128	-0.9412689472430843	0.8875676735619444
3.6047112530116925	0.6107724085292067	-0.8939467780123692	0.8179695956480306
3.7326957417343847	0.7459280924772312	-0.8296749478282868	0.7335344116597893
3.8680037754371552	0.8781475710176022	-0.7467384380057109	0.6378785906570192
4.04226287632845	1.0024263077400866	-0.619808382659145	0.5375713424766989
4.220324049977903	1.2056298872224884	-0.4721169446985175	0.35641457199441856
4.411497397802633	1.37823732016746	-0.2958012295690457	0.19104284195908833
4.618393901677389	1.5359893895854162	-0.09384950879054767	0.034786865196994816
4.84312145584106	1.6862081640750644	0.13020374054523529	-0.11500401870971844
5.080361353188013	1.833238627842685	0.3590460480269901	-0.25896638718546094
5.321116791600686	1.9230587376981267	0.570649011357	-0.3450150585098583
5.515611693583774	2.019690066676623	0.7195127811198415	-0.43333159851114667
5.698495473342333	2.1161149258608125	0.832188804149228	-0.5176252411934188
5.8668813635863435	2.2133516096760664	0.9132071285094143	-0.5982674115472406
6.025144983580726	2.2253018414763615	0.9667961426432421	-0.6076040793365729
6.179101557820334	2.257752006858879	0.9933358990730545	-0.6329572623499744
0.04941855755745428	2.305445911644571	0.9968359109154472	-0.6702203173267871
0.20350177996528507	2.3665972866750513	0.9774106892372874	-0.7129623776853304
0.3563940277327676	2.441505806037834	0.93582531061037	-0.7645352625272706
0.504505182746661	2.531831046355193	0.8749642579745643	-0.818522735165452
0.6631472897972858	2.6029956316969267	0.7871585228382503	-0.8569335613674757
0.8095732557390308	2.690532730781217	0.6886078759247707	-0.8998601290778518
0.9461970514724941	2.7924673384680707	0.5836574294652181	-0.9383474740121093
1.075719974452467	2.884407962602647	0.4741870580869523	-0.9651228804755684
1.1996449701116476	2.9763726564508337	0.3620273805105247	-0.9850251181463213
1.3185610957770124	3.061336503606756	0.24918300765566978	-0.9958826116881903
1.4324682775500919	3.1348617296885726	0.13775903739959444	-0.9979453927503363
1.5411410839194404	3.194678822386389	0.02965263088798577	-0.9979453927503364
1.644500471932139	3.2902214299652206	-0.07358289177006537	-0.9871453031228937
1.7429843275955421	3.3844018565584575	-0.17101402199640806	-0.9687667912527589
1.8379411663160625	3.5107558617067296	-0.26347147171650015	-0.9308330645436746
1.9319172383137286	3.638380579964479	-0.3531259918225356	-0.8774359653589835
1.9856656256183016	3.7672219648671037	-0.40224053094248197	-0.8090385950200542
2.0482926496945013	3.8968941900307277	-0.45946824656725627	-0.7266536474601341
2.1172025623940685	4.026914169976826	-0.5185546886301939	-0.631800264874985
2.195233536483818	4.156896545513955	-0.5841118342157068	-0.5263193640201436
2.2846248260620414	4.286637563491271	-0.6539528873433341	-0.41218446117854485
2.3165586101646256	4.416078418919709	-0.6781751878499388	-0.2914125600264698
2.36982412309993	4.545255963561742	-0.7152056938381195	-0.16602725199207488
2.442068745332796	4.674260173476948	-0.7648717318206477	-0.038050186841431376
2.5313367075098285	4.803204533600058	-0.8182272684189	0.09049848516316758
2.6359355632451824	4.9321993078920086	-0.873086692060324	0.21759271718310924
2.7544004570248064	5.0613159292286864	-0.9240720142909016	0.3411847617615331
2.856700482089684	5.190554723440768	-0.9580995650430641	0.4592043932277721
2.9636561065234432	5.319824190149041	-0.9834000756919924	0.5695895816775727
3.0706117309849277	5.448949342599739	-0.9970678890117683	0.670363120768575
3.1750186441594566	5.5776896332827866	-0.9979453927503363	0.759725900978319
3.2767250656969282	5.705780527225083	-0.9888699977169695	0.8361603330847225
3.3771652147296565	5.832993322388183	-0.9706011413017266	0.8985137298150185
3.481184897214176	5.959214166548477	-0.9419224707814795	0.9460350307148522
3.5902671509840247	6.084581596651968	-0.9010155390615563	0.9783463561378346
3.7060792727629903	6.209435259026317	-0.8442377836655167	0.9952780547656472
3.828835896621355	0.05098853892105615	-0.7722118958269367	0.9967353907638877
3.9581390757613364	0.1757027604709217	-0.6840758333584028	0.982721071774644
4.093547135952732	0.29965772271461566	-0.579740197963183	0.9536911407624364
4.235486817102561	0.4208841307891037	-0.4589253116581468	0.9112212209684555
4.384790024890505	0.5360535274949877	-0.32138719197047755	0.8587034327384894
4.542679619265953	0.6403688426500965	-0.16856883006863466	0.8018347672184306
4.710335617184362	0.7268886090169092	-0.0020179757586949905	0.745867891703516
4.888304648781598	0.7851035540780616	0.17482790121256767	0.7067098499792456
5.067599119213134	0.9237034468582893	0.3470772982160715	0.60209342324757
5.252663012033536	1.117649696285055	0.5142318412165177	0.43703765919667303
5.437029329469069	1.2351192626760779	0.6615450415206141	0.3287586805902176
5.613283131175975	1.4430591402150328	0.7827828130456509	0.12722433474168396
5.778258781814862	1.5879811981746514	0.8747815694846057	-0.01713135041718076
5.9325935206230715	1.7075219907662373	0.9376523921470175	-0.13603022810820944
6.079883352717835	1.8099221764966686	0.9774488614420551	-0.2366289656263721
6.224721682198612	1.9027026605399144	0.9962567884052336	-0.32551370858209533
0.08046650314085321	1.9910176180853143	0.9948480247736067	-0.40713110825229437
0.21867775224559546	2.0795773640187094	0.9745116582768208	-0.4864018111579339
0.35296772729738135	2.1733636667207024	0.9369042265110263	-0.5665475546905006
0.47841063105882	2.2758667438202154	0.8862785044799593	-0.6471102330977855
0.6230326370105942	2.3918219349687804	0.8112857944087706	-0.7304987053806107
0.7835212311476724	2.4809473586592703	0.707880406491481	-0.7881095119339224
0.9177525316744294	2.5917674409777818	0.6069708556204881	-0.8514274651612684
1.0938692445320497	2.720282270600029	0.45810694965108356	-0.9112773545341397
1.2411130075832146	2.8635677823091386	0.3231375931407009	-0.9598402940706772
1.3729784168697903	2.9679882297454925	0.1961663817311145	-0.9839536758581862
1.4950372178067808	3.072430311399485	0.07552188051465436	-0.9973002846219882
1.6095947580336996	3.173417979416817	-0.03871900869816605	-0.9979453927503363
1.7174879785799375	3.2708139606232423	-0.14586173090073484	-0.9896253752959188
1.8190266636635057	3.3663257631836587	-0.24535116631235682	-0.9733487345838827
1.9145942372785199	3.465846853044893	-0.3369059722962675	-0.9476743901255172
2.00498953003231	3.569558952815966	-0.4198984497543302	-0.9087813196466432
2.0915885666383773	3.6782206829238064	-0.4966660686981039	-0.8578991187515219
2.17650286180737	3.7887995401569783	-0.5692301758949444	-0.7961416599942801
2.2625214779908647	3.89670297094674	-0.636683630861844	-0.7267865841211076
2.3505053437931793	4.0611788384595675	-0.7017751618976522	-0.6050294179256348
2.44316181947122	4.2103690607925435	-0.7655250631589574	-0.48062405060986263
2.5426604230936705	4.352965182350615	-0.8249954628139249	-0.35157519279733424
2.649554466996888	4.494055134926682	-0.8797651495389727	-0.216537156189752
2.7636768690475564	4.637327638181019	-0.9275507612007441	-0.07493846237856679
2.883455591583909	4.786314170241538	-0.9648814726698228	0.07369768607858523
2.981069855622471	4.944525940471883	-0.9856253712113378	0.22960206375278774
3.078666155514091	5.033426200363919	-0.9979453927503362	0.31502905988881885
3.1746438308217138	5.146280257739604	-0.9979453927503363	0.4199775699840219
3.2687788453541615	5.269110588084636	-0.9898854418022112	0.5280241826063357
3.361393247634622	5.396304963578316	-0.9745990327681728	0.6314183393256616
3.4520206356303533	5.525489071676346	-0.9516267263392224	0.7259111923920251
3.5436623893540244	5.655591958016102	-0.9184927888976673	0.808799470961726
3.6785467620263277	5.7860841956768345	-0.8577392156153689	0.878174563642936
3.810904139208843	5.916708632866707	-0.7829297224196046	0.9326503620262855
3.9401448690090946	6.047343162747821	-0.6965855144667172	0.9712327840507619
4.065576043191561	6.177936765303186	-0.6015938996469613	0.9932613216780142
4.186062183267351	0.025317915403915897	-0.5013956634796188	0.9983789866857196
4.299568016754469	0.15591908198913126	-0.40036879033738604	0.9865003022167711
4.487473314659445	0.2866145496152356	-0.2230154502073492	0.9577983365899225
4.657987601823676	0.41738902037108827	-0.05430325752921199	0.9127366538184256
4.824548732191685	0.5481090887025871	0.11172950219622937	0.8521312081619528
4.994605222143958	0.6785334352868787	0.27839231085907584	0.7771916180773499
5.141799259516217	0.8083377477238812	0.416007441322261	0.6895218688432053
5.298747596749989	0.9371088671225877	0.5523149851190156	0.5911062004844231
5.459877145972113	1.064260780087919	0.6784471920768351	0.4843398128347545
5.620864307601442	1.1890570174662172	0.7876937807379376	0.37195703361612154
5.777704089430271	1.3106304027001257	0.8745410623301237	0.2569095656658098
5.929267406696843	1.4280989280909522	0.9366050242147312	0.142105217575541
6.076607191692323	1.5408278146462762	0.9768230239623205	0.02996552474087742
6.222058415626064	1.6487644682520524	0.9960862692094505	-0.07784177813889895
0.07878474377663564	1.752729113344975	0.9949557016607957	-0.1806273077136961
0.2183553879057723	1.8545836793591575	0.9745732387926809	-0.2794151856260252
0.3558265410403348	1.9572581879931816	0.9360040078458937	-0.37628220406971113
0.488505561678748	2.0637487566218042	0.881901478392098	-0.4728753635599192
0.6133969968876355	2.1784441078026604	0.816538771830249	-0.5708890812914662
0.7813005340679294	2.3062443162591166	0.7095232136444785	-0.6708441076240848
0.9331857997605991	2.359672022712586	0.5943215875570532	-0.708147892392693
1.0739315208914544	2.4362300205073013	0.4757716136678376	-0.7613714743982519
1.2075398950411422	2.5269327299168496	0.3546233177544975	-0.8155950072816504
1.3364973071985258	2.6255376755281206	0.23170847211547183	-0.8679877610265054
1.461987691118578	2.7285155406850508	0.10839615597829856	-0.9143649128267128
1.5845632927717244	2.8336390727965637	-0.013717541014365762	-0.9522539396456958
1.7046038201810472	2.925847027263194	-0.1331514364827649	-0.9756268893912399
1.8227058798870228	3.018054981760797	-0.24887589666570803	-0.9903516845979613
1.9400248652176568	3.1087984267994018	-0.36053463008523245	-0.9979453927503361
2.0585328400082172	3.193772122247266	-0.4684180653921036	-0.9979453927503363
2.1812807309675843	3.264009952964335	-0.5732105636787607	-0.9904948565127925
