2.099263425971319	0.5824571973025958	-0.5032246736332082	0.8334059510286537
2.4636728877439786	0.856833355652046	-0.7777845460373285	0.6536462276672494
2.648877901794191	1.1501187660775425	-0.8794333745282873	0.40827032250568746
2.821412103155012	1.4421595110944017	-0.9491546371112739	0.12811919341260408
2.990156758681474	1.7420553165580843	-0.9867865826510416	-0.1700975474050487
3.1311419055975778	1.9494441717899236	-0.9979453927503362	-0.36914186323819825
3.270057530197479	2.1724289617447208	-0.9897220392151918	-0.5657487959898653
3.4089754836358734	2.3855337572109194	-0.9625378476212847	-0.7261271262614902
3.54760794840016	2.580128917568511	-0.9170131649540906	-0.8457201494242483
3.68526209983577	2.7573353347342398	-0.8544461386663886	-0.9251726226659305
3.8206869839054116	2.923600607669202	-0.7770825078589356	-0.9750574650657411
3.951803086559495	3.0861864594342063	-0.688480651281865	-0.9979453927503361
4.075683648664998	3.2326716529283197	-0.5936968683568411	-0.9944995644167294
4.252130499760463	3.3791559663468917	-0.4437165427257998	-0.9700965239097169
4.409248980027247	3.5231307296380763	-0.29795523898258963	-0.9261923658047329
4.555668541499346	3.660617020948846	-0.15575518554120038	-0.8665316276605856
4.695893237770121	3.7876217635471257	-0.016443047500333884	-0.7968456180715009
4.832225568585056	3.9028707112070884	0.11936563074554014	-0.7224987338769583
4.965874499356629	4.004486973607686	0.2504011133511912	-0.6493225427223156
5.097490446350091	4.16679634241877	0.3751101502012938	-0.5178594230596925
5.227380660790451	4.302281446128696	0.49183187980099635	-0.3978892957919128
5.355613657087139	4.422980608352901	0.5989230033883726	-0.284800185237446
5.482097383808849	4.5339584307162175	0.6948850781768704	-0.17717233141578603
5.60666233136599	4.6366248243512995	0.7784939623265579	-0.07564043395983713
5.729163909910128	4.730922567298069	0.8489080467513694	0.01854430306074436
5.849600356666344	4.816703579302186	0.905714316427672	0.10392594968012474
5.950372610996964	4.894857946555351	0.9432508922392703	0.18121251790567738
6.050772199052336	4.968388972106227	0.9718878249422274	0.25285086388072586
6.151116170950038	4.953795889945514	0.9910563023125395	0.23863340586433926
6.251254946748407	4.9585280793919315	0.9979556160701639	0.24324378933501947
0.06633612672481945	4.963460419689867	0.9957527409771625	0.24804917179885738
0.15904910227610955	4.965790067054419	0.985902381665044	0.2503188543260805
0.24082779111566463	4.965867244680704	0.9702803874709841	0.2503940454097345
0.3512497392317824	4.965331266863409	0.9374452078627982	0.2498718635956944
0.44966040948675956	4.966100842995134	0.8987442137146797	0.250621630932212
0.5333938415248836	4.969895645826609	0.8601533904134229	0.2543187560044064
0.6008529091235146	4.9780933461299055	0.8233773221452372	0.2623054485077085
0.6501915643909413	4.991801638203209	0.795551039425381	0.2756608908249772
0.6781889388965954	5.011974775287172	0.7774147774589345	0.294911364167472
0.7713654597837312	5.039664356303183	0.7168728928278868	0.32087936226264396
0.8362520851326536	5.076299617399092	0.6688716533840013	0.3552368481994885
0.8792925461997949	5.124023691530921	0.6370315712969864	0.3999937069411417
0.9712147306458794	5.186162815186435	0.5631526777546747	0.4553131975675394
1.044913809506453	5.167176537465267	0.5014810743560931	0.43849150704162954
1.1096432125038838	5.185902408139828	0.4441313399246982	0.45508247900263055
1.1711377783110268	5.225296419784117	0.38876215493521443	0.4899852589043225
1.2340656287487917	5.279232278864003	0.3297468054665368	0.5363200263128385
1.3009255435220533	5.344962767665076	0.26636462295937136	0.5901934229351947
1.3744205657640627	5.421596508458579	0.19476135357243696	0.6501282891061441
1.4626167109488486	5.509515285914818	0.10777047164195404	0.7151680452284077
1.5623680192242648	5.6111870367472285	0.008451133832363115	0.7814249958096641
1.6782579151172354	5.727196568629386	-0.10716105358761413	0.8478355285588879
1.8156120976194765	5.826424178575747	-0.24207997379532478	0.8956654374468489
1.8925073706835336	5.9378784534797	-0.31574650670135157	0.9393165772354082
2.0074079355306274	6.032733217045467	-0.4221083555284685	0.968441879841164
2.1000560458896316	6.12975586433092	-0.5039020125501045	0.9869758922359989
2.219705831843798	6.225083791125131	-0.6032319396359975	0.9962799729123994
2.3589115139527563	0.03343854518621268	-0.7076191821140718	0.9978590525289206
2.5138820478033206	0.11993976607846488	-0.8077946035291863	0.9923206964466442
2.6362043524400653	0.25043302560205194	-0.8732185012897211	0.9684455216947263
2.758531324365238	0.38092526465119536	-0.9256211306906749	0.9281006110187328
2.885698521078037	0.5397985743772515	-0.9654500123218765	0.8566617783736656
3.0157471259373803	0.6968318997636167	-0.9900567646933538	0.7653381585586077
3.146700926828531	0.8521718737709019	-0.9979453927503363	0.6570946564726758
3.277654644298202	1.0774005471975492	-0.9887512072667034	0.4726980840479529
3.40919019609951	1.2883612663197608	-0.9624834221256606	0.27860549720804445
3.5434042979029523	1.498203232035302	-0.9185895757626397	0.07237265466182614
3.683418449168641	1.7114927484588491	-0.8553502307144994	-0.13994740281011792
3.832529901307042	1.925504726424492	-0.7700039860976835	-0.347266326410505
3.9931324039910883	2.1354026814078266	-0.6581938220558596	-0.5341077281329214
4.166194711302179	2.2546655417682575	-0.5183735511549726	-0.6305458196536252
4.3505198968730685	2.370212877159069	-0.3538096611278131	-0.7154759580057123
4.542739191317596	2.4715914460340165	-0.16851006190605702	-0.7825174750338663
4.737768953456978	2.5414895778975235	0.025382484545981573	-0.8242956476485466
4.9315636455414165	2.599657749826459	0.21697341670342912	-0.8552967260871116
5.103937436757709	2.6500443893988925	0.38115630288694935	-0.880005398386404
5.269189045582003	2.697781421350633	0.5280884871923925	-0.9028393119371528
5.423973391420308	2.745518453314412	0.6518866380349486	-0.9207411744268501
5.5680804863891975	2.789390798652174	0.753501245687838	-0.9371937409360762
5.702704066939132	2.8171091713228136	0.8344831662111207	-0.9475884067872016
5.829095870570503	2.809224185191814	0.8968238471477232	-0.9446314584466045
5.949273621206739	2.8444336944549256	0.9429048287280013	-0.9549901694102803
6.06557137532339	2.8658204638797655	0.9747148774306437	-0.9604113056872728
6.1802901716538585	2.856813326923978	0.9934120016596594	-0.9581281690464416
0.011733158363845541	2.882210757783328	0.9992487688807344	-0.9645659311524901
0.13376278638618316	2.8789932714004602	0.99073276823185	-0.9637503600017284
0.25234554726885733	2.897570621194109	0.9680801770945767	-0.9684593622309178
0.36233037848515387	2.945595891379234	0.9339559989900366	-0.9806328480548476
0.49837965983089333	2.9679640462369252	0.8776202022909304	-0.9839505854580115
0.6148833516338992	3.0290605101763943	0.8157284688485273	-0.9917580763480656
0.7038718169148814	3.1439278262133636	0.760777810171239	-0.9979453927503363
0.7619968437890239	3.257692016231894	0.723125325507604	-0.9913022229347077
0.8834294807479881	3.3686589306521273	0.6339711873620281	-0.9727573213343002
0.9563702499415139	3.47583899848783	0.5753193695171457	-0.9439272360537633
1.0911792588142677	3.579030338148781	0.46049025552747436	-0.9052294558034188
1.178537698636331	3.681149651988814	0.3818223201720662	-0.8564628067169002
1.235074362088191	3.7807401463468753	0.3288007895112606	-0.8009587665004407
1.2713983368953303	3.8748379508839856	0.29473523582680977	-0.7419872779987565
1.2945319116643694	3.958503410288459	0.27259368351750185	-0.6838225457968111
1.3103938847344696	4.115602692415397	0.25713999568804935	-0.5616073161470607
1.3251338969932749	4.246484877984139	0.24277938953626738	-0.4488754344711174
1.2996637433260498	4.361703433543683	0.2675939445731456	-0.34350440507565655
1.2902480209866236	4.467083889567279	0.27676730737481225	-0.2425487478293727
1.29668250507815	4.565220994742541	0.2704984461143259	-0.14633163691847
1.2645498168249047	4.657660644709715	0.301157953311799	-0.054629822819462784
1.259870747760139	4.746079316482781	0.30554610409280064	0.03367618506940566
1.227519563434336	4.83239624436156	0.33588587313673235	0.11953540148218923
1.2196512236149046	4.9196431369020175	0.3432650036958049	0.2053597404938275
1.227325155239393	5.012279286523068	0.3360681941199589	0.29519694260179846
1.2469108509620184	5.115613146099495	0.317700227160702	0.3921060820754446
1.2769737628289337	5.237486266734798	0.2895064586221324	0.5007853660118865
1.3172890952232463	5.278183037575753	0.25042226707124937	0.53546005717058
1.3684887721577979	5.362329734185453	0.20054046353907495	0.6044275704753262
1.4319689090673449	5.394027285327473	0.1382557578886521	0.6297333791584946
1.5099732494278686	5.465518324024535	0.060665049962203205	0.6826203716340051
1.551780734638768	5.566011613782141	0.019025730670910693	0.7521610623228158
1.6172376336287768	5.690712173514269	-0.04635272511076059	0.8279456508413333
1.6988847318417792	5.839413716346174	-0.12750952380644023	0.9012975262477547
1.792746844621019	5.954046717663589	-0.22010502373599616	0.9444078404340019
1.8965612001589398	6.056327279640319	-0.31963012074608826	0.9729489991665206
2.0088318879231575	6.162223574950486	-0.4234095436941999	0.9922552637002865
2.1284043198664917	6.265388664913635	-0.5281272291359385	0.9988605462336708
2.253894602219892	0.08030610315311067	-0.6299434877014894	0.9948582945968363
2.3841968878414206	0.17478230494917163	-0.7251977266093594	0.982896904268668
2.518489361805194	0.2685469285349202	-0.8105483990102469	0.963487692803189
2.6557754583470223	0.36863487184389804	-0.8828158081649806	0.9319707620679966
2.795429847130293	0.504645178631248	-0.9394584442696627	0.874903557642675
2.936829733403687	0.6485229890620015	-0.9784107949683312	0.7966319164651295
3.0792332743408006	0.8025545101752853	-0.9979453927503361	0.6938001398865556
3.22192088539845	0.9678641685757614	-0.9958734003826489	0.5658988334976751
3.3646084964589167	1.1444177114026952	-0.9737840287956376	0.4133214114458146
3.5079722463451612	1.3302493921358045	-0.9318769480315465	0.23779556661106344
3.6539926417309974	1.5235817943919492	-0.8697801002054705	0.04712866682337097
3.805752604221595	1.7165234891045116	-0.7860087992445486	-0.14491025663162366
3.9665965277749033	1.914846368490506	-0.678196161687663	-0.33714751682149385
4.138809135660131	2.097015896933534	-0.5417760871188155	-0.5013040319120319
4.322539938200509	2.262065984768794	-0.37937736359692475	-0.6363277558490545
4.51854658978598	2.4122951019053818	-0.1923761988071643	-0.7447317745667397
4.720702440431729	2.5505183505566165	0.008336423941446805	-0.8296921527137588
4.922953858342743	2.680527725186708	0.20858524437087628	-0.8949538601405888
5.118492842458791	2.7499349090543883	0.3948067350585882	-0.922397389321167
5.303033999290629	2.8199804383325158	0.5558281655070979	-0.9486651605162121
5.4751405587207875	2.89002596763572	0.6897386211832208	-0.9665469371100288
5.636394892257878	2.9568422202075637	0.7977542509353955	-0.9825293320857862
5.788778497635877	3.01324386480066	0.8793427767201041	-0.9897368740276725
5.934848283039172	3.0490656900802313	0.9383623996518494	-0.9943145296971144
6.077351379485083	3.06951818354123	0.9769651844388791	-0.9969281450535423
6.208327981590933	3.0619660248961416	0.9952071598504567	-0.9959630579434243
0.05599129717748068	3.0293448385159425	0.9964150824915671	-0.9917944105444767
0.18667946073062608	2.9702748973033493	0.9806242180568807	-0.9842458881234366
0.31606699235757246	2.9395529988284053	0.9485239867811059	-0.9791010905755149
0.4421970034747133	2.970602624480461	0.9019802461401566	-0.9842877682386633
0.5627531401585265	2.9772915704490024	0.8441478390577322	-0.9851425457715363
0.6753030502164662	3.0284406483499295	0.7792842110766566	-0.99167886447145
0.8149872121248826	3.117441134233187	0.6846027883521228	-0.9979453927503363
0.9399421628881149	3.2009911360129357	0.5887840016188914	-0.9979453927503364
1.0527669451356545	3.2775580165226414	0.49452325886679677	-0.9887635552886473
1.1548414503957247	3.3543534338669807	0.40404526853733674	-0.9763834906748778
1.2466215361091806	3.4320014153817513	0.31797155403787836	-0.9567012151023896
1.328186877234429	3.516049340815925	0.23980499263193678	-0.9288479571499683
1.3997495438919139	3.6090363437976793	0.17008434023387062	-0.8918258338136197
1.4623409076821183	3.7098994690584237	0.1080448124108795	-0.8423644303483713
1.477199672708749	3.8183778149085827	0.09326483873248534	-0.778462700124079
1.4906148784568096	3.932194484333642	0.07992076959274093	-0.7021126698644371
1.4977662141364576	4.048806602658835	0.072807355192478	-0.6146957957342956
1.4974653231027972	4.166944034462605	0.07310665069581189	-0.5177332117865537
1.490625249096513	4.285087880287853	0.07991045394527156	-0.4136005404347745
1.4794786960634874	4.40223338921514	0.09099790032036918	-0.30467625356283246
1.467079752265611	4.5179944278997	0.1033310964267791	-0.19292090960035022
1.4569599151950563	4.632737508265662	0.11339727119058787	-0.07952309150603433
1.452751727116872	4.747850206977044	0.11758314457359272	0.03543768508946875
1.458061142506334	4.866119610233414	0.11230188334069317	0.1530799429726531
1.4763878730564344	4.9922429850044905	0.09407233366708027	0.27609087741374444
1.511372784866036	5.033505493365943	0.059272935819404474	0.3151034228964905
1.5146662251602934	5.1021844430250765	0.05599695960110884	0.3795123004773955
1.5445858225718354	5.183682818521315	0.02621202039252985	0.45311594031582275
1.595684349535481	5.271901203364204	-0.02482527036136257	0.530311400098839
1.6662509092358377	5.36663758194702	-0.09530726346248136	0.6079583275909477
1.7567802691340717	5.466734380141022	-0.18462379558805486	0.683519974603197
1.8695574030399122	5.572882747958572	-0.29376018063417314	0.756612075734991
1.9148812829158246	5.685625117675545	-0.3371809652320286	0.8251723852231053
1.9950206860689008	5.803960329063584	-0.41078905687065104	0.8859254145531377
2.0951953012902385	5.926822252183597	-0.49974822912100264	0.9358350636891872
2.2087144034557964	6.052738842063774	-0.5946443810761315	0.9722635082179371
2.3312659027257103	6.180098619548743	-0.6883997863798479	0.9933997372805501
2.4603403154663708	0.024528870416186496	-0.7757926647644975	0.998429506343846
2.5943153882237473	0.15217934180892384	-0.8526769311719148	0.9872146961525445
2.731825052403802	0.2807864427034403	-0.9156060126869237	0.9596335630496101
2.871718688884825	0.41192844903610676	-0.9619063927155949	0.9151042840763949
3.012952456862517	0.5469894251415247	-0.9896996351323972	0.8527416053261121
3.1518049921973157	0.6885623945531442	-0.9979453927503363	0.7706950148881087
3.29065611620928	0.878718131860171	-0.9870897547544336	0.6374565063295609
3.4300655900678647	1.062293459559409	-0.9571919097288928	0.48608284312125294
3.5718475632366014	1.2483095953815415	-0.9079230679423105	0.31638844882787687
3.7189425342896163	1.4402204083876164	-0.8378952515662328	0.1300480136688382
3.8748788457454806	1.634847387244949	-0.7419588476442922	-0.06394137528951052
4.0430708232366745	1.8292717055607597	-0.6191771370063766	-0.25516603120553394
4.2258220932883885	2.0204821711425316	-0.4674185531808004	-0.43405541270779396
4.4233736279645965	2.20837037693581	-0.28442366804719504	-0.5943755945470073
4.632629090223616	2.3069046427566624	-0.07963137962046121	-0.6713600180468371
4.849111837198666	2.411897795818187	0.13616235679835406	-0.7444555649776408
5.063072866105382	2.514877056680823	0.3428324621525571	-0.8083893211779871
5.266086392290293	2.614142381714145	0.5255455200790367	-0.8623997205659202
5.452794956123575	2.7111909361307864	0.6732079938772266	-0.9078680135503997
5.622475655012031	2.8085373203099584	0.7887375864259136	-0.9443738772741238
5.778157703152153	2.9076350391434707	0.8747377431364849	-0.971010499346032
5.92349970790212	3.0042222617726457	0.9347888198108345	-0.9885840072508867
6.062534190232397	3.09526609185584	0.9741346909721538	-0.9979453927503361
6.189940887885057	3.1726423220478805	0.9940299016428742	-0.9979453927503363
0.03407281133604458	3.227986855123258	0.9978184427924052	-0.9950982327164365
0.16089206108437085	3.2540392970949155	0.9855503254972198	-0.9917690023446281
0.284409215985728	3.3140943929817928	0.9584927793464753	-0.9840945874308178
0.3997096053184447	3.353922294358326	0.9204022103058361	-0.9764927762796546
0.5470921316380551	3.3726265517453617	0.8526856137261323	-0.9717516054071011
0.6746620723197613	3.3801143198576424	0.7796994265479142	-0.969853599656871
0.7756647883616975	3.3833749811794105	0.7136923745098336	-0.9690270844863333
0.9387877086473314	3.3878993941945046	0.5897302043983095	-0.9678802324751204
1.0649620884775848	3.3985125347312346	0.48371845919885825	-0.9651900046976769
1.1592336108976715	3.4191805265138475	0.39992618795311646	-0.9599510647811521
1.3073821096788718	3.4531889762824077	0.26007424802324425	-0.9513305743694265
1.4206941277870824	3.5025948129244275	0.14947075255700218	-0.9338935391283396
1.5114651997324726	3.5682307636123047	0.059181010999880386	-0.9092794038279615
1.5863939584824314	3.6494914990030294	-0.015546012864777567	-0.8719873770070484
1.6495040696131502	3.744259535894815	-0.0785804931655607	-0.8227632582647018
1.7044559703622815	3.8478926003110514	-0.13300558180852268	-0.7607198483009816
1.7560193126649635	3.957266919604975	-0.18387310776955854	-0.6846821615807556
1.808028295220967	4.067692617325739	-0.23481460615072056	-0.599940228833494
1.7928269069022233	4.174431556342184	-0.22018400562479132	-0.5113346973876866
1.8048447557251484	4.27240478776968	-0.23176473965462277	-0.42519017641986634
1.8346744861906386	4.430908953442873	-0.26034195556597495	-0.2772047418351686
1.811376741012448	4.569485159803	-0.23802245472519268	-0.14212501420495777
1.8289517122101584	4.695910608290105	-0.25485947399138453	-0.016425697797090782
1.8730909379284233	4.81646819306114	-0.2971453466367992	0.10369181161813341
1.85944805540512	4.93430107975493	-0.2840753123643577	0.21964038969615518
1.8923853861462474	5.05139822453718	-0.315629644148272	0.3318836843494696
1.9566444739054765	5.16944838917244	-0.3757214005539098	0.44050434952187045
2.0504327078601703	5.29005277669886	-0.46142380236656055	0.545188619596433
2.0819574664269664	5.414720615374036	-0.48843574438376475	0.6450417032563346
2.151614058372618	5.544805860334743	-0.5479612741529453	0.7384243064123566
2.2474281836266945	5.681291527435298	-0.6248913009991398	0.8228098798373225
2.3626031222312376	5.824508491255268	-0.710185610463844	0.894834821200575
2.4937024381074897	5.973915886042795	-0.7957332337229719	0.9506644901649306
2.637644765593758	6.09605027593324	-0.8739248531499006	0.980537191472662
2.7919539554453747	6.220680385555073	-0.938154950264847	0.9959980389955124
2.9163323689112906	0.062459530030788545	-0.9732151058006436	0.9960009452528648
3.0332193739907245	0.18757968920356208	-0.9922895357689501	0.9804522494893101
3.1501063791177826	0.314434391868608	-0.9979453927503363	0.9490380802356002
3.2664031965931875	0.4455172385377314	-0.9901890249371967	0.9005406368911368
3.3832183224328167	0.5829460144896278	-0.9690667944770008	0.8331394668497156
3.502540389778516	0.7278070437663783	-0.9339139483501594	0.7452729440161143
3.6268355234161076	0.880231982839457	-0.8830974466832227	0.6363366033765515
3.758186921396468	1.0394673516972466	-0.8144388481546365	0.5063065925052747
3.8980629538478615	1.2040315559223123	-0.7258411158023292	0.35791352801453413
4.047327179096256	1.3719170537487093	-0.6158516633822491	0.19720042549568229
4.252383882596511	1.5412883455762119	-0.44348500496555343	0.02950554570882017
4.458184629557773	1.7122105081386954	-0.2510743385998669	-0.14065547675408457
4.672180745642517	1.886486775822184	-0.04012712270032816	-0.3099787093869705
4.8925346447138045	2.0696688328673103	0.17894901756847642	-0.4779344062857339
5.137886031725944	2.1624753581076126	0.41254035273269596	-0.5572428741085077
5.364983791550627	2.199722714265035	0.6066028636718406	-0.587619210665881
5.568510592129946	2.2655803345665992	0.7537798614696826	-0.6390735031371368
5.749716445754902	2.3413144354674342	0.8601124924725709	-0.6953855869731284
5.914346525702888	2.4243254764999653	0.9319065524783026	-0.7530953635742438
6.0699267860550945	2.520048228598287	0.9755468814909792	-0.8114801350127527
6.222377254641077	2.634738165214908	0.9961066833027992	-0.8724995103035542
0.09220765482807869	2.721290035593049	0.9940962818711465	-0.9116552764447576
0.24616924899939596	2.8314447256535606	0.9692600210988699	-0.9516977146888104
0.3985586128895614	2.9131272754548823	0.9209012651362087	-0.9724026760192899
0.5464664244233491	2.998051741207866	0.8530267250409349	-0.9877954790777319
0.6836259825613796	3.097307355724996	0.7738927454838427	-0.9979453927503361
0.8388949876028265	3.2039551866713785	0.6669165109549505	-0.9979453927503363
0.9797469347572788	3.288589863518868	0.5561595939583951	-0.9873538002984263
1.1100544628427245	3.3396974296508857	0.4437669754067948	-0.9800985069334507
1.2326424720463707	3.367147118412997	0.33108147826336354	-0.9731405367704768
1.348802878828876	3.3889628381343817	0.21971964438906105	-0.9676106698120321
1.4589659309180392	3.4156489130106165	0.11140189273679355	-0.9608462611382252
1.5632790965479857	3.453858894012547	0.007541148338982808	-0.9511607630605131
1.6621049930512357	3.5074502224550974	-0.09116631572233724	-0.9320727121901426
1.7564721995913914	3.577987545229454	-0.18431988325886367	-0.9056205135353111
1.8485225171743864	3.665081128887837	-0.27360852436140826	-0.8643425120317365
1.9418895568536017	3.7666452582306382	-0.36223855972653085	-0.8093832930651081
1.9661707089959166	3.8786341594286062	-0.38442634352017846	-0.7393481309128231
2.008596516275118	3.9982459038062848	-0.4231944643105181	-0.6541986653247474
2.032128668500802	4.122428100572505	-0.4446978222534373	-0.5557746156790311
2.0664775786283216	4.2489065502752075	-0.47520729756711966	-0.44666254354656987
2.108521471629422	4.376322402690991	-0.5111362015594639	-0.3294992688841873
2.1577799559159403	4.503989180097487	-0.5532303851949425	-0.2067371649933366
2.2181461397935593	4.631647389054467	-0.6020133585431704	-0.08061190432401937
2.290410557604274	4.7592823372348745	-0.6584732560048652	0.04680919436334682
2.375715547634796	4.8870284623796065	-0.7193014477226685	0.17358456369198244
2.475391524811086	5.015086341591135	-0.7847887853373777	0.2978294707219771
2.58979849662166	5.143659637611981	-0.8504619314149462	0.41765572146688545
2.7191287861300837	5.272904861821476	-0.9108447863681794	0.5311340090757116
2.860439148443453	5.402897659144812	-0.9590472453305997	0.6362954238830154
2.967079040353204	5.533626686081614	-0.9838374909361804	0.7311826119176688
3.073718932269165	5.665003442231266	-0.9974649569295496	0.8139302472727945
3.1777544705181584	5.796937119510587	-0.9979453927503364	0.8828802453893891
3.279103093487953	5.929292839021346	-0.9885661105667555	0.9366130326599377
3.379341741408075	6.061899433332825	-0.9700494334911718	0.9740134348265678
3.483353633997814	6.194584187519783	-0.9411091728850687	0.9943271950973311
3.592860933858765	0.04406842010561951	-0.8997579544487494	0.9971784606042464
3.7096071234371224	0.1768063541408248	-0.8425077912118097	0.9825102548228383
3.8340650537992063	0.30989363600131503	-0.7690864241529274	0.9504679296602517
3.966137494946038	0.4436687685959081	-0.6785152840800203	0.9013421085864466
4.105522291269998	0.5782927801505787	-0.5702215937294882	0.8356762298055707
4.252988258283856	0.7134793881530671	-0.4429327347519178	0.7545541755657212
4.409521990796441	0.8485859427820787	-0.2976936916076839	0.6597474239898358
4.576008307532965	0.9827681951660724	-0.13568989243659257	0.5536833373038166
4.752398045970266	1.1150712369827915	0.039961408325748946	0.4393221535590395
4.981495595555834	1.244477333421378	0.26562012445085065	0.3199824422228721
5.213378321274731	1.3698765314091887	0.47942591874684226	0.1991884250405444
5.450487695773346	1.4899919524022693	0.6715011497327648	0.08054039246672745
5.615115285500479	1.603377519113741	0.7839696540040931	-0.032509220485091014
5.7813040149369845	1.7086586286269765	0.8761019415922492	-0.1371515277235456
5.941666579019254	1.8051874929996345	0.9405094291044669	-0.23209308580261065
6.096953509365895	1.8937645896935096	0.9807097340707527	-0.31695093659512835
6.25041402302969	1.976752885515785	0.9979017748070669	-0.3940961912816393
0.11004164143303394	2.057922337326643	0.992954437083686	-0.4678963560386721
0.2523382006278595	2.1420397724685913	0.9680815805064514	-0.5397795009039258
0.39192705626926594	2.232162522217769	0.923776618858092	-0.6129643014612689
0.525748635532436	2.333478833452331	0.8643212603160347	-0.6899382291734636
0.6884113074809036	2.447297407916436	0.7707928867339615	-0.7679969078752782
0.8375840970473817	2.5807587546514683	0.6678862696856329	-0.8460290098328167
0.9762326482401761	2.6544058162904336	0.559039939971848	-0.8821441611365073
1.1076528215322041	2.7447600528265625	0.4458948104397129	-0.9204567666895634
1.233652332502713	2.848078824425356	0.33013440526895743	-0.9559141400168042
1.354884209128228	2.9571573042961092	0.21379484678546856	-0.9825695965461543
1.4713017823888193	3.063850789913323	0.09913145439875276	-0.9962039112555917
1.5824776004876482	3.1671784850647158	-0.011634348213107933	-0.9979453927503363
1.6878880553775615	3.266713807721891	-0.11666124088782862	-0.9901493320744461
1.7871900152951155	3.363726850193379	-0.21462318048508366	-0.9740075092315388
1.8804562542798833	3.4640749411025724	-0.3042014022010487	-0.9483388747537057
1.9683759518276374	3.5676012378206594	-0.38644146417326486	-0.9095154822704651
2.052496483714441	3.6750205871716646	-0.4632596547345321	-0.8594683862783306
2.135241230438139	3.782914377042984	-0.5339697590730813	-0.7996592269719232
2.217489342722969	3.8861395676580757	-0.6015002056474286	-0.7341303258252672
2.302401503269755	4.056242434573341	-0.667841733372456	-0.6088862103234632
2.39327561004294	4.207190732762853	-0.7315093090634086	-0.4833401131455547
2.4916012094618822	4.348394533762749	-0.7944773275818675	-0.35575178878709224
2.5992865683988087	4.485394657584997	-0.8551147056083257	-0.22500682696788976
2.6893854048114094	4.621413564348514	-0.8992975017296302	-0.09083346486750976
2.787768789665995	4.758658927251438	-0.9365854714096076	0.04618909012658644
2.890435490379764	4.879873540892013	-0.9666507432791556	0.16661380900560996
2.985927044566408	5.006468814123955	-0.9862460693006514	0.28974773280317534
3.0778109993992104	5.135439331505935	-0.997945392750336	0.4103725958655992
3.1637537968097704	5.265521278121141	-0.9979453927503363	0.5250823465909497
3.2422013928313036	5.396161142367759	-0.9932817630469012	0.6313119445743869
3.365314340367027	5.527091509705548	-0.973605110888957	0.7269492267218778
3.48936425311892	5.658155252355022	-0.9388551308435436	0.8101968796564392
3.6150350472505566	5.7892543003202155	-0.8888841810442442	0.8795490783620304
3.7427324179163564	5.920345804311146	-0.8236760179738111	0.9337956796009759
3.8725647166459596	6.051392307970828	-0.7435676441573629	0.9720062829177935
4.004537020251616	6.182378857910563	-0.6492834414817575	0.9935457325840841
4.138767455185265	0.030147994445157117	-0.541811705461289	0.9980697344305491
4.275623338465492	0.1611433250512547	-0.4222491089388418	0.9855023271215116
4.4157621429754865	0.29226015909889325	-0.29171555592366966	0.9560205771798296
4.560081668718608	0.42351749370627656	-0.15140161082376977	0.9100794302398972
4.709541845847047	0.5548244412807705	-0.002810795844555007	0.8484702582904011
4.864860081078545	0.6859890298404693	0.15182709270395478	0.7723620003604379
5.026116281536664	0.8167544666691441	0.3081736308351165	0.6832954248071517
5.192296393282183	0.9467523146235578	0.4607474988064879	0.5832023299746671
5.361099856056432	1.0755777716777486	0.6034195494876472	0.47431304861039075
5.52944022028287	1.2027959978420084	0.7284706847537754	0.3590722660198963
5.69290081071618	1.3279866484147134	0.8291388109903984	0.24000006758639986
5.849794864139794	1.4509413727930236	0.9057986522510298	0.11938389915898996
6.000903641739631	1.5720805945867424	0.9591627288026225	-0.001249802030162478
6.148508964592088	1.693042575810223	0.9905582536990857	-0.12174620416243506
0.011986920510770167	1.8172910234487516	0.9992325214206943	-0.24368840354556495
0.15885276013903932	1.9506587558638968	0.9859398884503555	-0.3702517335060741
0.3050653851255359	2.101701632701426	0.9519883090725282	-0.5053082603152791
0.44834295960582266	2.191341636873615	0.8993154422565508	-0.5810711087856782
0.5859448294105772	2.2133995756541	0.8315046292188033	-0.5983048871719459
0.7154985480348285	2.2784974817644668	0.7532461953277754	-0.649165618017236
0.8358529157103317	2.3719173261903905	0.66916694732041	-0.7166609012566589
0.9451230494650728	2.4860712058138703	0.5845376927520792	-0.7911720397178428
1.1172328939845553	2.6186923225681284	0.4374069427082946	-0.8646309270622501
1.2674053451285712	2.7675582403863346	0.29847996575007163	-0.9290063141146953
1.4058756375225894	2.8667461463504638	0.16411593150161075	-0.960645948457445
1.5384323148139867	2.9711126201722124	0.03235689403103017	-0.9843529403691037
1.6760872962777196	3.0754790939236956	-0.10501972594592549	-0.9976898872315125
1.8144030998086844	3.1774583408187085	-0.24092174035049604	-0.9979453927503363
1.885732543986654	3.2769113995728802	-0.30925614684031616	-0.9888461861909793
1.9702549397670008	3.374076348430029	-0.3881584575805428	-0.9713841097257581
2.059064543330363	3.4727593181004495	-0.46887243619961394	-0.9450821468753857
2.149999872270582	3.5701445584989586	-0.5465818600847877	-0.9085617116823677
2.241514214686843	3.707833814130487	-0.6202707409773284	-0.8433773891630673
2.3350551748160537	3.8359927536140277	-0.6910341112009143	-0.7679342363409531
2.43269263407643	4.003414871920759	-0.758912262007488	-0.6501601714356745
2.535194288488297	4.151836438864278	-0.8205329478368889	-0.530643513689217
2.643713982047087	4.290760481377694	-0.8769010841851774	-0.40841699536280685
2.7583872909710134	4.4253597024038935	-0.9255671167331401	-0.2825209864881555
2.8597970097002854	4.557923686053668	-0.9588844754626362	-0.15353047280847074
2.9637830589064063	4.689564461613761	-0.9834162988824938	-0.022764239284164076
3.067769108063933	4.8208189556559855	-0.9967046314494074	0.1080195034900696
3.1700968459965235	4.951935691568243	-0.9979453927503363	0.2368210887650633
3.270348265958189	5.083017452249498	-0.9896848862171818	0.36153700573882236
3.3687716694086856	5.214092364935068	-0.9727287442195962	0.48005855573090916
3.469090918749549	5.3451463843220335	-0.9464578331724925	0.5903439170691525
3.570950784698587	5.476171768646223	-0.9082593688267774	0.6905014803129963
3.7026742771068353	5.607168410186537	-0.8459075302999892	0.7788217922830154
3.834021379222497	5.738125279225981	-0.7691125284844166	0.8537934378702784
