6.141917286190352	6.207138173111893	0.9892990605867692	0.995130980775079
6.225639914232935	0.03551401813402612	0.9963155794363864	0.9977261676042275
6.262920614617559	0.1461352514248367	0.9987025260204572	0.988369284789614
0.0509512292857518	0.25565979994682786	0.9967377795630687	0.9674470630543837
0.09726927592783746	0.3921595145034259	0.9937722048267434	0.9236758280955236
0.11850831902558123	0.5263330284227865	0.9924123467541199	0.8640026719691153
0.17347861629222094	0.659184178401346	0.9831459449040554	0.7897257645081597
0.22435356108057386	0.7905853582609879	0.9734274216141301	0.7026545705783805
0.27796498901523836	0.9208909567673186	0.9605220173181637	0.6043985695644621
0.3368202014984576	1.0503809114831137	0.9419889593502089	0.49663726563931426
0.4356845479783208	1.1793705553392122	0.9048039592172405	0.3810412458300072
0.5361340165314942	1.308333075443754	0.8586595532363442	0.25914776000047174
0.6343324406112918	1.438109751553256	0.8051255795788108	0.13214747835517388
0.7946806413272677	1.5700974998396293	0.699624999199103	0.0007309161864885831
0.9435385521156587	1.7064410398600427	0.585836363364592	-0.13496386398540505
1.08402696867287	1.850206370994509	0.46682712750822963	-0.2752216751820791
1.2194722009918946	2.005512808614348	0.3434328956957102	-0.42037661454544273
1.3519072282358613	2.177591782958924	0.21669520055492494	-0.5701607211113066
1.4823645479150955	2.3726948463997557	0.08812735123166168	-0.7172014379976418
1.6112517428467714	2.493052581262856	-0.04037400778922985	-0.7953448137365414
1.7385929330411525	2.645936426689416	-0.16668188667458764	-0.8779909297640174
1.8641948236017012	2.7425641666712766	-0.28862276946564697	-0.9196332875083526
1.9877830489292936	2.849638234938378	-0.40417540332203616	-0.9563094207034257
2.109128674544917	2.958508609338225	-0.5116550910746219	-0.9827422792371928
2.2281653029151904	3.0648370467859527	-0.6098412901814076	-0.996329944597815
2.3450729593364987	3.169983965660752	-0.6979985354452318	-0.9979453927503363
2.4602708697943614	3.271394239570026	-0.7757511570275208	-0.9895512216984996
2.5743158493119678	3.397829090737052	-0.8428695287076621	-0.9653632446553608
2.687746407048792	3.516432972453047	-0.8984937676652148	-0.9287040914647353
2.800949756419658	3.6890134404863333	-0.9415284652363789	-0.8526065508787465
2.914166594648966	3.8400726403095296	-0.9726661235215517	-0.7654956846076127
3.0274692141246105	4.04181242070907	-0.9915547253089614	-0.6201603218133194
3.1407718336041683	4.2051660022851465	-0.9979453927503363	-0.48507036079274524
3.253797037927759	4.347676252008952	-0.9917999605395651	-0.3564081448019454
3.36585212659002	4.47964836172777	-0.9734687923854553	-0.23051184276387426
3.475463816397884	4.6043793979583265	-0.9440679330746403	-0.10770165284026409
3.5800224935977565	4.758449031551362	-0.9048573876273027	0.04598030743726009
3.711720753581297	4.903323158210756	-0.8414713062420343	0.1894598360517075
3.878868645647686	5.029124366822939	-0.7391851146784667	0.31099469024150184
4.03234158713985	5.157635309072957	-0.6275598457892209	0.4300380548373819
4.1760806962012715	5.2871613174684	-0.5099254133409987	0.5428187493462457
4.314242137327973	5.416964864615621	-0.38695978022375854	0.6467019336140976
4.449516232454796	5.546695887759304	-0.2593787601199911	0.7396486366612047
4.583530082942323	5.676179931726276	-0.1282696188697124	0.8200232360332184
4.717313860817958	5.805348138578693	0.004951905183914744	0.8865271500856851
4.85159286730348	5.934216236285536	0.1386302307824123	0.9381633729449637
4.9869864878361	6.062863399420288	0.27096968183752534	0.9741975790435429
5.124126714114896	6.191390318053698	0.40009032415838575	0.9941227033433302
5.263705180963225	0.03669261479038142	0.5235938543512334	0.9976507063807565
5.406472437358904	0.16524082135681503	0.6389399409015948	0.9847195918587681
5.553191633600233	0.29402259720317114	0.7438564793721256	0.9554655988495615
5.70453085600527	0.4231401620858095	0.8354790607854067	0.9102430361534732
5.799312114005894	0.5525227417338996	0.8839100110466156	0.8497250556465135
5.8974604457244935	0.6819451637029468	0.9264658070779738	0.7749815536907881
5.996507391865308	0.8111070760411383	0.9577783832141041	0.6874732002471647
6.0957324828122665	0.9396946769869847	0.9804764841861893	0.5889868436538925
6.199580519918613	1.0673903637992381	0.9946470919455457	0.4815670266446501
0.02004474543980248	1.194011915252095	0.9987166084284231	0.36731020359760136
0.14721863704273172	1.3196098553070843	0.9881623281353457	0.24816124306722492
0.27047840613999763	1.4446152357771396	0.9628794852221034	0.12567649066394374
0.38401743043256764	1.5700209375726855	0.9271269115747109	0.0008073867016087331
0.5139502894690258	1.6975635157205893	0.870753261168185	-0.12620613670344258
0.6792478721800481	1.8299070758219462	0.7767288170154005	-0.2557747230325884
0.858506592361312	1.970786747833891	0.6524084157838933	-0.38864441649792514
1.0630231726630892	2.1250548164041603	0.4854363231354462	-0.5252648874323055
1.2236529934619342	2.221337826360793	0.3395120414640943	-0.6045070103537735
1.3645046393014633	2.34344751932179	0.20442204530451863	-0.696868519739362
1.4976838140988311	2.482773560741847	0.07288931828867312	-0.7892010344653709
1.6263453702076516	2.634872218985357	-0.05544954702534535	-0.8725652477830252
1.7516199070339515	2.75406796104691	-0.17953306947578435	-0.923947324987235
1.8738180672037144	2.880655486741851	-0.29784194462716646	-0.9641716997425928
1.9929494856716141	3.0096308167907746	-0.4088964223556592	-0.9892751641740474
2.109021337069192	3.1389436743045844	-0.5115633650810275	-0.9979453927503363
2.2222243763899665	3.2682565318143886	-0.6051996683071375	-0.9899521880251607
2.3330769491566907	3.397677764561761	-0.689658836786229	-0.9654016029413757
2.442310976968581	3.5263632708081842	-0.7650165138745134	-0.9249801306669583
2.5507148252349245	3.6520312783864433	-0.8298095857953868	-0.8707419163645094
2.6589495992262644	3.771241362242017	-0.8843723479041357	-0.8066361978048605
2.767547279203128	3.879430103567557	-0.9290022035618097	-0.7387947857448254
2.8766563982388056	4.047923216144952	-0.9631580074299246	-0.6153859820459534
2.9861113646998727	4.190563896607008	-0.9862696234913539	-0.49754869273460817
3.0955663311583943	4.313681331291999	-0.9979453927503361	-0.3874722370875612
3.204437350123976	4.419285406037279	-0.9979453927503364	-0.2883402304460958
3.311725535298844	4.604315074097377	-0.9843973027368588	-0.10776510868933539
3.4156185802410213	4.7585851245246324	-0.9608539499141393	0.0461156787523825
3.5400245835568263	4.900469940370181	-0.9198570023073966	0.1866800596882749
3.682204404685947	5.03321851417688	-0.855945575582389	0.31483428646460965
3.838895518529291	5.164844021109227	-0.7661992512926186	0.43642491616667395
3.985524926111688	5.295990414690468	-0.664137513765078	0.5500551698436094
4.125664254526972	5.426823709754414	-0.5530091375932731	0.653995220691405
4.261772690288211	5.557387351485714	-0.43490564127133424	0.7465743998933165
4.395883331666935	5.687671142391906	-0.31075967982156105	0.8262877985741317
4.529194654141532	5.817654526154589	-0.18187182368614577	0.8918630341541398
4.662429992644645	5.947337977498783	-0.0498661904463674	0.9422953092728624
4.79608747555012	6.076762877350937	0.08341916662914657	0.9768527642343825
4.93055914593447	6.206012782996657	0.2159947727931193	0.995058926171394
5.066166504445125	0.05201354472273274	0.3457337554031532	0.9966697633998167
5.203140574264577	0.18127416101315802	0.4703553566063037	0.9816567799871546
5.341563747889106	0.3107619196366697	0.5874075507492712	0.9501945137593026
5.481289690313028	0.44053185418503155	0.694287570005014	0.9027022324673071
5.621903746778216	0.5704158472451382	0.7883671132036069	0.839970428237099
5.762924159219569	0.7001136678944646	0.867312825790743	0.7632122804152063
5.903839481030127	0.8292775182576118	0.9285979641685128	0.6740312352359776
6.044306734325346	0.9575510926822512	0.9706527421369125	0.5743515384469569
6.184434157093936	1.0845952637920475	0.9936773258565917	0.46632362256836835
0.04134613740092647	1.2101468502381052	0.9973527583866324	0.35217844841719026
0.17651341595367626	1.3341374329380904	0.9825662141286646	0.23400760350198718
0.31147608394742526	1.4568703991016458	0.9499696288593686	0.11348631260836572
0.44588639260747825	1.5792396599440077	0.9003805766535228	-0.008400288000625353
0.5794718104378567	1.7029586027192365	0.8350334682039254	-0.13152842024268202
0.7121332275230521	1.8307509938963498	0.7554261973986948	-0.2565832060006669
0.843904952177565	1.96655039444548	0.663210284781772	-0.38477329487632217
0.9748559140172968	2.115585998143961	0.5601683257511963	-0.5171732422989028
1.1050083480188593	2.284293934322221	0.44823779286621857	-0.6536943629648478
1.234294193718085	2.366703629706817	0.32953245138570764	-0.7130363080026709
1.3625403845016755	2.482425481765128	0.20633574042676311	-0.7889929873661823
1.4894771593083873	2.6211281910423287	0.08105245577506827	-0.865825431724675
1.6147657437404255	2.775665786741372	-0.04388379752243403	-0.9320467247562043
1.738055133405426	2.8955105281482445	-0.16615134432200757	-0.9679371681153378
1.8590769916790655	3.0042178933458596	-0.2837198291584802	-0.9885834490115037
1.977774863168841	3.1129252585413467	-0.39503006044382083	-0.9979453927503363
2.0944539477492987	3.2206592828090197	-0.49911470024687793	-0.9960346200357798
2.209873710365718	3.3274021890732093	-0.5955501428776344	-0.9823939898830878
2.325214939894298	3.4316532255033123	-0.6841931205089112	-0.9567894745652281
2.4419002466812088	3.5912390465596107	-0.764771020033885	-0.9005532978596467
2.5614154929239183	3.7445235577753198	-0.8362053839359735	-0.8226054521631121
2.6847857355261726	3.8907508758937577	-0.897041909334137	-0.7309245165159272
2.812161875537343	4.030757956389304	-0.9457331215881856	-0.6287971300918112
2.9159040741887394	4.166941498701173	-0.973106541294638	-0.5177353787392913
3.021181286635714	4.300813914838694	-0.9907511937553919	-0.3992303057564365
3.1264584991133453	4.433326590069149	-0.9979453927503361	-0.27488861886703697
3.2311973501884483	4.565055637068574	-0.994687964930745	-0.14649476318992058
3.33572345168905	4.696321479555819	-0.9811058342050419	-0.016015318917370874
3.4405552453933796	4.827273883034983	-0.9545329830865057	0.11444020242342902
3.5455187807546973	4.957946018327962	-0.9177966236311061	0.24267671045142084
3.652399400539966	5.0882823519565	-0.8705613960969405	0.36647456349686997
3.759087182447615	5.218150574457574	-0.8139007613618946	0.4836540969780901
3.862012488332922	5.347386593153835	-0.7509036169510388	0.5921800156759616
4.002734435282551	5.475765956352375	-0.6506917938300186	0.6902012721733138
4.165386276351042	5.603023684713	-0.5190644049192205	0.7761369038499275
4.315148366646176	5.728900398188265	-0.3861316803023913	0.8487643903769533
4.458321837186779	5.853224328574181	-0.25094289215440446	0.9072856218857764
4.599257681513637	5.976020019553299	-0.11275425479701787	0.9513270657750958
4.74093033328042	6.097595405646948	0.02854007578823534	0.9808323540359061
4.8857347447489365	6.218509396344568	0.17232414619439385	0.9958590385146575
5.0360326617324125	0.05612296549012112	0.3174734661011428	0.9964066522521712
5.194484128135168	0.18781544874151662	0.46268581442528056	0.9804072128888781
5.36422643695851	0.31826893819414365	0.6059821279209109	0.9478306108147359
5.5489082528592055	0.44544668866653153	0.741081772222153	0.900571226366029
5.675872873267415	0.5667457286273488	0.8198558396660971	0.8419712346170984
5.818821851135524	0.6789848474540775	0.8923691705593249	0.7768992003251959
5.939604754988596	0.7778317519525145	0.9398601764271309	0.7120893178301304
6.0651668023798555	0.9639333023758879	0.9746375927949439	0.5691206125794662
6.19202798764229	1.1171221521871602	0.9941635309895533	0.43750505905692394
0.03578683369910178	1.2526270311113763	0.9977087002236682	0.3123394470483429
0.1627852960632829	1.3785112318615724	0.985188665188547	0.19077598071837493
0.2900845533920659	1.4986175588929307	0.95670565884004	0.0719605248489495
0.41794615968871013	1.6151611140389541	0.9124950857067052	-0.04427869401124702
0.5464829993903236	1.7299347764847888	0.8530176890115515	-0.15814056674190677
0.6756158495881507	1.8449241935078888	0.7790815845287041	-0.2701612899837663
0.8051347760466917	1.9625576305000465	0.6918913341926822	-0.3811247619467021
0.9347781627389892	2.085675910830086	0.5930164701927021	-0.49161336715901693
1.0642751371494292	2.2175000157026394	0.4843270925928443	-0.6015085444032928
1.1933501771250399	2.361391563146795	0.3679307985575949	-0.7093433272779865
1.321694261368559	2.520349065324683	0.2461304893620275	-0.8116599453789117
1.4490065955537077	2.6189750106868237	0.1213084168843456	-0.8647695520657631
1.5750078000221095	2.7332366187077524	-0.004173499517714167	-0.9161353641113605
1.6994978782043753	2.857034037570773	-0.12811439612705483	-0.9581841149665706
1.8224639509859621	2.984881841421678	-0.24864412606862518	-0.9861125032396301
1.9442389680565804	3.1137686105768614	-0.3643854194598968	-0.9979453927503363
2.0656696590001955	3.242655379729764	-0.4745168841757689	-0.9932237482561035
2.188247879949283	3.371976142173387	-0.5786539690091324	-0.9719164717716977
2.3141292283479613	3.5025505408113515	-0.6764862669524938	-0.9339101416117328
2.4458180020878	3.634640566425282	-0.7671126657585274	-0.8792699985415713
2.5237615357755514	3.7678201590008795	-0.81369958185757	-0.8086810538796589
2.6114461870040016	3.9014033868776457	-0.8610775567519939	-0.7235188266043864
2.705391564973211	4.034780399100273	-0.9056931915994161	-0.6256544118649552
2.8033000717316616	4.167623592345044	-0.9424098568896102	-0.5171524908263243
2.903171085488043	4.299881783441417	-0.9698789726240884	-0.40008207464239576
3.0030420992355102	4.431643436901491	-0.9884331947870657	-0.27650109845479875
3.100961126876018	4.563031415709378	-0.9979453927503362	-0.14849166889737792
3.1949960531779835	4.6941424796929345	-0.9979453927503364	-0.01819170747811863
3.3199734417500926	4.82502192730363	-0.9833433063133679	0.11220018810362167
3.4447008986897023	4.955655815998685	-0.953482139406935	0.24044545764910397
3.568828969080818	5.085967372110583	-0.9090550708186107	0.3643035161200836
3.691672606571248	5.215811343702401	-0.8513025452149614	0.48158155719909335
3.81206916988135	5.344998197951777	-0.7822333825999304	0.5902224619690236
3.9282333130478966	5.47329351955021	-0.7048665000433592	0.6883722352907142
4.063049915234745	5.600418053982447	-0.603567553206179	0.7744490169551191
4.188291876638682	5.726095340251571	-0.4994902633524514	0.847235181541903
4.303462508288418	5.850137562309508	-0.39681005738950126	0.9059472415663583
4.47580216977565	5.97256159056955	-0.2341965377355361	0.9502380328393616
4.630312295299002	6.093685460779656	-0.08194539811005047	0.9800854462915699
4.7776610931383905	6.214100188734455	0.0650904935163217	0.9955767331144146
4.923719212883028	0.05120583887732524	0.20933089877919875	0.9967214778442542
5.058986175225704	0.1837975858828135	0.33899985880194405	0.9811747359580525
5.198833724878766	0.3150485266008961	0.46653952242470254	0.9488446938877576
5.34221523380416	0.44282333602055146	0.5879415154243525	0.9017086767756878
5.488288219958657	0.5644590519523004	0.6994648788181707	0.8432178420859298
5.636084740603336	0.676741750741164	0.7975533395372584	0.7783522433451139
5.784690878525768	0.7753082821182556	0.8775704400735433	0.7139561074665511
5.93334030687546	0.9620956848705039	0.9378875494478113	0.5706267431212206
6.08176616973624	1.11623503445995	0.9778085316317755	0.4382910382828856
6.230170683400135	1.2523988462735138	0.9966056679775159	0.3125534446321826
0.0796217939442795	1.3787056565662636	0.9949021084069742	0.19058656048172762
0.21224530526487842	1.4991857934076718	0.975740433778266	0.07139530350276252
0.34461491333374183	1.6162466459005165	0.9395344639845178	-0.045362924977055255
0.47629475864937987	1.7319559514433776	0.8871959182872838	-0.16013446715810348
0.606781244674976	1.8487433641034867	0.8201454234440212	-0.27382009819321207
0.735557536998601	1.9697250763350729	0.7402522955406519	-0.38767427564391677
0.8620196927646252	2.098731270683728	0.6498095262170058	-0.5027699165954528
0.9852579166900729	2.2403707465463176	0.5516427354828317	-0.6193773539423164
1.1038916690125253	2.3996691440916598	0.4492271615532882	-0.7359541325116369
1.2157820207274765	2.480443644786539	0.3468936412382968	-0.7878084417255731
1.3681973002173846	2.5858532081624643	0.20082443302750394	-0.84852723522382
1.5055741915538432	2.707415534235021	0.06504078101867383	-0.906452200233128
1.6340258458296182	2.838160825922972	-0.06312081840515198	-0.9534001174260904
1.756444436437433	2.9734472457667414	-0.18429249475199666	-0.9846512811712659
1.874144482498795	3.098669944881979	-0.29815465413605985	-0.9979453927503361
1.9878253685994869	3.2238926440016753	-0.40421407445621316	-0.9956214301974787
2.0981254107739096	3.3494776564774673	-0.5022521747552264	-0.9776194068228365
2.205943584342932	3.47656631638636	-0.5924795513060085	-0.9436544845970818
2.312545942872439	3.605889806849464	-0.6753855573366201	-0.8933688370976409
2.4193457901247255	3.737133906456612	-0.7496334555595486	-0.8270222530149307
2.5278163097687694	3.869448795821561	-0.8161231237074862	-0.745733851115451
2.639052217509035	4.002056222961829	-0.8746150414308953	-0.6512216783741037
2.7535077891279114	4.1344887977297615	-0.9237372549378001	-0.545468062234219
2.848215793223818	4.26657422466933	-0.9559488589828811	-0.4305180650104713
2.944441407720503	4.398322889652202	-0.9803402085673582	-0.30842255594597373
3.0406670222456382	4.529816982256093	-0.9932412675411877	-0.1812578935157962
3.135629458653617	4.661127920374827	-0.9979453927503363	-0.051166702319529335
3.2279740721105723	4.792326508410169	-0.9950998662521382	0.0796781427126801
3.3154488166226335	4.923463745005729	-0.9839215062153875	0.2090820066137171
3.4221684137306942	5.054568579756075	-0.9591936926198383	0.3348569246537444
3.5618476092666453	5.185650406198763	-0.9116731502894762	0.45485920729414847
3.6953545907886918	5.316701282382325	-0.8494969685340795	0.5670300137844979
3.8202807870633704	5.447696364892297	-0.77732529205545	0.6694362042795555
3.9891907144179752	5.578593779595816	-0.6612734481826033	0.7603115928397395
4.141889725485764	5.709336938988062	-0.5391435474517099	0.8380991508958916
4.284843890449216	5.839863210952919	-0.4138234950028195	0.9014924210612162
4.422648354462296	5.970122125097737	-0.285118488186251	0.9494698637496175
4.5580611675468665	6.100109845940621	-0.15339484654546792	0.9813126817621936
4.6926146299844325	6.229911572793443	-0.019717726219452336	0.9965890780752029
4.827138041650836	0.07646126905142359	0.11430508136333252	0.9951044652301841
4.961970391029371	0.20626328585643938	0.2465974962932636	0.9768831651401094
5.096989542294209	0.33622219945833953	0.37464038955155804	0.9421772656362091
5.2315480402981995	0.4663020396537073	0.49552414478378487	0.8915286267901419
5.364417382716755	0.5963228307384144	0.6061386290629976	0.825846945249753
5.493746647382667	0.7260060315565712	0.7035028647722563	0.7464396115990061
5.617290891713611	0.855019071298513	0.7853789777322602	0.6549883824981553
5.711404444984164	0.9829877857918691	0.8392262750078039	0.5535033585284586
5.798342999246553	1.1095080883335613	0.8834898159265625	0.44425105886113836
5.878815855725722	1.2342072945289346	0.9183817637205087	0.3296139476704302
5.95577208411905	1.3568861400631946	0.9449511451845223	0.2118444453071421
6.032263667821506	1.4777479262394722	0.9683521829365715	0.09271949241745506
6.107989750369717	1.597671193771545	0.9828179617194523	-0.0268097335735964
6.176508592123521	1.7185140973007393	0.9931698809846395	-0.14687400276556267
6.261027857449707	1.8433941426112654	0.9985813397173655	-0.2686954840865676
0.07613193873880297	1.9768855840761206	0.9951255510428603	-0.39421744940601483
0.1877247953408473	2.1252717532747796	0.9804245301987913	-0.5254502723584035
0.3130549755805371	2.2964418069677834	0.9494724479143517	-0.6631854467475016
0.6234454276314368	2.4286871587368126	0.8110607569661705	-0.7561276313829907
0.9334856339879766	2.56098171425205	0.59407584028593	-0.8359461140564112
1.1912645000699613	2.695371856274369	0.3698867999056148	-0.9019357010321433
1.3905662644400452	2.7824103348877345	0.17903124319938601	-0.9345759974927861
1.5523811970934944	2.879459031527793	0.01842598780727643	-0.9638684212700062
1.694966346678426	2.982173802395805	-0.12364401489795654	-0.9857664440954321
1.8197791734939472	3.0848886141997327	-0.24607207915884807	-0.9979453927503361
1.9408555154338871	3.185513129058491	-0.3612936668598403	-0.9979453927503364
2.060101892859939	3.2841190064453643	-0.46975891052428354	-0.9879251292039208
2.1795233363454813	3.3804688067148576	-0.571811343620975	-0.9697637440305635
2.301564788345145	3.4771866487563288	-0.6671880113847984	-0.9434218537792816
2.4288874930013606	3.569593329601125	-0.7562669049724893	-0.9087684280097853
2.5053366956523804	3.649463086972722	-0.8026870393111274	-0.872001309739062
2.591816544328934	3.801803975424163	-0.8514515445327588	-0.7883688980210446
2.684821665222215	4.013143089416459	-0.8970595285898139	-0.642559554438649
2.782134986211658	4.187336731544959	-0.9344727389965397	-0.5003064892992313
2.881704843381718	4.341022843067214	-0.9644376915450423	-0.36248793863647044
2.978762393512041	4.486922176587966	-0.9853305016191437	-0.22354344665317116
3.073478114006852	4.631871970836868	-0.9974341828672237	-0.08038759167926174
3.163416626121402	4.780648621253952	-0.9979453927503363	0.06806217971179743
3.289263584174647	4.937894580719251	-0.9872677058251416	0.22314139438655742
3.422264277804493	5.108491924264405	-0.9591693929138936	0.38542761789276253
3.5551147579991906	5.182492019449717	-0.9141980365799564	0.4520609018425035
3.687704087584818	5.288002217759774	-0.8532486332252215	0.5435079600267588
3.8201681359667305	5.407117921544482	-0.7773926237113209	0.639417451340496
3.9527289823029634	5.532207229855351	-0.6878369629742994	0.730263110342112
4.085671649535072	5.6600108757994	-0.585893283659753	0.8112084936158332
4.219359434091785	5.789017001819537	-0.47294126397744213	0.8794461889250262
4.354270005846984	5.918516193117703	-0.3503828629829736	0.93321954897675
4.49106867976345	6.048168213543682	-0.21948331093386067	0.9713903916001814
4.6307325604405625	6.177824212696591	-0.08152563661205656	0.9932541153472031
4.774652873292935	0.02427395357903203	0.06209822531267474	0.9984458277344687
4.924749172327835	0.15394643765594504	0.21033434719426686	0.9868771319111238
5.04386193890432	0.28374464215978035	0.32481596270913105	0.9587020485805943
5.174338181902541	0.4136964882386479	0.4448366668538713	0.914337686067429
5.310718433733718	0.5437170180619887	0.5621264084096255	0.8545255947947236
5.449701177254567	0.6736223602863575	0.6709193061934533	0.7803729357658471
5.588768008138671	0.8031684295857872	0.7669022991976677	0.693345980150797
5.725776773630911	0.932075097735725	0.8470615113711404	0.5952319305623577
5.859441161606838	1.0600488502059149	0.909981157040233	0.48807154909356376
5.989459466870193	1.1868464796909264	0.9555590453342946	0.3740301325447354
6.116831356936713	1.3124119398298417	0.9845069534166262	0.25517388508322786
6.243160743421703	1.4371742657871478	0.9974373739024439	0.13307800353508015
0.08638458792819956	1.5623852932274132	0.9944691114988651	0.00843388053029059
0.21436699967840264	1.6905423101043822	0.9753351313910553	-0.11927967804093634
0.33899275155946496	1.8258842078228936	0.9413048398895849	-0.2519207704290007
0.4777695947402506	1.974838170685514	0.8865564492024426	-0.3923465511314709
0.6021898560780187	2.030518328683455	0.822648470499046	-0.4432263158153498
0.7530426285820709	2.122761698546276	0.7289257262796278	-0.5233052874647931
0.8784523164194894	2.236472511607508	0.6376531488664077	-0.6163316787456617
1.0705914473735503	2.3673649127827106	0.47873089214659537	-0.7134960359871079
1.231518264611607	2.5147708391931034	0.3321357887820977	-0.8083258348956167
1.3742781369661101	2.6790531090794247	0.19490011627060547	-0.8942307357871628
1.506938331079253	2.806680877956778	0.06368387509526238	-0.9436776928998648
1.633327177608072	2.919552841004196	-0.062422987463979715	-0.9740314337716935
1.7552023470339988	3.0364008224091124	-0.18306716659921263	-0.9926960916961203
1.8734410573487976	3.153248803808998	-0.29748076496323594	-0.9979453927503363
1.9887318144737292	3.269391254589094	-0.4050423722635187	-0.9898071822890673
2.1019729511798375	3.3862705599404763	-0.5055401174261782	-0.9682931107499226
2.2145578714127283	3.5055689941577612	-0.5992098589650319	-0.9327781915403501
2.3283025687322465	3.628908961292771	-0.6863396587073101	-0.8820806712550107
2.4452006484533997	3.7560560464904555	-0.7667436729683819	-0.8157124738906936
2.5672586734124097	3.885852441741284	-0.8394088207076777	-0.7343299374950926
2.6956838787913058	4.017053621452076	-0.9020527125840164	-0.6395042715699768
2.830569679882386	4.148779103725834	-0.9514759073517642	-0.5332561809000929
2.9293378770062106	4.280548210415587	-0.9765117529161357	-0.4177488284991142
3.0281060741258075	4.412149725105378	-0.9916361093750263	-0.2951762927062414
3.1242063845352477	4.543560420158405	-0.9979453927503363	-0.1676999150553231
3.2162748932436203	4.674827078737897	-0.9965948992955455	-0.0374839609568076
3.303910662749337	4.806006265021919	-0.9853959619440047	0.09328535988625622
3.3919785308096793	4.937140228306658	-0.966846249499756	0.22240645891250965
3.479696717322709	5.068251384013797	-0.9424805530643743	0.34768900884800075
3.568559887534106	5.199343076639201	-0.9091559790789192	0.4669908040191616
3.6543999340401627	5.330400385495066	-0.8695803716210166	0.5782579420842068
3.7959644128451075	5.461389352556713	-0.7918592095203334	0.6795658785544516
3.9250603484837385	5.592256020547401	-0.7070723641535208	0.7691617791633398
4.040398556392075	5.722928809661729	-0.6212649682877627	0.8455089118306438
4.222793428784319	5.853385749347813	-0.4700067196997494	0.9073556117612804
4.382169281856482	5.983623012373412	-0.32389789315224293	0.9537211902836988
4.529792342460622	6.113662132169429	-0.18128220081202262	0.9839015437235052
4.672366282280313	6.243561882355449	-0.03994180840867632	0.9974630573578984
4.814052333366922	0.09022663467670183	0.10128876246652212	0.9942231193295237
4.957268116138051	0.2201243907341333	0.24201625738070345	0.9742353102650158
5.103616466711598	0.3501185875113944	0.3808552889589593	0.9378013989208202
5.254195443996016	0.4801381393176936	0.5155895637044866	0.8855294801428173
5.409667827074577	0.6099767971808473	0.6413037973363183	0.8184033321093216
5.570393855654862	0.7393278073796933	0.7549998101699733	0.7378099732685397
5.736419273638871	0.8678096293833076	0.8528633897659859	0.64552629939632
5.907648740058162	0.9949585096353372	0.929797470812069	0.543692027968791
6.037271871305682	1.1202048712783448	0.969308888489848	0.43477379454621856
6.167957668257463	1.2429133049819097	0.992622396675006	0.32144922814185806
0.015523542185198087	1.3625181528700008	0.9990060844992353	0.2063573998189662
0.14628702733346272	1.478670078036691	0.988340291388069	0.0918022305006032
0.27706120790814565	1.5913802388946277	0.9608066111024928	-0.020526317744383116
0.40780739359538215	1.7011788206577645	0.9168911182660193	-0.12977265527140702
0.5384559077051901	1.80920842203175	0.8573937481881158	-0.23594518085415395
0.668915048820301	1.917161017076472	0.7834222586189175	-0.3393649760934299
0.7990713702903546	2.0272067126665316	0.6963768655327738	-0.44020020652035374
0.9287774703568897	2.141829055260599	0.5979347004783153	-0.5395994310341997
1.0578318947621224	2.2503207872336173	0.4900357539225931	-0.6271512805020809
1.1859566224693463	2.3605575546081763	0.3748646634327833	-0.708763519509665
1.3127746934581364	2.479075681052228	0.25482046868881764	-0.7869908086429855
1.4377985901550598	2.603883112588262	0.13245698976253703	-0.8573687655148838
1.5604658318689015	2.7333737153662394	0.010351041616263108	-0.9161867767238978
1.6801824244447783	2.8658125606792435	-0.10905959281741014	-0.9604093023773665
1.7964067344337291	2.999564283262421	-0.22368102074243068	-0.9879887661773497
1.908774151625499	3.133593827082839	-0.3313302650493865	-0.9979453927503361
2.0172729961359988	3.267623370871801	-0.43112291260303826	-0.9900330993901143
2.122403546390748	3.4019435071012776	-0.522999226025376	-0.9643203189395746
2.225180504995846	3.536908842369696	-0.6075092796349242	-0.9210254362881228
2.3270183813225795	3.6723821727732666	-0.685446883871529	-0.8607622157004342
2.4280888632718582	3.807901800706693	-0.7557116927657356	-0.7847242226851546
2.529713360970609	3.9430874094059245	-0.8172569928175235	-0.6945398426280245
2.6329893499200505	4.077866028891888	-0.8716419237607861	-0.5919917835092
2.738348578830971	4.212500191213406	-0.9180524000772353	-0.47880287814411726
2.8456395137564794	4.347541178944693	-0.9552958214996304	-0.35653157271543795
2.9540318176139078	4.483786539326557	-0.9821701919452195	-0.22654742227214772
3.061059054280042	4.622399336424783	-0.9958471565578751	-0.08984887413538575
3.1669951479437213	4.765093502347538	-0.9979453927503363	0.05258954469879089
3.270858216793746	4.914419057400549	-0.9896197198188951	0.20027012815776088
3.4012452606047443	5.073936407417021	-0.9644973110479873	0.35302056936603693
3.5317417606766863	5.1637726222308284	-0.9229631433917291	0.4354756653115613
3.662461324492112	5.27641170577729	-0.865627215454142	0.5340082550880312
3.793543844714973	5.398808670063785	-0.7933059851418023	0.6332705086110875
3.9251028873063003	5.525543690704955	-0.7070427909074035	0.7259465737457663
4.057255181802644	5.654266583988514	-0.608094955007869	0.8080769284266073
4.190179341039245	5.783880359639005	-0.49787731739535285	0.8772190099899067
4.3241771279973005	5.9138326427054135	-0.3778813220158885	0.931744734637892
4.459732773560033	6.0438852391069116	-0.24959119930480622	0.9705722248780931
4.597574114464541	6.173934920760159	-0.11441510311973421	0.9930050982416676
4.738736660547707	0.020781429897842856	0.026349031941550218	0.9986694412230724
4.884623526410733	0.15084513472636532	0.17124153047987545	0.9874695666523432
5.037060287295132	0.2810221147059531	0.3184371996672022	0.9595593517317045
5.198327787981446	0.4113584534734381	0.4660912663717075	0.9153514264829847
5.371137889260103	0.5418246160489326	0.6116468265694648	0.8555572590038568
5.558562673580466	0.6723294550121659	0.7473357551911528	0.7812104596110135
5.693836315288591	0.8027623189723678	0.8296488118137846	0.6936464089786274
5.843457935464242	0.9330366841019477	0.9030510452417204	0.5944438043116774
5.969825951888586	1.0631519261626445	0.9493766010627259	0.48532224856245965
6.099947870861518	1.1933212634572194	0.9812817400366507	0.3679579145356392
