2.259699755084045	5.949425162845355	-0.6344790301633142	0.9429525480353409
2.6505494506851965	6.045198734090275	-0.8802530710615464	0.9708231387933832
2.8594465618017	6.154287612685652	-0.9587956436349543	0.9916621355080039
2.999583735703522	6.251868213820379	-0.9879912519964444	0.9979948813127013
3.129033127554117	0.041702556214783415	-0.9979453927503363	0.9973299381965219
3.2584478196505295	0.07268694291779976	-0.9912056391404063	0.9953461214968014
3.3867742597412542	0.07006184897433568	-0.9681654325013537	0.9955141966390753
3.51132875865696	0.12132208953837098	-0.9306182224807752	0.9922321913427523
3.6280552920387907	0.1702405956491978	-0.8824992948033872	0.9837644965145464
3.757156978185062	0.23727412669614326	-0.8150544460843989	0.9709592357836333
3.8669159971102136	0.33332936389810464	-0.7474946680620806	0.9430881975123768
4.002420565318673	0.458648071938251	-0.6509370191637821	0.8948472842061785
4.200977804923493	0.5888333584006963	-0.48864941425727326	0.8299299152015969
4.44589027153221	0.721051439636141	-0.26285247129853256	0.7496491188686114
4.642991083526122	0.8527778751744071	-0.06928180407699862	0.6566463542483489
4.829769101963484	0.9838587551816445	0.11692218999231346	0.5527895029001625
5.017797658230583	1.1135459431386296	0.30037221289232174	0.44067355173114986
5.207753815768117	1.2410437702368924	0.47444265175880884	0.3232025256969707
5.395474002033271	1.365520153112139	0.6308036181272969	0.2034326706947317
5.57634200327622	1.4860977312897905	0.7588529273061626	0.08441396375190008
5.745943272679651	1.6021015618526937	0.8580555047977825	-0.03123479232460923
5.904778963029494	1.7136133147794415	0.9288937998917987	-0.14203935336157042
6.056056866832966	1.822194139845902	0.9728973428320107	-0.2483856439742695
6.204092955646998	1.9313848696104776	0.9949360066637937	-0.35263952060333625
0.06914003505157826	2.0468424925661566	0.9955732170054143	-0.4581431128733548
0.21815839142531043	2.176225034228794	0.9746108705757003	-0.5689927563867933
0.3657630630965334	2.24148705781819	0.9328750727610039	-0.6202495234256484
0.53560225419225	2.34385042819529	0.8589494494472858	-0.6971486244193069
0.6962742763157574	2.3836411879302775	0.7656993783196595	-0.7248114006781285
0.8439739328005078	2.4542202176413124	0.663159254921904	-0.7721346771110748
0.981997455965909	2.5380909946281776	0.5543150432195973	-0.8222643115500459
1.1138211296044316	2.6399003835710726	0.44042973871879315	-0.8750309663161446
1.2410814781229005	2.7551722904277507	0.3231671622759257	-0.9243614595051528
1.3644433382296792	2.850545774663263	0.20448176849423624	-0.9565394646351507
1.4840073469890604	2.9498268940212102	0.0864932634034623	-0.9816328465650371
1.5996233009683818	3.04910801337796	-0.028759501375290614	-0.9943199381731562
1.7111790958961348	3.146215584938696	-0.13963798280039552	-0.9979453927503362
1.8189044609359575	3.2398394871160523	-0.24523409473056224	-0.9935835899639756
1.9236416375390648	3.3277966273622352	-0.34556386134064665	-0.9823435847835176
2.027036247671768	3.412815829551703	-0.4400444379461923	-0.9615643935129553
2.1317677709799283	3.4879683184174186	-0.5310014899027624	-0.9393786202613573
2.2413985744894496	3.6385075451343027	-0.6201803917586524	-0.8773737039976142
2.300774959077397	3.769631583217278	-0.6665709209712826	-0.8075983640913411
2.376144751453086	3.871435673817307	-0.7195998328068904	-0.7443525615443056
2.463745330461044	4.049375108360159	-0.7778278451106736	-0.6142516245283888
2.5619053955180155	4.266378930714796	-0.836498199131386	-0.4306965219475225
2.6492263357804986	4.428656043073809	-0.8796042400842892	-0.27936305520377747
2.7446848859149156	4.572343542426968	-0.9204285783489665	-0.13930520373810024
2.8465175276857315	4.708938296192495	-0.9555183812078791	-0.0034136222083305627
2.951420722685208	4.842852907493763	-0.9818365212455684	0.1299366162251921
3.0563239176941397	4.976088821771698	-0.9952420554869813	0.2603525203605368
3.159178922279032	5.109711387774111	-0.9979453927503363	0.38657126199770103
3.2593513756893198	5.2444695434882584	-0.9910901741022251	0.5069724934798746
3.357127746010059	5.381080949469642	-0.975680255702649	0.6197962627912101
3.4566883369307067	5.520350620367547	-0.9504435534931113	0.7225825838819883
3.5578274146049718	5.6631725761516085	-0.9131807633323168	0.8129321300688033
3.6613561433572683	5.810411099391342	-0.866169175757983	0.8887223817710852
3.764651285004445	5.962648040159467	-0.8105750925511892	0.9471163313508026
3.8634016930665207	6.0814013248587395	-0.7499378334380026	0.9777388361568427
4.001079955928661	6.201762360075902	-0.6519844318599514	0.9947867871727465
4.185304226334949	0.03910997952080628	-0.502043380898505	0.997495931378511
4.349837051222588	0.15976993627608202	-0.35443363611748807	0.9857646824096238
4.513282979314592	0.28135598750915913	-0.19756878001593042	0.9594542177298945
4.677655828250979	0.40471126013748715	-0.03465860140247436	0.9182335600743815
4.84988069918472	0.5300949981201375	0.13692714175160073	0.8619517919416031
5.03608555872329	0.6570917215461207	0.3175230742536659	0.7910812253808279
5.164920539252801	0.7849091913631623	0.436492710631167	0.7068536338663975
5.318335973950257	0.9126572986986801	0.5683698241038908	0.6111469618992136
5.486757915713072	1.0394437844002204	0.6983328042169825	0.5063274729423424
5.66394606802818	1.1643513832650407	0.8133538078516467	0.39512660998151333
5.798395286868379	1.286405484297125	0.8835124871358478	0.2805109376413812
5.9338375830600185	1.404639540201967	0.9380441379293689	0.16532021182886272
6.067680881588528	1.5183179338928612	0.9751178515439969	0.05236461472912371
6.200332141412675	1.6272744117793152	0.9946952155145575	-0.056377475238406846
0.049666810513954336	1.7322274068278938	0.9968200161886747	-0.16040225941520903
0.18191618863741027	1.8229670566962513	0.981534134931813	-0.24912610697441306
0.3121843124755758	1.9144251108604047	0.9497466130921497	-0.3367439472933134
0.43748285826519456	2.005739503578487	0.9040242360734105	-0.42058376529438357
0.5540019838220966	2.098646115347774	0.8489186302102122	-0.5026971465051607
0.7056215843208178	2.1953962664410045	0.7596443381719984	-0.5842389744733198
0.8382872130372525	2.296762283915379	0.6673661249130374	-0.6634358340909308
0.9509742236315257	2.4042057092259816	0.579742009161017	-0.7391079799659235
1.1335249289860942	2.518489635495484	0.4229723297284354	-0.810548562595165
1.2878810926188975	2.592167453441213	0.27907331129676216	-0.8516236238445707
1.4263248749219843	2.6718041498949563	0.14386986349964187	-0.8906759808259297
1.561570719774108	2.7537361520369354	0.009247477802993096	-0.9238228933033819
1.6913896860003184	2.8364743479057117	-0.12011561910798871	-0.9529726275617681
1.8195039420463952	2.919212543776124	-0.24580840434920176	-0.9739451749444993
1.949234328999347	2.999477537318842	-0.3689501117743188	-0.9879776809504712
2.084511658620824	3.0703685368392892	-0.4906184472583227	-0.9970368113363325
2.23032635857551	3.1785215798646624	-0.6115297142314048	-0.9979453927503363
2.2847249612624547	3.3835494659227474	-0.6540311225705583	-0.968982855947039
2.339131081363964	3.588551818586463	-0.6938677060263877	-0.9016588057968776
2.405216496702639	3.7808306367286266	-0.7398106855186249	-0.8009046803226275
2.481394345309354	3.974313811321984	-0.7883766762332505	-0.672831059600882
2.5652574492989433	4.138734215344858	-0.8384274575678319	-0.5418401108003159
2.655354291912681	4.282932063438192	-0.8826092759672015	-0.4155704963033685
2.7502467267182875	4.429942374090972	-0.9225143240511102	-0.2781307356810291
2.8483256626820093	4.568092266852087	-0.9559767087854251	-0.1434991109019021
2.947951422139768	4.702332798113774	-0.9812299299704862	-0.010011204292405259
3.0475771816313855	4.834991142651795	-0.9941243138416495	0.12211653984456658
3.145943682885402	4.967154281137184	-0.9979453927503363	0.2516479537057362
3.241881900709284	5.099369187195199	-0.9933225908079741	0.37687208147280304
3.3335785350096105	5.232000653527191	-0.9816047172881951	0.49592515649223234
3.446573142015328	5.365372988685136	-0.9530075615962201	0.6069218537170104
3.600616994525374	5.499834580702412	-0.8959545263382247	0.7080065408908409
3.7497297648781998	5.635764379803138	-0.8194936977683506	0.7973458148140027
3.893587163025923	5.77352459685514	-0.7289527125879445	0.8727288905853017
4.033029706767315	5.9133566428914115	-0.627022220706434	0.9315948459233085
4.170259784504693	6.055235097162251	-0.5148997143052033	0.9727403620683552
4.306835004993952	6.19874507971813	-0.39372831615627624	0.9945936017720198
4.4440323443458665	0.030111752807724778	-0.2646323863538545	0.9980720548497413
4.5829982961210645	0.15144339054117978	-0.12879422954714503	0.9873552832247385
4.7248402718347995	0.2736045493807419	0.01246929658882006	0.9618950865350139
4.8706381650204085	0.3974487727227837	0.15757453728762214	0.921382476899443
5.021352756688585	0.5233180933319121	0.3037062752579519	0.8656462976916919
5.177700741018721	0.6509771395390493	0.4478158673932375	0.7950421561128567
5.339979709925735	0.7798980724121072	0.5861092566543673	0.7105607140136221
5.5080119600966695	0.9095587387307034	0.7140559284836842	0.6136865740815931
5.651611967300293	1.0396120331278857	0.8066297343276205	0.5061784059124732
5.797899758838191	1.169998309169832	0.8832976328493687	0.3898307782730303
5.9434995983054995	1.3011288864370765	0.9410866329111482	0.2661665140660318
6.0875220971583195	1.4342502034225872	0.9789080731632563	0.13598656051843183
6.214227380243073	1.5720477920685503	0.9955848767204598	-0.0012170388223380416
0.05764490932972348	1.7194692584325	0.99630920776718	-0.14781627457140487
0.18405029922082078	1.8659933852196455	0.9811264607123237	-0.2903458116414832
0.30886188716295776	2.042827312639092	0.9507928195081151	-0.454474096527172
0.42937565261564287	2.238876210591474	0.9075394113592806	-0.6182096790433874
0.5784441271902409	2.242372683556226	0.8355937212672684	-0.6209414592340834
0.7274973799467325	2.245901915557741	0.7454735394024242	-0.6236988339277536
0.8671919859491509	2.2884441217026743	0.6459832140565366	-0.6569368875854845
0.9952016461178587	2.3607851890225215	0.5434927507628069	-0.7089217723280272
1.110638344896205	2.451856088699324	0.4432496605675448	-0.7707216352401616
1.271403343523459	2.554899186996559	0.2947305404827511	-0.8323105823642392
1.4131120405376436	2.6648723703520782	0.15701263438723148	-0.8872767648704839
1.5434872878147907	2.7786012214136355	0.027309238671217904	-0.9331475419978422
1.671163120731083	2.8939856328702827	-0.10016199919142452	-0.9675506363794895
1.7935290080292916	3.0098473207370318	-0.2208766323187471	-0.989302831120366
1.9129113365159036	3.1257090086286055	-0.33529373451536293	-0.9979453927503361
2.031468709406105	3.2409761660082554	-0.4440947606845312	-0.9934383342564672
2.151789172093202	3.3536693862714464	-0.5481109188125021	-0.9765568836339394
2.2327737341012215	3.5095423904110272	-0.6134418388346067	-0.9312881283668161
2.3225722605726515	3.679012530607259	-0.6823559138989999	-0.8575108113532233
2.4193068584299864	3.8369374539254184	-0.7496063900104584	-0.767369588164726
2.5217329121224266	3.983066756272105	-0.8124870717819649	-0.6660580719220652
2.630010123521269	4.122330832324919	-0.8701809664630273	-0.5558577369430143
2.743937270014107	4.257420765976845	-0.9201482149392443	-0.43888237001719266
2.8446641025915005	4.390416820087277	-0.9550485734582639	-0.3159966591457463
2.9478282012192443	4.52237228344272	-0.9811986958280561	-0.1886021305890715
3.0509923287572702	4.653831273945218	-0.9945607340262932	-0.058454604485891924
3.1523968149709516	4.785058453881748	-0.9979453927503363	0.07244862838691586
3.251246049209221	4.916187307178762	-0.9921259502924311	0.20199286340363762
3.347170421112877	5.04728114839208	-0.978204246780947	0.3280225849188999
3.4438646726521354	5.178364220785432	-0.9536941066853007	0.4484037051711171
3.540088924728411	5.309436650489501	-0.919832873727157	0.5610758454462408
3.6747777947047338	5.440480372153302	-0.8595874471951339	0.6640980225906907
3.806336734190075	5.571460445296029	-0.7856596642676623	0.7556907302824644
3.9340902374290634	5.702326173440862	-0.7007947308738302	0.8342771533267863
4.057161779019569	5.833017149526685	-0.6081679302246468	0.8985240609416751
4.174087009553161	5.963479019392898	-0.5116291322656212	0.9473780003798244
4.282342121360602	6.0936903792696695	-0.4161095772823773	0.9800863858593658
4.463350889431445	6.223693599740236	-0.24612500377316177	0.9961909640541122
4.624045205981555	0.07043588934274252	-0.08820497698015604	0.9954902482054231
4.776992583117411	0.20043455945779626	0.06442552839330451	0.9779966132920725
4.929176511161706	0.33058652445519526	0.21464772686976402	0.9439518967540834
5.068563227726428	0.4608308738030075	0.34798146386676454	0.8939008506875756
5.21369088481413	0.5909529369927561	0.4797028475480888	0.8287744031292219
5.362588716035993	0.7206333377155573	0.6046398347107919	0.7499199587632184
5.51332424488234	0.8494837139728509	0.7179858023616961	0.6590832789574451
5.664029065261643	0.9770353150155976	0.8133990547255301	0.5583820658811997
5.813072728403561	1.1027108252173285	0.8898764282981305	0.4502733797311722
5.959829878363297	1.2258323881259579	0.9462289136739676	0.33746814934267616
6.090008762167428	1.3457062241505107	0.9793830950410354	0.22273659155594766
6.219178574111008	1.461794633479044	0.9959018835140073	0.10858818989401184
0.06508113399645311	1.573937132879695	0.995833093561076	-0.00310411545725138
0.19388753892908542	1.6825242898926362	0.9792472755139697	-0.11136985619729138
0.3207231704343084	1.78861754846968	0.9470577917821521	-0.21603144995666185
0.44255190839406466	1.8939823018397164	0.9018263641424296	-0.31715950726980724
0.5955601567268322	2.001099819221735	0.8262627255520127	-0.4163440853658935
0.7350643226015866	2.112916761209731	0.7405717921244501	-0.5148922271336264
0.8591818905368055	2.232079322746883	0.6519088498218237	-0.6128992980510517
1.028748006417362	2.361497880918342	0.5158038468690174	-0.7094172400342701
1.1780775415322173	2.5039472977623403	0.3822538672870692	-0.801856595015507
1.3151766343540379	2.661201516962925	0.25248035345687175	-0.8854766465410815
1.4446213408466795	2.7570665720725698	0.12567041796766362	-0.9250718339906892
1.5686923736942537	2.8626817979882047	0.002134358435977514	-0.9596157140208506
1.6882347647963405	2.9719061870394645	-0.1170032716711931	-0.984454349938287
1.803476902026321	3.079195088810809	-0.23045432048969763	-0.9979453927503361
1.9145361652343018	3.1849821332419763	-0.3368503386274366	-0.9979453927503363
2.0217613018495433	3.2885679039376923	-0.43522426480363546	-0.9873566065038748
2.126020487505527	3.4180537060835574	-0.52609010845283	-0.9602366921702614
2.2287187572579468	3.5465653786345532	-0.6102737018217199	-0.917404139001115
2.3316543121267683	3.672069267934421	-0.6886698109390634	-0.8609156584223445
2.435568412300948	3.791483233809589	-0.7609115203811573	-0.7945376140251743
2.5421037971666314	3.9591521009104182	-0.8246627670259021	-0.6833715721623299
2.6524323953591944	4.10934692489485	-0.8811764321608835	-0.5669532262091541
2.7668651619552262	4.249967797316745	-0.9287464027993524	-0.44569279055580274
2.8846252759910724	4.385436686733029	-0.9651779652557924	-0.3207676826820242
2.994855953437063	4.518478527256501	-0.9873870907308742	-0.1924433428736782
3.105086630875621	4.650413134391633	-0.9979453927503362	-0.0618686477587595
3.2143654601624325	4.781851978661645	-0.9968389049290189	0.06925915609439233
3.3228666553923594	4.913072591611722	-0.9829735837844609	0.19895832023313442
3.431506694373488	5.044200481505256	-0.9568266173990904	0.3251334566289976
3.543392138476263	5.175286044746257	-0.9185941356687668	0.4456764657682331
3.6593534121637914	5.306340112834088	-0.8671512779418776	0.5585378907724062
3.7792544402186463	5.437348699077282	-0.8018467743115942	0.661781301874
3.9031663277724027	5.568278373817399	-0.7222932194570489	0.7536294340733953
4.0304109166591315	5.699079749296064	-0.6290682708298712	0.8325073287468361
4.160222998834345	5.829695135988572	-0.5234767199771622	0.8970836805697836
4.292041772223231	5.960075087220697	-0.4072461693620083	0.946306128074812
4.425671719641172	6.090204530353495	-0.28222207047991055	0.9794204921858114
4.561277157896106	6.220130514187395	-0.15022225405485484	0.9959628327475285
4.699335511654488	0.06679084442478968	-0.01300489881914042	0.9957236270697127
4.840572371627515	0.19671178565536254	0.127668173321938	0.9787077661798562
4.98586916245361	0.32679615253749617	0.2698811162732905	0.9451454559905037
5.136129616039393	0.4569838436976096	0.4109841824528805	0.8955688711788581
5.2921276929329215	0.5870565732306642	0.546889242660017	0.8308985495903758
5.454463463787341	0.7166897392381192	0.6744423073501757	0.7524745602692579
5.623436966822346	0.8454904299954354	0.7893603092037149	0.6620373943754776
5.799277727169087	0.9729878136355755	0.8838951013768563	0.5616994403774609
5.931536981779515	1.0986076767795678	0.9373196961154024	0.4539087364985985
6.066122963047007	1.2216825049791487	0.9748202459604908	0.34136001601950366
6.201004546426961	1.3415336743426876	0.9947382671427565	0.2268017404436663
0.052652766791672634	1.4576322925840506	0.9966288363539679	0.11272845920698951
0.18748904919125897	1.5697910936870967	0.9804695642416745	0.0010369551434768233
0.3221080818900207	1.678315971398617	0.9466216937169804	-0.10721832643434016
0.45615986256999597	1.7840914990793122	0.8959261383089907	-0.21156647688501728
0.5893628267832357	1.888587606343278	0.829641269566914	-0.3119913285577645
0.7215930982610731	1.993820847386515	0.7492982408705274	-0.4096926607393639
0.852841651652169	2.10208983089663	0.6565991742638226	-0.5056399978088817
0.9831166942998723	2.2149431475209864	0.5533977037660138	-0.5995108736306958
1.112365874726136	2.3342035459620716	0.44171908292614753	-0.6904420536830341
1.2404357425335975	2.4613440869196763	0.3237727496462549	-0.7763926198122771
1.3670674995177294	2.59705775264253	0.20192515279577034	-0.8540217357535249
1.4919213359668988	2.7409443860023037	0.0786212398151012	-0.9190258536230322
1.614633531232967	2.8613710670074424	-0.04375174345775886	-0.9592834688309372
1.7349194465888886	2.986003050000188	-0.1630579717161439	-0.9862557820023952
1.8527275818814588	3.1117600839496715	-0.27763702345208013	-0.9979453927503361
1.9684251965274826	3.2375171179051767	-0.3864864633045558	-0.993880364528134
2.082962220522836	3.3637164974293254	-0.4892943640516788	-0.9740101334588666
2.1979374558054148	3.4914430106636933	-0.5862243954493964	-0.9380755760579802
2.315495254134581	3.6211763805352772	-0.6774359363217319	-0.8858725852541587
2.4382739964740368	3.7525764528736643	-0.7626036072138244	-0.8177922299424736
2.5686310098128673	3.8848913534350578	-0.8400817889923468	-0.7349980918846335
2.6540895926665002	4.017441909318264	-0.8819890909440244	-0.6392009038300194
2.7476107766049	4.1498317889587595	-0.9215258165021831	-0.5323566013424403
2.8469642311550687	4.281888365283478	-0.9556316119784821	-0.416524213362053
2.948982639265934	4.413597684437479	-0.981491323753767	-0.2937891314473694
3.0510010474336355	4.5450385714533565	-0.9945618481822018	-0.16624171052449765
3.15118574724294	4.676307091281848	-0.9979453927503363	-0.03600572205221442
3.2487089972196856	4.807481045200428	-0.9924501590766828	0.09475231977025189
3.3432842091246386	4.93861139629342	-0.9791893270598344	0.22383975921579646
3.4387631548723108	5.069723822640589	-0.9549872436969995	0.349069899495414
3.5340625541529165	5.20082274362269	-0.9220928227209764	0.46830177715687765
3.6746338887891015	5.331893587954759	-0.8596580159836353	0.5794817864495203
3.8127886098179133	5.462902462515561	-0.7818033727405205	0.680685233322079
3.948916435678376	5.593794993181173	-0.690487468392007	0.770158701601179
4.083707473482277	5.7245049217417465	-0.5874278864683992	0.846368147030838
4.217916997836702	5.855020298347042	-0.47417390800787446	0.9080643302142224
4.352232843606877	5.98533269328519	-0.3522443938967934	0.9542595557760282
4.487337836630515	6.115458487048879	-0.22314523967656494	0.9842446972503647
4.623965214661545	6.245451287322694	-0.08828487243898338	0.9975840290318735
4.762950645151981	0.09221127979108934	0.05045805039962599	0.9940960497780531
4.898960387640549	0.22220114140204805	0.18520936266068955	0.9738385933778042
5.039202829440334	0.3522768007813243	0.32044653055282496	0.9371217940064682
5.1830132404688944	0.4823616041431601	0.45252269950547686	0.8845654157115772
5.329712842933346	0.6122478478368253	0.5776944250041134	0.817165243340267
5.478360034129564	0.741629899554829	0.69212029551363	0.7363187139095332
5.627611952822455	0.870126008617922	0.7920647999333343	0.6438127093662382
5.776151456534499	0.9972662756004086	0.8738678615974459	0.541800558828433
5.9230445553897715	1.122437085783146	0.9346454957526975	0.4327960703109226
6.068305278089922	1.2449757639546477	0.9752371285666295	0.31951500130597843
6.2126477949000565	1.3642669546782344	0.995483741661304	0.20465361195470813
0.06250783013415737	1.4798987268828427	0.9959978527743019	0.09058009679207726
0.1954637106867579	1.5918211275644425	0.9789461830607082	-0.02096667805550218
0.32757085582607315	1.7004842272269216	0.9449015078277261	-0.12908743496182426
0.457451945962687	1.8069571497930554	0.8953659083351129	-0.23378843683278794
0.5833407476196854	1.9128626321974296	0.8329242736510031	-0.33524707523272346
0.7032061109239492	2.0202954123248618	0.7612090441157555	-0.4338847550617429
0.8144894864014475	2.1316585078230106	0.6849709913754658	-0.5309081183047828
0.9870876904572569	2.234273951822408	0.5501430337510065	-0.6146139528746073
1.1407031233549516	2.3457975002815545	0.4166125068089	-0.6985022406819985
1.2837670089171225	2.4639864710872446	0.28308149898882895	-0.7779719750671865
1.4217396578309105	2.5878828025574934	0.1484307666295005	-0.8495225106228701
1.558144366883097	2.716356145864735	0.012669724570466098	-0.9098050186507116
1.709856135067403	2.847898713955088	-0.13833287453363668	-0.9558684854635221
1.8658090846138136	2.980943196797013	-0.290169249596729	-0.9856091855344238
1.9661634780755277	3.1143465493789635	-0.3844197360043045	-0.9979453927503363
2.0862603078662176	3.2477497407718645	-0.49211276774982393	-0.9925727420462146
2.2217308971997256	3.381399750949518	-0.6048141150109985	-0.9695277675040426
2.373280667651619	3.515618743398696	-0.7176087044666887	-0.9290094354705623
2.476292313980436	3.6503795292024024	-0.7853271877868169	-0.8715519034891799
2.6010564394328726	3.7852519203523713	-0.8559826174945674	-0.798262075356132
2.7453961039245685	3.9196853047251907	-0.92069529218695	-0.7108091270066148
2.86051146385408	4.053378798113079	-0.9590655759016247	-0.6111235579118358
2.957254373462233	4.186294447335675	-0.9825820009732087	-0.501197180589096
3.0539972830850943	4.318562547247239	-0.9949447358494226	-0.3830118488971582
3.146392179843437	4.450376938715855	-0.9979453927503363	-0.25855419388105083
3.2329975319741906	4.5819289634540175	-0.9944579204734003	-0.12984913221196254
3.314900509462929	4.713378431331178	-0.9839915741518656	0.0010211918954257035
3.3942270203979192	4.844853913760239	-0.9662763004703765	0.13192701178604796
3.4780448360393152	4.976479366196549	-0.9431000249998533	0.2607330122198101
3.570002446404891	5.108402165157769	-0.9086150051332058	0.3853434395041908
3.670139654800478	5.240810258307682	-0.8618619048677432	0.5037303960157107
3.7791058885624467	5.373947903645123	-0.8019355637623198	0.6139499437718469
3.8952626268936457	5.5081214540772825	-0.7277879199976235	0.7141369289479987
4.01737027156573	5.643683517529232	-0.6392568741164344	0.8023074508982638
4.143844767728096	5.780980395825579	-0.5374728523754028	0.8759616246998918
4.2733590874294745	5.907355488319609	-0.42431815047967303	0.9297051280740087
4.405097746063452	6.034961768867261	-0.3019321676182383	0.9688675949524632
4.538740957874422	6.162982649329662	-0.17245434158977194	0.9923038644502117
4.674341054505971	0.007865756431988254	-0.03796940273981358	0.9994963844495203
4.812227900010106	0.1359613546548942	0.09947400350483182	0.9903127808094979
4.95287630138756	0.2642519260012065	0.23773748740303852	0.964840156375596
5.096742140678513	0.39287767737861257	0.3744083699814018	0.9233644423358415
5.244076748727862	0.5218012753467448	0.5066244804571731	0.8664732080502047
5.394745921409131	0.6507895083573118	0.6302650052438884	0.7951637006621279
5.548287565598917	0.7794757858123006	0.7406797007082847	0.7108731093660119
5.7039212286001355	0.9074063260403079	0.8351467155593684	0.615450714051944
5.860940969488587	1.0340508230695546	0.9106314535575992	0.5111055936385078
5.992289864970287	1.1588167171997397	0.9564503161300015	0.4003171615380011
6.123304426664204	1.2811159281555276	0.9857434889876353	0.2856218299147251
6.253801464000942	1.4005117513863878	0.9981186602349599	0.16934175186678574
0.10108851920680278	1.516939474558056	0.9935276726799649	0.053735764528494157
0.23135501402756914	1.6309346613487945	0.9720899502161411	-0.060033338383781484
0.3603113259703062	1.743854300807085	0.9345917832429382	-0.17187225544186224
0.5129657817710848	1.839337520631146	0.8712899765957602	-0.2648091947910365
0.6593619623322536	1.9395924342033537	0.7896105988541904	-0.3601394805554742
0.7999777680203534	2.042560756929673	0.6957063388374015	-0.4542305215759142
0.9358643257173381	2.1487666334715656	0.5921262396467799	-0.5455279872094014
1.0685624595556202	2.2592669754492207	0.48052855915933523	-0.6341409011844066
1.1990137493163342	2.3749462392277167	0.3626193555353852	-0.7187666198761833
1.327661019282571	2.4956028687009764	0.24031731506463372	-0.7968691226982587
1.4546410246780948	2.6207734099290634	0.11570386536193004	-0.8656514536554876
1.5799480873137721	2.749432035163436	-0.009107866394703214	-0.9222088066029887
1.7036076607416941	2.8802210921485156	-0.1321687196168726	-0.9640615890362172
1.8258778924947645	3.0118743431524835	-0.2519147202739144	-0.9895618634443684
1.947473833468349	3.1436371890821406	-0.36734139510459396	-0.9979453927503362
2.069769988966952	3.2754000349849535	-0.47802084994099114	-0.9890393228226423
2.194966213269735	3.4073346760830874	-0.5839029756693643	-0.9629537608979126
2.326033512561315	3.539151694853834	-0.6847621971661577	-0.9201843442657663
2.466290270395417	3.669779311550299	-0.7793489578648719	-0.8620386105055768
2.567706838875088	3.7975284187120892	-0.8396285927275454	-0.7909244018890117
2.650045625406994	3.9203189188746976	-0.8800060045018225	-0.7103686346267515
2.742116482452074	4.035423525566477	-0.919465401466819	-0.6251519397571486
2.838962394679795	4.13891513573383	-0.9536032997478239	-0.5416855040115136
2.9390222707650064	4.323777645181115	-0.9789665611802352	-0.3782463639341155
3.0390821469000198	4.480347985515385	-0.9930387370013671	-0.22984159533879173
3.136898682314195	4.624516330263765	-0.9979453927503362	-0.0877344172908434
3.2313857678277866	4.7643945170024065	-0.9946638871215263	0.05189426585266121
3.3221533525699467	4.890340764691457	-0.9830647364458219	0.1768116077487271
3.428914884951686	5.019183064212134	-0.9574835914282425	0.3016714820964735
3.535012885066953	5.149241924012385	-0.9217364391620718	0.4226015826637797
3.6426770957528216	5.279792221184939	-0.8753290338084028	0.5367789608999936
3.7497895703425694	5.410497806694201	-0.8194579519916447	0.6419177921347976
3.900196597018299	5.541217020978378	-0.7243577941961805	0.7360995123246328
4.0435781968232885	5.671864059731972	-0.6187807280745281	0.8176703899481872
4.182654974766711	5.802378494498731	-0.5043073174289378	0.8852395523696595
4.319681085735487	5.932722459028623	-0.38198974376818107	0.9376929938684889
4.45634180804233	6.062891309091368	-0.2528397822532659	0.9742029105635974
4.594001763812207	6.192925160644277	-0.11793924704513817	0.9942209736880627
4.733916468361292	0.03972200552484934	0.021534616248457563	0.9974567455970036
4.877387651116207	0.16975755875371418	0.1641919057276282	0.983856769937902
5.025860197600094	0.2999268705352432	0.3079334687621257	0.9536063881644731
5.180950144829984	0.4302153831785614	0.45069481323557264	0.9071753154859108
5.344397325124275	0.5604896346623162	0.5897299803102672	0.845381814498207
5.517986170765637	0.6905247392137125	0.7210509303557605	0.7694238386631618
5.6460431967016245	0.8199699825901999	0.8035938564983417	0.6809166795906725
5.783508619438754	0.9484457892282291	0.877057828440903	0.5818143404630807
5.9256097735036715	1.0755399314302263	0.9354532633912717	0.4743465747676815
6.069171606600284	1.2008419136004473	0.9754026213025863	0.36090485625783886
6.213092976788017	1.3240600726347491	0.9955122450256668	0.24382557378755704
0.06481153092236074	1.4452359309954002	0.9958503552576139	0.12505908679681518
0.19970800023289373	1.5650324660678319	0.9781354062239981	0.005789880048077515
0.3343635894285962	1.6850259084163692	0.9427625277730314	-0.11383771688121716
0.4684245919544788	1.8080286479174443	0.8906083166718152	-0.23481494403789643
0.601614435630905	1.9384053983406755	0.8229621674177741	-0.35905478346523556
0.7338189628320586	2.0822047205791403	0.7413785167342192	-0.48864703715570024
0.865038860530033	2.1402649271303797	0.6475760336590359	-0.5382627943573604
0.9952893686686488	2.2299910386139015	0.5434208524419873	-0.6112677301011393
1.1245204163631166	2.338805499653004	0.43095025604474035	-0.6936413596564205
1.2525692005032576	2.461391738344984	0.312393682073445	-0.7764211011095419
1.379149484984216	2.595199030055481	0.190154156152798	-0.8531102527157908
1.503901278787614	2.738418037246957	0.06670482285571762	-0.9180784476750976
1.6264347079173882	2.8586554612385466	-0.05553877767323388	-0.9585951147997449
1.7464176041867299	2.98334552912962	-0.17440096858160983	-0.9859161785515695
1.8637092374743014	3.1092316870417473	-0.2881575725165054	-0.9979453927503361
1.978518437908013	3.235117845045812	-0.39570952884179744	-0.994186966576508
2.0915959817940273	3.3614297592182236	-0.4966724053714331	-0.9745897777812947
2.204292809500272	3.489256607832223	-0.5911898075957215	-0.9388954988982977
2.3184525193226175	3.619106178746952	-0.6794918449241187	-0.8868877737647479
2.436258165087322	3.7506233800014197	-0.7613910406801022	-0.8189595832523593
2.5598048529435413	3.8830391545232583	-0.835242703055579	-0.7362857517439876
2.6904794317303935	4.015664667642133	-0.8998339922131625	-0.6405894555659768
2.800755089445124	4.1480993903946395	-0.9414554631818725	-0.5338370347001484
2.9167910133831665	4.280188469281866	-0.9733313633865996	-0.41807755501299215
3.035386109115761	4.4119123129802045	-0.9925664219201131	-0.2954037361814314
3.153981204846941	4.543345213491355	-0.9979453927503363	-0.16791221763762884
3.271636078351724	4.6745767972131045	-0.9895203172244396	-0.0377339425455183
3.3898188662707494	4.805674904015126	-0.9673936830810301	0.09295575598245429
3.512198943705533	4.936673770202217	-0.9302918944197437	0.22195200738244525
