5.899606693598502	0.9905486055587325	0.92726509165771	0.5473064315084402
5.99193083574951	1.244890338348607	0.9563372605639758	0.3195951156267282
6.084118699181441	1.3269724949417625	0.978257929902349	0.240988116873388
6.171861372860095	1.3311536855266877	0.9928723365707252	0.23691454962110978
6.249074332508718	1.3147188707405515	0.9978159993339732	0.25292633429111205
0.07489397921619889	1.2947130851298763	0.9952048130530482	0.2724171734347681
0.19331208591449914	1.2773415270722228	0.9793572029752726	0.2891615598978187
0.3029467864862883	1.2648110301267204	0.952655439641519	0.30091298078873846
0.39968082946158323	1.2343360716104568	0.9204146871301874	0.32949317722591764
0.4810030843968466	1.2115199656089164	0.8851544515944738	0.3508907056625036
0.5453400389384389	1.1904885409467925	0.8536407867373671	0.37061451424050235
0.5909109052183913	1.1689993189278618	0.8287973172230345	0.3907676569020561
0.6839528294634026	1.145706359279616	0.7736810191651189	0.4121796797119391
0.7580816805232019	1.1194992668586796	0.7256615071276347	0.4353989544304063
0.8191588974169484	1.0891822384255188	0.6815166968269099	0.46225959965310115
0.8708193452853262	1.0594499482065547	0.6432997990521584	0.4886021714849846
0.9179280506334393	1.0220102343185624	0.6068269984445268	0.5215201512680293
0.9611806617752588	0.975203838696222	0.5713767056276298	0.5598831630426218
1.0029824953786401	0.9153866080962605	0.5371154852665246	0.6089099913492765
1.0508931895305447	0.8363499378877446	0.49618339137793166	0.6687992647599652
1.0981683922874452	0.8199436688326549	0.4542979390525609	0.6809361457436707
1.147113416285019	0.7658035289874283	0.41093303843528617	0.7206594142855316
1.1993230161000963	0.7549040753951077	0.36232931722649964	0.7277199101045781
1.2554060698766314	0.7338195868231928	0.30973319333432586	0.7413781125225074
1.316719766649927	0.6852537676990055	0.2509769411969449	0.772838291693002
1.3844160448659248	0.616072282325896	0.18502315687626653	0.8150803099300679
1.4594519998434232	0.5256020735400144	0.1109184012817375	0.8644011602320977
1.5428610732540133	0.5136633571835068	0.027934702779712748	0.8709096855258913
1.6358104269661953	0.4794005678300245	-0.06490326090894855	0.8858492812157258
1.739061471706165	0.4355069657001675	-0.16714410269166363	0.9048809565036493
1.8537120485575989	0.38871165451600825	-0.2785801535549194	0.925170773794549
1.9806972799887348	0.34243328615902746	-0.3977005248507268	0.9402214417590857
2.1212560924861315	0.30656135127954176	-0.5220186612338726	0.951517240729037
2.2770134557049695	0.2809199856935813	-0.6480061544570485	0.9595915113795358
2.449955199778362	0.3119434110350676	-0.7695854723221544	0.9498224711202348
2.5661567492359945	0.35798340189552413	-0.8388684575557638	0.9353248287966389
2.700017241766448	0.4214761769695379	-0.9036777668638426	0.9109645177106972
2.809192907834457	0.5256877458960928	-0.9446197291260453	0.864354454985079
2.9242331506361436	0.6467810849818441	-0.9752178025882872	0.7977602947247329
3.0411470260899374	0.7849784723681812	-0.9933026070263218	0.7068023817926005
3.1579546031586316	0.9522264425840278	-0.9979453927503363	0.5787156774005711
3.2744442327354344	1.1314471973566274	-0.9891614643816564	0.42481318336915824
3.391514697371064	1.3219408081887993	-0.9669638223893593	0.24589028862669018
3.5103508606218012	1.5203871561886118	-0.9309849439846938	0.05030636486709769
3.6473315011099103	1.7226800191027443	-0.8730465998597954	-0.15098370795440008
3.8437242803586633	1.9204510100450711	-0.7633130962575078	-0.3425168262088462
4.033698454943776	2.1062829665649567	-0.6264997304599949	-0.5092232713380538
4.221965974244446	2.275535134326621	-0.470713826787106	-0.6468511479411776
4.416286364662564	2.4289043099383782	-0.2912133456755969	-0.7562785962085745
4.6196326329918485	2.5687090402992654	-0.09261226196527224	-0.8401200536937463
4.830389233139742	2.6987015050906122	0.11753903280837634	-0.903184352504497
5.045274437633845	2.7729747606814317	0.3261406401860678	-0.9310375631787144
5.264333296533909	2.8471182903813	0.5241086644474517	-0.9556706630405447
5.406798687889053	2.9212618209024397	0.6391812915610282	-0.9744646274317076
5.560514883596262	2.993058116955636	0.7486003663514904	-0.9871573459789611
5.718450046197186	3.0563656362340557	0.8430672636313374	-0.9952473866812819
5.878950929442331	3.102313491389636	0.9184403298665914	-0.9979453927503362
6.00788915389765	3.1362462430390536	0.9613624133555807	-0.9979453927503363
6.121701513725697	3.1490799306073454	0.9854372882283147	-0.9979453927503363
6.235624017139064	3.14597205470048	0.9969548249462863	-0.9979453927503363
0.06628680241265059	3.1290951082594587	0.9957558990320603	-0.9979453927503362
0.17955286989933647	3.166846701169964	0.9819855942561038	-0.9979453927503363
0.29084344093109293	3.1880931942531623	0.9564666909362889	-0.9979453927503364
0.39769773589204394	3.1980764245836326	0.9212745298190917	-0.9979453927503364
0.4966246165035162	3.1994906636235343	0.8783811654632867	-0.9979453927503363
0.6365883382180486	3.202507802001433	0.8038957516647083	-0.9979453927503364
0.7632937601880723	3.1981662427663786	0.7222852033183976	-0.9979453927503363
0.876150044748752	3.244639940287269	0.6393563025307826	-0.9929701421146935
0.9763445901770307	3.2816916113147796	0.5589481911887058	-0.9882353249852573
1.064253163130157	3.312722192747606	0.4843465613985384	-0.984269940309478
1.1394495328717331	3.3937092158627067	0.4177231779717587	-0.9664075539988768
1.2012652802732988	3.4643560299187484	0.3605078121513279	-0.9482334636477452
1.2544980943804942	3.5651498021437726	0.31058471600418935	-0.9104347950677765
1.294941466352668	3.7397935598350243	0.27219467071663	-0.8254325759380741
1.3241384364686837	3.8950003828055344	0.24374922702909313	-0.7279702336700173
1.3451661033738522	4.032726326647316	0.22326280969008477	-0.6272592503675867
1.3261094556770832	4.159099790139263	0.2418289416132847	-0.5244365658546103
1.3095097420742945	4.27888185488067	0.25800138062463096	-0.41927152133161943
1.2938640249908502	4.394848132793745	0.2732443788699907	-0.3117514119374297
1.2805098078946295	4.50914119634058	0.2861902650156876	-0.20165467211576424
1.2721737935393749	4.624356146716352	0.2940079927297115	-0.08789440887512377
1.272281987585673	4.744509927461155	0.2939065255826805	0.03211511802317223
1.2675487304856883	4.876178256281308	0.29834549529064724	0.16301364056739323
1.2495679036143696	4.930887519649796	0.31520837514693795	0.21631469420930233
1.2499752011984435	5.024637028019321	0.314826401043347	0.30678634900884305
1.2633077347238106	5.034435687582774	0.302322809710912	0.31597578285155264
1.288163987305319	5.085723643363763	0.27879769828485956	0.36407494106040644
1.324267841165035	5.157365337002039	0.24362315319374864	0.4297988617372745
1.372331196896292	5.243771264038927	0.19679694234190537	0.5063538234609402
1.433946515739734	5.312027434165565	0.13628863784120926	0.5631992788648745
1.5117358986396077	5.399652676560022	0.058911747523739844	0.6338948800851814
1.5628865813206916	5.50583082725605	0.00793319317806383	0.7124423898048192
1.6409084162184795	5.631255269102798	-0.06999514075734731	0.7944248833216387
1.7179236740400812	5.690894265905939	-0.14629154691227003	0.8280449205535537
1.8181095882233327	5.769888273632008	-0.24447259776842906	0.8711093909698397
1.9387473385625655	5.862265175040965	-0.3593672437500351	0.9112056112677086
2.080047556047109	5.96187034392784	-0.4868036170574467	0.9468714407330634
2.1543119733091483	6.065493019671347	-0.5502667963064614	0.9746999093312689
2.255322169573611	6.170142509960602	-0.6310588403031221	0.9927622840801845
2.3719862753371888	6.274070260239201	-0.7167088351195412	0.9994163969578486
2.4985637666393425	0.09310438627866421	-0.7986388539037375	0.9940388674435547
2.6312136584836447	0.19218305561442214	-0.8707711576573285	0.9795728790278361
2.767792151619751	0.33922982082593367	-0.9290940331571903	0.9412301885839061
2.906877203486775	0.48315496559216853	-0.9708184025272512	0.884221424862095
3.047295582372216	0.6509797913809494	-0.9940883283932478	0.795040438291088
3.188102194630287	0.8048407232956707	-0.9979453927503363	0.6921088658709748
3.328909151600669	1.0551810697218051	-0.9822014157888416	0.4923843637513029
3.470375396518486	1.2704647541481575	-0.9459761412146006	0.29561077363239274
3.6145291275517972	1.4752024357287297	-0.8891322746689128	0.09525148499422355
3.7645845308836043	1.6843486443733215	-0.8106149915457527	-0.11316959210974725
3.9241415164591493	1.895747349375142	-0.7077111417211002	-0.3188504425791963
4.096095665986494	2.068532558621285	-0.5777490417518207	-0.47696339514998237
4.281743832998691	2.240255699756767	-0.4166562849815235	-0.6192874683507889
4.479882823506287	2.40656823669361	-0.2302872257538277	-0.7407504233165303
4.689676660306324	2.4932034193897983	-0.02265217504993294	-0.7954349698127664
4.905036604012237	2.579852790556234	0.19112917796848844	-0.8455847418654742
5.121409762456871	2.6631008881841782	0.39754229732332946	-0.8864080629141298
5.308562582727609	2.7437586909513434	0.5603594503597268	-0.9200812460119017
5.493903456433522	2.8238639980547613	0.7036188675502796	-0.949776145489859
5.676544380524387	2.9039693051652953	0.8202219193882764	-0.9700813060183193
5.811676624722537	2.980953205511486	0.8892710965268418	-0.9856104645437481
5.946554228629857	3.047805464372384	0.942048512725755	-0.9941534859950898
6.0802431136393125	3.0953860910292827	0.9775175857406018	-0.9979453927503362
6.2132177053904964	3.1295686053044256	0.9955202309408603	-0.9979453927503363
0.06289497028301434	3.1404487738258218	0.9959730656097279	-0.9979453927503362
0.1956755105342966	3.132027495214794	0.9789057234246406	-0.9979453927503363
0.3277033854543396	3.104943019311168	0.9448597752575849	-0.9979453927503362
0.45790446477331365	3.1431799082522818	0.8951697022675396	-0.9979453927503363
0.5851894492499734	3.169939963368758	0.8319164331962922	-0.9979453927503363
0.7086792010550584	3.1770184565150568	0.7576636618027204	-0.9979453927503363
0.8276585409436463	3.1692094980544634	0.6752289075957894	-0.9979453927503363
0.9413924495553689	3.1933493278160046	0.5875953314862601	-0.9979453927503364
1.0489860155745112	3.2558120946618234	0.4978731322812633	-0.9915424573048486
1.1493614919404567	3.3096383246543364	0.4089412613471188	-0.9846640264888056
1.2413550055405618	3.362473187681544	0.32291064125971025	-0.9743252886580154
1.3239217968949002	3.4179761378679347	0.24396029032682792	-0.9602563542267086
1.396389647430627	3.5042550964666925	0.17335775337248477	-0.93327091626209
1.4589441028764187	3.632049037283101	0.11142360503118831	-0.8805408363047478
1.4950007853900504	3.758236423594306	0.07555811974176037	-0.8144092606490632
1.5247407909715558	3.8832901362957606	0.045975816037371366	-0.7361112677013602
1.5487572358084178	4.007493415538677	0.02204560615594021	-0.6469736217970419
1.5684247874285222	4.130898298409139	0.0024016240277156993	-0.5485363486408045
1.587458790783257	4.253482668957776	-0.01660956907609525	-0.44248094905929825
1.5314413676097032	4.375349446029105	0.03931077044546746	-0.3304313722644462
1.5036938349097713	4.4970005506090445	0.06691116672405156	-0.2136314871233611
1.4845945214428098	4.619706937528333	0.08590920255079476	-0.09253804647495886
1.4737630042815524	4.746000412561212	0.09668328359006938	0.033597699550466424
1.4693955986060003	4.88031221575087	0.10102753028970006	0.1670411924274227
1.4735902411485866	4.933280736777274	0.09685513061458687	0.2186463102215531
1.4880512897788019	5.013840279044926	0.08247076436789727	0.296660881359512
1.5140237723556846	5.107881422977442	0.056636005680962005	0.3848550741533759
1.55241236929916	5.21128472325708	0.018394852958220444	0.4775710076128227
1.6039047572179093	5.325356889532731	-0.03303582674984919	0.5741242400032072
1.6691002862928452	5.453177458047149	-0.09812700146524096	0.6734909576825177
1.7487077553110928	5.598734313786695	-0.17666021549173822	0.7733583163514808
1.843669373844674	5.7659256625032835	-0.26895915869106213	0.8689491290128069
1.9555340724093049	5.872650321799309	-0.37470673089668777	0.9157084711682817
2.0858713958565214	5.998412943307384	-0.49178042026103447	0.9583784268440035
2.23667586879673	6.103417859181821	-0.6164905608954032	0.9819446038971802
2.331054587357668	6.2110897149997815	-0.6882528786609418	0.9953839835168139
2.4497807061553885	0.033906291245738136	-0.7694811773359167	0.9978291044633671
2.586013924484433	0.13789267156346113	-0.8486060475233972	0.9899438457976918
2.69583709118738	0.2425229245104385	-0.9021101687586759	0.9699565700507357
2.814451964229258	0.3511815413194425	-0.9465919276589729	0.937466682865765
2.9370936857440166	0.4688069366996212	-0.9784777018292569	0.8904425371348323
3.061030187308958	0.5969851497913683	-0.9958434676600367	0.8254858745801779
3.1849666888561248	0.7356294352753205	-0.9979453927503363	0.7402057209598369
3.308868793279712	0.8841598980566991	-0.9847623645727075	0.6334308458672924
3.43369824386081	1.0400061517847603	-0.9562711015943169	0.5058292199280588
3.560881946831223	1.1984323667511183	-0.912035283321616	0.36316459099190457
3.7122313802581455	1.3514444475082157	-0.8412209044027256	0.2171460693634216
3.865016657201099	1.5915778875184592	-0.7488151006272092	-0.020723729507128717
4.080226758024518	1.7949393311540542	-0.5901473553825906	-0.22226792397981116
4.284504290241084	1.977777959638995	-0.4141338170151423	-0.39503288995577723
4.495652520337273	2.1455194663743895	-0.2149613265360799	-0.5427530977652082
4.718591328061648	2.283183015291884	0.006227841517483859	-0.6528264064180261
4.9505544287236125	2.414687810898776	0.23547537945657995	-0.7463952002961693
5.184533476915322	2.5411761105539976	0.4538696168635596	-0.8241082879518316
5.365403083351395	2.639838168745811	0.6069465196204769	-0.8750004573212484
5.540616379921391	2.73981817423847	0.7357104264281994	-0.9186035129935244
5.704672832751135	2.842464375839597	0.8355564610028168	-0.9544909848735958
5.858499280206387	2.9480164494599097	0.9095727699381655	-0.9812464131502135
6.001845860744619	3.0512804975002488	0.959459426388124	-0.9945975589862096
6.141609495603869	3.1481599662415642	0.9892402640613756	-0.9979453927503363
6.280425769022147	3.2307069231830314	0.9998233168875434	-0.994750636387162
0.13623469804656024	3.2920099924773605	0.9902605646522303	-0.9869167434875332
0.27457099961144066	3.3274291564193432	0.9615907587211642	-0.982390543737506
0.4097796946078553	3.333018332608629	0.9160359550846431	-0.9816763053124478
0.5656595527450349	3.3164146878832255	0.8425633755971206	-0.9837980779417724
0.7111406301328912	3.353032525980676	0.7560691864865299	-0.9767183155153559
0.8458400105045377	3.3700674577367127	0.6617787848757217	-0.9724002867058488
0.9715732296096028	3.378974233906122	0.5628588482515986	-0.9701425896014441
1.0896323676048099	3.3875592680088853	0.4618607887928621	-0.9679664479463302
1.200309181877116	3.401825022835627	0.3614044657090872	-0.9643503524307492
1.303158834117368	3.4264209921863595	0.2641888169899675	-0.9581157454610689
1.3973044280919702	3.4649139581827124	0.17246651905312596	-0.9480242349912972
1.4817687314484573	3.5194554877674125	0.08872000827134724	-0.9275706181149084
1.5557921145374458	3.5907278099986004	0.015019157989103324	-0.900803998774822
1.6192083142631042	3.677976812665246	-0.04832104409163431	-0.8580187081973244
1.6728426266883851	3.778996887155443	-0.10181884122434162	-0.802000713995604
1.7168705604063483	3.8900198940038844	-0.1452526444146513	-0.7314326995363946
1.7541212548945133	4.008217005427599	-0.18200066314897587	-0.6464082839423893
1.7863051738907558	4.130813965586866	-0.21375027948414677	-0.548608415846255
1.81906595308364	4.25577055833354	-0.24538880601692964	-0.4403903071278237
1.8563850206552701	4.382011088469841	-0.281140890764682	-0.32404944418858356
1.9043066705926706	4.509347728894588	-0.3270503681792922	-0.20145092659455363
1.9711019789178963	4.638442688662095	-0.38893247033886125	-0.07382474816820572
1.9792276470350914	4.770925182363473	-0.3963575944147928	0.05839030115343939
2.0331156658689897	4.909660590303907	-0.44559972691108674	0.19563414342034866
2.0416870898792174	5.05912322338511	-0.45343217660819907	0.3391283860750849
2.024656312646928	5.212982389890313	-0.43786968596306675	0.4790751267002925
2.0596604963256757	5.393083802964418	-0.4693817120164841	0.6290354183294865
2.0952338399990493	5.496817303864545	-0.4997811626452322	0.705774447186104
2.1553773343502014	5.56683944452785	-0.5511772080649582	0.752697318151555
2.242021157372622	5.670624223244235	-0.6206668132480966	0.8169944791635069
2.3452528157535246	5.795064834829922	-0.6981235727115729	0.8820684479437486
2.4607126767243654	5.933099793459433	-0.7760152254037703	0.9378118136056786
2.5850067300697885	6.043770847927557	-0.8481121380873977	0.9705503729951015
2.7154955582071585	6.141096478641173	-0.9094822897069021	0.9891422636149706
2.850047385886099	6.237157286109432	-0.9564131326293083	0.9970529945378853
2.9868044214361715	0.047247628092861024	-0.9863581889140651	0.9969749075709904
3.110143059869439	0.1360409075172903	-0.9979453927503361	0.9902975840097925
3.2334925440748483	0.279399025881424	-0.9943946630896312	0.9600704500355414
3.357176293732816	0.42086061844447825	-0.9756679497851084	0.9112314156047225
3.482379730419413	0.5579841445961079	-0.9414743964279146	0.846747710544508
3.6106188126139918	0.7377144209593417	-0.8910498204946543	0.7388550997951965
3.743245054464519	0.9009973347550996	-0.8233696146747994	0.6207035903922096
3.881221211187831	1.051974970620129	-0.737549596919955	0.4952249419665718
4.065114915315774	1.192377963649068	-0.6019541769919176	0.3688425652498226
4.249056254298838	1.376274887594824	-0.44652574606307754	0.1929547617580843
4.441616079304718	1.5363721503124979	-0.26694719532807004	0.03440613412942286
4.642759012494245	1.680222119221756	-0.0695135969961551	-0.10909875193720835
4.849452012234084	1.810528968153995	0.13650072799276505	-0.23721027883081713
5.107127477802929	1.9281935460789612	0.38414800506322583	-0.3497233329316043
5.340597800212328	2.0333109820446067	0.5866158499228101	-0.4457782041534594
5.547962694015058	2.1263620143327726	0.7404692539698186	-0.5263819626012218
5.730741477033599	2.209825921693482	0.8497680751848428	-0.595512805781232
5.8950356307986445	2.289397517675165	0.9254144399524064	-0.6576817720040958
6.049194856872663	2.3731110055797826	0.9715865089059524	-0.7174907543706341
6.199497450931438	2.467472661501591	0.9946417733428067	-0.7800556740304524
0.0668649978973538	2.5803900598927703	0.9957188792946923	-0.8458482087703041
0.21832239174973625	2.7199069894099983	0.9745795419722174	-0.911136620349744
0.36816136411052625	2.8214764314460075	0.9321198660453776	-0.9491709431005061
0.5116203161519682	2.9076368106420167	0.8718792318653048	-0.9710109483869713
0.6418660218756206	2.9937971898320717	0.8009441958458214	-0.9872517917844593
0.8077193448643553	3.0643653650018683	0.6899793453042367	-0.996269668585182
0.9513761185697253	3.0862553662595174	0.5794126118630345	-0.9979453927503361
1.095579737297931	3.1528316452123333	0.45659146671245665	-0.9979453927503363
1.2245357861514092	3.194267089325023	0.3386841358751487	-0.9979453927503364
1.3427993485235161	3.2110044375623152	0.22556864456096098	-0.9972684085637576
1.452247876658162	3.266797753088592	0.11808432327210731	-0.9901386047320841
1.5531845266029327	3.3158297552185187	0.017623621003756765	-0.9838728262358065
1.6453892929955733	3.3656044678157278	-0.07447064767494607	-0.9735315691395765
1.7286085106916813	3.418568130100531	-0.15683219810928192	-0.9601062955383639
1.8029486039740332	3.547740371245971	-0.22994820503809332	-0.9169635050678622
1.8692552352543208	3.6748801223081804	-0.29347070051096885	-0.8595372676387636
1.9294463369654293	3.7984023073897033	-0.35086811606070323	-0.7904020778862663
1.9833914229626712	3.9161731845346983	-0.40016239574814205	-0.7132507741546147
2.034447164677693	4.058535413647699	-0.44681643225998663	-0.60709471504346
2.0832863402485087	4.187584672370831	-0.48957134283919046	-0.500094609725465
2.134272394361047	4.305306025250775	-0.5331418334003268	-0.3951254768745015
2.1883428379306933	4.410751346512426	-0.5787281592960817	-0.2965159550616497
2.2499280798374377	4.59505691073377	-0.6268444598012095	-0.11689833869768765
2.319595209869745	4.754307495619066	-0.6802862502872932	0.04186073276481872
2.3979488828511135	4.907553171898669	-0.7347581965174289	0.19358096970629274
2.486369460962602	5.06522605651505	-0.7913503070728454	0.34485177925325566
2.583918224219153	5.235311528636138	-0.8475783550332501	0.4988585654136952
2.6892922568598854	5.312913499062485	-0.8992518237040843	0.5639255069288305
2.8006723187517215	5.4188994297526625	-0.9414244233473767	0.6481330686725717
2.9155092376489327	5.538035014811888	-0.9730064577968964	0.7340382584237483
3.0316476068194005	5.663426425602171	-0.9920886803170934	0.813070518947512
3.147785976058077	5.791999197818046	-0.9979453927503363	0.8807392289840459
3.2636302935668295	5.922197551581966	-0.990543373024162	0.9343787807073034
3.379586842972521	6.053141867755996	-0.9699873049407504	0.9723404972857894
3.496119657976041	6.18433336254613	-0.9363217867322848	0.9936708723511829
3.6305223454299975	0.032351595909967744	-0.881289497636808	0.9979286459065992
3.766601638479947	0.1636139608025137	-0.8094093646270399	0.9850303672758661
3.9053467130237385	0.29521668319793803	-0.7207774024742256	0.9550895902680607
4.048054899116553	0.42748102299035196	-0.6152830986726513	0.9083608972722559
4.1964387207460225	0.5605170696445424	-0.4925283205141521	0.8453668580095508
4.352683666436341	0.6941031704488613	-0.3518324381785985	0.7671057867938171
4.519280950402563	0.8276988536629756	-0.19165174794613335	0.6751990854177559
4.698775213067875	0.9604802447166517	-0.01356452594683286	0.5719507747801291
4.89317704603583	1.0915629046808872	0.179574883559292	0.4601503483516395
5.103217777528097	1.2200231175668348	0.380481388033852	0.34291623202498245
5.279116406093254	1.3448450631666793	0.5362250557770922	0.22357558636171493
5.465037250302671	1.464832682509427	0.682264487277419	0.10556625068020384
5.649225037874646	1.5786224527632013	0.8053284729459599	-0.007783820477704064
5.826567492173232	1.6850224657532875	0.8957275762944104	-0.11383432067480649
5.996366100860352	1.7836788578340004	0.9577338917532001	-0.21115940398552835
6.162119504605882	1.8756402377355164	0.9922486004576169	-0.29958760440692384
0.01147111425835112	1.9635390087348688	0.9992655466042223	-0.3820215319173528
0.1449864566812865	2.0513547662020057	0.9885887363982002	-0.4622663666326161
0.28318331780735895	2.133724453807832	0.9588788053422016	-0.53267358695299
0.41830715683480213	2.224849177512989	0.9123385622014353	-0.6072504148121654
0.5669496668820339	2.3285768626094017	0.841860055387326	-0.6865303494657535
0.7053107276667833	2.4487678852624866	0.7598457062577968	-0.7688758134304258
0.8317961627985385	2.589073829806721	0.6721680152113123	-0.8501065682669284
0.9460189734900967	2.663798671497811	0.5838033840435333	-0.8867502428923695
1.0458226235381773	2.755641957664177	0.5006758723774964	-0.9245375893971159
1.2183717772902143	2.85826928708316	0.34446490122055345	-0.9584972270504818
1.3631303175962146	2.9666487018499295	0.2057609921376959	-0.983782498163648
1.4914594066795872	3.0750421598416713	0.07908071963697794	-0.997634051612804
1.6092263631169375	3.180345458856517	-0.03835105526396197	-0.9979453927503363
1.719204629160123	3.2824903941139523	-0.14755521631215424	-0.9881332488743739
1.8229047391309678	3.383141784967626	-0.2490664060488471	-0.9690861952579628
1.9216404459204584	3.487949515340076	-0.34365631910044214	-0.9393856716026561
2.0170979288148616	3.5973828514899138	-0.4309629384861612	-0.8975404900204693
2.1116552736783363	3.7121789553679454	-0.5138142141056264	-0.8412466125952797
2.2084725660201543	3.830339861154111	-0.5944554344654425	-0.7713129749519334
2.3114628132821253	3.948754652428014	-0.674632559110004	-0.6905999410838329
2.4237907806571415	4.063932065104477	-0.7527236397980437	-0.6028783330795968
2.5491478321697145	4.193280504974047	-0.828872992713154	-0.49522719597878717
2.635733511619128	4.3110256455183125	-0.8729876096952749	-0.38989896632285703
2.7353060160495475	4.4156735475540705	-0.916911408727571	-0.29180043132975125
2.846213178816717	4.611818958280202	-0.9554412346009324	-0.10036248491762878
2.9436530517521065	4.780219301431713	-0.9801403754343327	0.06763513643727731
3.0410929246766956	4.943363910863115	-0.9932956934299564	0.22846994464357503
3.134427580699344	5.113890302415935	-0.9979453927503363	0.39049035515393193
3.2221592263649	5.196282646903408	-0.9958429428928974	0.4642792876994359
3.3050638021620444	5.30527134557263	-0.9852486027536498	0.5576619179381288
3.3844301516396897	5.426062718018069	-0.9687596189918025	0.6534322611237793
3.466480896859848	5.552111184450001	-0.9474366173792689	0.743156581286108
3.5537170639972246	5.680603930556397	-0.9147221857529684	0.8224350286770616
3.6437976538511223	5.810235246160743	-0.8747795329272531	0.8886461341764316
3.7355088919390256	5.940347250990839	-0.8279935255683898	0.940093982760843
3.823041369793002	6.0705889245675335	-0.775675289419888	0.9756733682828778
3.9737637752009634	6.200796151259953	-0.6732134480310451	0.9947249243641367
4.10657252298106	0.04777340816934361	-0.569324110846172	0.9969412438000691
4.302121855569452	0.17800420419387086	-0.3980351274560465	0.9822814322916926
4.475629223869567	0.3084574340025258	-0.23436222185074607	0.9509201787266337
4.642481367129718	0.4392075108811385	-0.0697909096319167	0.9032764499046197
4.812720986368546	0.5701463588101975	0.09996447518170787	0.8401173428837678
4.992645202265911	0.7009616236069208	0.27648274165220593	0.7626629879473021
5.1873573759000555	0.8312764348268816	0.4563715688256681	0.6725524948583742
5.3160309562520345	0.9606826517750294	0.5664806074718086	0.5717848798364883
5.464903774323466	1.0887238640220418	0.6821657456276052	0.46266571571616133
5.6211157675813075	1.2148779804883234	0.787856672585814	0.34774147332339456
5.777321880907926	1.3386079283112964	0.8743753418575129	0.22965217813118238
5.93023488750574	1.4595665214370812	0.9369096765498032	0.11080448695999952
6.07976500220009	1.5779958759529351	0.9774262532157884	-0.007157994553838285
6.227685471955623	1.6952504025929742	0.9964465489988763	-0.12392423764850773
0.07588805453736422	1.8142797288261492	0.9951411660542611	-0.24080354956733815
0.2070120660661899	1.9400180898516752	0.9767401273847317	-0.36052843884872765
0.3363507173846457	2.079714349820995	0.9421367963204483	-0.48651887333717836
0.4612582075336519	2.131086953862868	0.8937155645318133	-0.5304196928547449
0.6269067276457804	2.2203517074185783	0.8091737903928771	-0.60373655961122
0.7809171730847367	2.336692302923693	0.709806812957106	-0.6921722525395134
0.9245667332075257	2.4783444512699107	0.601385864719718	-0.7865537519827831
1.0604594482262597	2.5509912358098092	0.4877077625246413	-0.8299747966300998
1.1908420775026072	2.6478452033310504	0.3702829586058157	-0.8789269583805495
1.3170138779224116	2.7624863409271883	0.2506904003125282	-0.9271043012968875
1.4393341593685902	2.8640615796848565	0.1309295631886155	-0.9599654622442246
1.5576155288141875	2.970025848428874	0.013197928882575958	-0.9842140622747169
1.6714081546716442	3.0759901171454076	-0.10040372654609558	-0.9977551906695654
1.780250971146897	3.179964225659893	-0.20777777457089186	-0.9979453927503363
1.8839018373779466	3.2815922672654225	-0.30750230940327017	-0.9882480201186632
1.982611435761774	3.3803652343989925	-0.3994496541420647	-0.9697899976281814
2.0772300956813	3.4792900381674188	-0.4843959365179035	-0.9426330617984942
2.1692498730288734	3.574244701496261	-0.5630320834044765	-0.9070241172173097
2.2588393539919793	3.7483077077054276	-0.6338068022687894	-0.8203436625449203
2.347993208600697	3.9082307558390696	-0.7000287103540178	-0.7187723985071559
2.438684195519356	4.0556827586983095	-0.7628487835306278	-0.6093234828217877
2.5327025748104135	4.1954941859032	-0.819043648461274	-0.4933354793965211
2.6297397480111386	4.331255071807354	-0.8700483793340927	-0.37141359404150703
2.730081897857636	4.465137257706529	-0.9149523123687424	-0.24441364295636417
2.8331663715820796	4.598472186375033	-0.9521341189448169	-0.11352915015040048
2.937784367953738	4.732184721299169	-0.978652776535895	0.019804944503034466
3.042402364315669	4.867101920708456	-0.9934630261591058	0.15405704456481817
3.1456357058905895	5.004172285504878	-0.9979453927503363	0.28759398945938075
3.246270526290742	5.144653667019603	-0.9927617702295353	0.41853642358839827
3.3764850597802636	5.290282459475839	-0.9707735475495747	0.5453768700045345
3.506846656792695	5.40321374181844	-0.9322990553255942	0.6365292526577326
3.637523660686766	5.525282997716167	-0.8778561826586412	0.7257777008989027
3.7686944972332115	5.651676001287519	-0.8081584611776779	0.8066646431748596
3.9005200733499508	5.780140019109509	-0.7241329114986121	0.8755972486632098
4.033169241862415	5.909558428777692	-0.6269132025007893	0.9303988172391146
4.1668581482409035	6.039341459803558	-0.5178066064603939	0.9697042372042464
4.301967434203652	6.169207231721244	-0.39817623558211124	0.9927024016430103
4.439090688393028	0.01588348362167688	-0.26936654810859295	0.9989830387685112
4.5790646484236515	0.14577221942071925	-0.13267479503095614	0.9884386339555282
4.722969543540591	0.2757697334693944	0.010600810165699283	0.9612132865629601
4.872078786582703	0.40591214631903083	0.15900751968777993	0.9177128719841837
5.027738430408801	0.5361257796654456	0.30969492358408884	0.8586640436563708
5.191211761700627	0.6662306530695318	0.45978652388199215	0.785161168263739
5.363564884236089	0.795974991586219	0.6054399123851428	0.6986674764990078
5.545566247577254	0.9250524665064347	0.7389168733929972	0.600987752623762
5.675150271638207	1.0531037673030694	0.8194619052731028	0.4942248371147436
5.811328529322486	1.179739138072213	0.8891201670450599	0.3806955795050835
5.948249935959714	1.3046414608187986	0.9425824780436083	0.26274435291792164
6.083903630101316	1.4278045214047295	0.9782168457523254	0.14239806311588815
6.218613883742682	1.5499243021726967	0.9958657284597345	0.020879938397940723
0.0700318303281105	1.6728860881589382	0.9955161186229524	-0.10186171620844735
0.20442449999774764	1.8002605907531601	0.9772344241590081	-0.2273730582638264
0.33731455209083633	1.9377667950225244	0.9418332921153373	-0.35847123651202695
0.46654895630275744	1.980799652182425	0.8914215670534176	-0.3977940711572104
0.589528855710226	2.0556377656720657	0.8295507570328569	-0.4659440592892062
0.754180811068471	2.1471392468149433	0.7281884294400687	-0.5441372925146291
0.9049855352084234	2.249296696976606	0.617434819556173	-0.6263511629247993
1.0461101861040927	2.36126377900075	0.5004210942392164	-0.7092544909686267
1.1809403773886924	2.4827363394676056	0.379569026515201	-0.7891787872782325
