6.0720935990169815	6.102234861715013	0.9759608027703559	0.9817186186213057
6.159175782315274	6.176461684028942	0.9920601247102858	0.9931668776312969
6.2392176465205464	6.263450682080634	0.9971849118622522	0.9987364642970256
0.05565878585442205	0.044057883012074306	0.9964363719726806	0.9971791352557197
0.1520493592478415	0.08100978552738036	0.9872395264212048	0.9948132403939323
0.24541746734033346	0.08787263083187474	0.9694036322141829	0.9943738375665292
0.3401197241541596	0.0733725947251277	0.9409499648064013	0.9953022217250032
0.4345697674783171	0.04011819257698762	0.9052873130424883	0.9974313791923761
0.5293467759373831	0.0747879849326733	0.8623596936670829	0.9952115994784743
0.6202122225577495	0.09723401533856191	0.8128233750210543	0.9937744624330184
0.7776231931045131	0.10072425205973895	0.7122436036039278	0.9935509953700807
0.9220721257382051	0.08998385145843019	0.6034304711126285	0.9942386638490082
1.05753664696555	0.067163406935359	0.49029734111389695	0.9956997732578803
1.1880607960687068	0.11598384534942158	0.3728913155519139	0.9925739795495265
1.3168079467256444	0.16150870356625888	0.2508910308655573	0.9854325297070381
1.445825094655769	0.2341751993670367	0.12447304728566401	0.9715512167193768
1.5759705491356095	0.308789045481146	-0.005135094877668691	0.9508157567987057
1.70670150157912	0.39185293826259504	-0.1352208109299854	0.9238087554285147
1.837763240056789	0.48539525726694405	-0.2633010163671484	0.8832500645354026
1.9690532982582445	0.588208717410255	-0.38706041405124525	0.8302704452522678
2.1005466325034265	0.696098754505143	-0.504321246785776	0.7658130786074306
2.232255905793018	0.8836461800082699	-0.6130372616710499	0.6338108795478343
2.3642076134605787	1.0611951939794462	-0.7113010624477245	0.4870558976595205
2.4964229652061443	1.2993217735293585	-0.7973592950739741	0.2679271121092279
2.628898663740406	1.5255407292111618	-0.8696359272277812	0.04518011961815162
2.761589326621858	1.764573646721423	-0.9267679119973286	-0.19231200622462816
2.8944020352986204	2.01820846003958	-0.9676561864167693	-0.4319777266875502
3.0272220004962977	2.28003593196495	-0.9915231339855608	-0.6503676029387326
3.159987629589333	2.442302859983083	-0.9979453927503363	-0.7650116623454066
3.292753258685064	2.5982454725224366	-0.986821761818033	-0.8546041715250905
3.4256373298183656	2.7378318698861137	-0.9583143888563219	-0.9178586290760333
3.55869898635109	2.8658990084763207	-0.9128539152458931	-0.9604312152375789
3.6917960939594607	2.988658666503133	-0.8512419892931071	-0.9865951420949001
3.824523855570875	3.111166776674139	-0.7747892064148694	-0.9979453927503361
3.9562423645802296	3.2336748868497436	-0.6853944384159592	-0.9943713615847313
4.086016966764337	3.3494002980827724	-0.5856234887046875	-0.9776390156936988
4.212689287816907	3.481988184649093	-0.478641284313777	-0.9416212299919284
4.347472763554999	3.631459234946581	-0.35659408976017337	-0.880830064417162
4.475761587557445	3.7954542289935373	-0.2342354159551419	-0.7921641468405144
4.598231964038433	3.9880303543707596	-0.11376613083081626	-0.6621800327960161
4.748074520652485	4.1194231431247905	0.03566080930018025	-0.5583425231665037
4.887514175067756	4.338950356527688	0.1740577741951334	-0.3643817484106002
5.0214137585762835	4.466513724242968	0.3037634843902476	-0.24309497259653443
5.152056719009028	4.65282221895648	0.4250954685651023	-0.05946245022836347
5.280282923808193	4.7923670794478115	0.5371811459061966	0.07971849861489566
5.406274321635782	4.9086629927557786	0.6387933806480443	0.19466222391070953
5.52989962514902	5.009566665149494	0.7287682800514869	0.2926529768183814
5.650952465923937	5.097568702190691	0.8062701997460852	0.37518354053242503
5.769350103067119	5.173798391138582	0.8708160012427234	0.44435841654523184
5.885305941954399	5.2398461312309	0.9211957777840932	0.5028761871206626
5.999420702443607	5.29903147452862	0.9586957625174526	0.5525476543177306
6.112583651102695	5.283420203781061	0.9836955239743261	0.539752493409867
6.225584894393363	5.2828226528334055	0.9963120567177474	0.5392627343986031
0.055290135768338834	5.292870070295253	0.9964599752863152	0.5474977029166475
0.1667731784799373	5.31321650842061	0.9844268692140261	0.5641738565703491
0.27405179314014805	5.307740552339441	0.9617542528829182	0.5596857056493927
0.3732843860235062	5.327306929362094	0.9305066654794731	0.5757225130584189
0.46021274178583993	5.326553089554086	0.8941688644131522	0.5751046580613343
0.5301561864985069	5.356113798641554	0.8619184344099882	0.5993329246413526
0.6589930649526365	5.4242055807677545	0.7898495648155923	0.6520584049653934
0.7667362054675564	5.535620463448118	0.7200552410274237	0.7324741497586327
0.8582374187202582	5.615326362317485	0.6526075426197663	0.7841063862697382
0.9379748760951478	5.754581621906152	0.5903964104659972	0.8627647978874589
1.0093744278765493	5.972453712661066	0.5318765904868836	0.9502040629079478
1.074655274017046	6.160114509252943	0.4751303741750491	0.9921202279549707
1.1514168569462953	0.037655756698168764	0.4071202243564161	0.9975890399350338
1.2247859476435472	0.18855545056656695	0.338449528022196	0.9802658520480703
1.2985208098222631	0.3252238595566659	0.26870745910877647	0.9456405590701951
1.374420066950022	0.409571914232832	0.1947618395470655	0.9161260458595342
1.4713643458074894	0.4274446243306407	0.09906922273417512	0.9083766792413566
1.5720620851741545	0.4045829907510885	-0.0012313147991585803	0.9182891759544384
1.6616745152630645	0.3509334022005628	-0.09073635381651526	0.9375448199836223
1.762089860001433	0.27572049611185956	-0.18986173671496143	0.9612287910316872
1.8712198658133852	0.2835338818127793	-0.29535283859255074	0.9587684154079917
1.987786576660678	0.2864044331941711	-0.4041786269145898	0.9578645006499489
2.110324019233761	0.29540964055852714	-0.5126765812720715	0.9550288294654357
2.2377224943945584	0.3173447149553297	-0.617308285243352	0.9481216416705867
2.369128418311964	0.3562076424575096	-0.7147220356717543	0.9358840019133998
2.503365540342434	0.41381436272631666	-0.8015088781129126	0.9142865772755965
2.639829010684641	0.4899421379053146	-0.874995966378128	0.8812785982696263
2.7781149150931514	0.5825985198604176	-0.9329651722836174	0.8333289074492017
2.9177707438585503	0.687666769624039	-0.9735797062903956	0.7712751867301024
3.058220318860538	0.8617658371169268	-0.9954843957776601	0.649997321246626
3.1988920013030824	1.028654765643157	-0.9979453927503364	0.515886457450781
3.3395636837426728	1.2708677263704151	-0.9801324089586003	0.29523285596386817
3.48081052195266	1.4879471872810288	-0.9420628652336583	0.08257431484293225
3.6242054999330544	1.6974638802332895	-0.8843871613562717	-0.12610784573721487
3.7720189585925694	1.897405728938146	-0.8061714278075542	-0.32043918877620836
3.926297818715461	2.0804263562296756	-0.7062120673817305	-0.4871273234133584
4.087540124862798	2.2402816322428776	-0.5844334514406729	-0.6193077292973388
4.253779182474808	2.3750504828468517	-0.442209999074337	-0.7188390906691953
4.422256722310154	2.486115678393689	-0.2854936761747088	-0.7911986210164662
4.585143475008705	2.575735468940804	-0.12667799856045753	-0.8435656838094152
4.807523018689231	2.652460207386097	0.09479407068687146	-0.8811900706623701
5.003590763907926	2.721314774806499	0.2870486236153395	-0.9116645538962259
5.181865131003917	2.787575659492022	0.451505483682905	-0.9365130456706192
5.346575527926737	2.8538365441718443	0.5915152581264127	-0.9573736116541703
5.501158443532473	2.91692469445509	0.7089858961332333	-0.9733652489769924
5.647440979147925	2.96687160420749	0.8043558732960696	-0.9838109827601993
5.787579965955652	2.988893516275064	0.8788231095099981	-0.9866251534464031
5.9234628274376995	3.034077731474825	0.9347772064335966	-0.9923992249032372
6.047560671479438	3.097611069263404	0.9712743342417798	-0.9979453927503361
6.170935302210303	3.140311986319291	0.9928130436617583	-0.9979453927503363
0.011167827409355135	3.1534984884886614	0.9992849649493911	-0.9979453927503363
0.13457543721911897	3.144343645767852	0.9905775294187305	-0.9979453927503363
0.2567838053263886	3.1662476974797893	0.9671918106732937	-0.9979453927503363
0.3759730481052385	3.2227641119378077	0.9296600262760008	-0.9957656448252926
0.48996122268406544	3.25926723792012	0.8812703233663489	-0.9911009260316197
0.5966680531701551	3.2828998983526687	0.8256587433642342	-0.9880809185035625
0.6942363968524066	3.377927934980931	0.767019484810213	-0.9704078063318091
0.7809181224951547	3.4682304434149525	0.7098061106108743	-0.9467805199940655
0.8549470033799724	3.5539263738786633	0.6550416962495715	-0.9146436924625164
0.9142409366987692	3.6346522957710916	0.6098489956184023	-0.8792642466882158
0.9592857593243855	3.713363015031424	0.5729297875103087	-0.8406659717258753
0.9874482280530237	3.78604158153988	0.5498475333637691	-0.7977900941955587
0.9962576415112365	3.925700990208806	0.5426272458852911	-0.7066269861607246
0.9850101377045788	4.0483290307933455	0.5518458177328451	-0.6150689207019212
1.0327414036083815	4.160250339753153	0.512265728830247	-0.5234533556030093
1.0530844630378637	4.264978743168626	0.4942419405396429	-0.43197599412260257
1.0596295372117424	4.364064740102036	0.4884430570597408	-0.34124224694355415
1.0588849051835978	4.458272865817486	0.48910279509355054	-0.2509898072747198
1.0559462833350888	4.548263228002044	0.4917063905973277	-0.16306056877959435
1.0539062337464773	4.635287245655526	0.49351385825060395	-0.07697640970823727
1.054649578270959	4.721714398989267	0.49285526093476356	0.009347169773097068
1.0592553354314869	4.810944074788429	0.48877459685043306	0.09819698600371163
1.0683026343851298	4.908485931831244	0.4807587621866489	0.194489720512648
1.0820798156997085	4.907474243703682	0.46855228950165256	0.1935040731133608
1.100740570451817	4.940209201724818	0.45201900972823505	0.22539643733143166
1.1244271200598788	4.984673070550233	0.431032915824784	0.2687158116287528
1.1533033130274428	5.034021137815815	0.4054488393248779	0.3155870074651528
1.1876090294837431	5.088508534702662	0.37331499382321087	0.36668668346784733
1.2277499358335748	5.146449823994271	0.3356698240018194	0.4201278043322988
1.2742027963370197	5.207642313769368	0.2921051419515118	0.4743438618778468
1.3276033806944727	5.275107273428944	0.24037347004254633	0.5329391286818335
1.3885720675907236	5.348621122756052	0.18097410966648303	0.5931918490597597
1.4580128186340597	5.431124214715052	0.1123499509667018	0.6571766092631658
1.5369130734323408	5.522295918210199	0.03386807935441393	0.7238427174445113
1.6265629864976616	5.623928566895874	-0.055666902525121846	0.7896787600539698
1.72803444390208	5.73558074709652	-0.156265878006291	0.8524062576047519
1.842922036880379	5.85687082679158	-0.26824320150828085	0.9088666944486117
1.9728956680352332	5.949061945167797	-0.3905715188525079	0.9428381735561884
2.120098600424203	6.0461713464028755	-0.5210295182645514	0.9710089346787922
2.287255314887703	6.144546616566714	-0.6560080776274377	0.989801335500401
2.410998358456433	6.241959578220257	-0.7438302706966887	0.9973604676977611
2.499695752412943	0.053758866222240305	-0.799315442759348	0.9965580168621075
2.60768696496264	0.14426823233550706	-0.8592341040766723	0.9887259371374026
2.7261628925750183	0.2988189202978168	-0.9134826463509839	0.9539552732522925
2.8508831629125537	0.4506919131142246	-0.9566249860919601	0.8982969676208605
2.9784080253608045	0.5973369948270633	-0.9852852170652742	0.8252940623077414
3.1067570657070127	0.7891449930917029	-0.9979453927503361	0.7037201108650835
3.235106106043648	0.9993120791636954	-0.9941884666985533	0.5401237968145383
3.3637743632551813	1.180322793541197	-0.9739954655807259	0.38014821246121056
3.4940738007925343	1.358450063892826	-0.9370890035546563	0.21032077668500054
3.6278179348415516	1.5295734980591429	-0.8826156903648739	0.041168735272455174
3.76656557584398	1.7794095137451253	-0.8094309192951005	-0.20694767213147922
3.9576419699593894	1.9921232401263818	-0.684421424311373	-0.408141410508996
4.146709843545344	2.180868229740335	-0.5350244817174807	-0.5728882781377033
4.340064807402167	2.3511917108902973	-0.3633633784870208	-0.7022523284449975
4.538451256053967	2.5076675156112915	-0.17274013405812036	-0.8040801723746445
4.738958880231961	2.5917870385285133	0.026570985318887616	-0.8514370754361946
4.937052173316412	2.67345775567872	0.22232067044690873	-0.8914868783926247
5.127582844966333	2.752514351815781	0.4033315721684184	-0.9233647060502325
5.307717701190753	2.8307704574369423	0.5596669766087451	-0.9515268006149304
5.476752199014544	2.909026563039338	0.6909308658287392	-0.9713632239919259
5.636598731074559	2.9846633987185007	0.7978862945374665	-0.9860845885403973
5.788976827648113	3.051113664518826	0.8794287699448466	-0.994576239471157
5.936292091101563	3.0997033211584486	0.9388170438097057	-0.9979453927503362
6.080840409279317	3.1364575344248258	0.9776316857482286	-0.9979453927503362
6.211635815861693	3.1526940985665557	0.9954189483531353	-0.9979453927503363
0.05913445021743795	3.1535841757628957	0.9962138379244174	-0.9979453927503363
0.1897318429609804	3.1411743268616443	0.9800411285239314	-0.9979453927503363
0.31951859129620813	3.115218424843975	0.9474371045745367	-0.9979453927503361
0.44727562116742375	3.1599710483676513	0.8997782258422276	-0.9979453927503363
0.5716832677170621	3.1973143161814988	0.8392794797336702	-0.9979453927503364
0.6915833301631898	3.22098931780064	0.7687380999782307	-0.9959924450059282
0.8059604764009968	3.236408872794738	0.691280505070305	-0.9940219866948812
0.9137532996324139	3.24707045198237	0.6102486680620841	-0.9926595480689158
1.013690655068703	3.2896166926333232	0.5283389655022463	-0.9872225822468434
1.1042346199918989	3.361687670986425	0.4489233097227554	-0.9745244020896656
1.1836306760621185	3.433840911342535	0.37704599553157664	-0.95623493812122
1.2499723393041038	3.509711676522517	0.3148290850011404	-0.9312246443887673
1.301544222838188	3.5856625355994676	0.2657618683729254	-0.9027423156968283
1.3549466266660126	3.6612183585333677	0.21373403586744827	-0.8662367428767762
1.3910430877465665	3.770068482817599	0.17856669326627095	-0.8073372288301994
1.4105376438107549	3.927386912406081	0.15957337989959172	-0.705454922876595
1.4195200968051147	4.065917234739838	0.15063855802266518	-0.6013273280697711
1.4205100594663869	4.19206824017592	0.14965384482140168	-0.49626314537443594
1.4188457437221935	4.310023312145872	0.15130933522370815	-0.39081488481084803
1.418865933054611	4.4217075045550756	0.15128925294895795	-0.2860198329359098
1.42629713745104	4.527816134921074	0.14389745388751915	-0.1832317406174967
1.3724331357378745	4.628531143584438	0.19669762739359778	-0.08372441530163532
1.3460547131690348	4.724118330830783	0.22239707260200267	0.011748220755159345
1.335882523193429	4.8152466896468225	0.23230743165570802	0.10247678545146857
1.337265608668097	4.903242369838078	0.23095994663146108	0.18938112716183006
1.3494867227484513	4.990256173945414	0.2190534025280717	0.2741552066275579
1.3724052388649455	5.0779186846141	0.1967248062044404	0.35675525089149607
1.4061693129335702	5.169497386624825	0.16382981525967624	0.4405477608736208
1.451131166915242	5.269033350769102	0.11919511145518857	0.5279608780940814
1.5078668873804866	5.379929223933465	0.06276024263546226	0.6188522964866487
1.5772405496188775	5.506882338397943	-0.006403573398942822	0.7132202671844562
1.6604794482821703	5.564757561629743	-0.0895427189976942	0.7513487069231732
1.7412363202651442	5.647573953282197	-0.16928960297529133	0.8044283656386704
1.840084560752554	5.747786278554414	-0.265524867595007	0.8590602401474055
1.95598092898313	5.860490789264047	-0.3751150623048801	0.9104362614694875
2.088953910646981	5.9812185573567715	-0.4944146049203501	0.9529640457195288
2.240096362874964	6.090404565980651	-0.6191629790892546	0.9794587045300097
2.328557941019521	6.200730222993836	-0.6865171950622987	0.9947207032189336
2.438955042748627	0.027172843047483727	-0.7630106691489555	0.9982602224683945
2.56310611255246	0.1358058313052794	-0.8372158687198146	0.9903424900760465
2.695606360676808	0.24368589985982608	-0.9020236425189304	0.9697344095537436
2.8265451880070946	0.37140942115592707	-0.9504557757709625	0.9310970776301154
2.9512167912925085	0.5209911400308825	-0.98181046094047	0.8669148624154841
3.07571409447739	0.6982386333343796	-0.9977199178513524	0.7644268985205924
3.2004015558356036	0.8648127028778979	-0.9979453927503364	0.647743338516606
3.324893993633956	1.072060084386773	-0.9827145111011709	0.4774296914745024
3.4505271671857853	1.261642723433151	-0.9520052919749461	0.30388429993350824
3.578186542962775	1.4562574702565698	-0.9055458874031215	0.11409599128493918
3.761432037758019	1.6565328505372883	-0.8124992393569029	-0.08560085083508542
3.940924747239868	1.8585397310920897	-0.6960433384150234	-0.2832051274982547
4.122260122094267	2.021364178179936	-0.5559181628671386	-0.43486137864119373
4.312501590732171	2.1806017596517107	-0.3885502678301159	-0.572680086134832
4.5098326984468065	2.3304052863875517	-0.20097250141522835	-0.6878014807087393
4.711984435350703	2.4711569372518722	-0.0003711335274947415	-0.7822577687667737
4.931640549536755	2.5465304536444426	0.2170483411993629	-0.8273085833518238
5.138195724283814	2.621297346359987	0.412814737867222	-0.865908382351015
5.329058171637949	2.6949460000741174	0.5771578495579618	-0.9017760007151426
5.503464479441894	2.768874889632545	0.7106918344719754	-0.9295000706970213
5.66376247009402	2.840359517900313	0.8132537173760306	-0.9539574437152332
5.812461039518413	2.907110306574846	0.8896112082279046	-0.9708774896938033
5.952967006242409	2.9591661114421077	0.9440678475342552	-0.9828263011486957
6.08941172248161	2.9825724028923153	0.9792690439277463	-0.9858173810817094
6.224364080952472	3.0274426762104403	0.9962338925083183	-0.9915513340403059
0.07610370433893622	3.1152455395180203	0.9951273587879836	-0.9979453927503362
0.21055480002525942	3.1934458900442335	0.9760633670927163	-0.9979453927503364
0.3422331497676322	3.2559807195256516	0.9402844631838114	-0.991520908805913
0.46757483300335323	3.298641725795952	0.8909767607193777	-0.9860692771346282
0.6248119477595563	3.330445976091439	0.8103157831722756	-0.9820050256471274
0.7673701246191261	3.34876834026404	0.7196445981010273	-0.9777992048923855
0.8954246392310797	3.3618758085516403	0.6250975177665142	-0.9744767128216143
1.0200925536377126	3.3758742331873988	0.5230919024264167	-0.9709283803873798
1.1321423287779195	3.395573957608554	0.42419730247794085	-0.9659348776949048
1.2330561355543415	3.4247610718503187	0.33069353403333646	-0.9585365034620494
1.322911071836777	3.466169455971616	0.2449449994459655	-0.9475534108145841
1.4011554355900229	3.5210428814304846	0.16871463601557576	-0.9269753296794042
1.467220619091104	3.5890667766937794	0.1031909765736679	-0.9014656913771935
1.5195033328526106	3.6682274594924733	0.05118550156648253	-0.8627996099347741
1.5591095002334283	3.7894657471800555	0.011705747830937327	-0.7957434674923463
1.5870076256427508	3.912084073744743	-0.016158944609554075	-0.71609354864883
1.603222623426002	4.035419408412795	-0.03235451042354118	-0.6251551564726741
1.6111381786544916	4.158767792674527	-0.04026057969168921	-0.5247202766193552
1.6119103599068358	4.281550550629816	-0.04103183556602462	-0.4168329037591908
1.6077005506342088	4.403426012992539	-0.03682707130700087	-0.30353370662540113
1.601306313848915	4.524395923817418	-0.030440497341914657	-0.18660579802607502
1.595907999604946	4.644972150433573	-0.025048652409743796	-0.0673031112698572
1.5946988735973866	4.766442072483222	-0.023840975412522315	0.05393096379204328
1.6006168323695844	4.891203856042501	-0.02975184213361376	0.17765248323429167
1.6161205796934004	5.023184429971045	-0.045237009847028095	0.3054240653639993
1.6430816218769833	5.16819021761044	-0.0721657420574586	0.4393896195597742
1.6827694584305979	5.2278757075530065	-0.1116117163330519	0.4922704872815073
1.7358872805299432	5.321406416555116	-0.16401274531932836	0.570886391001155
1.8026460615458921	5.435117342245806	-0.22965836600313003	0.6601306089465057
1.8829620638025721	5.565180540319701	-0.30660199579157565	0.7516227059128197
1.9765934561270297	5.71084482503134	-0.39395050689288696	0.8389211919059776
2.0835305492518392	5.8720613777263635	-0.48978003335779907	0.9154531129425911
2.2031551238654314	5.994389380625559	-0.5903009384090219	0.9571114376127399
2.3347924169044907	6.100125775374642	-0.6908514403153566	0.9813157247252113
2.477802030328035	6.207809432916792	-0.7862295465264234	0.995173959079719
2.589645263943651	0.03117340905945456	-0.8503867889553856	0.9980040808917046
2.711463334387207	0.13646869836301337	-0.9079701656098861	0.9902158641118216
2.8386830358615454	0.24209243481982315	-0.9535324876399349	0.9700388055028177
2.968414041080858	0.3739692049763147	-0.9840080901058754	0.9302910212091619
3.098920677625098	0.5097049007084661	-0.9979453927503361	0.8727097302293798
3.229427314138781	0.6513196245910241	-0.9949141570774219	0.7948202996448172
3.3602013936726705	0.7997833275164109	-0.9749011449115108	0.6958501802706267
3.4925317650867944	0.9546860758979666	-0.9376672823043553	0.576699736191486
3.6284271294426906	1.1136549847329986	-0.8823169526460308	0.4405769417488319
3.7880988869396495	1.2929728260303817	-0.7965604410156921	0.274112638478562
3.949329523194076	1.464591390584924	-0.6902002874585886	0.10580626310967385
4.1204224672354135	1.6267279629659113	-0.5574885437306111	-0.055831681286427404
4.3031585003995465	1.8001588505589359	-0.39708785562865867	-0.22727559001815875
4.536880398415305	1.95273902836725	-0.1742897939162159	-0.37215265798715896
4.768299106552809	2.0876507770971626	0.05577815059519889	-0.49330100299487184
5.004486155556957	2.2068973560124006	0.28788834483116466	-0.5932247292551498
5.237302774064239	2.311964788956458	0.5006227929702798	-0.6749815356276407
5.45872273273791	2.4047243595557353	0.6775931907202506	-0.739468548804621
5.6660820740583615	2.4886313390814925	0.8145182755263942	-0.7927022335401921
5.862058239974831	2.569091328784178	0.9111158870073783	-0.8403075208671409
6.00297945196523	2.652386136871036	0.9598163856261785	-0.8811537478573727
6.1414821913154	2.7430722880688974	0.9892159454169517	-0.9198238380938015
6.279142620268742	2.844606523797384	0.9997411615765596	-0.9550339783371695
0.13375125818363165	2.954699905651906	0.9907349704377778	-0.982255566628697
0.27100529628540093	3.0622425162445053	0.962713571529917	-0.9959983906540976
0.4056264540492075	3.1571077004207835	0.917836744308343	-0.9979453927503363
0.5607131264872459	3.2275493063956224	0.8452599754200285	-0.9951541468804437
0.7065672712031402	3.250226765973678	0.7590317369785341	-0.9922562040593885
0.8433595497627581	3.225248911221267	0.663613757635625	-0.9954481133919115
0.9730733421322372	3.164978107505859	0.5616293403263704	-0.9979453927503363
1.0971829984116952	3.1680577679552355	0.4551709901617582	-0.9979453927503363
1.2164392812682068	3.2102308499771643	0.3462772454734116	-0.9973672649890607
1.3311907458657815	3.236237631895839	0.23687844321059714	-0.9940438694958151
1.4417545430590182	3.255315715050794	0.12852201403012053	-0.9916058894421809
1.5488787847694625	3.3466120646162656	0.0219242028585402	-0.9783457794546832
1.6542467595079473	3.4403792317242994	-0.08331749944538001	-0.9545775991791816
1.761068157948158	3.5363044797914567	-0.18885382191738426	-0.9212520782749513
1.8747021681491831	3.6356950882367682	-0.2986889232358173	-0.8787528806290934
1.9182753420228154	3.7348019547892717	-0.34043251187367785	-0.8284160625015344
1.9908522130345347	3.887793856925966	-0.4069799633855449	-0.7329802539445138
2.003489592863707	4.029634586518202	-0.4185278277424108	-0.6296748144301826
1.970359276990925	4.164253176544132	-0.3882537995047024	-0.5200327033157359
1.9393036999841358	4.2946794407049	-0.3598756391861567	-0.4048359040810382
1.9402284778210004	4.422571020549582	-0.36072068848947003	-0.2851925749408546
1.9608579476994223	4.54881540874501	-0.37957161511590126	-0.1625158393841821
1.992107881951553	4.673919923704104	-0.40812737641948615	-0.038390028860711634
2.0341233287216185	4.7982599903060565	-0.446520515404976	0.08558016122399437
2.087918684880228	4.922210877154579	-0.4935299454721134	0.20786138742733562
2.154594365313335	5.046192932102616	-0.5505081163765693	0.32700202781781584
2.234925745481617	5.170638320283973	-0.6151231966252664	0.4415586189894998
2.3293118169191502	5.2959052884584485	-0.6870412941364872	0.5499853994928297
2.4379784540260077	5.422195894751989	-0.7624269612423292	0.6505716976642966
2.560021598265179	5.549518979358246	-0.8353722519178932	0.7414773913104431
2.693342757999018	5.677705167661201	-0.901174768967264	0.8208547355315754
2.8061120679764273	5.806470697847401	-0.9434643834913801	0.8870138766803788
2.9240892344383753	5.9355095618641185	-0.9751813225895988	0.9385706313152591
3.043927669347339	6.0645784928347295	-0.993657944234088	0.9745252093802832
3.163766104240955	6.193561464237802	-0.9979453927503363	0.9942617138746292
3.283321283668235	0.03930564106038992	-0.9880270698550426	0.9974834038873769
3.4036439863821486	0.1682848618745384	-0.9638892800231922	0.9841380958239313
3.5264760093320064	0.2972467316762769	-0.9249378525975491	0.9544503434700385
3.6536897945498183	0.4255391888016812	-0.869928610838845	0.9092028504487675
3.7871544447430154	0.5513555915039655	-0.7971249349165108	0.8503613407014845
3.9285050639108747	0.6714229606147472	-0.7046775772037157	0.7817976725248309
4.079442717814415	0.7804501188847001	-0.5907599228287743	0.7101523260789346
4.241988750098627	0.870061288557571	-0.452983934465172	0.643860587385738
4.41833616098551	0.9271446100841262	-0.28924961783826664	0.5992730098490201
4.609896276673651	1.0680641041618757	-0.10225922109043038	0.4809700980606725
4.816083669469903	1.2695955182750454	0.10330932703431965	0.29642596529181797
5.03268400497253	1.5330629713202542	0.3143330100461473	0.03769776558834951
5.251356320567495	1.7118690589618013	0.5130741230066925	-0.14031863522879948
5.4619921275050975	1.8661736178580228	0.6800117939410599	-0.2905184765278501
5.656679971340991	1.936518115583374	0.8093926136442025	-0.35733021036709545
5.834433314578198	2.0167261739954925	0.8991380910532791	-0.43062323403111463
6.000025317499641	2.099926508378998	0.9588861511917771	-0.5037913153607924
6.160048127185482	2.188504967990488	0.992115977754531	-0.5788548308562879
0.03600724708486633	2.2019207021867246	0.9976945879625571	-0.589336489742365
0.19557791363818064	2.2392306661380688	0.9789243671344641	-0.6184866137288352
0.3541521757090379	2.294306994797941	0.9365312527310141	-0.6615175266305086
0.5087306975335991	2.3636542599539028	0.8731321316179395	-0.7109163677510371
0.6563456111318459	2.445722019101501	0.7915645440551003	-0.7670552966463243
0.7966239103611755	2.5400788822013127	0.698187425250714	-0.8234524736361398
0.9304693640217451	2.6448359079243446	0.5965480067215497	-0.877451255799726
1.0591698004118213	2.7614540023764236	0.48885038019517674	-0.926717164057341
1.1835577386637637	2.8634257942912087	0.377114398091386	-0.9598043028286336
1.3037675605243264	2.9701065324756457	0.26359575912603694	-0.9842243728544056
1.4195053448461918	3.076787270692512	0.15065323175659892	-0.9978570585790267
1.5302778902715544	3.180730472938406	0.04046807822995881	-0.9979453927503363
1.635670724074329	3.281762439424574	-0.06476372543630339	-0.9882262738915226
1.7356473247847986	3.3812836425437838	-0.1637760276328759	-0.96955719876025
1.8308601552370958	3.4848108590721822	-0.2566877837878273	-0.9405626989669232
1.922911210266305	3.5927532445921586	-0.3448737255777055	-0.8998107632651601
2.0133499376500397	3.705939779890555	-0.4275380755662239	-0.8443061883795906
2.105711996042898	3.822343933009519	-0.5087353444691272	-0.7760921479760661
2.2046510998653717	3.9388048494982812	-0.5914697384093626	-0.6975171041160974
2.261643325799183	4.051594589824595	-0.6359975341049592	-0.6125175526338575
2.296715910246681	4.18806444399351	-0.6633996025310714	-0.49968461751639365
2.3528128159829635	4.311163433467185	-0.703379330486907	-0.3897730575850409
2.4261355116060686	4.422080385374648	-0.7543537109014682	-0.2856626089340888
2.5142081128836424	4.518185229574427	-0.8079894929038538	-0.19273268267965163
2.6152667689828832	4.667057030348743	-0.86295109920114	-0.045244697760261736
2.7281413676541093	4.865529211707808	-0.9142245942130138	0.15249267514436574
2.829824595166207	5.037878517185866	-0.9512870426520954	0.31920455661029573
2.935971571955156	5.2071563084042	-0.9781932674835702	0.4739132650032596
3.042118359379272	5.386444378991562	-0.9934267332902443	0.6241237654553113
3.145334780524982	5.48573975011461	-0.9979453927503363	0.6975795949011567
3.2447424198302515	5.609658516907493	-0.9929570462979038	0.7804348445285592
3.3409591516914703	5.717247788681603	-0.9797786845708572	0.8424118394453392
3.4391322870691554	5.834975527203247	-0.9548936757577018	0.8993731871519411
3.5397699618677536	5.9582363934995675	-0.9199524879770573	0.9457271374318212
3.6446042044273868	6.083843494129353	-0.8743840155033717	0.9782053581163876
3.7519718840138467	6.210160644879969	-0.8181535812620231	0.9953244985627768
3.899829878365756	0.05333602036474469	-0.7246127392161499	0.9965850901323177
4.0442592620474525	0.17980817862176077	-0.6182486145685182	0.9819368232200796
4.188339395790825	0.30689649029658594	-0.49944965552731263	0.9514117080061372
4.334448437186444	0.4350877471195872	-0.3684955405574686	0.9050627240395344
4.484759252564293	0.5644705941561966	-0.22561555209495043	0.8432115497238566
4.641169813619568	0.6946801055711148	-0.07110089138314091	0.7667320572316855
4.805025736492182	0.8249960676857796	0.09231003079030099	0.6771985279247335
4.97660597582775	0.9545966436311616	0.26085636293463865	0.5767730358134469
5.154670083463818	1.0826385671913583	0.42741088861401905	0.46805724013961014
5.335288268932436	1.2082072890264242	0.5822641025109487	0.35399741858583517
5.513928246642562	1.3302293533049847	0.718422270481915	0.23781508964483658
5.686808957057989	1.4474577154360928	0.825817768556987	0.12284908377882216
5.851014192491695	1.5586589345196542	0.9063273366181521	0.012155773589096358
6.008090154940353	1.6630239148789114	0.9614257070524151	-0.09208413631885955
6.161381039119496	1.760598600221604	0.99220131921955	-0.18839060059039042
0.030612627201881244	1.8525105750012882	0.9980399856983614	-0.2774291284301637
0.18329372071327127	1.9409827591937783	0.9812709881585324	-0.3614099404623864
0.33527314849675177	2.029242641555682	0.9424761145527882	-0.4420606104149854
0.4843671067060296	2.1191247299372606	0.8836958567846813	-0.5201972904015082
0.6283832023504329	2.2144679333183945	0.8083688736267927	-0.5991395906955594
0.7672866080600454	2.3192538608089053	0.7196986988237118	-0.6800489423605518
0.9017849732996109	2.4358453148444483	0.6200580335969158	-0.7611040247001842
