2.005411075170543	0.9314999123694498	-0.42028365191984357	0.5957033585090217
2.3684928566037398	1.2555819322891715	-0.7142801893373194	0.30956826506071955
2.558417289392298	1.549676013614519	-0.8344133551458112	0.02112792940839787
2.7020915028202395	1.8484411023096787	-0.9044556354204987	-0.2735305280090833
2.8454805296018	2.14708201655965	-0.9552555220625684	-0.5440883859981026
2.9758208665779224	2.4084519278100447	-0.9849546051554182	-0.7420599767465657
3.1063009468182594	2.660767995940546	-0.9979453927503362	-0.8852640558827697
3.2368597126069973	2.8557072382005875	-0.9939643740688775	-0.9578477967478103
3.3675471893559505	3.0485134581725393	-0.9730391264518293	-0.9942439602187765
3.4986158065764936	3.187638628633447	-0.9353857061432557	-0.9979453927503364
3.63020095464753	3.3267635998582232	-0.8814471017078751	-0.9824755949246403
3.7623101794226135	3.464714757805291	-0.8119743733402371	-0.9480989371170431
3.8948069142126096	3.5982230059807607	-0.728104734203177	-0.8971284938609463
4.027487752600001	3.765883595763624	-0.6313521270905628	-0.8098385393667289
4.160104146505134	3.9186260205570953	-0.5235782860696595	-0.7115455477518253
4.292473903534524	4.059865499891359	-0.40685129369675044	-0.6060555240389889
4.424504139100132	4.194536140526038	-0.2833406257163982	-0.4941541838008787
4.556166856369707	4.325176536305717	-0.1552635951307868	-0.37696807641128316
4.687464851426125	4.452928214639314	-0.02486133330983898	-0.2561100429693124
4.81839868879315	4.57799365387165	0.10561207053966695	-0.1337313371545882
4.948939946326571	4.699904148986939	0.23390245363835027	-0.012436942938719931
5.079013317170172	4.817634142360624	0.35778182533169967	0.1048515782559278
5.2084862211158836	4.92968256355444	0.47509155705138806	0.21514075353599915
5.3371667503204465	5.034186512190382	0.5838037255186262	0.3157420997881915
5.464836483336467	5.129116110321984	0.6821159657112973	0.4047695076796827
5.5912830234468744	5.212665396828243	0.7685314868370298	0.4787942733773124
5.716329428704347	5.283665226487136	0.8419111851905354	0.5399533165844185
5.839906154201325	5.341998089506268	0.9015110406759163	0.5877635416849509
5.962126331953684	5.389440377756119	0.9469520494119193	0.6263401182598805
6.083323608877829	5.429940707323021	0.9781060456366188	0.6563010848942686
6.203989656905253	5.462226910330227	0.9949293928240266	0.6801854794509123
0.04137568214983454	5.493592788789539	0.9973508667446633	0.7033890446571012
0.16190170735524909	5.5254169145133245	0.9853574551002308	0.7258644501087066
0.28176581880735063	5.5657655995720505	0.9593251649767738	0.7520016981595521
0.3997023838481526	5.61817751350491	0.9204053414381886	0.7859533174821859
0.5141894233321371	5.687624620446915	0.8706228946572313	0.8262624366133771
0.6239778901379525	5.78049583968424	0.810770479051178	0.8757515276767891
0.7283543330272015	5.904158451415087	0.7449184185800342	0.9286984055123652
0.827188004072603	6.066988306908683	0.6755769970964018	0.9749855506012817
0.9210195230000229	6.206969997490324	0.604293195334435	0.9951202131065189
1.0106931464502897	0.057669303623389935	0.5307957549408192	0.9963076458899799
1.098905469970085	0.1792205127217492	0.4536448941085749	0.9820490836806997
1.1870572293639847	0.3108344774800702	0.37383248610489317	0.950171665847265
1.2768183166518685	0.3984984733371062	0.2896522400273331	0.9209273408369659
1.370587754143198	0.4280266820976564	0.19849550909244557	0.9081243068252609
1.4703042333722294	0.42218536495672576	0.10012371372728254	0.9106570233416926
1.5780540279374369	0.4004362886410264	-0.007216076849303355	0.9200871301948075
1.696065281260214	0.37329686886262503	-0.12472812001745098	0.9305027347285466
1.8267925175308226	0.3477642757880275	-0.25279094130325286	0.9385427537440014
1.9731509852989821	0.32885843976185103	-0.3908048242662562	0.9444960574570018
2.053277274929719	0.32042244880847703	-0.4639268853501902	0.9471524867307998
2.158029783563197	0.33176430786327926	-0.553443877165172	0.9435810217329128
2.2764703915650872	0.364352482231747	-0.6475818606402326	0.9333192539275068
2.4026608822910958	0.4187397502357679	-0.7380340069595529	0.9121509955233914
2.5335028422731614	0.4943403542376712	-0.8195219690015407	0.8793715908466353
2.667297820944023	0.5893929365969093	-0.8884661607969246	0.8296248548638561
2.8031062243592664	0.7004708293219097	-0.9423371621940698	0.7629809168203399
2.9402592697078282	0.8701315878626097	-0.9792801167112424	0.6438085820031841
3.0781400342026752	1.0405101119480527	-0.9979453927503361	0.5053827152456355
3.216218256883001	1.278968119732889	-0.9966021368317475	0.2876360996501762
3.35429647957023	1.503852394494669	-0.9763979274978554	0.06675344793066303
3.4928189371926055	1.7335381113977009	-0.9375595899041866	-0.16169527681389775
3.632946658969668	1.9672197642903944	-0.8801006592996858	-0.3853849558597013
3.7760649577211303	2.200425406130845	-0.8037531307016753	-0.5881682209795698
3.922512287974475	2.337949384860184	-0.708843791194149	-0.6930461834867929
4.111492808340474	2.474777475576633	-0.565119446442505	-0.7844217675898795
4.292878805583463	2.6018435547684695	-0.4064812997579616	-0.8563686042373637
4.47123548362476	2.718394970431365	-0.23857147421993896	-0.9105695981717031
4.647492302253159	2.8270357872281173	-0.06478597958714424	-0.9505801332735717
4.819959711906407	2.9313009956161156	0.10716481603930636	-0.9770093658702377
4.9868593760133955	3.03431526536484	0.270845841857541	-0.9924295792570376
5.137009800328542	3.1373295351084827	0.4117640187080577	-0.9979453927503362
5.281546933211194	3.2440083700553326	0.538217141243282	-0.9930508502034163
5.419676796603918	3.344665689532483	0.6487081420742503	-0.9788391482457205
5.5514140879533045	3.43497469161306	0.7427050130621866	-0.955947546545962
5.676985159945076	3.5124815888628578	0.8204622152394276	-0.9301858996703498
5.79708555520514	3.576579103298339	0.8829446051093206	-0.9061486932888131
5.91274992769941	3.6340157306887853	0.9314037959321698	-0.879576406382717
6.025395613660473	3.684797446401658	0.9668750641456968	-0.854673996081244
6.136621893587829	3.734313345204313	0.9882874939590116	-0.8287081048642897
6.247640762552219	3.7819753272229586	0.9977242131047612	-0.8002204978446755
0.07528952050236933	3.8320519178473478	0.9951794879944482	-0.7702896772163683
0.1842379971411225	3.8869462563880233	0.9810906052117916	-0.7335695109527773
0.28815354698431456	3.944802447116675	0.957313718044678	-0.6933475380632484
0.38342435228531485	4.007048230257695	0.9273136673643649	-0.6473214432571355
0.4670672684451715	4.073429693067606	0.8911968338824414	-0.5954578747520672
0.5370933019522499	4.140710700016685	0.8581365880164232	-0.540151091945317
0.5921789239888997	4.207613005431643	0.8281060425504136	-0.48297925707128114
0.6362649615960758	4.270120378592569	0.8040720440617033	-0.42727763819354464
0.6674011235966648	4.325491441934631	0.7844029557356392	-0.376680319966746
0.6879351269180378	4.3685107175852504	0.7711013490660177	-0.33698295071485274
0.6940035256299413	4.434453341239124	0.7671703351513486	-0.27380917862536336
0.6851874577218271	4.546483583087108	0.7728812462606474	-0.16481619845504406
0.6581364082743639	4.631787116584791	0.7904044936332684	-0.08047234424244332
0.6980948451011169	4.70735663663462	0.7645200422925422	-0.004993386313593452
0.789262559905445	4.7827165440128585	0.7036331383534642	0.0701191369280141
0.8514326694605141	4.865774362601796	0.6576414983358498	0.15273652608042115
0.8977102215684254	4.8517076938685975	0.6233977427662201	0.1387444484584424
0.9349413083657097	4.872456406978108	0.5928827543293969	0.1593831376812338
0.9689084669286117	4.9055532005771205	0.5650429156370087	0.19163247740117578
1.0027540622140552	4.9439540620003495	0.5373027114792284	0.22904490536294508
1.0366049298990698	4.984705703319635	0.5088426753726324	0.2687476044346745
1.0721434745274343	5.026716294608832	0.47735580847543757	0.3087363384581072
1.1104337028628009	5.072546761398607	0.4434309717758328	0.3517173237467457
1.1523183818925733	5.121297410706534	0.4063214804493484	0.3974369309749888
1.1993141683963588	5.17293594476727	0.36233761482961857	0.4435942959436865
1.2507204561352245	5.23077392375972	0.3141274818806643	0.49483828370914323
1.3077084714825875	5.294171950666469	0.2597562867323134	0.548564737695677
1.371304276421673	5.363233976685885	0.19779743000950512	0.6051686970933866
1.4423826761585778	5.440507518866275	0.12789721172243337	0.6641181049399038
1.521952031968684	5.5255531550072785	0.048749787130120896	0.7259527045730061
1.6017989571056641	5.619652714237766	-0.030932550217539392	0.7869089294785455
1.692164864950319	5.722008708651295	-0.12088033748353805	0.8450073084320511
1.791999024928431	5.832004521964619	-0.21936729542110917	0.8980849992558322
1.8999357995478063	5.948031124022188	-0.32286302475980444	0.9425135758317031
2.0149626561383402	6.068577064089274	-0.4290117556012035	0.9752890472188376
2.136095006528199	6.191208110468766	-0.5346993594259772	0.9941110372595936
2.2620875407809975	0.0310191903857588	-0.6363445974742357	0.9980139549480549
2.391919124434881	0.15406156436312685	-0.7305662720838696	0.9868551395219489
2.5246439325047763	0.2784172720290203	-0.814226991129969	0.9603795968432612
2.659431195005632	0.40619521124817787	-0.8846085135304624	0.9175901388395904
2.79576826739888	0.5392509622940724	-0.9395853552413498	0.8569603152505062
2.9331925888053685	0.6784558206265703	-0.9774888485006373	0.7772418956421804
3.0712314260889175	0.8636333552094029	-0.9971470795829903	0.6486157856429375
3.2094371847447483	1.0455561057815728	-0.9974686871282862	0.5009120049826917
3.3476429433844337	1.2329368185173641	-0.9780844714386717	0.3308054326058413
3.4862883661407547	1.4281875884970403	-0.9400086190989245	0.1420170273076453
3.626566639344986	1.6264383101421127	-0.8832293024381653	-0.055542375581070946
3.7700827415711795	1.8210767495891775	-0.807328706361108	-0.24731517159234168
3.917830810783268	2.00331551302173	-0.7120983823847582	-0.4183687559704464
4.068671167860685	2.165881941449681	-0.5991756912569396	-0.5601539938241795
4.297147460472224	2.305381269363966	-0.40258066146837795	-0.6701698125743069
4.510488128528919	2.4217569532067578	-0.2003259159685019	-0.7513097106827485
4.714721962369139	2.518560008831171	0.0023631128527569698	-0.8105906247975072
4.911128770002672	2.598294781167066	0.19706453235380525	-0.8546283515686893
5.097600100688555	2.665043857502757	0.37521298684771054	-0.8873608589844318
5.271781353708273	2.7241529096641464	0.5302131700663717	-0.9127288827381902
5.4329579272943205	2.7808200961924885	0.6585331365307718	-0.9339796421418777
5.582169022980852	2.837487282695212	0.7626275796695661	-0.9532293871229952
5.7213468384019235	2.893486105323212	0.8446464824327891	-0.9674240157172945
5.852322357719539	2.9372820456232396	0.9068945394593688	-0.9785254474496495
5.977363903320778	2.955155972879005	0.9517502445338504	-0.982313847263798
6.0988802114504095	3.0258411703192887	0.9810777875233706	-0.9913466782902133
6.219155848601253	3.089463751875948	0.9959004284829236	-0.9979453927503362
0.05419757003432506	3.139011876113471	0.9965299282651963	-0.9979453927503363
0.18405477220384298	3.1798650401220754	0.9811256062487	-0.9979453927503363
0.31051019796527085	3.2051210591179795	0.950273778995651	-0.9979453927503364
0.4290983435366648	3.220310727851412	0.9076596488446865	-0.9960791617241318
0.5668082972953413	3.228713154232057	0.8419371246050948	-0.9950054192652191
0.7200429892398638	3.2422828310911487	0.7503023772862305	-0.9932713560866478
0.851722715530019	3.2518862931049717	0.657426930684085	-0.9920441337999343
0.9652435564571525	3.311583902839224	0.5680467146200329	-0.9844154018880522
1.0621542779393842	3.3682478252296515	0.48620615692574554	-0.9728615286820852
1.1445022147727812	3.425807641229793	0.4132465421343645	-0.9582712181767052
1.2126393070468844	3.5152303501421573	0.34984095860016295	-0.9291550868105063
1.2672058119317555	3.63465347468286	0.2986670930912848	-0.8792636685717785
1.3076588015329904	3.7525918227743023	0.2598046781835021	-0.8177830433398448
1.3343264866050781	3.869333765639428	0.23382341605319187	-0.7458138207921434
1.3481383526408586	3.9845544481373376	0.22036706575453255	-0.6648957442826778
1.3513121369942376	4.097288330887209	0.21727497422100367	-0.5768172174869813
1.345923547842783	4.206050763536843	0.2225248617488501	-0.4843142818523979
1.3348090168569826	4.308863935522257	0.23335330607076762	-0.39187430726779793
1.3213394163228884	4.4031965264607456	0.24647620073975998	-0.30375355729335807
1.309147880376787	4.485823693882728	0.25835392804644297	-0.22459580538899
1.3019376928521524	4.610016538409396	0.26537852622884384	-0.1021405822145946
1.3033694133841565	4.712327260522254	0.2639836580076693	-2.871919585219207e-5
1.3171141301694924	4.802884968111715	0.2505927285459869	0.09018061422989862
1.298901087664482	4.886999042491879	0.26833696957155834	0.17355590106855512
1.3023348321223047	4.968488181452439	0.26499160927477844	0.2529475195905388
1.3219329535531685	5.049407665718316	0.24589794108496354	0.3300168873189654
1.3549562067459207	5.133232497848073	0.21372470237762164	0.4084173588581194
1.401285165267516	5.224190597377304	0.16858824556406418	0.489005509077779
1.4620668348217933	5.325072590903498	0.10831743194919952	0.5738912258709341
1.4974642104783265	5.440884277349471	0.07310775742038572	0.6643968199149417
1.5536629851101182	5.576900860257655	0.017145735878765302	0.7592149461310004
1.6251537422886806	5.7379447804403005	-0.054259347147093545	0.8536950369302594
1.706802060826145	5.857856515804307	-0.13532001319035544	0.9092940759419235
1.7999264055600215	5.946079394339093	-0.22705290510556206	0.9418989910255589
1.9028746968772297	6.026633549627902	-0.32567852132023734	0.967264880749477
2.0143624568810123	6.102037085176383	-0.42846330175203495	0.9816808378255748
2.133273536160252	6.164231613207693	-0.5322882521109494	0.9923838310289383
2.2583333459930364	6.271873382065023	-0.6334114602650671	0.9992757389015521
2.3883901547124706	0.09360945129049651	-0.7281129110396127	0.9940065299822869
2.52258046864205	0.1964936029885706	-0.8129936570315776	0.9787494451111554
2.6598458057463317	0.30199496804892617	-0.8848118309378277	0.9529551600151329
2.7995254151392706	0.4105494705083032	-0.940994323068528	0.9157021906116694
2.9409744643408073	0.5554489827435233	-0.9794614048475165	0.8481297824983671
3.08343585429916	0.6989712015559021	-0.9979453927503361	0.7639523522672949
3.226181172872667	0.879493705631151	-0.995328980075822	0.6368827593965525
3.368926485062306	1.0469640211047804	-0.9726895014176837	0.4996646032433145
3.512349563747974	1.2975934334022086	-0.9302354104035186	0.2696109649735628
3.6584538992776734	1.513812586042213	-0.8675923823560772	0.056846072139968194
3.81038048938787	1.729814589861227	-0.7832427083611025	-0.15802200196466032
3.9715867737529846	1.947756187701443	-0.6747269125733573	-0.36759940653009776
4.144514720998699	2.1678638574631313	-0.5369003391036601	-0.5618476540703008
4.329505323881949	2.2864529273585132	-0.3730124896966527	-0.6553811754950319
4.527539277114232	2.4168652635352563	-0.18350486239448272	-0.7479089785074503
4.7322726270016195	2.5484066878934817	0.019892744859747014	-0.8284300101515414
4.937188569103291	2.6786603507556803	0.2224535554229678	-0.8940381343992438
5.134725611118486	2.808260065163238	0.4097402452987313	-0.9442699038323958
5.3199817982129	2.8907905368540083	0.5697187588963948	-0.9667407407576578
5.491063375462178	2.9733210085426967	0.7015178581972367	-0.9846351493706156
5.649551128682705	3.0527691452380585	0.8055062450119802	-0.9947877926413514
5.797467919209018	3.1242399490206045	0.8831103929966324	-0.9979453927503363
5.937777148163099	3.18199334005213	0.9392846769630993	-0.9979453927503363
6.0554708077917025	3.2320852073298623	0.9727853893259089	-0.9945745060479178
6.171643911096601	3.2693534578878234	0.9928584132911682	-0.9898120123132914
0.004496477367662252	3.2994279885187785	0.9997121070370898	-0.9859688009589245
0.12013008422286377	3.325668034757224	0.9923085110735163	-0.9826155967184265
0.23265724944283664	3.3414666611869874	0.9718411871901587	-0.9796500406376659
0.37811978675458036	3.350644586870003	0.928984034632242	-0.977323612326808
0.5336581125567851	3.3558593148416724	0.8600093200926122	-0.9760017787005929
0.673223102107463	3.359551332018074	0.7806315689788726	-0.9750659230857179
0.7912886954045771	3.3644880828418655	0.7021342622026919	-0.9738145513404256
0.8851542312794426	3.3734378096719793	0.6326952670503133	-0.9715459670664701
1.044210803830743	3.389205370414362	0.502103931773878	-0.9675491925259949
1.1692916615086153	3.414252214873552	0.39049349054411253	-0.9612002973551237
1.270479468176407	3.449963361605813	0.2955969744399336	-0.9521482058869092
1.3535688275063817	3.4966438345006052	0.21507637064575863	-0.9361252153143089
1.4209280700947025	3.5527066039923474	0.14923805077171312	-0.9151011183198775
1.47361326644475	3.6145375316654436	0.09683222741431256	-0.8891281534476563
1.5126338378963622	3.761414868144022	0.05801856975588077	-0.8125095016497308
1.5383623127708566	3.8992999880896617	0.03242652487538653	-0.7249811221333637
1.55291966901597	4.029948819393776	0.017888161186760725	-0.629429305554978
1.5573925031061888	4.155563494521185	0.013420687317722639	-0.5274585321065735
1.5565456615285411	4.277354391228147	0.01426651404481479	-0.4206672966669995
1.5527394379176043	4.395782760827813	0.018068176297112618	-0.31085602781194305
1.549498143013735	4.510897273561041	0.021305586849976202	-0.19992229210290458
1.551227067034545	4.622657885287761	0.019578734762747754	-0.08959063511602468
1.5629532012148237	4.73123601883072	0.00786665312086737	0.018857378954704455
1.5380103052986511	4.837256321721479	0.032776665762901044	0.12436970738350903
1.5354405931123187	4.942025760955988	0.035332751575347175	0.22716623855087364
1.5508660083904884	5.047647535123441	0.01993936071599746	0.3283661917772552
1.5799391706435228	5.156349016763836	-0.009098960410145338	0.42889841011777624
1.6221075348080367	5.271420772855161	-0.05121679022569905	0.5299176342249614
1.6770496302099067	5.396859139062044	-0.10596907375955954	0.6318283022409052
1.7443446220310745	5.536860335133183	-0.17235596007536186	0.733277319272995
1.8244365632981063	5.605115806519048	-0.25053391075906184	0.7774921476829706
1.9160291823331077	5.6947222642513955	-0.33828066573150734	0.8301317968400836
2.017930141241897	5.797669948425063	-0.4317234027875759	0.8831979901463732
2.129020376762024	5.908500944241211	-0.528653684881909	0.9300658234160031
2.24819104415172	6.023705110993563	-0.6254873208430045	0.9663427377365491
2.3738529378360296	6.140631764201966	-0.7180065501518773	0.9890534902881515
2.5046706200588273	6.2578645690396675	-0.8022889253647314	0.9983788059562807
2.639570501134389	0.09181781319772399	-0.8748691980955514	0.9941212420016781
2.777561541105647	0.2089606293817167	-0.9327576515262063	0.9763678978316064
2.917646056490301	0.3257342334178003	-0.9735481004315643	0.9454798462300804
3.058884660392244	0.44028562511030855	-0.9955692916967075	0.9028089940810546
3.2004581208900005	0.614537497567272	-0.9979453927503364	0.8159170150768978
3.3420315814096098	0.8307422651623061	-0.9795068441851476	0.6729476580500962
3.484276704734369	1.0246652814567865	-0.9407630121642554	0.5193440468431636
3.6292485767504585	1.2105616164219084	-0.8819141301416723	0.35178947006953243
3.780292437410302	1.3974068224451264	-0.8012263625110153	0.1723667603180568
3.941396831127455	1.5867673703557292	-0.6957151428478945	-0.01591897724322271
4.116501355544602	1.793959790271944	-0.5608393572596707	-0.22130160141371077
4.30860892376004	1.9985836373746073	-0.3921073335184365	-0.4140448329052875
4.5185995437255135	2.0979060047246305	-0.1923239594492468	-0.5020646797751664
4.747821071099575	2.2095403851713753	0.03540870371037599	-0.5952897172509689
4.989934656007612	2.318007239285225	0.27384196452202597	-0.6791822835553751
5.2388098344397696	2.4185343794279808	0.5019580364347095	-0.7490693579472498
5.489187544953949	2.510661841540375	0.7001301733099818	-0.8058698835184865
5.663245182480291	2.5967380941816307	0.8129717122242552	-0.8538649811807832
5.7975964706280285	2.6809571479528307	0.8831661311622349	-0.8951644410901423
5.931272737482103	2.76744167485042	0.9372364875995376	-0.9289626008776308
6.0626282885324505	2.8576628350168845	0.9741526663532458	-0.9583435030713507
6.1926433127047025	2.9453721377340143	0.9942029279976745	-0.9805761307929222
0.03933000032064504	3.0233722870040323	0.9974818442532376	-0.9910311807515739
0.1689310944487895	3.0779372914485625	0.984014647506696	-0.9979453927503361
0.2964775783137791	3.150615491314361	0.9546925440033809	-0.9979453927503363
0.41878131284673137	3.2455330216763647	0.9121329745345093	-0.9928560156274986
0.5317249981030786	3.3132868519624017	0.8610631791459676	-0.984197782750902
0.6858728199114724	3.3547434470964985	0.7724372793375778	-0.9762846297938795
0.8204063290273768	3.3732324033090597	0.6805938831792582	-0.971598033643868
0.9346025709130418	3.382091906676325	0.5931603870911681	-0.9693523192890559
1.0284916628769225	3.390106550465066	0.5160309651998939	-0.967320760649823
1.1870353948196013	3.4038831285605538	0.3738529630997104	-0.9638286620629497
1.313228422142251	3.428259853998081	0.2543784189253621	-0.9576496292245361
1.4181605372946522	3.466897644337318	0.15199090821750524	-0.9472803329240421
1.5071778758986114	3.5218961499493444	0.06344560050658915	-0.9266553454855188
1.5824247417041364	3.5938526868033085	-0.0115815527752882	-0.8992716172229188
1.6448797738210517	3.681893690275717	-0.07396173910556114	-0.8560979441587853
1.6955221319734748	3.783680334033355	-0.12419230020418637	-0.7992014138300549
1.7361703145850655	3.8954081320679093	-0.16429195999983293	-0.7276867639225206
1.7666188047403666	4.014119041592919	-0.19432956606418147	-0.6417970469490735
1.7905478207495862	4.137032010892027	-0.21793567437123954	-0.5432947415682015
1.8085047601401159	4.262075844126527	-0.2352710648801903	-0.43462862345186065
1.821972633100819	4.388081029589066	-0.2481734380313636	-0.31823437260642584
1.8372191088797636	4.51465246841899	-0.26277973260469745	-0.19621777134464677
1.856030144448353	4.6420732499551915	-0.28080091538345603	-0.07019853772093722
1.8807526401750878	4.771322359722258	-0.3044853432084989	0.0587853724058601
1.9137936280789902	4.90420733996435	-0.3361389797154246	0.19032125907544872
1.9572175509872651	5.043564256515288	-0.3762450705310713	0.32453678854225265
2.012431108142087	5.19345932641417	-0.42669846176428466	0.4617778482797189
2.0801161749415003	5.359301858847515	-0.48686225581548437	0.6019458921555828
2.1601414850278133	5.447917594978732	-0.5552484464799285	0.6695998638672449
2.2528311002369734	5.566980394721475	-0.6291125779021028	0.7527886234857495
2.3561457990242247	5.706018544024441	-0.7056964404078766	0.8362900906158262
2.4684698356275008	5.859665647637569	-0.7806516858500601	0.9100784911626618
2.5875699075701903	5.958359049909773	-0.8493690727319735	0.9457657610008234
2.711316681778817	6.062766694054782	-0.9079151694209495	0.974179105640754
2.83789792013811	6.168479396028238	-0.9533334758469237	0.9926558009916474
2.9658764667566246	6.273338505134194	-0.983683814572697	0.9993695453609029
3.0942758760797973	0.09323712574925003	-0.9979453927503362	0.9940303686218424
3.222675285451692	0.19344685100604642	-0.9957769959238085	0.9793314591108553
3.3512557894064217	0.3152268626557758	-0.9771686841945151	0.9487885372228946
3.480701905728415	0.45785255825161875	-0.9421035973996643	0.8951922082369358
3.611966479895371	0.593895029108508	-0.8903889494878431	0.8271704885725614
3.745995975932337	0.7195272973052115	-0.8217253865836058	0.7506364344678762
3.902965109217823	0.8293479321913241	-0.7224331078103133	0.6739791450544627
4.062599860842574	1.0295113984793134	-0.603919178883158	0.5151274875949841
4.227351601181943	1.2542195918785866	-0.4661115014703032	0.3108459027818028
4.4481451898762066	1.443158869458776	-0.26069223426744714	0.1271251343306909
4.667950118218768	1.6183903548145921	-0.04435268016210876	-0.04750406488148403
4.895248607041068	1.793952569940798	0.18159312283842405	-0.22129447851659806
5.127926780913014	1.9261827792407389	0.4036541241060267	-0.3478859217739944
5.3564228110046335	1.9652134115865239	0.5995861944085645	-0.38355157827751896
5.5709975064184	2.0311923387722204	0.755390845707308	-0.4438422169899157
5.768499064136818	2.1025207532438572	0.8703520478126844	-0.5060082455266008
5.952461276901601	2.172124893140739	0.9439085972182024	-0.5654889520291914
6.110809756782657	2.2429498889771424	0.9833566610362949	-0.6213924274957339
6.267491772385305	2.2559269665870176	0.9989952004956253	-0.6315313657644288
0.1421510240621003	2.2893711786246684	0.9891303825476204	-0.6576611934104348
0.2952176807831378	2.3320818628367364	0.9550892761360823	-0.6889670467724056
0.44560561583832337	2.389942311493782	0.9005023176827311	-0.7291919797994453
0.5910374209864372	2.4613400081888828	0.8287283457313095	-0.7763901819514275
0.7300988228658184	2.545064492413337	0.7437883653064827	-0.8264323770824038
0.8635302368301353	2.6401740704571552	0.6486920696226894	-0.8751651772823494
0.9921125503520244	2.7460568236838285	0.5460246059860486	-0.9209430686780289
1.116261994201379	2.860345380883976	0.43826715216715323	-0.9590234770508663
1.2359268187255081	2.9602966881983606	0.32800133384881247	-0.9829707770668714
1.350633107900718	3.0602479653312415	0.21793652518896905	-0.9957435078494153
1.4595931569573237	3.1571704576755395	0.11077799267952672	-0.9979453927503363
1.5618853556424723	3.250267755255662	0.00893321899262194	-0.9922509660566459
1.6566521529475138	3.339980849316602	-0.08572001027392114	-0.980026665478535
1.743335755636947	3.4318636017822812	-0.1713607077274196	-0.9567361482093357
1.8218719710153677	3.52457090071013	-0.2480770026259764	-0.9256522873073285
1.8930293784611563	3.6184852604125184	-0.3162465959993688	-0.8871922605846734
1.9585648740309536	3.707759864222061	-0.3774762358488596	-0.8434136528248111
2.0185304739059817	3.7835687079706504	-0.432271978542009	-0.7992681328222746
2.07600391934526	3.939386009834364	-0.483348098919846	-0.6971130779438245
2.1301586108872272	4.142038885029634	-0.5296263708461741	-0.5390160821161115
2.186671429513018	4.30383883624038	-0.5774222946570592	-0.39646617406861545
2.249456547644576	4.446947091121557	-0.6264760536053885	-0.26184002629440994
2.3188831891461477	4.5821217016144535	-0.6797912491840294	-0.12965899493726624
2.3957628363237107	4.713893721899836	-0.7332384437813245	0.0015358649425373135
2.482018371742788	4.8443607161908835	-0.78874965736103	0.13143642948797318
2.577261721155621	4.974558564490898	-0.8443141295510245	0.25886165171439046
2.6807043070354752	5.105046343305992	-0.8950404525998639	0.3821962638425479
2.7909162287974056	5.236170035310365	-0.9377657924351785	0.49961919547506706
2.905271364297042	5.36818642368302	-0.9704113530606604	0.6092277744894987
3.021320226726607	5.501324944442138	-0.9907689488499418	0.7091090686667019
3.137369089029859	5.635818329292738	-0.9979453927503363	0.79738076245083
3.252905794888703	5.771883609404681	-0.991913852104798	0.872017380506537
3.3684943315771876	5.909650133197437	-0.9727990440460661	0.9304276942621571
3.485139709400974	6.049049172884742	-0.9404393768179846	0.9715586792299604
3.604875923417039	6.145116299794103	-0.893866026703736	0.9899101607725717
3.728419363991043	6.24056793647103	-0.8322309424273382	0.9972713659779624
3.855854447101349	0.050740767822161054	-0.7551847243718608	0.9967512546390843
3.986922238325198	0.13863705824149827	-0.6630457993821657	0.9898016473285375
4.121389990705337	0.250483739025546	-0.5566617397555292	0.9684358340264765
4.275095826175706	0.392259529212167	-0.42273114243402593	0.9236324630635279
4.43149637898024	0.5211325433807005	-0.27664198159056586	0.8668377747913684
4.593783486581655	0.6264556159607707	-0.11815457875553456	0.809419718993954
4.7648229090283305	0.7014055295998659	0.05232038625067836	0.7623754325776048
4.944981809391818	0.8552334242786997	0.230046198662656	0.654829810393779
5.132469156592952	1.0779679905308923	0.40774104459853305	0.47219533378354234
5.323355143685488	1.2335511531031413	0.5724835881545336	0.33022929390067146
5.511073094647662	1.399621112375064	0.7163204668498263	0.17020946593923467
5.691319598771313	1.5338702873967576	0.8282767955416097	0.03689473045457631
5.861726506562595	1.6507386188267203	0.9109720518633599	-0.07981356290175476
6.0245802669156046	1.7567063619619445	0.9666183176682129	-0.18455088574883582
6.158556209592822	1.8559520834478163	0.992020455740063	-0.28072613207057384
0.007042815823934906	1.9527326702914947	0.9995490743199632	-0.37214684806473936
0.13932710511117646	2.040073904134181	0.9896698292675645	-0.4519580696004229
0.2765465895137407	2.1347189494832137	0.9609686605137935	-0.5335234402156424
0.4095407613205549	2.2406163900205542	0.9161395533431301	-0.6195692741955712
0.5707354232947336	2.3481718343474456	0.839796207764816	-0.7001528920509565
0.7191554477550054	2.3973619320260924	0.7508773127992812	-0.7343501447623071
0.851029147614261	2.4722542291813157	0.6579400120689756	-0.7829136210823477
0.9665162535280044	2.5660152649258934	0.5670035987794431	-0.8387990762776424
1.1363852741185294	2.67328817048915	0.4204380867703503	-0.8914037169650824
1.2825107258417514	2.7907200854173895	0.28430544549197895	-0.93769223671391
1.4156111150041664	2.914351681606567	0.15452681172502813	-0.9727130395190227
1.5435694141230254	3.0291789517606618	0.02722721078272517	-0.9917732119472565
1.6667799075800058	3.144025413738673	-0.09583562785777681	-0.9979453927503362
1.7880319239208244	3.2581893178880805	-0.21545372805943755	-0.9912386729696208
1.910248133100593	3.3727057883232647	-0.33274235581272155	-0.9717315204527821
2.0372583391527623	3.4889996309924016	-0.4493852449379634	-0.9389918677729485
2.0933445959423462	3.6093407951097434	-0.4981666958704828	-0.8916765365442499
2.168209883016088	3.733778927624654	-0.5621433526363389	-0.829027526704274
2.254901787805535	3.8613128350812063	-0.6307303977273786	-0.751390020113227
2.3514699587649854	3.9907080644631763	-0.7024457680463838	-0.6600879487271181
2.459239069661299	4.12099617319736	-0.7751344492141118	-0.5569982792723202
2.580317266269537	4.251597319384201	-0.845812512129345	-0.4442037556406642
2.7158041339603596	4.382245584467261	-0.9095980086880413	-0.3238247943964444
2.8252958632487886	4.512866746863294	-0.9501390958818938	-0.1979793956602378
2.945594934203198	4.643477724233234	-0.9806326054290622	-0.06879574655758686
3.070854017855849	4.774121366606641	-0.9970988507469577	0.06156953703883496
3.196113101576506	4.904828068774341	-0.9979453927503364	0.1909260104020302
3.3192763424426825	5.035608547205028	-0.9834323883345051	0.317075720637501
3.4427953671260365	5.166459434494916	-0.9539651551481879	0.43785615953330725
