5.9867474692932054	0.4731810163631527	0.9547050579611693	0.8885459950466811
6.054949813474547	0.6798278037588166	0.9726858649838922	0.7763531463955343
6.139668811648024	0.8545983535699204	0.9888695396841458	0.6552996172452217
6.233864177973242	0.9763487589455063	0.9968421488956212	0.5589447744224285
0.026339194811448807	1.1884553825769861	0.9983135979090056	0.3725212622206825
0.08611690007472941	1.3444067846342709	0.9944862505708472	0.22400258365847353
0.18372882034359442	1.4764180882511222	0.9811878720803073	0.09404227869404765
0.28060560204019247	1.5974321497212602	0.9596905083965646	-0.026570975992461894
0.38069283947646926	1.7135077789071322	0.9281737999353072	-0.1419352416324859
0.4833112508404524	1.8288231580902834	0.8841536616812826	-0.2547363177045983
0.5887404806764902	1.947456690785943	0.8299805485359666	-0.36732573035653593
0.6939824135685951	2.0741375095407433	0.767184011214979	-0.4817531453156425
0.7946446811400105	2.2144590818706935	0.6996516015004202	-0.5991326750952582
0.9585413080362637	2.334577385440539	0.5735399475782246	-0.690701949144152
1.1058406259051314	2.481623656230687	0.4475004013016351	-0.7885137355651449
1.2431739305206349	2.5682929859776635	0.32120480683807395	-0.8399160283811158
1.3737955188275173	2.677508794044766	0.19537031187752552	-0.8934734323741539
1.4996149976820652	2.8022296856957163	0.07096837516337363	-0.9420084514641343
1.6213574202048906	2.8961577654664645	-0.0504675745560038	-0.968101230374388
1.7391144373635805	2.9900867250586916	-0.16719635360933713	-0.9867776330844609
1.852772472486301	3.0804356706432037	-0.2776800291543426	-0.9979453927503361
1.962299068165396	3.1645914705594276	-0.38088849123167257	-0.9979453927503363
2.068009467337489	3.287182942430216	-0.4765163838203169	-0.9875335901401685
2.1706597074075074	3.4454126501710665	-0.5642368672724624	-0.9533017240436242
2.2714091344830662	3.6009130725314558	-0.6436275209453267	-0.8958093351826053
2.3718240572058398	3.750177145402364	-0.7165960600958292	-0.819226298050151
2.473534825095821	3.893377626589299	-0.7836790343450417	-0.7290983835829945
2.5780147690117143	4.031334866752827	-0.8446834102345506	-0.6283463923573094
2.6782476620317524	4.166358778973812	-0.893835759513209	-0.5182333459741105
2.7812453575319998	4.2995885141524965	-0.9341391193801754	-0.40035006009620533
2.8861726986327394	4.431745903803257	-0.965570207246714	-0.2764029340151661
2.992044927684037	4.563275165892321	-0.9870278709570393	-0.14825120797678623
3.0979171567336246	4.694427314351976	-0.9979453927503362	-0.01790721416345591
3.203163177302263	4.825317430259083	-0.9979453927503364	0.11249412410002863
3.3072779686048834	4.955962123853794	-0.984965655374753	0.2407438811776053
3.409309403009815	5.0862988328195105	-0.9624532054579122	0.3646143684602858
3.529400733951806	5.2161907587587955	-0.9238410517322668	0.48191771591083593
3.6460711273664046	5.345457994945089	-0.8736646637367909	0.5905993163974367
3.799439410978171	5.473874562635189	-0.7897822001930696	0.6888020740764316
3.945236243270007	5.6011698580045035	-0.6930459603599955	0.7749360238595946
4.08569791202327	5.727073572727353	-0.585872764883906	0.847768475961648
4.222942335894005	5.851397981114034	-0.469879470083556	0.9064937422008598
4.358640662874633	5.974151360164045	-0.3463890165379088	0.9507386391715342
4.494078727380936	6.0956355455641384	-0.21651388210150116	0.9804579664873982
4.633458155834158	6.216424126810667	-0.07880330755784766	0.9957255263504691
4.774497590263453	0.053906414933299486	0.06194376570016108	0.9965485698590144
4.910477162755939	0.18703660582946988	0.19642969739765423	0.9805559934528947
5.051088979363403	0.3188322237555512	0.3315936663069814	0.947653236483362
5.1955005045589004	0.44720113488382984	0.46358631582470916	0.8998105220925687
5.34299343138863	0.5695398125839073	0.5885793343099772	0.8404480083705572
5.492551640826486	0.6827727170209739	0.7026188336559543	0.7744454775753683
5.642789435251676	0.7827304089900868	0.8018200319040908	0.7084654337376918
5.7924737575153875	0.9645576474417037	0.8809449916835348	0.568608892828504
5.940769088938553	1.1173514860284326	0.9402268163164145	0.43730187110393715
6.0877467490280965	1.251643528987019	0.9789509878914715	0.3132618005240832
6.2099716071716475	1.3752710021957	0.995312395171277	0.19393280727020615
0.048904760227437484	1.4916266999731815	0.996868807475038	0.07891431344699752
0.17090281667869942	1.6107182798274502	0.9836379939596038	-0.039841184069224836
0.2916195412829825	1.7251431742168497	0.956222302848919	-0.15341362426931474
0.40851010720411174	1.8385876957664598	0.9165864311004006	-0.26409085417181344
0.5674285637696241	1.9546769856754407	0.8415989793710337	-0.37392353679486257
0.7149664018378645	2.0774645110636434	0.7535909113235784	-0.4845962578289279
0.849457628147128	2.211729593237068	0.6591025764931064	-0.5970001366614606
0.9714049190236504	2.362612574975397	0.5629967973695519	-0.7101921820686199
1.0803456725209786	2.4325871198203894	0.4700887265173025	-0.7588389078600326
1.2588278300499345	2.5279200076541115	0.30652417902634155	-0.8161851040213817
1.4137267471158015	2.6391613411380273	0.15640118740433448	-0.8746685536319818
1.5581379404028144	2.7597650588033793	0.012676143349288045	-0.9260837933940698
1.6994005985808538	2.88622888019835	-0.12801842923363838	-0.9655844481971531
1.7949437097834353	3.0151415747166417	-0.22227224352221803	-0.9899793815628988
1.897262026201698	3.144590193843802	-0.3203015199450642	-0.9979453927503363
2.000922423930818	3.2740388129860754	-0.4161819839821617	-0.9892132727973268
2.1039242423952245	3.403946774742552	-0.5072076070360703	-0.963812528975279
2.206175113984402	3.5350158221240924	-0.5926604444787866	-0.9217353377363888
2.307395538580916	3.667431501413087	-0.671743552969575	-0.8631899329949031
2.408840087850574	3.800694801761668	-0.742329827948837	-0.7890318520585266
2.5119297203427844	3.9341566023546153	-0.80662769575251	-0.7007485935771511
2.6177389623403715	4.067373811867437	-0.8641634169117276	-0.600189310249096
2.726826204149471	4.200198302711289	-0.9137313947985768	-0.4893155433463031
2.8214114594314927	4.332715222644278	-0.9491544739396955	-0.37007932823377687
2.917674770904392	4.465150550328035	-0.9735553789853659	-0.24440090847606985
3.0139380823768067	4.597805361183104	-0.9898255877936092	-0.1141869769367791
3.1085705031607858	4.731062829435723	-0.9979453927503362	0.018684397108980608
3.1997203208235923	4.865449875173367	-0.9979453927503364	0.1524137593065636
3.284700448893092	5.001707057250467	-0.9878508269232158	0.28528203527785345
3.411559709652321	5.140890495383207	-0.9618827958400915	0.41520228355352673
3.5360876718627394	5.284488919826236	-0.9213333834078199	0.5406284242667431
3.6681680012155407	5.399741943792101	-0.8628287671695625	0.6339609173888395
3.7920020536529857	5.522876746034379	-0.7942275149653641	0.7242189686381583
3.9048677289271665	5.649716339275825	-0.7211103951082757	0.805596311422138
4.086721749384067	5.7782839109928705	-0.5850728448934144	0.8747924651580731
4.247413523043493	5.907635577972146	-0.44802685135293546	0.9297933261714699
4.395833500515948	6.037270188696871	-0.31080741862236955	0.9693085670649699
4.538311135733542	6.166959296087036	-0.17287836353896036	0.9925584745647117
4.679129040463138	0.013457101992732711	-0.03318715468019072	0.9991383910897151
4.820891878598889	0.14316346289224974	0.10809203974558858	0.9889369786944788
4.965402310056579	0.27295542655605004	0.2499410781457889	0.9620994903665653
5.11402911117761	0.40284180851515167	0.3906205335649628	0.9190441291440493
5.267807367215362	0.5327235133880115	0.5269560491410665	0.8605188273250381
5.42742188194932	0.6623979036216823	0.6544377310947731	0.7876439634995536
5.593318565751506	0.7915840659940971	0.7698500793526646	0.701915755625782
5.765627650240722	0.9199298095589028	0.8687866642811872	0.605186335876807
5.944519145083868	1.047009690259395	0.9414076804232943	0.4996241407368248
6.087836843313523	1.1723509701493557	0.9789681983948904	0.38762439256428555
6.213713693151119	1.295529947407077	0.995551987219008	0.2716213370923581
0.05648574124778478	1.4163604123338032	0.9963834250502515	0.15378148768299138
0.18252037553294137	1.5351670819618106	0.9814187185035471	0.035604812382420435
0.308951756603482	1.6530833206202682	0.9507645203060477	-0.08215545481683115
0.4361091660226139	1.7723556349253466	0.9046198505465399	-0.199988981170664
0.5641292344685218	1.8965836860951693	0.8433976457910692	-0.319651662524863
0.6929057649660453	2.0020416359690176	0.767881447365562	-0.4172047045918458
0.8221366627261282	2.124225376028615	0.6793138326026571	-0.524556083335131
0.951446103010873	2.2639943108682217	0.5793552518825428	-0.6378343492340809
1.0804666788293438	2.4251568729013875	0.4699815158938777	-0.7536733553690249
1.2088470746061204	2.612510092992568	0.35339741128687086	-0.8615992764906353
1.3362404245851454	2.7566411882236124	0.2319587426019019	-0.9249123108101289
1.462307462011887	2.8584597361009823	0.1080780807292619	-0.9585455022274814
1.58675191745419	2.9690497882748033	-0.015903542860360536	-0.9840893319667796
1.7094048773441162	3.077087021714392	-0.13788770626235455	-0.9978953636333902
1.830367849255477	3.1809645594076197	-0.2562161491430742	-0.9979453927503363
1.9501989309315433	3.2810151357281465	-0.3698315517897292	-0.988321771509973
2.0700904417410206	3.3798419755012996	-0.4782946951092608	-0.9699226337330644
2.1919721514328177	3.483374914274186	-0.5815637272615362	-0.9411011925694586
2.3185723197601695	3.5920394958754893	-0.6795751309111614	-0.90016077238055
2.4529546403875027	3.7062403342394457	-0.7713782405145987	-0.8441588021085893
2.537806038620182	3.8234217335152567	-0.8220939931027249	-0.7754479457009492
2.634732887561371	3.939782741965572	-0.8724969222402728	-0.6968372673723904
2.7408659090167418	4.050970922902986	-0.9189964239717461	-0.6130048210781494
2.853045886141334	4.203438124680569	-0.9571731949925067	-0.4865469307327304
2.9566499919374354	4.33972931597368	-0.9825047673176955	-0.3636699459528586
3.0602540977104993	4.464620286486926	-0.9957442915035273	-0.24490890717538413
3.161856399120667	4.64610327297894	-0.9979453927503363	-0.06617334425588364
3.260854350361027	4.814776826118989	-0.9908981096143528	0.10200941346184736
3.3576679683533412	4.987352161040348	-0.97554331968933	0.2713259426583615
3.456651557289461	5.069081621271503	-0.9504528764274661	0.34846762660730146
3.5580644875540623	5.178632806951398	-0.9130918586149506	0.44864167037049785
3.6630913464327537	5.299980959599277	-0.8653182643947981	0.5533258622199008
3.76982979593491	5.4263735258112105	-0.8074798921821372	0.653662187695232
3.874880757136182	5.554976869449308	-0.7419575188339436	0.7450129272749167
4.034945918976237	5.684525247526991	-0.6255250918550819	0.8245727786600554
4.184298516601912	5.814413918776018	-0.5029028172128707	0.8904579503976926
4.328087171339532	5.944337855758945	-0.3743083780389001	0.9413505937961966
4.470260384525445	6.074155359816184	-0.2395056300792527	0.9763546561775421
4.613816507403395	6.203842201047222	-0.09839189152036652	0.9949199517659726
4.761442779203619	0.05028338346414711	0.048958180189188225	0.9967805392828732
4.915988539814978	0.17997912683675849	0.20179921228740955	0.9819041673770956
5.0808521286567006	0.30986486825189913	0.3595063098283033	0.950476988405349
5.260239861064391	0.43995480947711413	0.5207536418906472	0.9029524312884294
5.459323301432881	0.5700472840852157	0.6780374739847103	0.840171354582703
5.594942683664217	0.699815699260614	0.770902157572477	0.7634052998428033
5.75503900177756	0.8288731205426024	0.8630141436607429	0.6743303969113512
5.882079164517424	0.9567776832808398	0.9197966905042381	0.5749854328876296
5.9925170854204834	1.083017360114343	0.9565218661184788	0.46772163263310307
6.1058499734410665	1.207027577797198	0.9824092050711091	0.35510378198424436
6.219574158428762	1.3282824056917335	0.9959272113277617	0.23971192306540243
0.04997289474295312	1.4464637734874117	0.9968004187375186	0.1238377551665875
0.1628293941247378	1.5616799166699906	0.9851802412376401	0.009138411768104277
0.27333249043650126	1.6746511104540815	0.9619807558236221	-0.10360292058757736
0.37844952460957443	1.7868724023080838	0.928880202694118	-0.21430985349459186
0.4735495095458894	1.9007589001467509	0.8883862213607823	-0.3236515643532149
0.5955100807485493	2.0196194191376255	0.826290025033928	-0.4332670417589941
0.7451155805785553	2.1119555693443735	0.734060744178657	-0.5140708338756863
0.8692275192277662	2.219065799409388	0.6444773857016578	-0.6027318848827219
1.0358128579680852	2.3360304656615325	0.5095444447817266	-0.6917121392814396
1.1684049033861037	2.462849511051629	0.39132511501769857	-0.7772924130909565
1.341244713387048	2.598926195202483	0.22708326357976164	-0.8549379852854581
1.488198985524256	2.7434935548008346	0.08232385180643545	-0.919981817314469
1.620816902097043	2.8644613046858884	-0.04992770420225401	-0.9600667848732234
1.7447836310645564	2.9896199077757712	-0.17278904494555275	-0.9867179787043427
1.8627662642280989	3.115873557829281	-0.2872541935843178	-0.9979453927503362
1.9761823273308032	3.2421272804141728	-0.3935748230378313	-0.9932912338408602
2.086126989112162	3.368852594560628	-0.4919988392723941	-0.9727082312441113
2.193901232252382	3.4970748705155037	-0.5830709103063538	-0.9359635725152201
2.301073777248585	3.6272331869344923	-0.6668043864002737	-0.8829024398789482
2.409420652940354	3.7589665065654634	-0.7427334403022887	-0.8139728894388624
2.5207550487134815	3.891530024395549	-0.8119026019942421	-0.7303828477762249
2.6363881439152435	4.024272381064029	-0.8733086292158959	-0.6338642838714799
2.7249699744431153	4.156784571078972	-0.9130352901689951	-0.5264150525598321
2.817619200985912	4.288895771391007	-0.9477796729912124	-0.41012094177276137
2.9121888702935292	4.420625349060518	-0.9721648082908045	-0.2870565500210143
3.006758539607918	4.552067836450205	-0.9889081171062977	-0.15930730123785214
3.0995197047929137	4.683323239265937	-0.9979453927503361	-0.028997982183488768
3.188530490878388	4.814466921511147	-0.9979453927503363	0.10170115218047464
3.271067157082629	4.94554162899843	-0.9895930194291044	0.23059160858128047
3.3905620980490623	5.076559353088618	-0.9672052880656079	0.3554804349799081
3.5342320742995375	5.207504376963043	-0.9220292509774222	0.4742216509683573
3.673582344990968	5.33833411692824	-0.8601736735336707	0.5847605114091996
3.8062424155306323	5.46897821433837	-0.7857160386102939	0.6851798979232969
3.9311299510023288	5.5993694179383615	-0.7028527398595894	0.7737697269024337
4.046813856077228	5.729463253872818	-0.6162527205815884	0.8490712374742689
4.217524830980554	5.859220080810039	-0.47450903694855456	0.9098852993814193
4.3699895058890155	5.988632737539819	-0.3355662549558091	0.9552987145673637
4.513621182102201	6.117751095944825	-0.19723514107185627	0.9846826490367033
4.65350449587311	6.246685958207656	-0.0587809909488522	0.9976630804826485
4.792697512258818	0.09238533425073116	0.08004717924484044	0.9940849057090417
4.932903171552023	0.22129138794713202	0.21827846347887497	0.9740123814806998
5.075088005407269	0.35010410606310927	0.35410056744906626	0.9378059590185448
5.219653350059782	0.4784190955531845	0.4849855441675545	0.8862748343890939
5.366430396483767	0.6055322456248992	0.6077885162166551	0.8208263293024569
5.514666047499236	0.7304561821505285	0.7189002063545445	0.7435568735427699
5.663355350347692	0.8518117283464609	0.8130317714743566	0.6573610815897203
5.811362416871755	0.967567210249025	0.8891348602304605	0.5661422236505309
5.958163202817356	1.1121213845358318	0.9457040902436638	0.44193569928340926
6.0882274478501754	1.2435173637461991	0.9790428146780605	0.32088272636520165
6.217541892600766	1.3665384525826694	0.9957970927965645	0.20244058212763308
0.06356364965081597	1.4835107372088627	0.9959302525210159	0.08698723981850087
0.19260058889125534	1.5956612098004426	0.979493118609577	-0.024802158356862513
0.3202548324616882	1.7039473293061702	0.947205267841263	-0.13250380455803512
0.4442519139014206	1.8095327079515533	0.9010892646282915	-0.23625585039768043
0.5615085835849055	1.9138918704472045	0.8448263230502389	-0.3362330970045953
0.7055538643913754	2.0187407268624957	0.7596882060847011	-0.43246410480989633
0.8337485840089859	2.1259531566805867	0.6707236707487356	-0.5260325704235864
0.9448386752747407	2.237222577901618	0.5847707688150199	-0.616917702508641
1.1266938361362895	2.353107108657997	0.42902462347240916	-0.703583924530305
1.2821696517325796	2.4740845713155037	0.28463362096255995	-0.7840076181261508
1.4231125506419522	2.599921468212023	0.14706515383637234	-0.8554260486857905
1.5561680398024533	2.7297879619439263	0.014643683230984115	-0.9148420834732383
1.6849321772902135	2.862332977416716	-0.11374525060032528	-0.959527294689408
1.811584977414511	2.9961074509070427	-0.23822194753084314	-0.9875470190551301
1.9379567439319905	3.1301446324312243	-0.358644809220207	-0.9979453927503363
2.0662402497315417	3.2641818139250693	-0.47500448649187527	-0.990472894474423
2.199351483806171	3.398492504007506	-0.5873291698093005	-0.9651950821023518
2.3409331759482113	3.5334044100175026	-0.6951205330549057	-0.9223396333274574
2.434501465094857	3.668792902184932	-0.7601697722456945	-0.8625223273394167
2.5444868546683876	3.8041771526760177	-0.8260871225130201	-0.7869504479676607
2.667966315330477	3.93914716691794	-0.8887939780292102	-0.6972791229804621
2.7571893881590723	4.073583094609552	-0.925117891246485	-0.5953380227475655
2.851561155621879	4.2076718155038035	-0.9567968442533799	-0.48292900051115756
2.935494111997367	4.341845061643919	-0.9780722405324415	-0.361736606578415
3.0147714507239405	4.476732587106652	-0.9899320835768144	-0.23330518751075044
3.085458255477607	4.613188519274856	-0.9979453927503361	-0.09901140532620459
3.1439706531066802	4.752450977976749	-0.9979453927503363	0.04001405965048276
3.2505919591726906	4.896336698608859	-0.9922095361773122	0.18265320706276283
3.3567713757011317	5.04753320558915	-0.9757705887478786	0.328258970612479
3.4614358216688847	5.2099780096576	-0.9492401570741685	0.47641326979294707
3.5621206805340497	5.298827435286166	-0.9115707458441669	0.5523804216189369
3.6982921290208166	5.409972995253972	-0.8480564543390443	0.6415295518854423
3.825852334785373	5.531230282912833	-0.7739951732632155	0.7296302593698446
3.9949309414232728	5.657110744782325	-0.6567886320317992	0.8096274546233406
4.148286531412189	5.7851455275173995	-0.5336771120295153	0.8777675697589382
4.292617162275621	5.914129134516048	-0.40672038582403547	0.931838097649963
4.432838817115242	6.043459253349016	-0.27535591082046706	0.970490849801884
4.572063614345555	6.1728670567008015	-0.13958135435814606	0.9929367268204647
4.712436612654439	0.01908186012448587	8.050188930450175e-5	0.9987782584454705
4.855705757655978	0.14851487098965654	0.14272131177353778	0.98791471155601
5.0035128035034075	0.2780780200343239	0.2869755103517307	0.9604864247114853
5.157511920611081	0.40781738775078813	0.4299287336449589	0.9168867849347082
5.319432839680494	0.5376580377024057	0.5692688267372863	0.8578287159802311
5.491019988056439	0.6674103315774774	0.7014857614555654	0.7843969909494709
5.673938206888617	0.7968105404580884	0.81880113456335	0.6980493617295926
5.796950467574841	0.9255468431100399	0.8828860329304492	0.6005825563848075
5.92757706523147	1.0532766530639806	0.9360727485667194	0.4940716617104282
6.060837157972812	1.179677909863321	0.9738105108161428	0.3807530008871897
6.194512297326823	1.3045801754858304	0.9943225922318071	0.2628040607739387
0.04497439675334525	1.4282064470685527	0.9971204542405722	0.14199826873719437
0.1786440213160697	1.551512378434714	0.9821592095034566	0.019293765278281222
0.3122032728319001	1.676590672895364	0.9497406426204102	-0.10551630979838203
0.4453922359524066	1.8071043528240396	0.9005948363302033	-0.23392945898530476
0.5779750649067724	1.9486854921029306	0.8358494358386808	-0.36844859214607834
0.7098173744630843	1.9987232764146072	0.7569263708439902	-0.41417243314478647
0.8408645267601133	2.0800623691992315	0.665459503132851	-0.4868162757406097
0.9710715584577218	2.1773272049209837	0.563270023178672	-0.5699346240911427
1.100338955334101	2.2840637307251783	0.4523748375171235	-0.6535145058252195
1.2284758575681693	2.3980743324605727	0.33498903601119234	-0.7348454098428677
1.3551854723866783	2.5183094345537484	0.21350133800632748	-0.8104408563396693
1.4800741965553272	2.643558037120967	0.09040555757996716	-0.8768246116895131
1.6026940625079633	2.772314833486013	-0.031826582930165846	-0.9307900839069709
1.7226208344628575	2.9030398133002735	-0.15092532197568942	-0.9698456976396743
1.8395782888225711	3.0344536968175633	-0.26503985341528735	-0.9924472693529341
1.953595585854194	3.1658856326742666	-0.3729353684704075	-0.9979453927503363
2.0651560200213326	3.2973175685041327	-0.4740779503796571	-0.9862384906263144
2.1752945925894225	3.4288021100394404	-0.5681976409503947	-0.9575121777077205
2.285568778542418	3.5598328751087878	-0.6546903935997379	-0.9124286956672162
2.3979974579400563	3.689048351865529	-0.7347919662123562	-0.8525894309867397
2.514498033730318	3.8142556603676554	-0.8081627788394589	-0.7809265153844288
2.6097676609067393	3.965033212945228	-0.8602544387263626	-0.6792829875900439
2.7115005776497427	4.10520499701478	-0.907984132204313	-0.5704927397632955
2.81768712355172	4.237924936076474	-0.9478051446299595	-0.45669739198039394
2.9168231176567105	4.379713774592616	-0.9733395012048226	-0.3262502966153783
3.016035726867797	4.515501011988895	-0.9900936448823174	-0.19538067836068462
3.1132522897364496	4.648618392029085	-0.9979453927503362	-0.0636612393113671
3.2068678363529615	4.780569419106576	-0.9977970230559124	0.06798339754844895
3.295176477548337	4.912011310571514	-0.9865120997201029	0.19792435643668807
3.3817140070462686	5.043230382802171	-0.9694481096046883	0.32422367322493373
3.463049263663193	5.174345749905142	-0.9487235140101322	0.4448433720437738
3.596899156896113	5.305394859182427	-0.8977776848664161	0.5577631509855352
3.770723725470275	5.436375393269784	-0.8069455897417408	0.6610612785276382
3.9325234739381885	5.567257774331629	-0.7018839543062859	0.7529683056653368
4.0840722204786095	5.697993957256265	-0.5871429111148809	0.8319153970228715
4.230222523963035	5.828528417110873	-0.46365813424837166	0.8965778069628066
4.374969116537179	5.95881620064717	-0.33079573217781516	0.9459097142848027
4.521744896912359	6.088848580744382	-0.1892210509149382	0.9791614682613441
4.67399993892647	6.2186780474089	-0.038310109528173104	0.9958698366240749
4.8433736082550345	0.0652410316630053	0.1304545558744236	0.9958228558996307
5.027491032704019	0.19506696781592434	0.30946290768168827	0.979021971935691
5.174386798857895	0.32506401119852624	0.44487974108828876	0.9456908941002203
5.2599280664049095	0.45517558365017974	0.5204980917241818	0.8963529084049895
5.375791468449825	0.5851836864606156	0.6154609487823725	0.8319195748456268
5.5074475583517915	0.714761800286864	0.7136384004776775	0.7537234490130298
5.647331222496191	0.8435158678336506	0.8042960382248071	0.6634981180703068
5.790489134363802	0.9709786627403915	0.8800844857884358	0.5633461614809353
5.934195871300189	1.0965897588767304	0.9381569601662475	0.4556965956549185
6.077444282880491	1.219711339040144	0.9769829315600946	0.3432086259107022
6.209728847835115	1.3397114430905133	0.9952968521808527	0.22857706768698738
0.05872080352999229	1.4561170708980014	0.9962403222054912	0.11423564614995564
0.190811713154963	1.568785156534558	0.97983484341298	0.0020416867861478907
0.3220510536386868	1.6780447647921888	0.9466396514788028	-0.10695077959821159
0.45102713293419894	1.7847764967623887	0.8981516208173571	-0.21224223093568773
0.5758932586403048	1.8904061932547178	0.836984355903575	-0.3137335551890744
0.6944483803099558	1.9968429537406946	0.7668821652369833	-0.41245422007538446
0.8038855697225799	2.1062127527458885	0.692815460721933	-0.5091632696259341
0.9758883025747579	2.21986277469682	0.5593221692834907	-0.6033545584525245
1.1284270250128954	2.3393550739857987	0.4274890319608245	-0.6940234270486226
1.2687903058100913	2.4657775298973292	0.29718111415969156	-0.7790424924349021
1.401929139472314	2.599544946331483	0.1679608471762857	-0.8552414093480867
1.5305244099193003	2.7400920285820534	0.0402228657982149	-0.9187062111002007
1.6740965791792546	2.885889377541544	-0.10305587237931953	-0.9654983907785506
1.8154003968988006	3.010451477789458	-0.24187716213363902	-0.9893800360906511
1.9599180827553353	3.136009273253562	-0.3787127794209389	-0.9979453927503363
2.0345872397667564	3.26156706880453	-0.44694443095513914	-0.9908070316305218
2.1244950896667576	3.387714643557891	-0.5247865690185096	-0.967927063221665
2.2211840855605076	3.5154858488284604	-0.6043868932881035	-0.9290592722581485
2.3222989379849097	3.645348502000451	-0.6821658983868172	-0.8740190257961387
2.426492625476675	3.7769431952376906	-0.7546019786190815	-0.8032282073942085
2.5343711479236775	3.9094675330223	-0.8200409560242612	-0.7179125835468592
2.6465349098621105	4.0421446234112945	-0.8782844147972768	-0.6199007731852075
2.763129559095843	4.174540786258197	-0.927345514517158	-0.5112413541959558
2.8593053130543056	4.306513992311443	-0.9587598397838272	-0.39402165314262677
2.957371228705702	4.438085434596948	-0.9825969338545902	-0.2703295925051733
3.055437144385762	4.569331663220202	-0.9951287351067124	-0.1422764394435425
3.152197199380224	4.700315655614885	-0.9979453927503363	-0.012025929458183544
3.2466982838262823	4.831054227103307	-0.9927071072777616	0.11820050051852385
3.3376618458481304	4.961503145606413	-0.9806144884255014	0.24614227771016417
3.4478818460726814	5.091547396576585	-0.9526758301925549	0.36953660594619414
3.5924281270321985	5.22102279133532	-0.8999701948786983	0.4861988582077694
3.733968836199607	5.349699063226678	-0.8289140181881827	0.5940753403522874
3.872340488558207	5.477273834563219	-0.7437235288769246	0.6913167566458336
4.008032107413085	5.603392878972981	-0.6465527440135641	0.7763760621257924
4.142285278778571	5.7277068189119955	-0.5388055246078035	0.8481136972305738
4.27599303572323	5.849977346600943	-0.4219112846553921	0.9058777741908527
4.4098432578185776	5.970223157541261	-0.29738591420193733	0.9495016780962735
4.5444048355207425	6.0888433659787875	-0.16686689457124648	0.9791604720967075
4.680238697489164	6.206583755067838	-0.03207882746139078	0.9950954834200734
4.817921819444669	0.03446867109022917	0.10513772987905673	0.9977930973434657
4.958019049552645	0.14396074976640533	0.24274786186134087	0.988784674822947
5.100992010365607	0.24824601016627496	0.37839400659595956	0.9688633022060654
5.2470548597294435	0.34109385538562803	0.5092630630353983	0.9406432183039339
5.396032845897812	0.48938865865200226	0.631217034574975	0.8815185794267089
5.54742014777799	0.6170955219015807	0.7401178009904548	0.8145224793843807
5.700362397777559	0.8078660464706201	0.8332065789706933	0.6898708197199386
5.85413062139421	0.9644897240131255	0.9076785782582233	0.5686645635815213
5.97854453890332	1.0949468583621123	0.9521220176830258	0.4571521923983999
6.102288107134148	1.20569698534411	0.9817287899708393	0.35635164565784994
6.225294486520111	1.2973356931616262	0.9962934629661844	0.2698620710119759
0.06505363391189262	1.4671255587109524	0.9958348542906821	0.10328553287858148
0.19656595904919355	1.6035341117730066	0.9787356230998833	-0.03266562548452584
0.3261483639622736	1.725661025183717	0.9453494396770634	-0.15392448714834303
0.4509399448967582	1.8429802040940242	0.8981894243772621	-0.268298926350489
0.5672760074590554	1.9614864739166133	0.8416821471569509	-0.3801459537524674
0.7472720204215318	2.086161032248617	0.7326638361257534	-0.49202793107369913
0.9086517382818738	2.2220493448053826	0.6144299611430271	-0.6050629168377761
1.0548514110779674	2.374308467500766	0.49267643867864086	-0.718323237123395
1.1920826264956457	2.468792745444153	0.36911953999469393	-0.78084468932096
1.3238230393078023	2.5882238149806565	0.24405650590575095	-0.8496897367821342
1.451887421791012	2.7256690479030166	0.11844286676069307	-0.9132974496798512
1.5770368432752289	2.8181889984915696	-0.006200111175920144	-0.9479933527315236
1.699557281485161	2.9153138374255985	-0.12817299779623675	-0.972956927584165
1.8196508608070499	3.012438676332428	-0.24594915416755878	-0.9896339793390908
1.93774978592654	3.1069894815219126	-0.3584556938334088	-0.9979453927503361
2.0547602613437075	3.196629229690293	-0.4651941818036549	-0.9979453927503363
2.1722455575881323	3.3293211974902785	-0.5655920666800058	-0.982148760621554
2.2924427215488503	3.4604408306000476	-0.6600609774784771	-0.9494923682460107
2.417945965226691	3.6052517904783397	-0.7486602888441163	-0.8936817084772263
2.5119768146470616	3.738981351985002	-0.8066558440580629	-0.8259180332579276
2.616091689461774	3.9027080510156846	-0.8633556248841155	-0.7226118162234878
2.7279488270949823	4.043689957167841	-0.9141523895854661	-0.6186934101691901
2.8206933995609216	4.168276925483694	-0.948932528078592	-0.5165941804050473
2.916346963782713	4.278141801192559	-0.9732188053209104	-0.4199477722414306
3.0120005279994384	4.370213324090498	-0.9895779885517729	-0.33535183461178153
3.10534936246985	4.506785556137755	-0.9979453927503362	-0.20397852436856534
3.194680588234716	4.723271385149117	-0.9979453927503364	0.010902290048806183
3.278347823766074	4.8999082345334966	-0.9886626261601774	0.18613281209090846
3.390330981632955	5.067266098270371	-0.9672638716488822	0.3467649826486272
3.501388798268776	5.240333357769712	-0.9343458066371871	0.5033078659453526
3.6097432535872027	5.325787573274885	-0.891479178381094	0.5744772329062433
3.765116019377336	5.435017337533727	-0.8102973204229078	0.6600566283672386
3.9133836382322524	5.55535011000878	-0.7151900835757498	0.7452547066804004
4.055602333416585	5.680726358598063	-0.6093863187692297	0.8225017716988454
4.194772442667469	5.808442594248389	-0.49395225014662736	0.8878688644276589
4.333018179966436	5.93719086685852	-0.36980248998807397	0.9391000614474151
4.472140313772313	6.066306649857259	-0.23770463680350207	0.9748553352279271
4.613883655012101	6.195474161750317	-0.09832565002831908	0.9943841768848933
4.760200850929037	0.04142752000327281	0.04772283746885608	0.997347547756932
4.913498141327969	0.1706312691381109	0.19937291635189752	0.9836898670595848
5.07687609447167	0.30008329469038647	0.3557774831594017	0.9535571313898811
5.254299465310494	0.42991960053848094	0.5156817257588892	0.9073035628588462
5.450702671221604	0.5601427261515874	0.6716601823209274	0.8455709355686207
5.585479578271984	0.6906443159783586	0.7647721056858272	0.7693463787024685
5.743759934498312	0.8212657482602219	0.8568652334692907	0.6799581098106071
5.862589047928706	0.951860663876557	0.9113460381940708	0.5790154734578197
5.989615103903466	1.082445594003344	0.955608054250207	0.4682282128440153
