1.2991905068400222	0.3621090419793689	0.26805500001008636	0.9340256961692507
1.5787529185229376	0.558582231277597	-0.0079141298879504	0.8464216568735681
1.7576717218297666	0.7810304886335379	-0.18550321866492042	0.7097229854077233
1.75582433495193	0.9597910922906279	-0.18368076116368234	0.5725156113218566
1.6887817966723744	0.9683299829017951	-0.11754292168054133	0.5655170472003797
1.5940824082533596	0.9050647869818066	-0.023225248837367013	0.6173698639731799
1.4872514666986678	0.8028826474706061	0.08326634623829943	0.6935573934530886
1.3812248365603517	0.6811130702170061	0.18813222387159795	0.7755205708560778
1.27471828380396	0.5460458110585011	0.2916217046054629	0.8532560271402789
1.1673853418714382	0.509663135029384	0.39228128591300526	0.8727278392658658
1.0595497680459938	0.4545867433319465	0.488513731903933	0.8966082216440328
0.9519225104639825	0.4032180475417797	0.5789647833474175	0.918880996964461
0.845461775505814	0.3601933412083162	0.6620585921340306	0.9346289357455126
0.741342394556881	0.334539572445784	0.7365049551572043	0.9427071120618087
0.640986626765705	0.32589688541660317	0.8014979752700777	0.9454286283549724
0.5461069177765658	0.3398699103419849	0.8532227141266963	0.941028629272417
0.4587064003568031	0.37596471910228296	0.8948219937887127	0.9296626490155693
0.38098595718996425	0.4332196231850939	0.9280814994007169	0.9058727174416181
0.36412960366015873	0.5098717396008756	0.9333894366914928	0.8726373911304756
0.354578224252907	0.6033870960417141	0.9363970932907957	0.8219957816878065
0.36163051778953786	0.7103894917332965	0.9341763797905484	0.7565557622111699
0.3851726534953138	0.8262674261587291	0.9267052370192856	0.6762580138796448
0.4279247061714404	0.9479626673143714	0.9081685222147655	0.5822103122405153
0.4874623422624295	1.0727192764329148	0.8823538042943262	0.4768456525828255
0.5602939806372049	1.198716305042999	0.8454884774871952	0.36289830639126575
0.6830497917579267	1.3250531623231199	0.7742659928878793	0.24285804610591835
0.8087169307156316	1.451538390779303	0.6892413602872096	0.1187900469709433
0.9364204440448552	1.578500626071	0.5916704392446566	-0.007662139781978897
1.065356210980423	1.7066330531723175	0.48336926980695066	-0.1351532861933308
1.1948979118810827	1.8368302008263433	0.3664792932721407	-0.26240715433332773
1.3245661841614493	1.9699836144114453	0.243332489509457	-0.3879105241920645
1.4539820409041448	2.106728124559501	0.11635935475260367	-0.509603684228149
1.5828208012704874	2.247168473721215	-0.011977137705908594	-0.6246883907000274
1.7107625458345634	2.3906659028692174	-0.1392270538317753	-0.7296950248896823
1.837474200559869	2.535808625764011	-0.2630241132915425	-0.8209001377468931
1.9626278128064747	2.6807888185932294	-0.38118889357571384	-0.8950818954982944
2.0859578025880072	2.8242535011500474	-0.49185425974016567	-0.9498748770616037
2.207351973508449	2.9658316775220817	-0.5935799200667388	-0.9836780909756487
2.3269261378614585	3.106333114813127	-0.6853827556607753	-0.9979453927503362
2.445039687809905	3.246929179669554	-0.7666474666554403	-0.9926776011971037
2.5622174525003834	3.389257864754299	-0.8366847158540422	-0.9675358862166167
2.6789872813794022	3.528962803755489	-0.8941984551055799	-0.9240052799180596
2.7957960799027837	3.6849266267988146	-0.9395957852073509	-0.8546106484135304
2.912849851527221	3.8265024472024027	-0.9723323543690924	-0.7736066005209474
3.0300974378996877	3.9509684013963113	-0.9918905848965354	-0.6890609294436666
3.1473450242700154	4.13113542653615	-0.9979453927503363	-0.5483337091347762
3.264355002462748	4.284493734874712	-0.9904507627855657	-0.41414346236415844
3.380783803767057	4.425240260207544	-0.9696838983131995	-0.2826354134501408
3.495921852730586	4.560398522120223	-0.9363959656696463	-0.1510890331685457
3.6362494479297554	4.692931049234761	-0.8784810329308506	-0.019401686164312773
3.773793935698714	4.824105824275697	-0.8051105224879039	0.11128894288133842
3.9090738995988867	4.954383311025432	-0.7181862398779368	0.23920570679773345
4.042744280927974	5.083802301276669	-0.619432263191914	0.3622730572533173
4.175395682973391	5.2121461315176605	-0.5105107962049826	0.4783342084565453
4.307478472525277	5.339047297130584	-0.3931403243517857	0.5853450413678976
4.439312544089922	5.464013943041451	-0.2691540078659439	0.681507474308932
4.5711270556227515	5.586478790202993	-0.14050527478336952	0.7654193795699236
4.703102505245906	5.705911676778939	-0.009242419573309728	0.8362318307368193
4.835402801038073	5.8219990088393185	0.12252601533615573	0.8937467433905146
4.968192282804794	5.934861628652494	0.2526592373377794	0.9383666020837986
5.1016352846880935	6.045205212870001	0.37899728572724534	0.9708243764197221
5.235910596727147	6.154213391304534	0.4993893349609917	0.9916479571688626
5.37116935767766	6.2629939783524735	0.6116726184138745	0.998707223231471
5.507496413779737	0.08840409559441095	0.713674542303244	0.9943398098259986
5.644873744715029	0.2297785209174472	0.802956316614878	0.9723911040566193
5.783160396646915	0.3665953152087347	0.8769068437237562	0.9326130029121561
5.922123821771712	0.4936043594221402	0.9343555637518334	0.8796907082957192
6.055012024044272	0.6500486930661882	0.9726977489254525	0.7956435892383176
6.188128572804794	0.7840894748687919	0.9939138657517705	0.7074600363031214
0.037823460951590816	0.9590851279858279	0.9975783024464484	0.5730942270553986
0.17085463421181732	1.1055099954441177	0.9836471981450532	0.4477933372512347
0.3038570700508021	1.239097461389029	0.952368798282893	0.3250278239716072
0.4366506012572413	1.3660239427818295	0.9043850915139051	0.20294184850932684
0.5690692219140974	1.4891420497637025	0.8407045561589475	0.08138578833944653
0.7010136387300736	1.6101018838790029	0.76262929336285	-0.03922552680648596
0.8324561837372435	1.730178276055003	0.671679750904972	-0.1583807804316375
0.9633924624315096	1.850577797791219	0.5695638906588503	-0.2755775062137113
1.0937925017311245	1.972466067486957	0.4581749431601965	-0.3901789557637831
1.2235665161720763	2.0968396086007615	0.3395931420808572	-0.5011533834793811
1.3525435643246346	2.2243301688518176	0.21607524367900166	-0.6068449154436071
1.4804593597430047	2.355014793776126	0.09002243679129082	-0.7049101587350941
1.6069541732806758	2.4883132911518753	-0.03608158840821816	-0.792512136023291
1.7315879853387324	2.6230699989100983	-0.15977146653508437	-0.8667776582410698
1.8538836320412722	2.757891763491498	-0.27874453245419994	-0.9253812889924274
1.9734040589619928	2.891695014638603	-0.39103607950842245	-0.9669700085461862
2.089853436996781	3.024416340788418	-0.4951833014789611	-0.9911645999363305
2.2031947251508437	3.1566736489054548	-0.5903318787332016	-0.9979453927503363
2.3136890058217143	3.288930957032956	-0.6761802215960148	-0.9873102121047377
2.421860248451027	3.4200396916015428	-0.7513815221598314	-0.9597332828930927
2.528369059070616	3.5464298254617623	-0.8164535024333481	-0.9174549727911416
2.633964715693	3.7329162534437006	-0.8721202250219987	-0.8295431477928673
2.739297764356589	3.9030354179300786	-0.9184083541040737	-0.7223842287693217
2.844759878899086	4.055133351331364	-0.9550728509171551	-0.6097527325762618
2.950474425744154	4.196987722337022	-0.9817155943658412	-0.4920591673495258
3.0561889725882643	4.334575281773851	-0.9952248109098513	-0.3683796317132628
3.16104281075861	4.470585580582277	-0.9979453927503363	-0.23919408861425806
3.263241675172512	4.606787013817524	-0.9905930344018867	-0.1053265263113628
3.39359982750566	4.744691971625983	-0.9664352818514985	0.0322961968651648
3.521379354154351	4.88598646530998	-0.9268491490563866	0.17256938749908063
3.64397050722078	5.032900597879303	-0.8746947688448903	0.3145361364201891
3.758165519198412	5.188579660720142	-0.8144516402665412	0.4574545034208518
3.914109131601833	5.357455505806708	-0.7146857162077069	0.6004326018775611
4.0517496289124	5.442229491456789	-0.6123964212213973	0.6653919702116546
4.172398586381378	5.549714465916054	-0.5130719861430166	0.7416040244496546
4.276100981635979	5.668382575918248	-0.42181264516088046	0.8157724199499969
4.425491415673061	5.792242106822622	-0.28239480370096093	0.8808445510600496
4.61015297762628	5.918500076228318	-0.10200598416301382	0.9332144738910841
4.769604646584698	6.045756240741213	0.057076767759736066	0.9709296380022565
4.918114899397628	6.173316307178235	0.20387083963529426	0.9929654906816969
5.050528575749322	0.017716455854903623	0.33106810544802273	0.9988656802756273
5.183302731916864	0.1453487169875624	0.4527791866178621	0.9885195346479436
5.316031171279713	0.2732714998438221	0.5664807837107445	0.9619999612965433
5.448079267668492	0.401729089622282	0.6697194646239639	0.9195265890841832
5.578561733981619	0.5307885568940924	0.7602908341913228	0.8615736905873016
5.706496060040703	0.6603288385545585	0.8365504138346065	0.788984271537202
5.831196003106889	0.7901482044537409	0.8977344363578741	0.7029779642587056
5.952515058459941	0.9200828938613674	0.943925532621139	0.6050608663801739
6.071119645524735	1.05011625141687	0.9757747506824948	0.4968717523456767
6.188433352527392	1.1805248010162663	0.9939333796801636	0.379958764678495
0.022456072358587997	1.3121123338837921	0.9985622200051238	0.25546577920898617
0.13927485382679933	1.4465698833309513	0.9896798107098297	0.123732207990108
0.27225299517976026	1.586985136814167	0.9623206806548341	-0.01613648273146584
0.4129003651120419	1.7385030657104958	0.9146828743431589	-0.1665932320495947
0.5423281384725622	1.9091060297492866	0.8552827581000474	-0.33164820800937084
0.6518306030070078	2.020556037282675	0.7944892958069535	-0.43412291057352836
0.8145275153250551	2.1785030344134078	0.6849428586831264	-0.5709394374404575
1.0067745650548559	2.3808762763071303	0.5340074652683066	-0.7228892174346837
1.1610378694986827	2.5494351556904564	0.3982341080373112	-0.8290447262248486
1.2931906486968194	2.6737314696384096	0.27390042254083263	-0.8916211026352237
1.425953209547417	2.761306550283828	0.14423955804985722	-0.9266618680538637
1.5751700505572717	2.8632867038992056	-0.004335555612676307	-0.9597690460792438
1.7102212695174184	2.975321074604467	-0.13869308171350478	-0.984890736953757
1.8371645850743934	3.0873724543814567	-0.2627274981884269	-0.9979453927503361
1.9589105138231466	3.195336581419299	-0.3777920767502596	-0.9979453927503364
2.0770822815797714	3.300174163893876	-0.48426962093950565	-0.9858734475281723
2.1929510043327904	3.4048595531921957	-0.5823285010746638	-0.9635811571272022
2.307851020400809	3.5149878701488144	-0.672099419073889	-0.9292460192233262
2.4232519179488636	3.6313880883533396	-0.7523490191918379	-0.8808649533852004
2.5406651377293126	3.7539343669327425	-0.8238028790617515	-0.8169806035592843
2.6611539471347156	3.88108449272115	-0.8854533191807626	-0.7376446444229288
2.7850768374223747	4.010938803901261	-0.9355759625040121	-0.6442817537994793
2.886326556502112	4.142043793051722	-0.9656092072686709	-0.5390118879313722
2.989020472764295	4.273559193851098	-0.9866413771616427	-0.4241352959762009
3.0917143890507286	4.405099633807533	-0.9979453927503362	-0.3019303591382639
3.1935934655330285	4.5365167177700405	-0.9979453927503363	-0.1746485669095555
3.2942702871211256	4.667802402885964	-0.986627901405649	-0.044500218473624537
3.3931238148718665	4.798990925087007	-0.9665559419337252	0.08630722008815343
3.526445470422693	4.930115855374662	-0.9249493049927363	0.2155628924779306
3.6593305592066083	5.061195789552534	-0.8671624846076703	0.3410720916969455
3.791838529746012	5.192231251255708	-0.794325253343058	0.46068978349094925
3.9241366989414845	5.323204324122993	-0.707714490888449	0.5723599748624845
4.056438791695931	5.454078538163528	-0.6087327972974793	0.6741575505618953
4.188985949689665	5.584800082643734	-0.4988971383530181	0.7643319390296104
4.322066038474598	5.715303310821528	-0.37981040666657623	0.8413517855033907
4.456054952623613	5.845523752098777	-0.25311459295748956	0.9039467555385549
4.591470537113923	5.975444391867533	-0.12043631635907803	0.9511458050028014
4.729034531790659	6.105115136373224	0.01665853016529689	0.9822688308419509
4.869736930861534	6.234618744122886	0.15667808208947082	0.9968904610001355
5.014903171424243	0.08087721815220943	0.29765768904921747	0.9948217281970062
5.1662521518155335	0.21038525791563173	0.43767250873375796	0.9760957543306368
5.325901902177779	0.3400506563012577	0.5745709380717352	0.9409717137470226
5.496311458616648	0.46984041494666257	0.7054002375745656	0.8899944348725337
5.680138941388338	0.599565578148563	0.8221815346102561	0.8240791250829868
5.8168997411200385	0.7289232198907768	0.8915357695189146	0.7445499025541837
5.96424570025292	0.857544058426135	0.9476194223409761	0.653120470412206
6.08369414378799	0.9850086940622013	0.9781768280653587	0.5518470009572484
6.205162474632966	1.1108598214931817	0.9950044840438808	0.44305343407029296
0.04363139168347911	1.2346517606044707	0.997206441932081	0.329197116003811
0.1653790502444316	1.356058434410904	0.9846931863133817	0.21265084591749778
0.28777633889210746	1.475030534913045	0.9574324979988045	0.09542247427405669
0.4114750105547664	1.5919743446755235	0.9153008889008154	-0.021119711551991695
0.5368218860404667	1.7079198613762998	0.8582845534487384	-0.13642272969330227
0.6637347520795408	1.8246130319882454	0.7867779739462736	-0.25070296974085626
0.7918372232356524	1.9445075352701224	0.7017284772567267	-0.36463083249603306
0.9206534203829185	2.0707705471945017	0.6045932568714096	-0.4788758840001695
1.0497273589114464	2.2071408660952185	0.497216308001617	-0.5934149826983146
1.1786586566445572	2.3575919355474992	0.38170888265470554	-0.7067018032446128
1.3070939058666469	2.4996242995188025	0.2603550335047035	-0.7992727353040034
1.4347134048632662	2.66205303100202	0.13552581528901614	-0.8858942132121033
1.5612412034958105	2.759936663300542	0.009576599190691287	-0.9261481467898393
1.6864962002388915	2.868920804324019	-0.11528816799847452	-0.9611971825871215
1.8104998593411203	2.981822707713767	-0.23718239226203278	-0.9857215778567858
1.9336338680691434	3.092163298121039	-0.3546946245481841	-0.9979453927503361
2.0568205128587165	3.2011485832248097	-0.46695478420269787	-0.9979453927503364
2.181663236025414	3.3084039383967747	-0.5735094133339284	-0.9848217681785745
2.310416019308355	3.433181050660969	-0.6739048216232519	-0.9564022001610137
2.4456896960420513	3.555843647244621	-0.7670359771263151	-0.9139246958525351
2.530419042090066	3.7106274295664106	-0.8176787790202958	-0.842007452034451
2.625725714700841	3.861310721354669	-0.8680799719446695	-0.7513914895886697
2.728403253300317	4.004436864126638	-0.9143228039389557	-0.6493616930572598
2.8358157525583705	4.142083355163325	-0.9528056862599564	-0.5389780798511007
2.9353739976283704	4.276706024643214	-0.9780417938413016	-0.421259765159483
3.034933763816304	4.409636255074356	-0.9925086169085471	-0.2975842251495572
3.1327071908370128	4.541651112320426	-0.9979453927503362	-0.1695834579305292
3.227494380666225	4.673188741095514	-0.9951611658158166	-0.039120335223854504
3.318122806293437	4.804486946641965	-0.983579798223652	0.0917740979728616
3.4079767089661166	4.935668190647667	-0.9627910178634659	0.22097231132224998
3.4943331711900596	5.066789161455339	-0.9369917370720244	0.3463176990910637
3.607960125208261	5.197866765159765	-0.8923535914230573	0.46568280383125626
3.773939260368027	5.328890440486325	-0.8050236618099735	0.5770203753504489
3.9275853879376212	5.459826594497826	-0.7053169414894986	0.6784097955654822
4.069880353042801	5.590620653899385	-0.5982309597630349	0.7681024141884696
4.203887562304181	5.721201880828807	-0.48616286065556436	0.8445674571839279
4.331345528477438	5.851532768592977	-0.3713309359770653	0.9065521842381422
4.452460500758103	5.981617853691996	-0.256558118106417	0.9530897810930816
4.62233998207769	6.1114885935120915	-0.08990815735253721	0.9834863376500488
4.7815552715699345	6.241212433955712	0.06896402234688309	0.997312630789343
4.940017668495268	0.08769875597466283	0.2252098341437107	0.9943849701362555
5.104540881333047	0.21742277977259308	0.3817222286614794	0.9747513927720195
5.208426481424971	0.347260712695017	0.4750386281620397	0.9387013219251281
5.328243015443252	0.4771509767376284	0.5764897390085483	0.8868246736447734
5.455063560528006	0.606888101542597	0.6748862414765584	0.8200871692226326
5.5834161275743375	0.7361591729857783	0.7634354345490456	0.739862565143979
5.70979886054895	0.8645763223183164	0.8383509726221987	0.6479182059839668
5.832207357367834	0.9916765389565033	0.8981729459574832	0.5463819654895488
5.950031306201956	1.1169180994424286	0.9431434179598693	0.4376858481601514
6.064321221146506	1.2397105746981962	0.9744760633634326	0.3244528306109142
6.176991788625677	1.3595188878696254	0.9932008182853973	0.20927946410622522
0.004176260300979081	1.476014498757734	0.9997326093620353	0.09444372807954261
0.12841472612555097	1.589189782071002	0.9917543958407861	-0.01833848595285669
0.2481472291284729	1.69949141018036	0.9688821721197425	-0.12810801538513972
0.35659034131422274	1.8078426902800038	0.935763492959367	-0.23463679453830066
0.4820589113516175	1.9155369009047893	0.8846966592332092	-0.33780905460909116
0.6568607978251525	2.0241179542214978	0.791230814160908	-0.4373777414178933
0.8019921901696908	2.135207959605917	0.6942161278823481	-0.5339413272497813
0.9049908571499533	2.250192127996825	0.6174304576371903	-0.62705075956056
1.0721663589565003	2.3693871693115964	0.4773355330539325	-0.7149019209279608
1.2978530092647196	2.4929501337377244	0.2693580705619043	-0.7952835807640029
1.4675028748805685	2.6203733973563663	0.10291021749770268	-0.8654552949186032
1.6110138682674053	2.7505996842408527	-0.040136418277526245	-0.9226466866378429
1.740923510924616	2.8823421110278202	-0.16898101480897793	-0.9645992266832304
1.8626697423860774	3.0145313356791616	-0.2871617245785117	-0.9899013993783552
1.9788322255415798	3.1466707676338137	-0.39599626367752083	-0.9979453927503363
2.0909309928821598	3.2788101995593264	-0.49610413442730716	-0.9886035393561167
2.2003436068083095	3.4109003672976135	-0.5881043114995973	-0.9620499264939577
2.3085531595708124	3.542075440033119	-0.6726097502935157	-0.919087910700433
2.4171087901460124	3.6704388526744856	-0.7480782796766485	-0.8617151837868331
2.5276259027027725	3.7932076945466724	-0.8160093172428757	-0.7935069023820963
2.6412374727921124	3.906902942098447	-0.8756866500386142	-0.7196955026314518
2.7584181857259926	4.082435690865931	-0.9255787025739964	-0.5884215250845787
2.8611395124340566	4.235134924453216	-0.9592247741831881	-0.4592468663346496
2.9655049961971995	4.376341984089556	-0.9836363445094295	-0.32948050968502923
3.0698704799584204	4.5118993963769105	-0.9969731648614077	-0.19893369233268138
3.173101361726437	4.64491750221202	-0.9979453927503363	-0.06735769400126518
3.2745465430963696	4.776824145904672	-0.9891483901845678	0.06425798435002184
3.3735080130500554	4.908240784349874	-0.9715281718552301	0.19425088309737043
3.5039633807339667	5.039436312545017	-0.9333803125676103	0.32066549698695623
3.634504634455122	5.170520441075467	-0.8793366570552998	0.44145417895159167
3.7652554001355893	5.301527029109432	-0.8102140124256522	0.5545930369731329
3.8963177722488913	5.432449525610468	-0.727054376580079	0.6581570357422188
4.0277631430557745	5.563256083264359	-0.6311369656409038	0.7503760726868431
4.159622768611391	5.693898783221424	-0.5239896509289476	0.8296828669088847
4.2919887345171714	5.824325442820192	-0.40729463449035436	0.8947554538620726
4.4250423689995015	5.954498112923349	-0.28282499544404216	0.9445499813619271
4.559072146860625	6.084416950987584	-0.15239750979047675	0.9783149042565489
4.694481848988228	6.21414038398489	-0.017852744881229055	0.9955793066689544
4.831782257264812	0.06060221774252261	0.11892467016551903	0.9961198621502484
4.971554115690636	0.1903317366427283	0.2559345370576182	0.9799265322183865
5.114371147353416	0.32024945736876254	0.39094130384879916	0.9472069604170701
5.260672002394283	0.450304322773898	0.5211078294478497	0.8984650215773349
5.410712845888798	0.5802773186369296	0.6420768718806497	0.8345943363633264
5.564459554685274	0.709837886373292	0.751155662678556	0.7569130835488946
5.721582933153278	0.838590115940241	0.8447751921378392	0.667142046149557
5.8454022054944295	0.9660717716018953	0.9038940545663391	0.5673679008184742
5.970210962866289	1.0917385683721776	0.9494978380860413	0.4599947117231795
6.094247713863832	1.2149827289647548	0.9801928522006305	0.3476432375200117
6.21753143873435	1.3352136305292661	0.995796423473819	0.2329591071047648
0.05754535895228463	1.451998335268803	0.9963155816129212	0.1183325414221207
0.18051544782122042	1.5652133441417022	0.9818017152171954	0.0056092187375529935
0.30168656099243185	1.6751773837552677	0.9530522750473379	-0.10412209214658032
0.44810548389393523	1.7827095125634842	0.8994184085299506	-0.21020313944736585
0.5863984979963478	1.8891187598702488	0.8312573066945625	-0.3125001795860995
0.7123627661578583	1.9961092928623985	0.7552775058557994	-0.41178381082750015
0.823974656259948	2.105518377268416	0.6779541384093041	-0.5085698861858209
1.0059005833868597	2.21824773647259	0.5347237897913619	-0.6020927356177291
1.1631614520878117	2.3353946194773756	0.3962425579088511	-0.69127009517762
1.3055315340370428	2.4574404845506366	0.261877190075108	-0.7740594333701664
1.439191380219866	2.5843190744657236	0.1310715852245106	-0.847774924549845
1.5675234253952355	2.7152184938405584	0.0033019058734155456	-0.9093783878096195
1.6921847937753314	2.848807457629802	-0.12089999738102382	-0.956098834573461
1.8140378065508416	2.983661736135494	-0.24057178531780093	-0.9859565865090607
1.9338121984012546	3.118774982242917	-0.3548575803597346	-0.9979453927503363
2.0525180000305867	3.253888228361744	-0.46327804165358	-0.9917883073531661
2.171769734539025	3.389218519193973	-0.5651854487522066	-0.9675458595622952
2.2937808902279344	3.524987043377513	-0.6611064832570671	-0.9254962296619088
2.4211004447164926	3.661045274589688	-0.7508533020190492	-0.8663216200283573
2.504532867885827	3.796837063230291	-0.8022065907742606	-0.7913376256460225
2.5982146707490927	3.9319064989128223	-0.8545890669074725	-0.7023128790666487
2.698924859579057	4.0660902299595625	-0.9032681126624732	-0.6011921676040409
2.8044201903677917	4.199495301222412	-0.9428299125355366	-0.48991629820503335
2.8904426935117145	4.332396611194411	-0.9666525691350925	-0.37037047100667375
2.976465196661741	4.465153555275868	-0.9850369438201335	-0.24439802970238736
3.060123733477289	4.598167959338503	-0.9957276323141478	-0.1138292718257545
3.138849642621692	4.731913153245755	-0.9979453927503363	0.019533701895367753
3.20908332471557	4.86702429316795	-0.9975139067494561	0.15397982865869547
3.3155597046320566	5.004391228708314	-0.9839073358842821	0.287799320001814
3.4163962244497825	5.145284326000641	-0.9606568320069433	0.41909518241212373
3.5684429239353066	5.291495763263042	-0.9091998415935304	0.5463713064881766
3.7128095555424054	5.426053654209183	-0.8409373779808099	0.6534255559814137
3.8445007936430344	5.5700495248010204	-0.7628489736097753	0.7547767580203107
4.0258389707929885	5.722508858075165	-0.6326403136501564	0.8452799705071629
4.187286986072919	5.88322124823918	-0.5003489996416713	0.9202918826390687
4.3376439990227444	5.991987299477066	-0.3655754799809561	0.9563550405615622
4.4842583852570135	6.104696766492984	-0.226095388585583	0.9821889106092738
4.631776112488764	6.218216461338506	-0.08048333515121808	0.9958402829600446
4.7840599474923655	0.04813051687332001	0.07145541676223927	0.996918379438823
4.945095722612506	0.160735743894412	0.2301571797710202	0.9855801864092569
5.119617020699024	0.27292772607131466	0.3958610181979432	0.9621082130381466
5.313577164810176	0.40245039964187723	0.5644694543222273	0.9192138387650308
5.44349332965919	0.5320750134968207	0.6663269209791746	0.8608723643233887
5.603137846237508	0.661593954032979	0.7762108559026293	0.7881647494877395
5.769173944124133	0.7907149608057281	0.870719966216686	0.7025586943827984
5.8903097099221275	0.9190833000770183	0.9233653442483856	0.605880143908574
6.020162735800652	1.0462918702174149	0.9652272707791716	0.5002601235648871
6.1387213432679095	1.1719188019798124	0.9886885469861306	0.3880296909397651
6.257751795578378	1.2956344000709505	0.9983715854849532	0.27151957302723684
0.09350707556731516	1.4173975331267583	0.994013084724559	0.15274986641475546
0.21240792369407865	1.5377342190478756	0.9757093691550389	0.0330512880152966
0.331073456122715	1.6580381115763798	0.9437985656821218	-0.08710430797715292
0.4486797913380215	1.7808937331468455	0.8991693965495953	-0.20841186288361646
0.5899032255586917	1.8847847728444747	0.8293466651057843	-0.30834817147004123
0.7277401682166896	2.0009644065929977	0.7453162649527991	-0.4162203471630381
0.8626142279866386	2.117847018776287	0.6493697063404716	-0.5191054133569308
0.9951113718167534	2.250469370887933	0.5435667405248938	-0.6272673683104562
1.125717026526415	2.400992010241501	0.4298900689905543	-0.7368737970409686
1.2546650946975204	2.572676389888747	0.3104280988306784	-0.8420655682534604
1.3819557923870518	2.6815260558227423	0.1874200827581928	-0.8954434229441699
1.5074207882068988	2.8102331744734514	0.0632039762857194	-0.9450098394776488
1.6308138650619368	2.921181615296176	-0.059912686858567606	-0.9744442968472654
1.751928429536312	3.0364158049486947	-0.17983742865223684	-0.9926980063084196
1.8707492272687658	3.151649994831678	-0.29490196159514204	-0.9979453927503363
1.9876197987743878	3.2660972273340207	-0.4040262275695802	-0.9902281246174326
2.1034334632573164	3.3812683548836717	-0.506788208277566	-0.9695610738891757
2.2197390711804403	3.498957211436681	-0.6032579093953254	-0.9352576759199895
2.3385994627999254	3.621061763625106	-0.6934981215929669	-0.8859287912583179
2.4623336918371934	3.7473743919295743	-0.776984107509618	-0.8209015061746149
2.5931605976047423	3.8766622213874755	-0.8521106432983551	-0.7407190341373749
2.7323666698810585	4.007568722290612	-0.9158091246358866	-0.6469147849362296
2.8368012303850976	4.139113896746478	-0.953055486007198	-0.5415156513924745
2.9450470448303236	4.270767150587217	-0.9804937259706424	-0.4266866268157931
3.049470940493349	4.402322641834266	-0.9943663164733794	-0.30459074855398377
3.151231984364229	4.533721009664772	-0.9979453927503363	-0.17740654861270874
3.2494335366940335	4.664984880389651	-0.9923575704883962	-0.04731436446558687
3.344788207689389	4.79616192856693	-0.9788080922404024	0.08349322484507163
3.442645679647319	4.92729237295436	-0.9540030980560188	0.21281208614870212
3.5443673965080422	5.058399902314042	-0.9182284041924126	0.3384500370533053
3.6523913356748907	5.189491216782718	-0.8705653509569982	0.45826213481689804
3.7664958429649347	5.320556741839779	-0.8094725986959659	0.5701899887109195
3.886233162106875	5.451570157055221	-0.7340652583997281	0.6723019231263659
4.010527428957969	5.582487556705102	-0.6446031593794338	0.7628339208415562
4.138109505279727	5.713249172014683	-0.5423739611731284	0.8402319486648157
4.267966327282734	5.843787853333216	-0.4292459807360619	0.9031940931906091
4.399482367475441	5.9740480184379745	-0.3073117632038984	0.9507060976493993
4.53241118529707	6.104061987328299	-0.17869869768709137	0.9820676502104349
4.666782356733185	6.233903949029559	-0.04551904220838322	0.9968446952905665
4.802798502108692	0.08049877439684222	0.09009460672883982	0.9948459585633838
4.940738670332676	0.21033966435090973	0.22591227748228676	0.9761044639640812
5.08080924422954	0.34031544802788544	0.3594660917144151	0.940888332849869
5.222965275613161	0.4703732095701039	0.48791988377440015	0.8897634222926483
5.366736619435036	0.6003163744263543	0.6080394997527508	0.8236698200606903
5.511201773794829	0.7298467329331456	0.7164156599427232	0.7439516652279499
5.655158509707666	0.8586007203965861	0.8085631717487483	0.6523387825993152
5.797338429411637	0.9861503188082904	0.8830542479627941	0.550911313365968
5.937169159168247	1.1120005753936493	0.9390932258611483	0.44204273521916976
6.051878642844356	1.2356306436545577	0.9720991863462835	0.32827909441419734
6.165506342728959	1.3566113777207445	0.9924654472873512	0.21211213530060943
6.2789620046052175	1.4747945158617437	0.9997295974177152	0.09565724179070972
0.1089641451001438	1.5905371724502242	0.9930234252240537	-0.019684261626435093
0.21963311737491692	1.7049188668788542	0.9743291570810295	-0.13346223181456407
0.3576638388827132	1.8199129487492538	0.935425456754486	-0.24620023735186003
0.48482722190105504	1.9384417063243173	0.8834963570270434	-0.35908796120269665
0.6292250583741518	2.064478920885348	0.8079099263614009	-0.47349933055847504
0.798971802028417	2.2028721410437324	0.6964505232389123	-0.5900798450745622
0.9379705978808969	2.27377979132506	0.5903999169351773	-0.6454797055511229
1.1264804373254105	2.370370087592546	0.4292136931156495	-0.7155852516476481
1.2845482763750606	2.481763031929985	0.28232034125940086	-0.7885970405386588
1.4275524516535736	2.6028150034780264	0.14264879622059276	-0.8568449846434336
1.5630661459969541	2.730125957761599	0.007753843691178205	-0.9149688352716044
1.6952478422554815	2.8611635038206327	-0.12392171186123208	-0.9592308555400082
1.82684006423389	2.993877329751667	-0.2528364915773662	-0.9872620328303698
1.9603818595155982	3.1269463073706216	-0.37913657226342506	-0.9979453927503362
2.0989587643951904	3.260015285026965	-0.5029643229440225	-0.9910053334130713
2.2465845923054015	3.393385890510798	-0.6242322065105558	-0.9664895107806462
2.408139870276143	3.5274548378208674	-0.741843032466092	-0.9245707821642242
2.5307711482809676	3.662220376798464	-0.8178892331888123	-0.8657453717283872
2.630156028592415	3.79716001803242	-0.8702525156002656	-0.7911445952872651
2.74806707256578	3.9317631437101124	-0.9216969320326267	-0.7024125404685551
2.8417595497899324	4.0657867042078575	-0.9543123249745292	-0.6014293110466566
2.940910783146874	4.199282811360019	-0.9794452628849911	-0.4900978829090248
3.0400620164645797	4.332519866703285	-0.993163954112235	-0.3702578418132054
3.1352937066410416	4.465911191747692	-0.9979453927503363	-0.24367220547602797
3.2250974431229675	4.59999245723265	-0.995467469435148	-0.11202939443511518
3.3101834626735833	4.735459510050324	-0.9845943635354257	0.023075808764331053
3.3920192209201314	4.873307474574629	-0.966835935336382	0.16021675242961536
3.4771718061749493	5.014981081644953	-0.9434274198951441	0.2977307552491651
3.568632610119918	5.16257682229868	-0.909128707384858	0.43441619611570764
3.6651898866142343	5.319071723522056	-0.8642891792624872	0.5689728521540276
3.766471781501158	5.48852071630572	-0.8094869802532438	0.699636872858008
3.868737943934411	5.584624755859087	-0.7462280396365639	0.7642183650766152
4.014748897604369	5.699191749248504	-0.6413049429939125	0.8325683867786708
4.152071750740253	5.824441940580391	-0.5304424262732642	0.8948059657233982
