0.6337262540200466	1.165670459472706	0.8054560490065167	0.39388954653774955
0.8551307222579749	1.468993401251192	0.6549057863635828	0.1014275949186872
1.0643826332739341	1.7872155516353665	0.484231851884491	-0.21464837222775707
1.2290790931182234	1.9405736627622747	0.3344233062659252	-0.3610361137543392
1.372747294592835	2.0857535562840965	0.19639155494901844	-0.4916797196269605
1.5084025156921206	2.2249459950201573	0.06222745459196302	-0.607326057939071
1.6397822673477225	2.367419030025122	-0.0688703414575576	-0.7135336586205671
1.7683837121213382	2.512503433898713	-0.1960706570798375	-0.8069706048307924
1.8947615581948587	2.6588184855762558	-0.31790604358655195	-0.8843080522051266
2.0190683969586014	2.8048555695160813	-0.4327635252494795	-0.9429931840529087
2.141362018647246	2.9499151791964437	-0.5392003216167716	-0.9816441284896676
2.26181043301777	3.0941625924025753	-0.6361280942992065	-0.9979453927503362
2.3807751079114614	3.2383286801782694	-0.7228188845555809	-0.9937766553337664
2.498785413936987	3.382494767897746	-0.7987713326812627	-0.9692502016882787
2.6164081410966045	3.5250541817683625	-0.8635108068889079	-0.9254710520965823
2.7341766603120186	3.662718213728506	-0.9164878890766106	-0.8655012417433897
2.852334700565797	3.791352462727666	-0.9569929230754802	-0.7946157760115956
2.970822485652528	3.9078271730602445	-0.9843158642034262	-0.7190529716901488
3.089426963098167	4.008020301359231	-0.9979453927503361	-0.6465619680357066
3.208031440590997	4.1815950934883475	-0.9976483265700226	-0.50521304641775
3.3267602512929475	4.320831971800759	-0.9824760228363589	-0.38093807986699124
3.445881519441285	4.435045889518993	-0.9531828746671963	-0.2732415107360633
3.5654907987224314	4.618188691601931	-0.9103069179541503	-0.094054472943315
3.685168891649274	4.770823885553045	-0.8544918462300461	0.05828954148807398
3.8038200659900037	4.910849958143666	-0.7871638789823241	0.19679289707784178
3.947638368656326	5.045582980744895	-0.6913759882973876	0.3264299998161535
4.087122043771211	5.177991489951444	-0.5847600965071776	0.4480734686270781
4.223896317001765	5.3092697735299135	-0.469064238829154	0.5609390713434617
4.3594457294302265	5.439869949246291	-0.3456533577614919	0.6636464494665855
4.495029119820503	5.569937724425979	-0.21557631463721533	0.7547043354833587
4.644456804961296	5.69950722994439	-0.06781783915479293	0.8327403746228883
4.796312043472235	5.828599255400266	0.08364254373834246	0.8966085214919465
4.9554560779749615	5.957272132888712	0.24025086085760455	0.9454234991125765
5.053318155474223	6.085632643078425	0.333684244743907	0.9785471351109973
5.169623929380338	6.213809209518435	0.4406598767450299	0.9955581027818685
5.295118018700341	0.058735606150606336	0.5493401449587327	0.996239374447956
5.42536781706231	0.18693874446280542	0.6529181935946421	0.9805746876839168
5.558151990853954	0.31547373497287956	0.747069721334599	0.9487107990112643
5.692170026139009	0.4444642053564942	0.8287404155714269	0.9009972179097878
5.826530906162963	0.5737742065968374	0.8957117130926286	0.8381395809220717
5.9606328352793705	0.7030881508701199	0.9464817586887673	0.7612854567964301
6.094206879672181	0.8320218347601915	0.9801850517392394	0.672001069653444
6.2274088332298465	0.9601958518162517	0.996428836835352	0.5721838661780374
0.0773497427181675	1.0872778518878234	0.995047579518221	0.4639468709260323
0.21044317826441958	1.2130364500301807	0.9760846899400806	0.3494685077411996
0.34313983963210837	1.3374302563121343	0.9399989534539455	0.23079953699757988
0.4748065822271099	1.4607348313903719	0.8878411715603234	0.10964237218620143
0.604711611253389	1.5836817139567196	0.8212737073458276	-0.012837018678841714
0.7320831073545031	1.7075738689348101	0.742502976803519	-0.13608140621204912
0.8559391669757523	1.8343492675670559	0.6543077224595579	-0.26003039248178056
0.9748819286783303	1.966589154161605	0.5601470038627178	-0.3848087129732989
1.1346297930210871	2.107528154163274	0.4219934290116753	-0.5102873551437856
1.2837669324923195	2.2608800693972912	0.2830815734464668	-0.6354012049640994
1.4287283404768985	2.430536910349225	0.1414791427651198	-0.7574135898650441
1.5741710935474742	2.520885340369739	-0.0033377957477795164	-0.811980477427537
1.7241226331515784	2.631470307469287	-0.15240685479290533	-0.870897013553574
1.8288502952118593	2.752009691473176	-0.2547623153710333	-0.9231754533948899
1.9476450115928168	2.8770143122547327	-0.36749781532689774	-0.9632487317753011
2.074810504192944	3.00307537597145	-0.48232825762138576	-0.9884374472068612
2.208927304155132	3.1290717640794425	-0.5948107195317389	-0.9979453927503361
2.350859174326826	3.255068152173123	-0.7020211470196001	-0.991637525396007
2.4408177813559724	3.380678881401829	-0.7641240295922028	-0.9697104941224639
2.542587860970236	3.503682670917122	-0.8249520923712921	-0.9334855815450464
2.6521725878944724	3.6194711324211464	-0.8810490274051547	-0.8867088072605989
2.7671231943433336	3.7215392363242947	-0.9288431675151246	-0.8363432005608421
2.8855324616521982	3.8710270466803425	-0.9654079194391383	-0.7446366415955138
2.997102268272417	3.986669541449897	-0.9876741463390448	-0.6632432304291543
3.1086720749066283	4.065277993581342	-0.9979453927503361	-0.6018267646023746
3.2194026095245216	4.228163785520099	-0.9961952097751502	-0.46541744364105
3.329482946895309	4.469281821756022	-0.9821280907345455	-0.24044310417332687
3.4397357594914744	4.643629079901983	-0.9547407070612235	-0.068644572272687
3.5530406049944268	4.794490808616654	-0.9149758646171506	0.08183096631724353
3.6701355689040027	4.928237291943191	-0.8618639085154942	0.2137326830386964
3.790851182647278	5.060406438357099	-0.7949153915401999	0.34033181793376943
3.9150652883631785	5.191870210793077	-0.714020990257923	0.4603699045226277
4.042075608766597	5.322966776842078	-0.6199546940480753	0.5721652786246392
4.171072381796495	5.453803300701454	-0.5142053035835119	0.6739539378874819
4.3014118220438196	5.584383725205182	-0.39868394635313353	0.7640622291832198
4.432701913655583	5.7146690217259195	-0.2754870658682884	0.8410059956798395
4.5647871771932635	5.844614967533541	-0.14675960036041835	0.9035527187789133
4.697702558105329	5.97422465050405	-0.014635895445233908	0.9507617177411714
4.8316269136708545	6.103568769329684	0.11877015030968448	0.9819734319144446
4.966838768980082	6.232743142559697	0.25134056279284717	0.9967703731075223
5.103665520415785	0.07867125503574664	0.38090129277881285	0.9949629679288541
5.242416576911605	0.20785672169760566	0.5051535814782874	0.9765787747688215
5.383364705246217	0.3372369329850033	0.6216680529297616	0.941857733780351
5.526628955130818	0.46680830329323925	0.7266495910921368	0.8913091176879008
5.6721263863140425	0.5963953653014804	0.8178134002303364	0.8258074022181329
5.819583282906631	0.7256944922017623	0.8926993171300883	0.7466414219277042
5.968700405059305	0.8543358370800962	0.9490221749422076	0.6554938193141111
6.101526906391841	0.9819150212311771	0.9815833795497922	0.5543826075910279
6.2344103045510035	1.108015853981596	0.9968771153784342	0.44557316658701995
0.08405961069141861	1.2322643357799623	0.9946179712685614	0.3314361041365441
0.21690036815916386	1.3544303558179425	0.9748511878568722	0.21423701796723268
0.34963674334895906	1.4745673095929681	0.9379531279761946	0.09588324325624545
0.48208121090007466	1.5931752516484585	0.8846869904490422	-0.02231917936423743
0.614071882658132	1.7113359940122037	0.816170850273481	-0.13979276367060217
0.7455197872786914	1.8307765351448189	0.7337989053908528	-0.25660767480279006
0.8763858228273445	1.953845429021983	0.6391818807613459	-0.3731636717303489
1.0066146100791271	2.08347807869473	0.5341385660406626	-0.48973519427477796
1.1360649011890174	2.2230837297105572	0.42072193462890783	-0.6058710775820452
1.26452269323075	2.376211533415318	0.301183390512923	-0.719646260029986
1.3916745110699718	2.474428207022306	0.17795152270173797	-0.7842130094791471
1.5285428756145794	2.5917679611218687	0.04219389265099306	-0.8514277202302689
1.6631408290375478	2.7204271130509716	-0.09220091036817443	-0.911331671896003
1.797851930543588	2.8550518711213893	-0.22506553480344327	-0.9576816737501188
1.9349289801073968	2.9922650529408474	-0.35587808016531847	-0.9870560006690783
2.0466989665619457	3.125803485651628	-0.4580119607792725	-0.9979453927503362
2.1667953927185155	3.259347652350923	-0.5609345900201308	-0.9910906499060399
2.2938742573995152	3.3932464898259904	-0.6611794306507284	-0.9665248461833167
2.3730781969138373	3.527963928629695	-0.7174679455881068	-0.9243798680399168
2.463525947439576	3.663524977687096	-0.7776967196929366	-0.8651056196807788
2.559952355642556	3.7993319972465467	-0.8353308655437066	-0.7898464014714349
2.6607094510336924	3.9348361362227986	-0.8852353465477056	-0.7002761775317918
2.763777062353277	4.069838892829323	-0.9275883346884037	-0.5982633524601961
2.868357948833235	4.20452421232882	-0.9610545095045637	-0.48561880690651293
2.9737105268524373	4.339384997060544	-0.9846849257481457	-0.36398457985309324
3.079063105306188	4.475178199262447	-0.9979453927503362	-0.23479430847633287
3.183671643811024	4.612947546454921	-0.9979453927503364	-0.09924912636263342
3.2865704284675163	4.7541952650660155	-0.9876118630364289	0.04174909733502229
3.3860292320441743	4.9011465832397425	-0.9683542827477736	0.1873392858533942
3.5042343037337385	5.057106817675996	-0.9332787137440619	0.3372373491690702
3.6492121091108696	5.226925554285674	-0.872124384621521	0.4914286590701022
3.7877465840446614	5.41752040473883	-0.7967710127544076	0.6471129060499643
3.928124294994379	5.526093261765449	-0.704942290051962	0.7263025772960376
4.068496635814852	5.6346774844680025	-0.5993120524386943	0.796641740990075
4.203573480668427	5.760798355419264	-0.4864312613228493	0.866153919976184
4.333001854857648	5.847444989790453	-0.36981740764857296	0.9047797783510986
4.4568277512666326	5.942887694448937	-0.2523742432012917	0.9408939490490739
4.574201599095264	6.041556447233908	-0.13747222042881868	0.9701273611411528
4.734365425414992	6.140915626982475	0.021983035274352233	0.9891077159399925
4.881928337454993	6.2396853560891605	0.1686157153571713	0.9972148575914264
5.0243012362906745	0.05295608854352378	0.3064714349274479	0.9966094157740972
5.165152080221346	0.14336748306574093	0.43669785408130146	0.9888980051915899
5.302548661862242	0.2616451218444659	0.5554303778707654	0.9656610191421989
5.4402001776916995	0.37164379811992915	0.663890742872106	0.9310232741099693
5.577050247142977	0.5459799858101341	0.7593117166223196	0.8532919125136452
5.71206249967194	0.7008759125918785	0.8395850209108132	0.7627185102042873
5.844344549870104	0.8319738430639197	0.9034354693185606	0.6720365725154231
5.973655590744776	0.9397319145330584	0.9505825251588853	0.5889563233713653
6.100604382359633	1.1158088475279826	0.9814071519129894	0.4386686365030861
6.2265040347889835	1.2587826846547039	0.9963709059079442	0.3065665175339801
0.06917846481114436	1.3826454786435989	0.995570756488783	0.18674814894126854
0.19465049811140317	1.5188528244442765	0.9791015291821856	0.05183256053373324
0.31755900848319313	1.644103646527234	0.9480541622714564	-0.07318654191866801
0.45815645541436395	1.7647703242659205	0.8950604425161555	-0.19250602972376346
0.6206377665158548	1.8677579301685683	0.8125913849534253	-0.29203626546737305
0.7676519305924067	1.977121313906664	0.7194620485925336	-0.39443285609195594
0.9373361997660005	2.091408497223923	0.5909198762703912	-0.4965121891155514
1.0842614132602286	2.2114944151042044	0.46661941147500097	-0.596816392937108
1.2212913720876373	2.338498806351626	0.34172683046049696	-0.6934281446227641
1.3530247565369387	2.4734424977898497	0.21560643729520274	-0.7836238502360665
1.4812497520600438	2.6166557687194496	0.08923623567561895	-0.8636322388763764
1.6066313828562564	2.7674952424873664	-0.03575918481416962	-0.9289826892750671
1.729326668978714	2.8921950761702453	-0.15754066528147032	-0.9670967645632388
1.8493473876119169	3.020504099168714	-0.27439875948000814	-0.9906646562597899
1.9668366636111572	3.1495806202325545	-0.3850348837135241	-0.9979453927503363
2.0822810721732194	3.2786571422827633	-0.4887122839465543	-0.9886230984797609
2.1966451505676217	3.408278540835304	-0.5852147225920556	-0.9627145092677496
2.3113437624465183	3.5392990741841244	-0.6745497942507563	-0.9201290755488782
2.428127995794699	3.6719823421488185	-0.7557388979317339	-0.8609582852132762
2.548752670001792	3.8058257011183896	-0.8286368039507063	-0.7859651091674253
2.6743846703522243	3.9401883214470343	-0.8919414201344709	-0.6965553060696764
2.777976829650167	4.074714319280935	-0.9329133888670444	-0.5944542014854929
2.885808034203854	4.209468191992221	-0.965477771800991	-0.4813938943689936
2.995534984769775	4.344913717110557	-0.9874738638532838	-0.3589325113018854
3.1052619353834023	4.4818951421102495	-0.9979453927503362	-0.22835940199107546
3.2140435132013634	4.621680516973654	-0.9968800463929197	-0.09056683215701197
3.3220511056202495	4.766205356337944	-0.9830778025396156	0.0536955028778838
3.4301836685839957	4.91838936803916	-0.9571619790874474	0.2041382434876698
3.541558155715925	5.082606189782935	-0.9192818974719926	0.36115131326690864
3.657005063877061	5.265295561330141	-0.8683028643297337	0.5248973467464683
3.776378193545095	5.40018514125414	-0.8035659093843983	0.6342887819893156
3.8997682881324733	5.467868910587494	-0.7246555571179537	0.6843592672513289
4.0264411128030195	5.5668082736235105	-0.6321698625322525	0.7526771261265237
4.15555343752625	5.681235198344441	-0.527467126382214	0.822779171400865
4.286439456196628	5.803107089441265	-0.4123654889072017	0.8855554613333783
4.4187463021228295	5.928334702098357	-0.2888566980346882	0.9363113226433428
4.552445582753108	6.054935782256634	-0.15893465239447846	0.9726831846327165
4.687787970504696	6.1819463329237285	-0.024538601455495537	0.9935180395947035
4.825253958455995	0.025798804823529496	0.11243098886790938	0.9983481970989999
4.965500622020765	0.1528961692599137	0.2500368595720795	0.98707776225893
5.109289929635255	0.2803236027614443	0.3861760077632408	0.9597793078207694
5.2573814308773335	0.4083190937442954	0.5184108425901476	0.9166692519664595
5.4104152581809	0.5368864381262978	0.6418567251440062	0.8582493621542262
5.568914460093786	0.665784207636764	0.7540414808294041	0.7854503686428949
5.733142321401007	0.7946321386954577	0.8510769224532694	0.6996608800363427
5.903134196813919	0.9230032714662454	0.9283758755426905	0.6026672943276247
6.030748969328985	1.050475063338907	0.9680628335792795	0.496553847846535
6.159681046860807	1.1766884014338848	0.9920924749469651	0.383556638441554
0.005558528756440936	1.3014703975924595	0.9996441077798763	0.26583379336588675
0.13463366580549066	1.4250462004988007	0.9905664061462601	0.14514175751533015
0.26381362933161057	1.5483390459412645	0.9649781726572823	0.022463294866525207
0.3931984131286147	1.6733271963030765	0.9232253756301924	-0.10229687186305682
0.5228236093000821	1.8034315777345453	0.8659158712147104	-0.23041089931049513
0.6526356991657235	1.9438497366717717	0.7939677670886195	-0.3640297451590556
0.7825123344629316	2.0117774305404437	0.7086267589343452	-0.4261011401375757
0.9122913495279715	2.1082331689129843	0.6114468976699161	-0.5108898304486977
1.0417851790514439	2.221765885990833	0.504253015968715	-0.604841451612027
1.1707805787927397	2.3487194224144927	0.3890971457899014	-0.7005335785792263
1.2990366600389143	2.488534688006598	0.26820488681341	-0.7926444651108696
1.426293167428919	2.6412719209593574	0.14390140285786404	-0.8757035427800828
1.5523023268782152	2.7533587585125607	0.018504763504898596	-0.9236813669725663
1.6769020089134044	2.8737165641001168	-0.10582344452380991	-0.9624128158032232
1.8001444227325107	2.9986810144518	-0.22726176799883616	-0.9878758936353442
1.9224774536753868	3.1247955790025363	-0.34445818190506045	-0.9979453927503363
2.044940782846445	3.25091014352284	-0.4564053566148408	-0.9921688755358452
2.1692971148097007	3.37757615933912	-0.5630724542000098	-0.970496974716959
2.2979923419916544	3.5058314718434636	-0.6643968734926505	-0.9326797597937007
2.3724384840535206	3.6361133136682495	-0.7170232133476899	-0.8785477906444984
2.4585448159147054	3.768025845609155	-0.7747194931617779	-0.8085581148196875
2.5513751373653575	3.9007949918231715	-0.8302042549149945	-0.7239417865172151
2.6493565033499236	4.0336958234919775	-0.8796680718429499	-0.6265017864026459
2.7504541890471605	4.16627914046004	-0.922592124490947	-0.5183014016252685
2.8537520653172974	4.298403688096079	-0.9573521978831643	-0.4014327378957918
2.9581552713489208	4.4301034699898905	-0.9826971263272741	-0.27797640400541596
3.0625584773509784	4.561471640786606	-0.9960387671882099	-0.15003039559417952
3.1659360674883734	4.692592704172344	-0.9979453927503363	-0.019739625755761426
3.2672458608698873	4.8235110382216275	-0.9900813412311441	0.11069731079026857
3.3649234620471615	4.954219741760155	-0.9737041910537833	0.23904634778527536
3.474598526035847	5.084656317228851	-0.9443924255794655	0.3630739752811737
3.6273149151989648	5.214697763065618	-0.8828623618558537	0.48059493364271666
3.774938704585675	5.344169788588945	-0.8044262931546113	0.5895434889842861
3.917065697376521	5.47287530700035	-0.7126302938417003	0.6880628538020588
4.055246544254042	5.60057590906361	-0.6096642954034258	0.774551273011455
4.191072843104162	5.727033391632406	-0.49711376893169135	0.8477465707865028
4.3258161613203	5.852083716114701	-0.37638359584588854	0.9067910676704727
4.46047589744155	5.975737419629655	-0.2488792783025171	0.9512380772123901
4.595888633448939	6.098264348463544	-0.11607783958112715	0.9809601406383242
4.732838345989413	6.220172209221793	0.02045778589283912	0.9959655023277375
4.872131624917819	0.05878394088065042	0.15906007783785683	0.9962362797523738
5.014645018260523	0.1835852422158043	0.29741558640202037	0.9812152994786987
5.161291601553553	0.30725868642453824	0.4332775007932482	0.9512976552051721
5.3129395355941815	0.42750941640715345	0.5639468467427337	0.9083485862687686
5.435509101387683	0.5408949146476539	0.6604204209728276	0.8560640961633308
5.562994735218758	0.6427107416354106	0.7502067755044062	0.800396999577518
5.690445004824542	0.8281049736300178	0.8278000008298183	0.6748986496703872
5.814833647315246	0.9849692116734646	0.8906399390447859	0.5518793611363191
5.935107852149595	1.1229500337383684	0.9384441359869535	0.43234160251658343
6.051883012569806	1.2500607783571867	0.9721000210848514	0.31474614459259226
6.166992433616076	1.369582874687835	0.9925605962392224	0.1994745230739207
6.28198727447221	1.4932311566719307	0.9999232943574295	0.0773183646764816
0.11325479169186414	1.6106246352348053	0.992748710851204	-0.03974765169977415
0.22376830932684888	1.7249452663124658	0.9735392209059566	-0.15321838701326088
0.35018222230790264	1.838915662883521	0.9377813608082604	-0.26440505034354644
0.49161073222001284	1.9555188013941405	0.8805551182259822	-0.3746927764524839
0.6525633029142798	2.078181995465427	0.7940146642496839	-0.4852093891625798
0.7853818801485476	2.2109410234711064	0.7065039524421024	-0.5963840302915981
0.9447078906073815	2.3580683236357545	0.5848779612973106	-0.7070329911180171
1.0574997965324031	2.4510648590205464	0.49032999030355107	-0.7702487165910282
1.202058626178959	2.5661589302076906	0.35976379204661474	-0.83886952706378
1.4102084828441748	2.6959413953777074	0.15989461308698671	-0.902149283869011
1.570601232627395	2.7807451369232212	0.0002277870694837314	-0.9339515316692415
1.7076114156558533	2.86947013811035	-0.13611844626263783	-0.9613364281766772
1.8316690058989864	2.9581951393547983	-0.25746267178192533	-0.9827022210426247
1.9473903087821243	3.04407896548595	-0.3672650713919248	-0.9936772783026699
2.0570965372541097	3.122894867537346	-0.4671906627879984	-0.9979453927503363
2.162309478760909	3.2393705545550007	-0.5571011207479932	-0.9936435146545778
2.2643891465260197	3.3818123993376603	-0.6381428327371501	-0.9694231690440246
2.364874870074877	3.5184383541266073	-0.7117649432721039	-0.9279520533617658
2.465296694553827	3.673289383717956	-0.7787550967428497	-0.8603173363012745
2.5670588913385175	3.8637699916307597	-0.8393108512888603	-0.7496817900538892
2.669640964162943	4.032062577726726	-0.8896151947161914	-0.627777834715626
2.7734472167322424	4.159731697783214	-0.9312147389038509	-0.5238965647402758
2.8783235630695274	4.261105048290793	-0.9635806017715018	-0.4355157233713698
2.9837971562723795	4.461310307603511	-0.9859738917901997	-0.24807990402105784
3.089270749427746	4.619850531622041	-0.9979453927503362	-0.09239462446366818
3.1941062627245373	4.762339186836257	-0.9979453927503364	0.04984983445465067
3.297391744209611	4.898208167554315	-0.9862290117447647	0.18447650462718193
3.3973648678521244	5.031310684338627	-0.9654809162621426	0.31304507479047755
3.5173535604830293	5.163235188414446	-0.9283588617836166	0.4349995032396633
3.6622257430000986	5.294633505247595	-0.8657427402427631	0.5489430326614598
3.799771131496135	5.425762055527641	-0.7895839305585335	0.6532098397523917
3.92861277242489	5.55670579641115	-0.7046026975948763	0.7461328991599409
4.048084724886997	5.687472607266144	-0.6152597959187929	0.8261795649207684
4.156375471781842	5.818038734320303	-0.5267646512368512	0.8920296216452095
4.338483539600609	5.948379465036708	-0.364808319315825	0.9426232657630162
4.4978514335403466	6.078496658602602	-0.2127920863462792	0.9771839644655382
4.646912747231382	6.208440664215657	-0.0653648400731884	0.9952143745058522
4.792720203019726	0.05513090461740541	0.08006974968379382	0.9964701702732086
4.927581450502912	0.1850814842357081	0.21309372287662265	0.9809294758187754
5.066270552159266	0.31524233746733754	0.34583133401371685	0.948783664322643
5.208065449676218	0.44560738020611834	0.4747187569141449	0.9005015526765949
5.352306211328133	0.5760135550381292	0.5962121862252578	0.83691877497137
5.498054043936015	0.7062118454569045	0.7066893515439933	0.7592619762262196
5.644145610501311	0.8359275354132037	0.8025593660713065	0.6691117458331153
5.789421615012961	0.9648845586764864	0.8796216237615586	0.5683409529586965
5.933125560009024	1.0928300690481108	0.9378199272958184	0.4590276508358895
6.075296237834961	1.219615673962933	0.9765725954724658	0.3432983430697071
6.206826369103786	1.3453794001534318	0.995111017107434	0.22305500314344118
0.05504660654025026	1.4708447583343285	0.9964755675700736	0.09958605499871247
0.1863346101753066	1.5977183556903738	0.9806900940625916	-0.026856838973826114
0.31651836788528553	1.729158135858084	0.9483818520666523	-0.15737440641410272
0.4437285314845937	1.8702882390503517	0.9013161962020317	-0.294460329718332
0.5655000329850622	2.028765180041033	0.8426503395856801	-0.4416243126316379
0.6788641183608973	2.215214660305739	0.7769774067463173	-0.5997230054716639
0.8484775727904988	2.3733014005497126	0.6598275929597335	-0.7176231181025423
1.0020236403887266	2.4634735739139644	0.5379013728525925	-0.7776654159923213
1.1425401910889177	2.605911437572621	0.4149848794587818	-0.8583634184185163
1.274869705678482	2.7156518238135434	0.2914796972942334	-0.9095408908658409
1.4010795741557571	2.8013300099274034	0.16878854478583127	-0.9416710640894463
1.5660695557657063	2.89858687442497	0.004754033193119435	-0.9687169629534482
1.7251489447178499	2.9958461074042035	-0.15341931690086896	-0.9875136220811315
1.888747657153344	3.086311122816879	-0.3121446590265507	-0.9979453927503361
1.9961558365412186	3.1675128739612064	-0.41182634180282496	-0.9979453927503363
2.1263204784633047	3.23879424768664	-0.5263464678323071	-0.993717160661801
2.276273350480493	3.372153798322499	-0.6474279132375002	-0.9718714393418036
2.4477247838987837	3.5061040731442206	-0.7682523508618914	-0.9325775315905653
2.5839133631440263	3.6406450236739603	-0.8475759712522843	-0.8763255242175905
2.6962877601961552	3.775399055404647	-0.9022791741260306	-0.80415114108022
2.8306301992622083	3.909837542141409	-0.9514912478549931	-0.7176553509746788
2.9386034877992473	4.043583135504077	-0.9788604077223302	-0.6187768695031954
3.035709249207001	4.17654322734556	-0.9926077158536062	-0.5095301541037971
3.1266906981312546	4.308812586591605	-0.9979453927503363	-0.3919212292163386
3.2087140633144373	4.440558775102835	-0.9975610945053343	-0.26796010459643105
3.2822807590896645	4.571943791044481	-0.9881600380441038	-0.13969956071572368
3.3496490311770146	4.703085168642785	-0.9775759666200543	-0.009259735400335523
3.4193225922357002	4.8340438110736255	-0.959915053842653	0.12117423166720723
3.496139819562791	4.964824334866547	-0.9363142259364261	0.2493779799662343
3.579876025268709	5.095384530747685	-0.9049123147096503	0.373135168625363
3.671995163561354	5.225660319710107	-0.8609519978306794	0.4903076713343576
3.7715710838786394	5.355550130241886	-0.8064391229033954	0.5988709361210672
3.8751460660216765	5.484916710585209	-0.7417730744959166	0.6969707341797039
4.019011975596781	5.613597593071956	-0.6379742173945826	0.7829865165508789
4.15785445108291	5.74143231136331	-0.52550077908987	0.8555963035779859
4.29430947024842	5.86831241286559	-0.4051739780097503	0.913827612221894
4.430023334116852	5.994249284654513	-0.278053175069396	0.9570673224589087
4.566215520952275	6.119430222826926	-0.14535053124274386	0.985003408769777
4.703922285060818	6.215064143616031	-0.00842362217827703	0.9956384516118688
4.8441441502089955	0.027416183384664512	0.13122101188723695	0.9982446422786285
4.987912149627183	0.1548976272180465	0.2718715172076794	0.9866954283643019
5.1362715147050135	0.28021405864533305	0.41110990353808524	0.9598138024282694
5.290226848462735	0.3995391274648253	0.5453312906361143	0.9204761272093581
5.450683338420339	0.5076585373691015	0.6716458804764767	0.8735970058391755
5.61832856100988	0.5979476307241268	0.786051163696979	0.8249611672910029
5.79368583215251	0.7563428938983973	0.8814705309375293	0.7267878659483463
5.928242318892464	0.8814723002382846	0.9362822318757141	0.6354190526158612
6.06559880040575	1.095021084047067	0.9747201163808332	0.4570864290339468
6.196268283002324	1.2582949419454135	0.994435021557613	0.3070239351358739
0.04379019811096014	1.3998725362260327	0.9971962741386733	0.1699645137073415
0.17453855196563067	1.5340686629757538	0.9829434678385625	0.03669740679875794
0.3053680661749834	1.66862568497889	0.9518929971163134	-0.09765880461102928
0.43626900858902046	1.8043682291184364	0.9045505449604541	-0.23130822182777663
0.5671822055672405	1.8631708075609676	0.841733284311671	-0.28764175062853126
0.6979656549914194	1.9483400720168742	0.7646037296280269	-0.3681329520091325
0.8284715426290018	2.045786605999039	0.6746274725796026	-0.4571782582105897
0.9585471921174485	2.150133557416252	0.5735351249236968	-0.5466961016647444
1.0880204055518572	2.260354294846989	0.4632889743062368	-0.6349904194337186
1.2166822522175362	2.376461998517625	0.34604938109562555	-0.7198203848803759
1.3442791256458673	2.4978891690576557	0.22412695672017866	-0.7982356463578162
1.4705288173984936	2.623951598727251	0.09990032059933253	-0.8672099784189182
1.5951662171247332	2.7535225837258164	-0.024307758877809008	-0.923742803059382
1.7180358270661298	2.885203449550735	-0.1464021865005777	-0.9653245211753154
1.8392390039658562	3.0177218528039713	-0.2647148147221951	-0.9903091141916249
1.9593211812448867	3.150334613632749	-0.37816733900763766	-0.9979453927503363
2.0794484400355753	3.282947374420244	-0.48629163826285454	-0.9880748515572748
2.201490335259633	3.415717629119717	-0.5890002458022541	-0.9608288429211744
2.3280465543020963	3.548368131534792	-0.6861616759307197	-0.9167280887065037
2.4620941063964477	3.679904326198743	-0.7768409070887685	-0.8570734913569918
2.606321245410589	3.8087999547889506	-0.8585643805715781	-0.7841873952295024
2.698840183194383	3.9331662723617367	-0.9032363581747684	-0.7014370769636927
2.800459984078932	4.050612045414047	-0.9413447957300387	-0.6132852106092725
2.8872815727262857	4.183687345604602	-0.9658512855833121	-0.5034250976802077
2.9742539386367977	4.301065554646042	-0.9847543681067107	-0.39900036075190837
3.0575637922197014	4.401984402883675	-0.9954004985201612	-0.3049147852572931
3.1342426456644343	4.598104091133797	-0.9979453927503362	-0.11389227816738978
3.2020418507494224	4.760749408377313	-0.9979453927503364	0.048268486089860466
3.3071359515206904	4.912269633613574	-0.9849838036769554	0.1981760302753406
3.410331140722361	5.063336239744897	-0.9621942145243577	0.34307946069562983
3.547681522125165	5.174438466825867	-0.9169855740743538	0.4449255184955352
3.683898284691784	5.296422039578479	-0.8551149282851351	0.5504089341196403
3.819077850021655	5.4231033410474065	-0.7780442885441047	0.6512430000578878
3.953576220048836	5.551844048453416	-0.6872479581812722	0.7429835347594149
4.087932318073603	5.681461828397749	-0.5841270324707556	0.8229027213194862
4.222795105093914	5.8113918691701	-0.47000528719761475	0.8891476303507375
4.358904252485173	5.941350193050743	-0.346148151967124	0.9404098015736626
4.497205807214092	6.0712062001281435	-0.21342900033294615	0.9757912850086266
4.63898796028767	6.200939013724513	-0.07328012999331926	0.994734071324045
4.786031849435075	0.04742983345128042	0.07341686233038577	0.9969632416298091
4.937169617108877	0.177171565045432	0.22243509125056488	0.9824404894265921
5.0558448629193915	0.307096121237924	0.3360538556847608	0.9513488457437831
5.18809962247448	0.43722268632785505	0.4570291933665209	0.9041370431247849
5.32799838255699	0.5674088390538949	0.5762892353343957	0.8416097325213224
5.472218442349783	0.6973531662226458	0.687576924425943	0.7650004902871288
5.618364513909567	0.8267062190297219	0.7860744534239154	0.6759334076676013
5.764531912395595	0.9550881311634407	0.8681893104897568	0.5763702074875912
5.909520892493871	1.0820898985988288	0.9303869973493445	0.4685433561335065
6.052989026984802	1.207314386044123	0.9723113004660056	0.3548348058662771
6.195458901465605	1.3305003348726723	0.9943831998248036	0.23755108310945333
0.05463664619564472	1.4517416161038577	0.9965018158281284	0.11858789928623874
0.19320617343779192	1.5717719053816859	0.9793774351912654	-0.0009414827566486261
0.3310350917743941	1.6922640300284024	0.9438106463230937	-0.12097816438843942
0.467142799536793	1.8161428255052579	0.8911640846173974	-0.24258841705463263
0.6006316804920766	1.947903191255852	0.8234979274180679	-0.36773373636185386
0.73083468159548	2.0937574498752465	0.7433116875134009	-0.49851950309786414
0.8570901135278797	2.163392916250535	0.6534562856536107	-0.5580269798625489
0.978439647687656	2.266957783865882	0.5572310601240311	-0.6401496987054718
1.0932482859361963	2.3928637806844204	0.45865711401095727	-0.7312230028084534
1.2490114758124784	2.538353043105138	0.31573020738742064	-0.8224209381466657
1.3910644491146493	2.7020699799604255	0.17854588173718164	-0.9044475641336815
1.5257300272588787	2.8827172481459993	0.04499182535832495	-0.9646943167550317
