6.112119053266741	1.5408945929508224	0.9836067729219573	0.029898826463105058
6.223193577735165	1.912765900387604	0.9961589494780809	-0.33515440507540917
0.041190123942701995	2.0747434051229536	0.9973627473564569	-0.48227091763996205
0.1176245871608334	2.132413485012963	0.9924689288658837	-0.5315532893638352
0.16958984991477527	2.1936983181793157	0.9838888069703535	-0.5829123743614734
0.21639514225391493	2.256769703338501	0.974947699995554	-0.6321897925810758
0.26557915678614885	2.323910698818868	0.9644222215141561	-0.6832864042436909
0.31956483173544215	2.39935763920239	0.9474225438125476	-0.7357375724330459
0.408452537267452	2.489379924963783	0.9166113926503232	-0.793149663956048
0.4982255421581012	2.5980555918468067	0.8776870256401746	-0.8545110575680986
0.5835998638711325	2.666950757355093	0.8327830135166456	-0.8882959672583465
0.7302797939718536	2.7540770628327973	0.7436711350502403	-0.9239507382476047
0.861031728447521	2.828014939381577	0.6505403935027111	-0.9508283295838404
0.9758943961300599	2.9019527899741604	0.5593171749417838	-0.9695701580539581
1.1364726466916537	2.9651295137886295	0.42036067536790833	-0.9835883617736824
1.2754125693691583	3.0462715949794137	0.29097058582457014	-0.9939574734840545
1.4005243282745472	3.149279386414846	0.1693294987061845	-0.9979453927503363
1.5207501173633209	3.246598070965185	0.04994532836111181	-0.9927199134362463
1.634133447242436	3.3396318443052	-0.06322829086899465	-0.9801151315619615
1.7438612983695683	3.436071477216098	-0.17187915857644168	-0.9556695324100914
1.8533953399466383	3.537314410547632	-0.27827674315813844	-0.9208733441815773
1.9139487481698225	3.646263459884148	-0.33628758649995566	-0.8735703474419605
1.9855374252709452	3.7617729967288462	-0.40212338322343055	-0.812295447891266
2.025631800561247	3.8830761555615037	-0.4387610734396314	-0.736260028398941
2.0784930814884124	4.0083250122542715	-0.48547522990793884	-0.6463238986453947
2.140379633503954	4.135788444970382	-0.5383608174943556	-0.5443574395587462
2.210873552581926	4.264276288674556	-0.5963313155586744	-0.4326178874046
2.291955236637163	4.393123301644152	-0.6596801074879364	-0.3134038194987239
2.3878372674549126	4.522033480833525	-0.7277285404821254	-0.1889363612604988
2.502213974365197	4.65093342090699	-0.8008205861530053	-0.061348984752064614
2.593383048821987	4.7798753484168195	-0.8522197292440764	0.06729300729682577
2.7059656151190317	4.908979691425858	-0.9059084661221487	0.19497077079587863
2.8389095534441395	5.038379131017399	-0.9535899055070275	0.31967404508020597
2.9497145199859913	5.168180143736127	-0.9816184863353333	0.4393806941875359
3.0507948812893853	5.298440437978063	-0.9945355022991623	0.5520632345745146
3.1462598338635654	5.429162423689221	-0.9979453927503363	0.655725333283511
3.234388498481413	5.560308465799086	-0.9942801694607677	0.748466652126131
3.3169329793158138	5.69181228328593	-0.9837318457021729	0.828545388037611
3.3968897650396306	5.8235849835469455	-0.965601345722102	0.8944344006841931
3.4818128509797424	5.955515544174952	-0.9416869818644142	0.9448703627108135
3.575541590780907	6.0874815431543405	-0.9065377708173971	0.9789003262254699
3.678443525249952	6.219388632716725	-0.8577898410132591	0.99591533279651
3.791342163369706	0.06805342375666765	-0.7946219319465712	0.995642788743387
3.9132464708279495	0.20000043778565477	-0.7152854431828672	0.9780795425532034
4.043394742098613	0.3322719311270468	-0.6189240605091874	0.9434211750349509
4.181419109445382	0.46499828928441267	-0.5053634348174098	0.892093915408094
4.327439787790217	0.5980745222837303	-0.37489994824691875	0.82489199093229
4.482165015465739	0.7311334072862878	-0.2281008602936415	0.7431181776761302
4.646510848776295	0.863614368922019	-0.06576625689525108	0.6486298311464902
4.8209888138518195	0.9948331936359656	0.10818846098142147	0.5437947382735584
5.00475620156743	1.1240119510470545	0.2881416008945743	0.4314007522565607
5.194943733579361	1.2502002856170946	0.4630930211805897	0.314615311112033
5.385610206788077	1.3722681310840137	0.6235066691051533	0.19685838484791338
5.571062733229286	1.488857452726826	0.7554330986167449	0.08166887624792651
5.746370315428765	1.5985011064582124	0.8582883119481612	-0.02763865169720334
5.9117436145860385	1.700049779360932	0.9310869156002985	-0.1286588497089091
6.070179859104745	1.7932023694163417	0.9755952254515932	-0.2205544014977392
6.225776532501703	1.8788361803571936	0.9963243266033278	-0.30264935323652264
0.0985182226516039	1.9588238867781589	0.9936922393463414	-0.377712918144704
0.25520541303721145	2.035873371403459	0.9675338635370596	-0.4481196804045094
0.41063668254044816	2.113423153149982	0.9156643766479834	-0.5153249679220044
0.5615106375882417	2.1921015937377066	0.8448252032872536	-0.581664860010995
0.7057586219530403	2.275030596749296	0.7595555673339777	-0.6464569547719201
0.8433483034883904	2.362532603774779	0.663622077302519	-0.7101365856074167
0.9760383324523294	2.456017167771557	0.5591992032254703	-0.7732087157258397
1.1048692355710743	2.556214393308625	0.4483610453846589	-0.8330966822908683
1.2302854211728362	2.661613104500384	0.333291980927119	-0.8856784814257223
1.3522497499581891	2.7710096839435443	0.21636149529970428	-0.9303006398280953
1.4703811883738103	2.8829404114671795	0.10004716679382289	-0.9647508843811239
1.5841336021534402	2.995942645619539	-0.013288365335090525	-0.9875259586582126
1.692996062622308	3.1089448797821038	-0.12170031864206071	-0.9979453927503361
1.7967124399315944	3.221215526811983	-0.22397389003361956	-0.99596353785351
1.8954963269527274	3.33162791086168	-0.3186099602867991	-0.9818539867103989
1.9902072989746065	3.4655862102361925	-0.4063906497630568	-0.9477721337750139
2.082607045202193	3.596452176070604	-0.48899084648741553	-0.8979968759622162
2.1752641460845523	3.756176167681923	-0.5681716226758655	-0.8156406773528175
2.254894976731959	3.9041024159178384	-0.6307250762631318	-0.7216424453301364
2.339830249933646	4.043939334772286	-0.6943537722347013	-0.6184985724551006
2.4315291168787154	4.179460057602359	-0.7581033778311609	-0.5070375563261421
2.531675491355377	4.312603205286996	-0.8184297598103157	-0.388457413843636
2.640743328771794	4.444491185427868	-0.8754443309879628	-0.2641928114577781
2.7584939626247027	4.5757902135986726	-0.925607119665818	-0.13590504332420283
2.8604631535337552	4.706901306146333	-0.959053330161052	-0.0054481711361834655
2.9659987277905926	4.838077261766637	-0.9836994382577251	0.1251862942423248
3.0715343020345816	4.969495826064476	-0.9971857839700221	0.25392922755389447
3.174855255194879	5.101324449855163	-0.9979453927503363	0.3787057768616982
3.275693050491886	5.233760577658639	-0.9890018784968415	0.49748443522622565
3.375226939309918	5.36705314519493	-0.971092456983119	0.6082989275786349
3.4781338165294	5.501515359224738	-0.9430666564297467	0.7092499319882892
3.585730715992653	5.6375099783571425	-0.9027167473702464	0.7984765862960671
3.699611890812983	5.775391599258294	-0.8474092676659007	0.873538397706487
3.8196919464614374	5.915395717314329	-0.7776772425819409	0.9322369349225061
3.9451492887688047	6.057487949170714	-0.693106411653901	0.973170719188232
4.07529139654655	6.201240002032204	-0.5940033333510614	0.9947533425020401
4.209888586849429	0.03820214790990079	-0.4810346429917939	0.9975540565086778
4.349162103420955	0.15846716669373379	-0.3550503941612107	0.9860135474763108
4.494006649025195	0.27971941045598164	-0.21658498780311286	0.9599695633741603
4.646056572583253	0.40291420350627	-0.06621998868605816	0.9190127396499869
4.807657166529239	0.5284310809162451	0.09492750718316009	0.8628588950911313
4.981790886689597	0.655970022382593	0.26590781482706094	0.7918078445812523
5.172025493094079	0.7848783071995924	0.44278764302782114	0.7068764810729301
5.315316721834888	0.9144881107452689	0.5658952134676241	0.6096464091827205
5.479472101500514	1.0442883479060874	0.692942970631401	0.5020352283420249
5.657078403111635	1.1739945885718561	0.8096098231983663	0.386082965121234
5.798843050005695	1.303652302008858	0.8837066312074622	0.26370805090145877
5.936695607166929	1.4339066177430495	0.9389441079441281	0.13632832427139108
6.073985409511529	1.5665353901103507	0.9763221909630678	0.0042887571019381565
6.210419077344385	1.705242561427704	0.9953410450461257	-0.1337815582998491
0.0635321164211375	1.8565929722147732	0.9959322714781194	-0.28134011068796955
0.19967071031682998	1.9498049088567284	0.9781425296306032	-0.36947149982206823
0.33455312357899153	1.9796937200153901	0.9427028449132135	-0.39678348551165343
0.46637848287306255	2.048001970541056	0.8914954820387855	-0.45920262794371813
0.5930753919498382	2.137633715654004	0.8276173229741534	-0.5360142741141046
0.7124374219726461	2.24249345120938	0.7552291449848886	-0.6210358145132145
0.8735328878317712	2.362666269597296	0.6412923991479	-0.7102295108937489
1.019293903108799	2.500002413751026	0.5237464847593889	-0.7994987345008455
1.1551330010378886	2.656152401465419	0.4037718448796808	-0.8830006540699065
1.2841905571498589	2.756506026232692	0.2826688528356361	-0.9248616237172
1.4225467528397675	2.869973276030977	0.14762795139112167	-0.9614639639993936
1.556004531770602	2.9738186122256685	0.014806995315657967	-0.9846987379315756
1.6880862527425928	3.0776639484251507	-0.11685676369843233	-0.9979453927503361
1.8218854155894948	3.1790107946597135	-0.248089882678584	-0.9979453927503363
1.96104807314707	3.277875016120969	-0.37974534914225033	-0.9887230460461067
2.1104509852933684	3.3746667679545896	-0.5127850810098527	-0.971234449688767
2.193306789107536	3.4732409315201376	-0.5826064742806915	-0.944901537045705
2.301457491915698	3.570885561729422	-0.667104181118284	-0.9082838280898928
2.4305147072445297	3.708773018489033	-0.75739815413269	-0.8429168207879126
2.5275965399039637	3.837609047176716	-0.815991767073159	-0.766968176309623
2.646922688375619	4.003132944746514	-0.8784745741787379	-0.6503804399970463
2.7402364305149383	4.15047504755806	-0.9187603632634043	-0.5318069001895069
2.8135586478345824	4.288849800304912	-0.9462569251127443	-0.4101629495207076
2.8868808651328677	4.423105542472128	-0.9657497138859701	-0.28468049695182873
2.9526779520574276	4.5553385334985945	-0.9819971820471499	-0.15608074028214436
3.043467611226164	4.6865247462582	-0.9935991536043468	-0.025800311860605413
3.1253647205174846	4.817070655983964	-0.9979453927503363	0.10429107986994253
3.196131003655196	4.947060460013655	-0.9979453927503364	0.23207134507252622
3.285506118706006	5.076371159135191	-0.9877478707238037	0.35530394187149694
3.3925582006375783	5.204713951380923	-0.9666993143049035	0.4717493561738031
3.5132594194059936	5.331643635277909	-0.9298942054687902	0.5792769226193198
3.6353101023681726	5.456582687090587	-0.878941670549352	0.6760100471527495
3.7601289657132813	5.5788910844313255	-0.8132780866216728	0.7605041822691376
3.887629337468588	5.69792792811787	-0.7330946288639669	0.8318794004965668
4.017481215784222	5.813246813163572	-0.6391701938470875	0.8899519091077327
4.149412870428043	5.9248644637842025	-0.5327145911144703	0.9352185710394442
4.2833967192595095	6.033493800638872	-0.41514590018694786	0.9685871723696805
4.419731083651025	6.140494887008642	-0.2879132663000529	0.9890273429538062
4.559038045841446	6.247225051555328	-0.15243115063687812	0.997697596653521
4.702282266270308	0.07048692040751374	-0.010061675578772116	0.9954869808734126
4.85072175178546	0.17363828076583515	0.13776373451545454	0.9831154445681465
5.005794423942468	0.32704455854066267	0.28911527242256735	0.945067234832818
5.1689486584622655	0.47047977038763306	0.44006159210115303	0.8897172189559608
5.341488075913605	0.6299602305514923	0.5873455292060921	0.8075091389929242
5.524554835825604	0.7607068361738981	0.7253060089979863	0.7239609722944806
5.719187236025269	0.9586974655158144	0.8434691509447745	0.5734119592734847
5.872000595131062	1.1141564359484726	0.915426758427108	0.440132659974151
6.031324730992828	1.248547726914761	0.9681728200011376	0.31616512297843674
6.164804241634218	1.3717536364480971	0.9924204943279787	0.19735963645502713
0.008503605922277988	1.4871352688228356	0.9994555452848508	0.08338192795341551
0.13539834372985665	1.5987959929157072	0.9904203314871493	-0.027933184764296508
0.26252507243944406	1.7047215046570579	0.9653839294045599	-0.13326753287743892
0.39015759673357236	1.806591686335554	0.9245438327044019	-0.2334383187469135
0.5184286880895527	1.9062664391134618	0.8683118118676911	-0.32892784837374833
0.6472852563938353	2.0059148271640224	0.7974337003577497	-0.4207439735821529
0.7765402064139401	2.1080323270005605	0.7130447656796127	-0.510718199582143
0.9059547213019875	2.215233684889802	0.6166404644894175	-0.5997378693022738
1.0352942844397923	2.3287163058841314	0.5100038967889068	-0.6866272912717241
1.1643575742604633	2.4501188716073967	0.39512080390747967	-0.7696832991129895
1.2930018710704936	2.5803509243953533	0.27408434105421886	-0.8458290174491692
1.4211909276524743	2.7191695737624633	0.14897658706473127	-0.9108600821366029
1.549085783752424	2.8299163459578542	0.021717451942086647	-0.9513102997198255
1.67721479668161	2.9454320217914924	-0.10613201140890624	-0.9805913102541096
1.8067144795049856	3.0623324044082585	-0.23355595597864603	-0.9960098774239428
1.9396275174639996	3.179232787023209	-0.36017153915785954	-0.9979453927503364
2.0791855322412927	3.296147885377322	-0.4860669685611366	-0.9863879639307902
2.1543327980498033	3.4132127222972803	-0.5502845922348175	-0.961463788806448
2.2481463988724775	3.5293687355047956	-0.6254524396668386	-0.9238530514686287
2.3542182431016405	3.641781473611558	-0.7043563918999329	-0.8757682302735821
2.455756970175748	3.80191965147172	-0.7730531954024514	-0.7882997583494484
2.5690221117314875	3.949326370845955	-0.8402735781099545	-0.6902024789900232
2.6932653325684326	4.086946347993197	-0.9011457336595682	-0.5848973669081802
2.8270664087175374	4.217212628695054	-0.9505878952344294	-0.47477583160388326
2.930131982975303	4.340986668458068	-0.9767130435641671	-0.36252099449814684
3.0312153357639167	4.47277741833983	-0.9920334405845441	-0.23709428349155645
3.1287762721433188	4.594492061050654	-0.9979453927503363	-0.1174555660735103
3.2212314525741226	4.7606547680425235	-0.9959615027072052	0.04817434760294076
3.3089761669830002	4.913637473618631	-0.9847486433332739	0.19950866224649358
3.398093751519105	5.065244031238001	-0.965296158218032	0.34486863640869914
3.4897159976756447	5.1768115409502355	-0.9387232231310833	0.44702804322952583
3.5868953136900528	5.299021421105684	-0.902280011633293	0.5525394144270632
3.688503432140645	5.425846250224626	-0.8528566494999374	0.6532721245420251
3.79420381063058	5.554707550119811	-0.7929115229550894	0.7448384664192602
3.900710836254645	5.684447049475035	-0.7240002919762357	0.824530148113866
4.003577257022044	5.814507046353092	-0.6500333006125834	0.8904983292620652
4.17220911806293	5.944600835757085	-0.5132338976249756	0.941433404193854
4.32559072447746	6.074590306008633	-0.376589596940842	0.9764377429448843
4.471483211705581	6.204449094167496	-0.23833414794368835	0.994958808907748
4.614996263067549	0.05106142604368715	-0.09722805595048127	0.9967307240686114
4.759489582888473	0.18092874248312088	0.04701534105855712	0.9817227644917649
4.9074575319385785	0.3109850515963747	0.19348779150704076	0.9501242512053292
5.060986131152897	0.4412366157310207	0.34087546868126106	0.9023966573436479
5.1989478041176325	0.5714736989724355	0.46664059571983807	0.8393937284882651
5.345019396448694	0.7013721530235192	0.5902398364789815	0.7623970534025162
5.495626683871186	0.8305481428005262	0.7048936611214784	0.6730912641309965
5.647960525081966	0.9585572254219262	0.8046391095965241	0.5735269015223283
5.8000230226795955	1.0848696575426109	0.8842182514821403	0.466080511895386
5.950696099349229	1.208875948447342	0.9433527562566025	0.35337033265923085
6.100005411109367	1.3299712975258542	0.9812927318174016	0.2380665030998743
6.233311443069712	1.4477371137793318	0.9968067593059335	0.12257116699694573
0.08334565268324824	1.5621839673265816	0.9946636833826363	0.00863496516320652
0.21643409716308684	1.673988644213586	0.9749402585291579	-0.10294939393119998
0.3485216374937633	1.7846713301602142	0.9383042663135277	-0.21213848349365916
0.47812214952392906	1.896796436224391	0.8864035861919217	-0.3198554795316902
0.6034152879133491	2.0139863936130515	0.8219804125723895	-0.4281196602957589
0.7583485123905537	2.101371463653403	0.725488657611109	-0.5050261120368751
0.9024304086509599	2.204557433537981	0.6195290280271787	-0.5913965572864764
1.0397647928463796	2.31952679722536	0.5060430620211077	-0.6802386894041258
1.1726339834827888	2.4457614696598666	0.38735897541336345	-0.7670788762784717
1.3025691670529183	2.5834190214483987	0.2647633060965273	-0.8473335552653326
1.430401857009687	2.6759799638834236	0.1398145003631004	-0.8927237224554446
1.5565040285358362	2.7772761196498292	0.014308097144757087	-0.9326506156372232
1.6812009928024159	2.8827787732417383	-0.1100644162066908	-0.9647099121879759
1.8050563362114103	2.9894878413141575	-0.23196743613039317	-0.9867011019879267
1.929176302634331	3.096196906045214	-0.35062136239266656	-0.9979453927503361
2.0554778266394953	3.202155162299433	-0.46580738226584634	-0.9979453927503364
2.186832596818703	3.3051297572705094	-0.5775482140213717	-0.9852401743786623
2.2530247837167634	3.3998701730771925	-0.629263902021777	-0.9648458693894353
2.3336511312407486	3.565064398204256	-0.6900580116355887	-0.9104668223957945
2.422638044054703	3.7176536409581216	-0.751922250356601	-0.8385619284540629
2.518369295402212	3.899944798866808	-0.8104766352194948	-0.7245328457904069
2.618963143455253	4.053905348480742	-0.8647637325957911	-0.6107121662384876
2.7239680974673446	4.1879960615398515	-0.9126595763234957	-0.4997430542223428
2.8324453594881858	4.308135714232843	-0.951951356193664	-0.3925397458939696
2.933843298846102	4.414500584947802	-0.9776537910283072	-0.2929241426450133
3.03524123812631	4.613114156340127	-0.9925479089185835	-0.0990847647777829
3.1349868099559854	4.784217891052683	-0.9979453927503363	0.071612522797632
3.231815403425297	4.950942146732049	-0.9946089841730197	0.2358531176510503
3.3243609915973584	5.12660415826674	-0.9827826232025396	0.4024137347213257
3.415753435305432	5.207283668461357	-0.9608197667391449	0.4740261049974024
3.5029161272201454	5.318157813951518	-0.9337730430668693	0.5682238023041238
3.6171354696470166	5.433512222013916	-0.8878541729086625	0.6589431876532443
3.7702257390028917	5.556406489193068	-0.8072432366750627	0.7459390126183836
3.9089844071720234	5.68309882722492	-0.718248455553075	0.8237951496136506
4.031873283643431	5.811509060783023	-0.6279257294175656	0.8891984430572686
4.138278032242247	5.9406276948717816	-0.542229945273927	0.9401822924021299
4.287641094098205	6.0699219205803905	-0.41126744867409526	0.9755459520505754
4.476966119049542	6.199188446069779	-0.23308146129365068	0.9946219888942478
4.640932588864547	0.04522970469249066	-0.07133783184924564	0.9971041078091225
4.794106387355423	0.1745233710524824	0.08144858352081091	0.9829463678133656
4.9444501848410125	0.3040309286359163	0.229528258062561	0.9523140515391433
5.096234872267256	0.43380825685130253	0.37393264067622894	0.9056174938041122
5.251820950790623	0.5637501448305203	0.5134857816760339	0.8436043107644107
5.412392712337971	0.6935724800235393	0.6433195882528896	0.7674495597634854
5.578404495692722	0.8228854889622556	0.7601889776833846	0.678759872718491
5.7498848830362155	0.951264118539959	0.8602043179480334	0.5795044082597353
5.926776309317694	1.0782474490493201	0.9358205966307728	0.4719477357666556
6.056725354749875	1.2033667284975906	0.9730250425359914	0.35853702019698386
6.187641656508503	1.3262552614683885	0.9938826902862303	0.24168688884515802
0.0353993032796881	1.4468607863815763	0.9977335123758353	0.1234428475066831
0.16637084513200284	1.5657402969807834	0.9845037260249472	0.005082897396021729
0.2973843125006669	1.6843626024344887	0.9544070203167252	-0.11318336181526045
0.4283976073106738	1.805425156128726	0.9079634786437558	-0.2323207697423657
0.5593306151428076	1.9331822691684182	0.8460136670050813	-0.354281959666715
0.6900866702055796	2.073582115653919	0.7697076129252546	-0.48127852956973316
0.8205223805666423	2.1208680155928676	0.6805080316236539	-0.5216870273996947
0.9504666926237763	2.1995363651156965	0.5801579868872953	-0.587473616828935
1.0797254151304245	2.2950620596387936	0.4706382696148774	-0.6621074557378478
1.2080613257363368	2.400304251256357	0.35413430669680956	-0.7363956628446691
1.3351853359187573	2.5120694666956553	0.2329866734154707	-0.8067112222659785
1.4607655697285638	2.628464014847131	0.10961179684372988	-0.8694227834825281
1.5844765402643746	2.7471836107399086	-0.013630892470770938	-0.9213656250478597
1.7060920121659948	2.866584240536446	-0.13461954621050443	-0.96060490843572
1.8256301250318487	2.985734323258383	-0.25167735626917614	-0.9862214415274597
1.943537268102324	3.10454977250277	-0.3637442156660322	-0.9979453927503362
2.0608616090320084	3.223365221784823	-0.470408131313781	-0.9956888292560784
2.1793968710500864	3.341619089241695	-0.5717032718147678	-0.9796114030463312
2.3016976912737577	3.4565357496133147	-0.6672918479055807	-0.950482231454485
2.4306622301113294	3.562594258715683	-0.7575007129198185	-0.9113931493087947
2.525748518843747	3.6515918844405193	-0.8148872033202957	-0.8709573869954594
2.632683317341814	3.812466742205166	-0.8714918510678515	-0.7819957532852638
2.748720911296202	3.9357725403861523	-0.92194212806935	-0.6996251837073159
2.8464022022727407	4.044337791700399	-0.9554891484253301	-0.6181872596681759
2.9464599781888965	4.2021824451012	-0.9808518775051251	-0.48761998053454403
3.045815062747734	4.437987129122411	-0.9938991334262177	-0.2704237702509077
3.143221421108889	4.609290425476224	-0.9979453927503363	-0.10285689668974973
3.237488075373142	4.764211699829075	-0.9938840758608309	0.051712418101185695
3.3285065949142294	4.906998883598852	-0.982252858334931	0.19304094871930488
3.441567834456555	5.038531031726428	-0.9542763111602778	0.3198165014546971
3.557437649751725	5.169767924048272	-0.9133269290346888	0.440787454871556
3.67678538000183	5.300865452450878	-0.8586029646489715	0.5540508018190589
3.799492194531615	5.43186870891759	-0.7897506514184712	0.6577273644347973
3.9254854534155172	5.562768113560863	-0.7067768286399333	0.7500599735335993
4.054281442409425	5.693525741503264	-0.6104183255726012	0.8294794990269635
4.185386187266885	5.824091742024335	-0.5019733406085976	0.8946541243414714
4.318560878687278	5.954423985508575	-0.3830133736043645	0.9445266392038232
4.453935710790453	6.0845138287654015	-0.2551448503714696	0.9783334105948636
4.592047843878226	6.214411008212131	-0.11986680000289876	0.9955966337461852
4.733859099529901	0.06104615762906315	0.021477316167576456	0.9960914383066838
4.880771130797249	0.19094838532252675	0.16748829505681445	0.9798087352442326
5.034630291475813	0.32102898260887114	0.31615828736546464	0.9469614938584958
5.197740434606046	0.45122973659538557	0.4655708759689421	0.8980637745959319
5.372815329235698	0.5813299529993387	0.6130216739312264	0.8340204809195523
5.56289592230211	0.7110026134017872	0.7501427660401749	0.7561585915695155
5.693590810354386	0.8398561343746905	0.8295149720418771	0.6662054825097375
5.838219851357301	0.9674263662223964	0.9007798824522275	0.5662576608889701
5.989861923255581	1.0931521164889786	0.955685775783566	0.4587423193736356
6.117973131708083	1.216385807433211	0.9847250640161278	0.34632739460511963
6.246985111311594	1.3364749895813672	0.9976822341592746	0.231730215279903
0.09281374130084283	1.452917400545415	0.9940574763760541	0.11741834965902961
0.22187530905323025	1.5655519106526639	0.9739008363794186	0.00527105796294252
0.35110327286662224	1.674697211706109	0.9374913290051974	-0.10364839973089152
0.4805713340226617	1.7812428130504527	0.8853416527474486	-0.2087562321635398
0.6102478626455493	1.8866754871951754	0.8182555577271682	-0.3101594969960689
0.7399953845997146	1.9930153447415206	0.7373775271710425	-0.40895660347043383
0.8696061399021943	2.1025808807325306	0.6441972931316728	-0.5060596278942561
0.9988293751630323	2.2169089866146465	0.5405194260659443	-0.6010467757664464
1.1273749061947298	2.3378523635363337	0.4284212008364507	-0.6929787336770408
1.2548733180995113	2.466908629789492	0.31023282159253085	-0.7797185517984271
1.380904628428523	2.6047849242136025	0.18844418988540118	-0.8578109971881075
1.5050025635976694	2.7510746641301	0.06560937781194306	-0.9228248088275326
1.6266810095720088	2.8710077347318177	-0.055784784161228715	-0.9617261794597457
1.7455058346046128	2.9952635167315678	-0.17350150278250456	-0.9874391730692583
1.8612141422095887	3.120636239385631	-0.2857672433051309	-0.9979453927503362
1.9738584241993549	3.246008962068045	-0.39145127223036785	-0.9927951954092298
2.08398076503927	3.371899342041465	-0.490164768420321	-0.9719359391336433
2.192683426388966	3.4993939900299496	-0.5821194435090039	-0.9350938795968106
2.301533876548723	3.6289863331069925	-0.667163860123234	-0.8820427295542143
2.4124526726660904	3.76032468586112	-0.744841318710341	-0.8131611045235454
2.527345379695524	3.8926373946782165	-0.8158416484038555	-0.7296129972740198
2.647611793886773	4.025232978644018	-0.8788124987238003	-0.6331137728660471
2.743266155859294	4.157655836264764	-0.9198965404462958	-0.5256705067773711
2.843721721079979	4.289711009975695	-0.9548096978011978	-0.4093759879356747
2.9464126222640687	4.421401743087378	-0.9808398736855245	-0.28631275584682514
3.0491035234056114	4.552811253716021	-0.9943193644015179	-0.1585739159416319
3.1501387533183647	4.68403165990687	-0.9979453927503362	-0.028290410510179276
3.2486172391910686	4.815130489332786	-0.992461884795756	0.102361201311077
3.343918874745539	4.946140994851325	-0.97902845148518	0.23117554683066077
3.439501714673226	5.077062402682278	-0.9548000329383322	0.3559522077699112
3.533597292694927	5.207861411186093	-0.9222673004021402	0.4745379804403843
3.652791387074599	5.338471757353913	-0.8703691731800687	0.5848733229427635
3.799344652478935	5.468792913555509	-0.7898388374283183	0.6850428177900735
3.936806421783898	5.598732262002967	-0.6989064231213288	0.7733569872380249
4.065931550782606	5.728211216258009	-0.6013161430034377	0.8483886751081462
4.186875350302449	5.857167255498181	-0.5007007658797938	0.9089952219472974
4.298351662834802	5.985594485064807	-0.4014802778659815	0.9543419920127262
4.486586721347484	6.113579506333378	-0.2238648165310167	0.9838857599007346
4.655217432885939	6.241302171463323	-0.05707010671085773	0.9973183763530005
4.81938037753474	0.08577770161986648	0.10658855369523719	0.9945079682044968
4.988482318448687	0.2134421972301493	0.2724270099536745	0.9755117942684169
5.104963891917725	0.34083283338897813	0.3821189388193839	0.9407254121418409
5.240021353287451	0.46717912314177396	0.5030314324642686	0.8911483351910177
5.386845521118181	0.5912107896659632	0.6244205187410204	0.8286338318487318
5.541670202557972	0.7111600179518743	0.7363930762745033	0.7560566273601745
5.70239704468244	0.8245184450157962	0.8343157895800184	0.6775518592934463
5.867686864381389	0.9275408005332989	0.9135563828160012	0.5989482880099528
6.036765693255914	1.094544730521994	0.9692121944651962	0.45750847445524456
6.164757321259989	1.2363660247059283	0.9924174901884151	0.3275894352340828
0.009713598559782773	1.363886505220604	0.9993780738917964	0.20502426868997825
0.13787667459431502	1.4827008333730216	0.9899469016617887	0.08779284898953954
0.26620752188859426	1.595496304271995	0.9642243541311782	-0.02463745045034512
0.3948731181025576	1.7038731326154757	0.9224992460869197	-0.1324306091071279
0.5239487951872858	1.8092693936296396	0.8653024634924394	-0.23600359232788043
0.6533794758532833	1.9132801323817699	0.793485960166067	-0.3356470450857775
0.7830131583785854	2.0176792433432222	0.7082562639584508	-0.4314941357290175
0.9126520764446423	2.124379124568355	0.6111512421132843	-0.5246874702293737
1.042084213618045	2.2351142695518984	0.5039880737293888	-0.6152704897191517
1.1710934421822454	2.3504416403755126	0.38880373449205485	-0.7017308748973141
1.299468252494945	2.470865532898882	0.26778440349424343	-0.7820835961381881
1.4270220716285618	2.59618511267581	0.14317636380747978	-0.8535938093199322
1.5536460491524249	2.725614935563902	0.01716265154049479	-0.9132771570136764
1.6794204930984744	2.857809805384134	-0.1083079432771005	-0.9583807572434846
1.8047829810274774	2.9913078493240217	-0.23170555880231017	-0.9869336800299379
1.930749249451635	3.1250859891173004	-0.35205869962018743	-0.9979453927503363
2.059142925292191	3.2588641288986278	-0.46893941805548467	-0.9911524391603683
2.1927375828952673	3.392907099484999	-0.5821617557684158	-0.9666108751320122
2.2591112396561552	3.5275404160160146	-0.6340192254389432	-0.9245386894886092
2.3398519886809606	3.662706105837634	-0.6943688851430025	-0.8655071792282137
2.4284371961715348	3.797901385542806	-0.7559538558993755	-0.7907014792984098
2.5229224688489733	3.9326696564216572	-0.8131980708449108	-0.7017823273617367
2.621227806598922	4.066829323660633	-0.8658742813436346	-0.6006147166836404
2.7228870672172842	4.200488200909033	-0.9122541792117007	-0.48906780880578304
2.8271463743600105	4.33397050766713	-0.9506081649926484	-0.3689322659970593
2.932868574138366	4.467755353040522	-0.9774067169906991	-0.2419054783008854
3.0367048720884906	4.60246927605459	-0.9927349460740794	-0.10958599879589867
3.1391269672116646	4.738951983329896	-0.9979453927503361	0.026564096682033835
3.23878067390258	4.878417611970056	-0.993718895249837	0.16519535551546957
3.3688041804266273	5.022643258006964	-0.9727205032994617	0.3049165404388552
3.4988632169735876	5.1742178424873	-0.9352929247799178	0.44473004709243225
3.6290633712127214	5.336823752717619	-0.8820049514978652	0.5835226010931929
3.7595233168746756	5.515479917560041	-0.8136400834454587	0.7194274186696291
3.890315685184886	5.612947257676103	-0.7312270637226057	0.78256523943781
4.0214713859187565	5.732683266043649	-0.6360526900537178	0.8508266632700041
4.153017809212541	5.824275236316778	-0.5296339653626375	0.8947336849977288
4.284974557561169	5.923736158441292	-0.4137040931881134	0.9348632762840022
4.417424385118265	6.026087472634755	-0.29012310933196883	0.967092925265129
4.550513200212562	6.129102403830499	-0.1608409585929958	0.9868510631847084
4.684420542075442	6.231478156481961	-0.027901994375981606	0.9966893806860817
4.819295018863718	0.04805353127799865	0.10650364765434696	0.9969233085442819
4.955140750871349	0.1412055345209973	0.2399436502349504	0.989310997232586
5.091643228707751	0.2612885685041329	0.3696264797726752	0.9657732950723376
5.227956230903386	0.3728628001264889	0.49234183032726314	0.9306394196662008
5.362620104685545	0.46844843907707007	0.6046655611765099	0.8905979768803265
