0.9877113338399818	0.5742003774793287	0.5496318891068501	0.8379072490795734
1.2309425094709399	0.8020038234073018	0.3326757466957795	0.6942075219512942
1.3371167025721749	0.9278629382931396	0.2311050199027441	0.5986842605301717
1.3318614572048937	0.8962773631454457	0.23622499589906112	0.6244666973998685
1.25154059793508	0.79018310550857	0.3133583319002401	0.7029521454727743
1.0958189580291555	0.6434218273970271	0.45637951905388247	0.7999363693262533
0.9751050626575771	0.5680608956276761	0.5599641209177838	0.8412542565575161
0.8668242234128437	0.4503390085696911	0.6462552740915415	0.898449982282982
0.7645285862566228	0.42156038262035317	0.7214853022756157	0.9109280072735044
0.6691387887869422	0.3649706637978631	0.7832773233627008	0.9331245932625263
0.5827237109401657	0.29350629020525804	0.8332606581261786	0.9556281799892407
0.5082556481483795	0.2914720655019625	0.8733381066395036	0.9562687418486812
0.44941461275529176	0.2796591452648865	0.898850787870209	0.9599885404236499
0.40473823017888827	0.27507734086524455	0.9182218662273163	0.9614313157183716
0.3787428086499707	0.28016175818017236	0.9287878497844536	0.9598302714462488
0.3749078186425921	0.2968218269005638	0.9299954589173498	0.9545841427463795
0.39157852448182917	0.3272879367098478	0.9239277375515724	0.9449905969017439
0.4267065912660962	0.37452325152873567	0.9086966804477878	0.9301165561713219
0.4811572474961966	0.4398752574714299	0.8850876085488854	0.9029869239677087
0.5515245046669407	0.5229986652343525	0.8502692557937901	0.8658204375062609
0.6648307903915703	0.622209974900327	0.7860679774447011	0.811734277896696
0.7844850451717056	0.734694105792503	0.7071674048906393	0.7408116127916546
0.908684689711898	0.8568410354491774	0.6144029538060767	0.653640546376552
1.0358085841606544	0.9861630926178279	0.5095482313409998	0.5509008438179677
1.1646618397129522	1.1214792523901442	0.3948354559751259	0.43364470305237324
1.294465881318764	1.2627967746625723	0.272658014250113	0.3028020011399652
1.424751374260177	1.411410600760507	0.14543502038332418	0.15870505196543414
1.555242959306496	1.5697953108656126	0.015567655115271858	0.001032743018805734
1.685769488732344	1.7414696941284171	-0.11457126302733257	-0.1695198275984156
1.8162039694687766	1.9308687278109138	-0.24264699365656248	-0.35216787730616217
1.9464273084906691	2.143316623452623	-0.3663850949338559	-0.5408706428782571
2.0763113123291213	2.2738427011508873	-0.4836107837526892	-0.6455288567436896
2.205751359782141	2.434521753956563	-0.5923293670338501	-0.7601838771847724
2.334658159245892	2.606471100740777	-0.6907581035810098	-0.8586378668424891
2.4629928013131495	2.780387326699251	-0.7773780578016263	-0.9338173492711446
2.5908028045729568	2.953208924321862	-0.8509544253829254	-0.9820650347648056
2.7182248133083817	3.1260379111637313	-0.9105057875556681	-0.9979453927503363
2.845432827004813	3.283393664185542	-0.9552434303682176	-0.9880178203798184
2.972559596870824	3.440749417210469	-0.9845378489000413	-0.954483764251221
3.099661379113536	3.5960308994776278	-0.9979453927503362	-0.8982034621797442
3.226763161355078	3.745851295402985	-0.9952546080175791	-0.8218118622585362
3.3539479919253874	3.8898863547694664	-0.9764862624387719	-0.7315255368179162
3.481399845896017	4.028562014359211	-0.9418418628847092	-0.6305128107214628
3.6093441005538427	4.163924948976718	-0.8916749156158501	-0.5203131924882521
3.7379354690348396	4.29721071910186	-0.8265431583830449	-0.40252285660025566
3.867196739992841	4.4292287722525865	-0.7472994939161206	-0.27881437423531885
3.9970418307209403	4.560457992221055	-0.6551394027581132	-0.15103036558101357
4.12733635698076	4.691125541696839	-0.5515802307000428	-0.021205029991363353
4.257948305296774	4.821273952551794	-0.4384003118222342	0.10847208768073024
4.388774060579114	4.950805938141346	-0.3175704411552594	0.23572041505275965
4.519744022036542	5.07950942925966	-0.19119492518579023	0.3582470919526487
4.650816694963701	5.207076485170686	-0.06146557081158913	0.4738425422554583
4.781967657299034	5.3331347562100895	0.06937422132442311	0.580499060942897
4.913187877840758	5.457347842732411	0.19907063900878016	0.676576087056621
5.044486102589783	5.579473944677948	0.3254013193956694	0.7608817500343024
5.17587766375257	5.6994734332829875	0.4462006354859417	0.8327219499933873
5.307374600978484	5.817585867541151	0.5593857680835399	0.8918332647031659
5.438975468948506	5.934340624067096	0.6629847389411737	0.9382025417096134
5.570655825672878	6.050436876443066	0.7551695102564275	0.9718237690380611
5.702363166302709	6.166394325353208	0.8342973204008527	0.9925223015596636
5.834022999825513	6.282359798722634	0.8989601840973669	0.9999471457196051
5.965559576687316	0.11515920528327658	0.9480331520191816	0.9926267782300413
6.0969224833189735	0.2314258327779972	0.9807038072366134	0.9720764218736877
6.228132185870283	0.3478116947673662	0.9964751504532925	0.9385278218687132
0.0761046656022166	0.4630580542870548	0.9951272972418195	0.8929351751967698
0.20730109507859293	0.5746373280473189	0.9766849148395351	0.8376690405704692
0.3385687715304939	0.6786388282950975	0.9414383479702229	0.7771233461325608
0.4698910633932589	0.8490095132535769	0.8899724743875727	0.6594340788664854
0.6012282447049626	0.9995380859919993	0.8231727037379841	0.5399385592524469
0.7325463577867948	1.1387470169649647	0.7422028904081173	0.4183456014581702
0.863832653644607	1.2721507192156494	0.6484683504533653	0.2940296324213415
0.9950962240662811	1.402772287506269	0.5435791557797325	0.16713940166927507
1.1263629596612021	1.569541952097398	0.42931777738851445	0.0012857981631861706
1.2576723414424904	1.7359366204668036	0.3076078258297999	-0.16406141944336844
1.3890757546723103	1.9142541233789367	0.18048338742857675	-0.33658013937082143
1.5206370604986963	2.1153703065874683	0.05005778572081286	-0.5169889215647361
1.652480549377464	2.226652445758178	-0.0815534059319587	-0.608659301001299
1.7848141455666384	2.3820290064719685	-0.21227937169193142	-0.7236906024006681
1.9179711779600142	2.4800609303433823	-0.3401411192945461	-0.7875796929787602
2.052474676947511	2.5984868509675514	-0.4632410196087271	-0.8547225390318554
2.1891109786846523	2.7232570579472823	-0.5793283045614634	-0.9123929294208866
2.328998440979283	2.84736362796535	-0.6868234332922315	-0.9557328514174138
2.429834341466051	2.969221346460287	-0.7569251597382737	-0.98411125531363
2.5358789412907643	3.0900824707686847	-0.8209421653967868	-0.9979453927503362
2.6440466820542716	3.2109435950885614	-0.8770642340900181	-0.9972761835973508
2.753000251640937	3.329218549411624	-0.9235469233246603	-0.9821618779754449
2.8622667809310545	3.4369731065220033	-0.9595105151486227	-0.9554409866563337
2.9717147872475205	3.56608840780958	-0.9844298910410676	-0.9100828085937517
3.081162793570957	3.7295769394407805	-0.997945392750336	-0.8315390586006274
3.1899539551770526	3.905558881401807	-0.9979453927503364	-0.7206299017376023
3.2965092820478232	4.0263384468177925	-0.9863417812054622	-0.6322500750514192
3.3979483958685797	4.227684614579184	-0.9653330030904144	-0.46582692253330216
3.52498365249718	4.359834393421071	-0.92549750127581	-0.3452949664484003
3.6447209894497408	4.584091847521854	-0.8743267462972628	-0.12771543496585358
3.793664679635268	4.755946178356476	-0.7932337620076014	0.043490726084099075
3.925884401630856	4.909607907521011	-0.7064994774334403	0.19558281668582034
4.039254893278422	5.059139453249147	-0.6221585076544913	0.3391436068571597
4.217119066501837	5.17387737085124	-0.47485578583308174	0.4444283919402873
4.367472021811352	5.2969139872564295	-0.3379780329007694	0.5508121395857047
4.49974999941908	5.423069082874095	-0.21091914047402904	0.6512176568570173
4.637391966543964	5.550208121647149	-0.07487421110639848	0.7419238069227776
4.815835436221416	5.677435408248563	0.10306241008851912	0.8207076731583717
4.9824599382039665	5.8044306736559275	0.2665596450375399	0.8861293496398144
5.095361966744118	5.931164280676295	0.3731140075250449	0.9372023353777676
5.217194818461458	6.057750977392695	0.48280730479370015	0.9732209648624409
5.343112690837957	6.184303903883611	0.5886770806029347	0.9936689862210099
5.4705804549821835	0.027662327746452896	0.686365188980997	0.9982288825574458
5.598215915023594	0.15427134228466372	0.7730225057286393	0.9868150661297389
5.725169987188096	0.2812501303118959	0.8467307149276149	0.9594875513547414
5.850910231367095	0.4088779784006528	0.9062822604733396	0.9164269270993473
5.975237550333615	0.5371869739713016	0.9510806721797848	0.8580855216632984
6.098351836114055	0.665953738983839	0.9809768532022909	0.7853405488838507
6.220799726137216	0.7948302555471929	0.9960056799355148	0.699514318947877
0.059969535284773064	0.9234678728952956	0.9961603704887653	0.6022865021333922
0.18217996483400206	1.0515945940444893	0.9814837463737405	0.49556195257669167
0.323541971677407	1.1790775766645072	0.9461701727483514	0.3813160087331463
0.46183915539813597	1.3060031317415084	0.8934636733545214	0.2614177312376929
0.593892243574341	1.4327803744776122	0.8271720071377943	0.13744859542372428
0.7178349447912562	1.560254608389339	0.7517327139967467	0.010562011966703044
0.8315937420663135	1.6898056499275333	0.6723177601854682	-0.11855295865082478
1.0044928193423313	1.8234071285685576	0.5358776079373231	-0.24954770075736596
1.1573282073770979	1.9636296871301826	0.40171312416440047	-0.38210439259126916
1.2988066464856298	2.113572613736195	0.26842897984605424	-0.515452690515451
1.4339488855127445	2.22581641428877	0.13628628063435821	-0.6080061129944272
1.5654723026924233	2.3548394351949766	0.005350570521416291	-0.7047882483913936
1.6946501815320931	2.493457968493677	-0.12333211621042281	-0.7955871140277437
1.8219804471394396	2.637496689564679	-0.24818092396788788	-0.8738522394152095
1.9476345953178256	2.7842098263942137	-0.3674882970776778	-0.9352508247322511
2.071748158666382	2.931677561769845	-0.47971130874816054	-0.9771048181751707
2.1946102328583534	3.0790893490026003	-0.5836248496132238	-0.9979453927503362
2.316776259461004	3.226407167079907	-0.6783264989540422	-0.9953001003731279
2.439047948777325	3.373724985159505	-0.7630661991609947	-0.9714731735826876
2.562392230596831	3.520453186255963	-0.8367891808703164	-0.9271964712437382
2.6875739968508205	3.665223775081681	-0.8984092209060166	-0.8642725609874051
2.8148432278204623	3.806520447573767	-0.946738655403008	-0.7855498586226345
2.9268033124325785	3.9454784979322706	-0.9758692893591789	-0.6928775434570642
3.0395617394643426	4.082595515772833	-0.9931000239292096	-0.5882966545310078
3.1523201664872995	4.218679654629869	-0.9979453927503363	-0.4735221742899692
3.2648839650584534	4.354677687363114	-0.990383166882614	-0.3500103292051884
3.377552738909086	4.491716204624164	-0.9705029113472353	-0.21884452403231677
3.4906504926962145	4.631231833451966	-0.9383727781899683	-0.08102696192684128
3.616519329797384	4.775280385194455	-0.8881563164483846	0.06272240971633965
3.7435804301550806	4.914689173981031	-0.8231691603405061	0.2005332919706028
3.8718445554129626	5.065338770241939	-0.7440683045918797	0.34495748507247537
4.001122675041613	5.229257830484992	-0.6519510555897206	0.4934950371681188
4.131157970417656	5.351313891803204	-0.5483144441025338	0.5953988707560178
4.261723209526877	5.443951250387559	-0.43495085611237644	0.6666656774241364
4.392661514235768	5.555213073910617	-0.3138462170084772	0.7451659368361199
4.523888618448114	5.675476778261301	-0.18710625761404662	0.8196399040253588
4.655377254184859	5.799824646704265	-0.056910476940954066	0.8841322383284183
4.787130196300718	5.926014501874596	0.0745093850087419	0.9355807092714775
4.919175219518794	6.052957148440558	0.20490386724663762	0.9723052107812704
5.0515293974573785	6.180125031412394	0.33200670167284074	0.9934014283353605
5.184150609647133	0.02412013533287831	0.45353039951971924	0.9984556761529113
5.31688220717736	0.15135696153363581	0.5671783016402486	0.9873717935585824
5.449404092455434	0.27891136226837715	0.6706995314940969	0.9602240115915726
5.581204655529297	0.40702178566373276	0.7620028774950895	0.9172317472946996
5.711641604058488	0.5357134957304438	0.839355564940473	0.8588888048734946
5.840215254913935	0.6647910268695006	0.9016450625859036	0.7860937356333062
5.966766078716275	0.7939503839756191	0.9484130703152462	0.7001652223622534
6.09163117294436	0.9228897114084794	0.9796930204274319	0.6027603693396028
6.2155989230489075	1.051392615847454	0.9956726915785905	0.4957409036472177
0.05628911611626035	1.1794246912244077	0.9963960142366455	0.38099047581066936
0.17994565267209522	1.3072813898137021	0.9819105618695171	0.2601723753714422
0.3018559323388203	1.4358128703120336	0.9529989413008728	0.1344321799590299
0.4443325841173042	1.566728179661989	0.9010542871081155	0.004096198588298912
0.5791048881927195	1.7029564024344694	0.8352334999864067	-0.1315262496494367
0.7016982097558923	1.8490354268464586	0.7621858389433516	-0.2740998975723994
0.8094417986701351	2.01149262148376	0.6887051240434195	-0.4258408855279456
0.9481672371045696	2.1045350249742816	0.5820426446992368	-0.5077295555778611
1.134084108046298	2.2330342000736954	0.4224769015440668	-0.6136453398458049
1.2921644527930198	2.3898501352984374	0.27490020428797707	-0.7291278983522653
1.4347364546395618	2.481368802697811	0.13550288773842015	-0.7883614093926982
1.568468865910819	2.59794203116586	0.0023575983688435137	-0.8544553695191355
1.6968718090545238	2.7296716962239094	-0.12552376420348005	-0.914798482670122
1.8214969757800212	2.8692560622320533	-0.24771775299016016	-0.96128216404324
1.943005679876172	3.0010760326654298	-0.36325845763610104	-0.9881819519843666
2.06181607548207	3.1337570367133827	-0.47122377732085435	-0.9979453927503363
2.1784609916313995	3.2664380642365947	-0.5709035094858719	-0.9901845692160188
2.293733764666377	3.3995568391408204	-0.6610696642463565	-0.9649252935388024
2.4087976717091193	3.533723887685837	-0.7423003399913655	-0.9222198260195504
2.5248869658681015	3.6689736525650423	-0.8143722523770645	-0.8624336907097859
2.642973137133807	3.8046627910901334	-0.8765377875981819	-0.7866601814762348
2.741593722656318	3.940171674215601	-0.9192693613362579	-0.6965668793254156
2.8424601020177844	4.075252230989608	-0.9544899015416533	-0.5940339332423494
2.9443640310635315	4.210073750868445	-0.9803205950673588	-0.4808764097791393
3.0462679600690477	4.345145261108764	-0.9939570089804197	-0.35872092957212076
3.1470731630344195	4.48124646289883	-0.9979453927503363	-0.2289808439415278
3.2453091484349725	4.61948580392563	-0.9928846242928779	-0.09275891507229896
3.338592307187457	4.761484275415156	-0.9803786343036954	0.04899945635939301
3.4741905947452656	4.909638052381619	-0.9445454038767919	0.19561218562141552
3.606610567778673	5.067506629969183	-0.8930153893234478	0.3469905594348185
3.7650763412133363	5.236880558314183	-0.8103210360951358	0.5002487131855574
3.914413366082676	5.313318501796341	-0.7144742105609228	0.5642574514086627
4.056521983989298	5.418531694945247	-0.6086677994950281	0.647861029150595
4.194711206950408	5.536806195554546	-0.49400457955863375	0.7332422484994581
4.331106206010907	5.66094971751157	-0.3715496255644958	0.8117203137184354
4.467260532057295	5.7877958559921465	-0.24237952234534982	0.8789167165249863
4.604472706578686	5.9158301284217805	-0.10760960336370676	0.9323737276702787
4.744032091268784	6.044320973154938	0.0316381166459101	0.9706554621476681
4.887454001791904	6.172933359698567	0.17399914977201908	0.9929409719583617
5.036680660870775	0.018360998577082642	0.31808117628574006	0.9988244125678557
5.19423582930819	0.14701149507974068	0.4624658236463235	0.9882018979864783
5.363327111508233	0.27584439617999024	0.6052450313686248	0.9611897758442806
5.547840675446774	0.4049643651257203	0.7403902122468627	0.9181238171570525
5.672410915892033	0.5343273272016614	0.817968514725051	0.8596444902136631
5.813955037695428	0.6637410557556426	0.8902589857354687	0.7867738905233401
5.93141012766911	0.7929282104443541	0.9372797507225915	0.7009213966302725
6.054464799583889	0.9215822293142314	0.9725932138997111	0.603831995349463
6.17918939946103	1.0494130198667753	0.9933415232513031	0.49749480988636363
0.020904520085457977	1.1762206148115615	0.9986615602095769	0.38399534071409525
0.14585013618262624	1.3020318222052785	0.9884237496963232	0.2652868197537181
0.27120157578192206	1.4273170795041699	0.9626517646119997	0.1428829202656651
0.39737973508663316	1.5532820781786105	0.9214124106895653	0.017526186333381412
0.524613803329017	1.682220432539114	0.8649399268359188	-0.11107009921629472
0.6528572064253336	1.8178770965656694	0.7938242781451492	-0.24424986815622834
0.7818717222420472	1.9657737863314493	0.7091006652353741	-0.3840636410334768
0.9113526152529329	2.02691410545875	0.6122162941074691	-0.43993282606720746
1.0410070073581421	2.118939161486945	0.504942469878164	-0.5200387115792466
1.1705805765789021	2.227028914563511	0.38928471298728734	-0.6089534345567965
1.2998586017127023	2.3448880605032825	0.26740410181745755	-0.69786999266073
1.42866790128459	2.4695584338916694	0.1415392614674387	-0.7813023419545363
1.556901733614093	2.599270858869942	0.01391086867420401	-0.8551070019471164
1.6845880615197677	2.7323570901902228	-0.1134057784655672	-0.9158055321564009
1.8120080958716107	2.867198868477998	-0.23862729975213143	-0.960760704842583
1.9398679682059834	3.0026026117385127	-0.3603912597479241	-0.9883770328685543
2.0694976006761854	3.1380027368156425	-0.47778807861443173	-0.9979453927503363
2.2029791010038613	3.2734028618586377	-0.5901634124589589	-0.9892945407188043
2.3430908237347507	3.4088049196629866	-0.6966205428150085	-0.9625810823203922
2.422481316881874	3.5434879104327655	-0.7518132926803835	-0.9185582202311047
2.5148230626475714	3.6758951924453873	-0.8083570488985827	-0.8590394960946821
2.6155679598783115	3.8039620255998363	-0.8630987976227418	-0.787079029603295
2.7221283636975953	3.925179674285178	-0.9119696578344556	-0.7069894081363675
2.83269304748947	4.036414531903371	-0.9520141403562677	-0.6243776705128925
2.942950624617054	4.212120472033123	-0.9799623236141567	-0.4791273698359805
3.054378667162161	4.3632089920069275	-0.9949934727568523	-0.34206206320397675
3.1658323314763726	4.503181186717952	-0.9979453927503363	-0.20753425498739828
3.277177698785276	4.638058126155708	-0.9888121559289846	-0.07420884981687888
3.3892050188285507	4.770737853423934	-0.9675492816462616	0.058203965560230456
3.5030280876937914	4.902472846550917	-0.9337310567740262	0.18863141130966415
3.619339964682708	5.033783373541172	-0.8867731294835695	0.31536402604020963
3.73946706628704	5.164885537544264	-0.8256277214082262	0.43646169939676216
3.863191929964308	5.295855549682254	-0.7500836620123379	0.5499446330712449
3.9897939698051976	5.426702674650687	-0.6608021271876012	0.6539056824396641
4.11847016967313	5.55740102082916	-0.5591568933213098	0.7465832546805254
4.248586388939201	5.687907117843063	-0.44695510258416227	0.8264164432413394
4.379756622634782	5.818176305003504	-0.3262092477110379	0.8920892704424096
4.511828106297183	5.948182762378834	-0.19900402039559117	0.9425613255948134
4.644832585573492	6.0779405422823904	-0.06744250887613384	0.9770777308483349
4.778928752737527	6.207516162972882	0.06635143111610353	0.9951551820802633
4.9143349606048785	0.05383789254774263	0.20018819600329288	0.996552957096176
5.051248213480558	0.1834189425778755	0.3317430001393921	0.9812470673147335
5.189757779179231	0.31320212299231776	0.4584983069726954	0.949426112315561
5.329705095108273	0.4431680981518463	0.577688074805587	0.9015591925543891
5.470575862854331	0.5731008365759701	0.6863617918582864	0.8385066761509076
5.611483258786435	0.7026665703621108	0.7816168838205272	0.7615585500656455
5.751461995744363	0.8314698840113112	0.8610640986518903	0.6724093867745111
5.889746313496558	0.959061650764126	0.9231210631388496	0.5731134692320415
6.02610107248995	1.084930743649997	0.9670972077559068	0.466026390091788
6.16109546474324	1.208527042089925	0.9921830349390813	0.35369754597529934
0.012437808907587052	1.3293399430554929	0.9992036526894882	0.23868160658363224
0.14385963687642678	1.447028638784309	0.9888039901849637	0.1232758851723439
0.29433580271891435	1.561553614929649	0.9553669728191005	0.009264562149095233
0.4426561063870361	1.673296717970436	0.9017811852946781	-0.10226680481721383
0.5870619555428279	1.783095596256827	0.8308956153624563	-0.2105840131731022
0.7265776018602411	1.8922385380572693	0.7460693572825698	-0.3154889620341727
0.8624089269524676	2.002332944854088	0.6495215820782885	-0.4174708986555056
0.9954647070436581	2.1150582185536124	0.5432771432745631	-0.5167222245439518
1.1264081125908008	2.231194373336797	0.4292777722532688	-0.6122078906549092
1.2555564733126574	2.3516334740703386	0.30959214114079603	-0.7025594448732904
1.3829369873470712	2.4766377975076765	0.18646414363605712	-0.7855336835836544
1.508348394036274	2.6057884582239113	0.06228128925772487	-0.8583031116297992
1.6314330524717904	2.7380842106031253	-0.06053113223743985	-0.9179532593584505
1.7517719124530218	2.872230091386284	-0.17968302367300032	-0.9620360234512022
1.8690073326505812	3.0070685323536908	-0.29323320703980754	-0.9889477309461591
1.982983069662295	3.1419616755013977	-0.3997892481031265	-0.9979453927503363
2.0938644419731376	3.2768548186462056	-0.49861093394640543	-0.9888534166433014
2.2022814874152545	3.411850515905782	-0.5896183697827169	-0.96180908202671
2.309271948027457	3.546524608766275	-0.6731094563656291	-0.9174194281078233
2.4160928695910315	3.679755349169581	-0.7473720055769242	-0.8571465469253912
2.524114725035196	3.810000462752433	-0.8139106833771913	-0.783469850602965
2.6343955030762474	3.9354561958349223	-0.8723314751544474	-0.6998451083481032
2.747418065931383	4.053903517922975	-0.9214535480800448	-0.6107135964458703
2.8410078109414116	4.184477271186245	-0.9541217735798053	-0.5027500612276312
2.936126603966001	4.299733146466457	-0.9782325651278936	-0.40021789707144717
3.031324477604889	4.398174915493306	-0.9920473877735331	-0.30856431684766744
3.1250608089918246	4.589603411678289	-0.9979453927503363	-0.12227824605812881
3.2159124654303484	4.745755631029971	-0.9966412137901655	0.033354216018543395
3.3011021577537876	4.887296641609637	-0.9857548595913244	0.17384584002153566
3.4053141370415134	5.022806344611964	-0.9634659288312628	0.30506948723301375
3.5489296916647235	5.155762030222099	-0.9165174980641411	0.4283783447267085
3.7184398065940685	5.287588118679998	-0.8381764074263378	0.5431685600865991
3.8773922056261356	5.418867651485832	-0.7402115446900507	0.6481095600344351
4.024914738703081	5.549824304255664	-0.6333624124452186	0.7416751760106957
4.165510593366242	5.680528101941845	-0.5189581689409395	0.8223936898562816
4.302655865313674	5.810987820140787	-0.3975471566761164	0.8889724401281731
4.438421467226823	5.9412012232642	-0.2700076694818217	0.9403628921229448
4.574201762843514	6.071188489822034	-0.1374720588902525	0.9757879018497235
4.7110807505063965	6.201011489683245	-0.001273735400569867	0.9947387116940043
4.850037074079686	0.047587797794042735	0.1370826874397801	0.9969531277519992
4.992051636946839	0.1774141570828703	0.27590445463161983	0.9823941476295524
5.138133904991064	0.30741218464991105	0.4127599664672436	0.9512493197835707
5.289327643639608	0.43758796867861915	0.544594292951103	0.9039786616124273
5.446608947205276	0.5677824580007623	0.6686317642814894	0.8414060499566888
5.610794396549735	0.6976952355719334	0.7811706496216361	0.7647789031047979
5.782518016069296	0.8269825237879033	0.8766283161486359	0.6757290054385499
5.910149552824882	0.9552727302859537	0.9305849576975481	0.5762189081145805
6.041061847494446	1.0821702554538233	0.9700328788943977	0.4684721606013329
6.1727633417090635	1.2073013008309046	0.9929300863297364	0.3548470775142927
0.021299641978364953	1.3304350226277804	0.9986362620031902	0.2376147142251752
0.15303338202841696	1.4516895258886235	0.9870515508204326	0.11863971328347755
0.28473634460551833	1.5717822098290724	0.9583897690366359	-0.000951774855238785
0.4163136694429127	1.6923122005526123	0.9132029115118603	-0.12102568488035052
0.5476673280390457	1.8160294620022397	0.8523720389486642	-0.24247981354894677
0.6787225213850888	1.947103302136297	0.7770691310559094	-0.36700280865547663
0.8094198916046466	2.091232910947197	0.688721330253719	-0.496362140629825
0.9396885925560937	2.149853935574589	0.5889918305171364	-0.5464571488564731
1.069402418277383	2.239448069442729	0.47978436243581013	-0.618656470051778
1.19836215874693	2.345871062606547	0.3632304338559758	-0.6985533816541963
1.3263231502450366	2.46294536280964	0.24162074751729123	-0.7773497037679009
1.4529996115087924	2.5874567033215485	0.11733657463448251	-0.8493135594707932
1.5780998144991811	2.717214610746828	-0.007261808540669434	-0.9101269515325698
1.7013994688045868	2.850223734120091	-0.12999032590398266	-0.9564578335277789
1.8228651570685186	2.9847210115472493	-0.24902848598965857	-0.9860919508590422
1.9428192349081839	3.1195341030269703	-0.3630880867815845	-0.9979453927503362
2.062105779784011	3.254347194511253	-0.47147134616635455	-0.9917296562660153
2.1822339225035408	3.389398331852688	-0.5739552883719343	-0.9675002804985358
2.3054091362254625	3.5249538398191818	-0.6701915848405251	-0.92550868132702
2.434180709236435	3.660913145596416	-0.7599467808375302	-0.8663864136328464
2.510539373214185	3.7967304550859553	-0.805796684096199	-0.7914013454241831
2.5969696225384156	3.9319513290002193	-0.8539785183871605	-0.7022817129193928
2.6899202581440265	4.066428128462105	-0.8995597838710065	-0.6009281688701691
2.787109394367532	4.200313888727747	-0.9363381916045204	-0.4892167685043051
2.8864798175943123	4.33397651951101	-0.965648056019049	-0.36892677245657896
2.9838683150500516	4.467934718142798	-0.9859829851398404	-0.24173364452382032
3.0790073275770227	4.602853217968521	-0.9979453927503361	-0.10920723794754685
3.169588775728043	4.739614359061994	-0.9979453927503363	0.027225678626489128
3.3016434967570008	4.879489980424998	-0.985685682112572	0.1662401213379549
3.4336451490404785	5.0243398922764	-0.95628456011397	0.30650768750068474
3.5655561813345487	5.176873002678965	-0.9102823988233374	0.44708249783063614
3.6974637872922345	5.340941995747363	-0.8484626577393315	0.586897956186019
3.829558445199018	5.521797565988889	-0.7717800279301087	0.7235198926583724
3.962091541265137	5.621780538992203	-0.6813280554916179	0.7882873011239784
4.095377300504969	5.744905040021406	-0.5783102977980974	0.8574895006047649
4.229810797063449	5.8388521321773705	-0.4640099783615208	0.9010540309083681
4.365983340958378	5.94135557116528	-0.33940420583276265	0.9404114951009522
4.5048053295232275	6.047071277710861	-0.20593202901401542	0.971180846479628
4.653975158356927	6.153497926413015	-0.05831089250451607	0.991511283561839
4.809141361224375	6.25933958068198	0.0964038316615678	0.9984732455447208
4.9743048167708945	0.07996241694254819	0.25861443542956675	0.9948802995650323
5.076042385017329	0.17891292507540696	0.35499560908518846	0.9821078414389066
5.199513364882717	0.30137808357414825	0.46714167804379714	0.9531494122359342
5.334729643926762	0.4177246079647344	0.5818062476091709	0.9125911475532066
5.476399435196546	0.5643276993871976	0.6906699014095883	0.8432894504118877
5.621352640637594	0.6932049870556779	0.7880101152524022	0.7676876159688848
5.7673603314851345	0.8006271953536751	0.8697312549196268	0.6952259113724109
5.913065092391994	0.9970818038857826	0.9315030388924899	0.5419517537766059
6.0578793500330885	1.15763046042572	0.9732454875916673	0.40142966351592263
6.202093397795954	1.3012328526251888	0.9948079823044612	0.26606522395484533
0.06311619726880308	1.438471647573797	0.9959589012567895	0.1317875013551791
0.2014117525692552	1.5764314048996066	0.9778099423472297	-0.0055953983545079106
0.3392467755734199	1.7215948256729572	0.941224849663108	-0.1499131585583116
0.47607563574864115	1.8820775436534642	0.8872909270287097	-0.3057546155811429
0.6115602008283415	1.9925117145507212	0.8175401218292326	-0.4084963931097426
0.7456999993368624	2.028913140355	0.7336821668339626	-0.4417595167371553
0.8787455716592857	2.1120463691132283	0.6374362071637388	-0.5141484274557486
1.0110297467775862	2.2190054772560313	0.5305198737893716	-0.602684755428194
1.1428769651973436	2.342657086000214	0.41468650028660925	-0.6963190057248547
1.274639262574814	2.480949983393627	0.2916958127375705	-0.7881110807398704
1.4067631571147086	2.6334531603572398	0.16325125655489894	-0.871869367785606
1.541005396614322	2.7424942416560025	0.029788155586141264	-0.9196070649311097
1.6773925802486556	2.8607218139191186	-0.10630739589346991	-0.959118895612788
1.8019283303325349	2.9841825746849917	-0.22897077146136385	-0.9860231442436364
1.9337715692466642	3.1090241999096815	-0.35482045399552886	-0.9979453927503362
2.0596024328659492	3.2338664939355635	-0.46933209347925875	-0.9943468761975165
2.196441234147377	3.359152320835447	-0.5850554035173774	-0.9751670647754279
2.274534938441425	3.4860736701550064	-0.6460696989399874	-0.9400891322321431
2.3705487927828397	3.6152856898544155	-0.7157094885742187	-0.8887612705660789
2.478476117723913	3.746422687553048	-0.7866324491338545	-0.8214703406865056
2.5576529791300953	3.878646080942948	-0.8339565262547639	-0.7393398430041203
2.645874205263395	4.011189881735367	-0.8779604175322313	-0.6440855877028298
2.7399850126151915	4.1435936310402735	-0.9186660790466534	-0.5376874629954395
2.8129352252799773	4.275688326839427	-0.9460231354449244	-0.4221897234541032
2.885885437981207	4.4074522532868325	-0.9654973921754875	-0.29967652332519934
2.955278108889159	4.538945604366402	-0.9823294549720866	-0.17225245667931513
3.0504185248374522	4.6702588435709895	-0.9944874078697893	-0.04204672157437833
3.1538241767197075	4.801471253149797	-0.9979453927503363	0.08877439575289567
3.254195323757626	4.932638688891592	-0.991749063764403	0.21802078856967266
3.347695862877279	5.0637942546443195	-0.9780710573611773	0.3435089987962201
3.475136783703361	5.194952515040162	-0.9441905735926229	0.4631008014847721
3.5932967868001224	5.3261122900712845	-0.8995442202606776	0.5747433741913826
3.6965657702550114	5.457256819271583	-0.8489030286170127	0.6765087505459806
3.8556111668855433	5.588352401515328	-0.7553538542458028	0.766633075717644
3.9872711413339896	5.719348278425363	-0.6627732028720541	0.8435569450176952
4.17909940525176	5.850181817590679	-0.5073457543248133	0.9059664300608117
4.33511644996514	5.980852739282865	-0.3678851196425862	0.9528488523953798
4.504504616967145	6.111371527662483	-0.20622868363472555	0.9834639748309714
4.655129811219096	6.241772218307863	-0.057157623372349586	0.9973484717293843
4.796476537581759	0.08893787235230892	0.08380616558744333	0.9943056340568799
4.933215939354644	0.21935017623092337	0.21858318067663196	0.974383206674774
5.067085117077154	0.3499563635254768	0.3465952538514302	0.9378524820179318
