1.4246710280356099	1.5812327249183475	0.14551494055718328	-0.010390964496234525
1.7523847342435104	1.965225053293587	-0.1802875758014132	-0.3835622163097587
2.0794640355128444	2.065318240448032	-0.48630496548746494	-0.4742165769843898
2.2485741546198716	2.013448033568241	-0.6257866435028092	-0.427627714270818
2.383744107883287	1.9111742070464093	-0.7248829512504632	-0.33362954502584863
2.5055392357918325	1.789742005360234	-0.8028080977240182	-0.21714073297669106
2.6218905192680713	1.6508158214637934	-0.8661992633291282	-0.07989067301958781
2.73659379213134	1.5312883640535029	-0.9173943375856382	0.039462962672027896
2.8512756690860486	1.4393439672203616	-0.9567244788864915	0.13091980734479114
2.9663311362349494	1.39233213508539	-0.9837419165900826	0.17731082584778965
3.0815577893084494	1.343722596356906	-0.9979453927503362	0.2246691610135252
3.1967841285678937	1.2568022045788925	-0.9979453927503364	0.3084238624611735
3.3121018581238664	1.1518013921422559	-0.9843492126046542	0.40677952924188304
3.427745658267636	1.0379205931074063	-0.9577799679901728	0.5076770082707398
3.543627710872325	0.9193882426173072	-0.9185057936737332	0.6056302098107197
3.6588857152972274	0.7978187019451533	-0.8673806277994867	0.6973035531645999
3.7716885994023284	0.6733034565206448	-0.8063688837753573	0.7805795166449179
3.924852633664413	0.5448366480455404	-0.7072167687492339	0.8539152159357214
4.06964097326429	0.4103689669246261	-0.5984179862161436	0.9157804545368465
4.2096126477165505	0.36110029231029445	-0.48127044871541375	0.9343433437539476
4.347301188857771	0.29714093477553755	-0.3567508723652257	0.9544836581079695
4.484582454372167	0.2948303269950909	-0.22578492674333944	0.9552112508925243
4.623003042616554	0.2917570987513759	-0.08924589142198484	0.956178987050231
4.764033303961082	0.30337709826848963	0.051534968210259186	0.9525199377400331
4.909272221792735	0.3311926177466068	0.19525577146700368	0.9437610425947016
5.033894804428401	0.3745498295950419	0.31546852877954845	0.9301081869407518
5.166319914274674	0.43094808760848813	0.43773254573172465	0.9068576247037524
5.302700549046612	0.49605582551513566	0.5555548661968783	0.8786277855826728
5.4404357381167925	0.5634671936279295	0.6640650036278102	0.8437585647900511
5.577306205472651	0.7057500565576433	0.7594775224309511	0.7595611158633491
5.711274866709838	0.8279033217028506	0.8391556339563879	0.6750478259049073
5.841096960837389	0.9290790414484609	0.9020273584108159	0.5976875296551192
5.966517472626835	1.1022063739449954	0.9483347861519177	0.450720319532286
6.088715345347362	1.2374247445642936	0.979136016610942	0.3265965406413674
6.209535895928527	1.3489209305327166	0.9952844981775866	0.21960463132159302
0.04719043701373835	1.4979149519488495	0.9969785693061386	0.07265940608983092
0.16740438813274913	1.624819004587729	0.9843062906908022	-0.053925010594067166
0.30649869472314584	1.7417398472639718	0.951536970801239	-0.16978633517962738
0.43896259390208114	1.8549960937655685	0.9033826426113412	-0.2798102832468567
0.554883740564035	1.9687610022936386	0.8484379306201972	-0.3867933180078442
0.7142606320814966	2.0865462397377463	0.7540480979496637	-0.4923571128384254
0.9205762600367924	2.2116350015997535	0.604656498298732	-0.5969262325976722
1.0923218960807277	2.3473237946176178	0.45947788802911355	-0.6995633297138446
1.2404829686255876	2.496436245481518	0.3237284598079171	-0.7973672327058126
1.3769693148663869	2.596040370332694	0.19227820895928915	-0.8535228303629263
1.5066821935854733	2.7104345634397897	0.06393865437263363	-0.9075843662571315
1.6317723542629279	2.8338439310500605	-0.060870027411070234	-0.9523058672878568
1.7531707966803578	2.961330888238832	-0.1810630307976897	-0.9831029370459248
1.871343003611649	3.089963251440925	-0.2954708059825647	-0.9979453927503362
1.9867576415035388	3.2185956146451877	-0.40323840008060446	-0.996298335304231
2.100196020610802	3.347474728404171	-0.5040216289309699	-0.9781271107131561
2.212990795392059	3.477432724916846	-0.5979855088059616	-0.9433295727679503
2.326908119533884	3.6089250356220894	-0.6853702292107259	-0.8918804172757878
2.4439130109609635	3.741579467841349	-0.7659740509485948	-0.8243651372101283
2.5659878213127043	3.8747114504593494	-0.838785618439399	-0.7420752218572471
2.6943356084937835	4.007749547915208	-0.9015470977924747	-0.646773506606833
2.8290600300316444	4.14039542334419	-0.9510932400396126	-0.5404205138396408
2.9277977026155244	4.272589285929008	-0.9761213482179607	-0.42502158453240063
3.026535375209425	4.404399096188438	-0.9914353904350099	-0.30260148202413995
3.1226172983052325	4.5359094923126815	-0.9979453927503362	-0.1752475982239939
3.214652515909241	4.667222523765047	-0.9968022221984051	-0.04507940267040948
3.3021733681956102	4.798422030041348	-0.9856179700689758	0.08574134171363557
3.3900145039662415	4.9295639862392235	-0.9673440926736567	0.21502522838632748
3.4772961576466375	5.060678587848345	-0.9433807868546099	0.34058704669531015
3.5654747916583616	5.191774936557393	-0.910312920762621	0.46028549231022337
3.6502194616966572	5.322843947019099	-0.8716303976213304	0.5720646060160663
3.788981913714474	5.453858745066205	-0.7960326551645045	0.6739949540169834
3.914561863970158	5.584774179970194	-0.7143709739335328	0.7643151596822161
4.025049803131999	5.7155287832153565	-0.6332568871529867	0.8414747043109462
4.190067414964721	5.846053595128313	-0.4979729646082718	0.9041764883470371
4.328380980297226	5.976314354747153	-0.3740398994431671	0.951419749684975
4.446631144976722	6.106343429362933	-0.26214270624010216	0.9825034688170287
4.637163200300259	6.236209745325117	-0.07510270319782307	0.9969923269749088
4.803628031853137	0.08283196011855384	0.09091973773847425	0.9946965732344875
4.962129775493235	0.21269774137879757	0.24675277822058364	0.97565400595159
5.106778010275079	0.3426938974093623	0.38382026546715575	0.9401393772620639
5.256694613999796	0.47277102826543405	0.517803808381228	0.888723760369395
5.412140623987407	0.6027414287627513	0.6431331006183207	0.8223477744557908
5.573344768220618	0.7323197295881811	0.7569113652453192	0.7423496966158998
5.740343176612113	0.8611593358929424	0.8550025495373638	0.6504459932236157
5.913060580348866	0.9888571020267436	0.931501618084488	0.548692805508225
6.045233207467463	1.1149577669709865	0.9708297241630673	0.43942268708386134
6.178588382513301	1.2390059652093413	0.9933030423393151	0.3251136314317661
0.023806242608615812	1.3606784300382724	0.9984757735533951	0.20814976841072977
0.15224321420315107	1.4799955343614097	0.9872024947564848	0.0904838026530605
0.2808575963427144	1.5975728194695564	0.9596111573107526	-0.02671147716286113
0.40979211184159453	1.7148821589671994	0.9160305711391696	-0.14329107525892945
0.5390898789380691	1.8344780132881409	0.857048131651001	-0.26015373232467204
0.6686681541827357	1.9601203223613355	0.7835821931093494	-0.37889758319903577
0.7983535151593908	2.096932939147201	0.6969079138935433	-0.5012331397531994
0.9279254564975719	2.2512919569347765	0.5986330199554409	-0.6279100514630396
1.0571360987005192	2.328344228143535	0.49065222367982125	-0.6863686205814041
1.1857084260675932	2.4382888063251626	0.37509742837365495	-0.7626124590743856
1.3133297002462228	2.5713710297438843	0.25427974770736034	-0.8414254438806967
1.4396418375727218	2.672946018662168	0.1306235165050365	-0.8912359320633458
1.5642915975270006	2.788351589101525	0.006529860735891013	-0.9368040270031318
1.6870055941132978	2.9104131909282454	-0.11579068790842625	-0.971714707593863
1.8077058216187214	3.021395902797184	-0.23450567282771434	-0.9907786194625032
1.9266703555415758	3.1323786146711625	-0.3483314623102288	-0.9979453927503363
2.044740035355042	3.2428531931941786	-0.4562219163105974	-0.9931984697584333
2.163466354766283	3.3525021342111088	-0.5580897372618598	-0.9768527596665926
2.2850588196095685	3.4594269878300277	-0.6542919647473284	-0.9497493579629026
2.4098056596554414	3.5921772993922327	-0.7430010992936861	-0.900093196095134
2.5177785075184107	3.7617593427794005	-0.810123520800982	-0.8123036088684139
2.6356811878509325	3.916988499942416	-0.8729619510910738	-0.7126839619636871
2.735620631426643	4.061781411693662	-0.9170293926278308	-0.6045586298941135
2.8420291677355034	4.200686082084211	-0.9543806679578302	-0.48889870805803237
2.951513387737019	4.336677285428266	-0.981848362872746	-0.3664588496043972
3.0593724924815855	4.471631516912982	-0.9956316315499137	-0.23819206989381866
3.165124914317363	4.606873165984657	-0.9979453927503363	-0.1052415367159921
3.2681876034517283	4.743612240066772	-0.989960996351025	0.031218768591401613
3.3692981520058747	4.8832429677424045	-0.9725952909686573	0.16989650722228267
3.4731742139751343	5.027635742843504	-0.9449265567896472	0.3095986205559393
3.5809635804230093	5.1794407410006595	-0.9045044706937715	0.4493574934897856
3.6944227450622225	5.282519340768673	-0.8499539283727234	0.5390141366555808
3.8133495955771575	5.400300468835187	-0.7814680710770963	0.6343740979816722
3.9367431306690714	5.524716073042393	-0.6989504234862445	0.7254104559489618
4.063804933325488	5.652204725600123	-0.6029776606245114	0.8069528831714615
4.193783133203758	5.781115204456119	-0.49479767149567966	0.876020075908222
4.326171523138711	5.910631759810178	-0.37605887109027564	0.9307368010030768
4.4608845183398556	6.040341805185648	-0.24848781490494226	0.9698953308739153
4.598296715851414	6.1700825843134695	-0.11370225280466947	0.9927584472606708
4.7392444268830465	0.016626844371205828	0.026856189772346748	0.9989354441046902
4.885028658211943	0.14638358991350792	0.17163623423822946	0.9883218452612573
5.037431653773292	0.2762369349477	0.3187854766596167	0.9610661683772492
5.198726747414223	0.40620456733569504	0.4664447412449353	0.9175860821659307
5.3716428928620195	0.5362016382587789	0.6120607328074681	0.8586226884923216
5.559287796613861	0.6660486673088495	0.7478054785678538	0.7852790557974159
5.695027340188896	0.7955020174555858	0.8302981124134216	0.6990173690134236
5.845268814402828	0.9242709319973819	0.9038362179838195	0.601628306487703
5.970375246930696	1.05203228141878	0.9495495698861728	0.49517416505638134
6.099361562827357	1.178483751473459	0.9811697389660103	0.3818729132027765
6.229155922486316	1.3034775605804678	0.9965406965560593	0.26387829450692196
0.0757676905611923	1.4272623311779244	0.9951488725184316	0.14293737827879022
0.2056165803774938	1.550823481030148	0.9770067037952372	0.019981837111769724
0.3356068275394179	1.6762792527131825	0.942371041564696	-0.10520909204455771
0.4657651307421233	1.8073155908799925	0.8917614232700077	-0.23413182740900354
0.5960316303268051	1.949582360027644	0.8260056964243288	-0.3692681377544731
0.7262763434119065	2.011027894308888	0.7462645078006122	-0.4254162242096253
0.8563295891182029	2.103591088071496	0.6540188995065505	-0.5069229076693498
0.9859971593558142	2.214745871806915	0.5510368444563374	-0.5993567429129014
1.1150548271457013	2.340589050041325	0.43933669254372976	-0.6948812946480379
1.2432366684606777	2.4806452412984448	0.32114596959143643	-0.7879289361314803
1.3702267915277375	2.6352349514513356	0.1988471805744721	-0.872743125047916
1.4956685546727926	2.7231605882697845	0.07489389142907892	-0.912356752330901
1.6192118245515623	2.8204208561909403	-0.048324550173380956	-0.9488303216000746
1.7406048819120798	2.9211057262676667	-0.1686666855036358	-0.9744250604325781
1.8598297924137548	3.019190603317781	-0.2844410206944993	-0.9904968051890563
1.9772815534098023	3.1152471716873307	-0.39457928075212023	-0.9979453927503361
2.0939365703400297	3.206650276394505	-0.4986725717488116	-0.9978248249495764
2.2114283148978826	3.315612696261043	-0.59676474911316	-0.9839005641067703
2.3319376045917926	3.4146126138462445	-0.6888667575700895	-0.9611089431208192
2.4580293440181036	3.5633158456921943	-0.7744113951726028	-0.9111225470049551
2.5920425222233723	3.7484744314685225	-0.8515623598954808	-0.8202440116105127
2.7354320053187022	3.910887695784552	-0.9169586559584693	-0.7169252778255073
2.835394552679193	4.043972043680543	-0.952698920160808	-0.6184730171173258
2.9395069250772385	4.15188812613784	-0.9790894117623709	-0.530599343966651
3.043460807789983	4.339818344780126	-0.9935982841961588	-0.3635885926506242
3.144471893831102	4.490857412742495	-0.9979453927503363	-0.21969172703322928
3.2414516741917287	4.623236731912718	-0.9933775692698994	-0.08901248217786088
3.335080878182743	4.805197700315548	-0.9812687142771312	0.09248108274370642
3.4310201924360646	4.975439946927845	-0.9569499363188115	0.2597203474755517
3.5307246689096408	5.0982772386050845	-0.9233445629355095	0.37584802412459944
3.6369257059738684	5.205455167265504	-0.8781494085450305	0.4724060675316808
3.7494157353760036	5.325770008695232	-0.8196813934677788	0.5744628367929112
3.8679837457481154	5.451763805031368	-0.7467523627663873	0.672445178270564
3.9914609772174385	5.580233611509747	-0.6594997010363307	0.7613738503441343
4.118458501613371	5.709762420963709	-0.5591668643437092	0.8383311071730872
4.247853027671108	5.839668080790655	-0.4476252380523523	0.9014078152483663
4.3789390119827365	5.969598462443002	-0.32699252787382604	0.9493049663696507
4.5113957544354575	6.099383020501544	-0.19943053792856114	0.9811738379759887
4.645188954443735	6.229011587327139	-0.06708656707649724	0.996531455304913
4.780454432610916	0.07538899344568432	0.06786902078993755	0.9951731191065303
4.917365421393206	0.2050240539032579	0.20314065310274954	0.9771198927601337
5.055979117621177	0.33484353107419124	0.33617976318181564	0.9426113978057138
5.1960757170417	0.4648356138636906	0.46409594949353045	0.8921644492816947
5.336965521196279	0.5948343892793267	0.5836387960221936	0.8266583858264045
5.477384669803633	0.7245652200243838	0.691398749335164	0.7473729468082326
5.615702075873652	0.8536974126489866	0.78434976764386	0.6559661071518548
5.750337266598318	0.9818638276564179	0.8604509399271907	0.5544245663807437
5.880345820995074	1.108676472476929	0.9190451360753673	0.4449878638727448
6.005973222781697	1.2337911775580885	0.960759101245465	0.3300041928207649
6.120961785013139	1.3570615019694572	0.9852959795595557	0.2116735971948308
6.235699645470286	1.4787895138313616	0.9969596671511003	0.0916834280363119
0.0669700682678628	1.600045817275862	0.9957121520240297	-0.029181511341418834
0.17856573747714224	1.7230207943821754	0.9821741638845377	-0.15131988467606383
0.28179658894177606	1.8513757380374216	0.9593154756958939	-0.27634194190737166
0.3684346981773342	1.990535458004888	0.9320337952303889	-0.4066905169839837
0.4275592682376964	2.1480099832615016	0.9083269711858099	-0.5448813864592648
0.5364359839917608	2.3333389653486085	0.8584949322842788	-0.689840992023814
0.7508221247887253	2.4049325222426914	0.7303641339590862	-0.7396132647606131
0.9651540415439815	2.4765535224803825	0.5681200819798203	-0.7854833123284642
1.1369463254513965	2.572511828858306	0.4199409997673451	-0.8419848705802496
1.3606782978582457	2.690288826584971	0.20814989718845878	-0.8997405229896387
1.541958512734392	2.8222320790037214	0.0288361816754874	-0.9493624852781192
1.7055411763275812	2.9341517374547044	-0.13407614357096453	-0.9777319743058794
1.8667842462550395	3.0490517320715247	-0.291103465371894	-0.9943127460091759
2.036432082367255	3.16395172468503	-0.4486302228200909	-0.9979453927503363
2.135079780355194	3.2785948040872546	-0.5338317907710134	-0.988631064650995
2.261301607264918	3.393989808311164	-0.6357305507957474	-0.9663364291893666
2.411038251985924	3.510599015526938	-0.743858004919102	-0.930891883423424
2.5844754136828234	3.646927457991814	-0.8478515903984832	-0.8732447351012906
2.7247021446884956	3.782884900477195	-0.9129348513431902	-0.79967684514026
2.829511034423308	3.918007065945683	-0.9512075610116192	-0.711975848732352
2.9261092130225625	4.052121569081964	-0.9756933484577399	-0.6121058258707162
3.022707391668958	4.185305153906245	-0.990946214062232	-0.5020425882359413
3.1129894368205298	4.31777376313554	-0.9979453927503361	-0.3837326289996693
3.193764999138266	4.449785072117815	-0.9979453927503364	-0.2591212087115221
3.265081818644876	4.581585128971869	-0.9903578832577695	-0.13018832685423976
3.328648054687565	4.713393813877398	-0.9822347812512437	0.001036556007281985
3.3928754052088825	4.8454179271875395	-0.9666189090237427	0.13248803442789114
3.462401854557963	4.977891946458796	-0.9489662988733637	0.262109232839423
3.5356575097700924	5.111125483563291	-0.9214946984773594	0.3878974372380767
3.613394341120549	5.245537815219659	-0.889688752860301	0.5079189737077054
3.6935424676717217	5.381688636464754	-0.850385600057101	0.6202943294130634
3.768903720821565	5.520287271629704	-0.808033408061718	0.7225415475589385
3.896723030630265	5.662152867975549	-0.7267726385080839	0.8123762247052795
4.002838439197013	5.808089466072455	-0.6506105359921499	0.8877157528019715
4.171893529945517	5.958647411360167	-0.5135035856667409	0.9458565638244034
4.306738004225692	6.052327288719506	-0.39381695412787515	0.972184890132395
4.412950165863655	6.146842216266662	-0.2944094614940054	0.9902398586131257
4.5679974178031015	6.240748083564699	-0.14359268001992653	0.9972829001359967
4.776697853196402	0.049370427088169765	0.06413236133218307	0.9968389925329614
4.953524908938692	0.13563875312804444	0.23836939987538497	0.9903744066346483
5.119118733252182	0.28542261429779614	0.3953937114711656	0.9581736679395197
5.283172937854121	0.43024350560860014	0.5395498316680147	0.907163121978638
5.450857823637967	0.5652918921371776	0.6717749595689053	0.8427638099063306
5.625053061723761	0.6852926459580527	0.7904071902421059	0.7728131069639577
5.807458803016071	0.787449073553005	0.8874423057863977	0.7049747028463561
5.9574177827826125	0.9518999828419464	0.9454693631543969	0.5789832472222349
6.083571470998495	1.0835218220003666	0.9781533941654951	0.4672746834283442
6.21122512780036	1.1885249641338467	0.995392653502046	0.37245600685495595
0.055864247723539706	1.2676059116264957	0.9964232170023719	0.29829186935261987
0.1836705631781067	1.3935384281367709	0.98119900081218	0.1761355826315459
0.311728887961055	1.5711595796773912	0.9498900228016983	-0.00032989086030286996
0.4402889510482192	1.7064989540183886	0.9028075519991275	-0.13502099662696035
0.5693991328169782	1.8236256673290212	0.8405247015253354	-0.24975706333776182
0.6988944325672849	1.9332880727632462	0.7640020820192108	-0.35437864154049414
0.8285071160655934	2.0409466111047996	0.6746011563851868	-0.4527555372603513
0.957931561437596	2.1498543544402997	0.5740397022727101	-0.5464575068011073
1.0868468803679847	2.262184344343601	0.4643287082528995	-0.6364202297063093
1.2149080247153976	2.379238999480193	0.3477132970779331	-0.7217509727055311
1.341725976368663	2.5010292323874763	0.22661438824824498	-0.8001124648695104
1.4668640601433993	2.6271737794489196	0.1035456448016414	-0.8687900760046354
1.5898580167916934	2.7566784844628165	-0.019005919864523834	-0.9249262972713341
1.7102791555601855	2.888210220388589	-0.13875018661888416	-0.9660866799727429
1.827849146574812	3.020535996721608	-0.25380320376278875	-0.9906687324343764
1.9425945633236084	3.1529399379216327	-0.36288278496913673	-0.9979453927503363
2.0549988503622516	3.285343879099755	-0.4653980697248014	-0.9877686032534156
2.1660854742857496	3.4178880396302693	-0.5603279242384304	-0.9602786854419876
2.2775132515279055	3.5502612361574775	-0.6483966429127732	-0.9160181556159914
2.3913324754667458	3.681418839449999	-0.7301584301814761	-0.8563308021851048
2.5095913511720185	3.8097652628504717	-0.8052300505186736	-0.7836104297835684
2.608421978695033	3.9332679835650337	-0.8595945411608533	-0.7013663667214515
2.713628647778228	4.049378898327443	-0.9087821796999656	-0.614248663442273
2.8053316602598444	4.181744510153417	-0.9431717228241068	-0.5050853613574247
2.8998038889419733	4.297083442723134	-0.9690254528154135	-0.4026391600094449
2.994402602628361	4.394463452762053	-0.9873291572257135	-0.3121199397166259
3.086494411995601	4.588665885404345	-0.9979453927503361	-0.12320312097797118
3.174291573820439	4.745830705208713	-0.9979453927503363	0.033428892102575034
3.255217860851906	4.887782512195595	-0.9916183941882353	0.174319204358225
3.3327270226200043	5.023474387612402	-0.9817135316907962	0.3056959950647081
3.401852990296794	5.156526803173434	-0.964343263215202	0.4290559274577145
3.5185602778355816	5.2884231927637755	-0.9279063307564317	0.5438529955463833
3.652234059441922	5.419773327221114	-0.8706424763008169	0.6487795526191015
3.7678149454305783	5.550813810145747	-0.8086841700350436	0.7423161624730602
3.9154809442811414	5.681620226221216	-0.7137320237557541	0.82298907367176
4.03156253330902	5.812201375447407	-0.6281685173974392	0.8894986213805388
4.209353182857753	5.942549677258625	-0.4814921762324369	0.9407875100113419
4.427112776030589	6.072676725686185	-0.2808415223174504	0.9760721961121905
4.607307327003929	6.202637497762708	-0.10481323443897042	0.9948428190308005
4.774861602199585	0.04934941397962567	0.0623058473957126	0.9968403379252728
4.943043517338416	0.1793130076112016	0.2281577980088909	0.9820314145954342
5.120544314783678	0.30944911003123343	0.396730658334789	0.9506079075011971
5.315044489220823	0.4397617513391504	0.5656720887676778	0.9030361386994216
5.445766507322694	0.5700612935952046	0.6680085517426424	0.8401637171410055
5.604374966951766	0.7000505816846202	0.7770122433810648	0.7632531466767187
5.7140272666877925	0.8293894417962934	0.8406561357138815	0.6739484374552211
5.837186677019857	0.9577024069377474	0.9003319119610413	0.5742275196993459
5.966897071721468	1.0845747857971717	0.94845431901449	0.4663417659083874
6.098472908720466	1.209591057922586	0.9809999814228731	0.35269968468228097
6.230193375657982	1.332456958274412	0.9966071208796018	0.23564482295400757
0.07867135603981831	1.4532145974728636	0.9949629614619335	0.11712272867322653
0.21031357987961594	1.5725206756142627	0.9761094468204329	-0.001689355666861285
0.3416262680163896	1.6919316122708836	0.9404755656231865	-0.12065023240894829
0.47201764743535646	1.8141916478143743	0.8890504161604547	-0.24071916697145468
0.600729917804982	1.9435287924841291	0.8234443722437303	-0.36373647076237514
0.7268860939562657	2.0857833960613577	0.7458695209205228	-0.49170521941815104
0.8493504966499316	2.143196105928182	0.6591818292608573	-0.5407676537814835
0.9664880158068584	2.2321824508133674	0.5670267427112585	-0.6129798715924365
1.0758203173273897	2.3389554632267875	0.4740981551006367	-0.6937456152377708
1.2427536983889012	2.4578915414327427	0.3215989112916618	-0.7743290304506214
1.3917322164214083	2.586243225044156	0.17789530267896725	-0.8487184922594684
1.5320425461960865	2.722095441156951	0.03871277971966794	-0.9119573115537762
1.66916809278227	2.8633513413387406	-0.09819389294680742	-0.9597854304317075
1.8069574533508883	2.9895713350405004	-0.23378872764459202	-0.9867117716153613
1.9490699438539052	3.1167919766899588	-0.3687998988830781	-0.9979453927503361
2.0913166832654526	3.244012618380266	-0.49643372885263165	-0.9930503073117973
2.178266844764805	3.371700245023432	-0.5707375999177425	-0.9719864064129999
2.2843100404027212	3.5007654629843956	-0.6537069465804239	-0.9345795635778034
2.4044388473597835	3.6315783051431354	-0.7392700590032606	-0.8807716746040639
2.471538764028202	3.763768519390125	-0.7824859869543721	-0.8111027223065221
2.5520143478742257	3.8966319000000014	-0.8305863115775209	-0.7268359930721109
2.641441091705316	4.029566292397106	-0.8757865009721748	-0.6297281723508735
2.736874394052633	4.1621598268615605	-0.9174995661011676	-0.5218215899862814
2.836155641352937	4.294294919166005	-0.9528918415570826	-0.40518727458928183
2.9372832908693867	4.426019530366658	-0.9785257630956888	-0.28188886390903634
3.0384109403901847	4.557440402901881	-0.9929529638097128	-0.15400723434432548
3.138009317599091	4.688658339078009	-0.9979453927503363	-0.023669275927367568
3.2348103511570643	4.819742295967955	-0.9942262610885034	0.1069485529890581
3.3272994742935667	4.95072232826078	-0.9824071157606693	0.2356389572802613
3.4183716512953155	5.0815905656202665	-0.9601560991509364	0.36019883492112414
3.5046541084873284	5.212302438126293	-0.9331212827798371	0.47847269486426464
3.65027753263073	5.342775631334837	-0.8716019207137156	0.588400823106176
3.786859041806038	5.472917931293757	-0.7973014975021322	0.6880943860154071
3.9107953499040122	5.6026418526828285	-0.7169894772388588	0.7758895590238981
4.020080514526439	5.731852229754039	-0.6371393722490732	0.8503736145041675
4.182725914656137	5.860478841771893	-0.5042466952482957	0.9104310811976447
4.318753134322156	5.988519183712866	-0.3828376930421416	0.9552629573324714
4.434177094393226	6.116075844576222	-0.2740738261979986	0.9843626296340293
4.598471968271673	6.2433529498359865	-0.11352936531058687	0.9974496801745707
4.812722692772246	0.0873836704634868	0.09996617253688693	0.9944051439065127
5.009484481292423	0.21459135462321507	0.2925759026928237	0.9752922733837308
5.210393042282346	0.3486104734294514	0.47678098538597574	0.9382762925542585
5.339660510263718	0.48135942491565087	0.5858476372703156	0.8849999471401401
5.496403907081975	0.6121320310357262	0.705468628262115	0.8172283821700113
5.673047574297348	0.7402861901496663	0.8183155962043964	0.7371891478773285
5.795278303705187	0.8650181787104841	0.8821610051758051	0.6475913334680021
5.929040801929608	0.9907544364455688	0.9365336681001275	0.5471377303591574
6.067617488945947	1.1099051137779468	0.9751057417937871	0.44389929748618917
6.193781369974195	1.2243764365102037	0.994275793632812	0.3388335780489721
0.0368961853280308	1.3281967857150845	0.9976376725054685	0.23979533919435764
0.16321930237701393	1.4740110806641111	0.9851057579640672	0.09643652267838673
0.2898823620151117	1.6007401716590748	0.9567693273640605	-0.02987503361393917
0.41716997314723697	1.7189805928184738	0.9128316297473714	-0.1473342032064063
0.5451957777269226	1.834735826328979	0.8537194323568817	-0.26040072010558135
0.6738467156178115	1.9525746575613196	0.780227601885915	-0.37200245819916716
0.8028501479662095	2.0769217799591275	0.6935814356418134	-0.4841324631525572
0.931860308411805	2.212647443275762	0.5954079741404422	-0.597717249185713
1.0605014925542573	2.364867993693642	0.4876705115856036	-0.7117601627703782
1.1883667523714703	2.437750234604066	0.37260438189687695	-0.7622905543005454
1.3149781069525783	2.534974136249302	0.2526737707873759	-0.8204013626571849
1.4397994671971812	2.6477210816310888	0.130466722740799	-0.8788660914039936
1.5622388591530605	2.7694923581736774	0.008580139118807856	-0.9297316275504816
1.6816805860950819	2.8969141175261144	-0.1105375376758582	-0.9682929511297437
1.7975695423820621	3.0266620360556034	-0.224795003781647	-0.991451576370151
1.9095416647747054	3.1569000356645405	-0.332065551243308	-0.9979453927503363
2.017582050441254	3.2871380352374033	-0.43140532218827143	-0.9875393288110534
2.122197953254476	3.4178542259848244	-0.5228235349671191	-0.9602872565532358
2.224409975934682	3.5497023834871215	-0.6069072683947794	-0.9162277309340443
2.3256416088574223	3.6827448667681737	-0.6844897433465275	-0.855680543014366
2.4260561859334953	3.816536033007458	-0.7542985632152568	-0.7795635347262692
2.5269739621070837	3.950546031296446	-0.8156196517966747	-0.6893545636856064
2.6295053255161474	4.084491581346731	-0.8699334228960871	-0.5868152661641448
2.734104758963978	4.218429350238017	-0.9164609253548941	-0.4737360736656405
2.8406343634480233	4.352672096259836	-0.9540271117955152	-0.3518430108471951
2.9482803412272585	4.487820349441028	-0.9813133046570491	-0.22268298699942538
3.0542062380742845	4.62479965802317	-0.9949714381177592	-0.08745142906995616
3.1589825096305884	4.771940676925118	-0.9979453927503363	0.05940041086745409
3.2614974140207575	4.924300029891972	-0.990815932785428	0.20989676562959583
3.3933648177514666	5.083088431425827	-0.9664948523213809	0.3616035718278733
3.5253604159746583	5.1718667289329385	-0.9253562112188563	0.44264697924819396
3.6572690746290757	5.283960695780449	-0.8681733983599771	0.5401954863098948
3.789224951163723	5.4060998494322785	-0.7958873914752492	0.6386643111830871
3.9213861740682017	5.532670841961773	-0.7096266723765808	0.7305634310243666
4.053945934754742	5.661231234101384	-0.6106804563467071	0.8118737856488102
4.187163467706652	5.790647450881343	-0.5004545531288989	0.880153129700267
4.321412220534588	5.920397364434313	-0.38040785653255943	0.9338119154909027
4.457238793872653	6.050224866440351	-0.2519804597805998	0.971783269256535
4.595430743492278	6.180026502567825	-0.1165295505877767	0.9933951198946244
4.737089755786874	0.02661603278392561	0.024704100822843432	0.9982958729884455
4.883701168007596	0.15643009685119408	0.17034291346886646	0.9864026842270295
5.037192108887501	0.28636483860478107	0.3185608253319444	0.9578769686844597
5.199979365018626	0.41643467723504385	0.46755455044492844	0.9131504441613718
5.374951542163329	0.5465429972999286	0.6147725364064519	0.8529849804773524
5.56540093408786	0.6764992148010035	0.7517654735539174	0.7785093543394375
5.693061167331463	0.806054517366695	0.8292262312000278	0.6912109362972685
5.835723522629747	0.9349201927960263	0.8996975079044709	0.592900060871326
5.9859704675791345	1.0627835963966614	0.9544603860417166	0.4856485857953729
6.110414840726092	1.1893348988422883	0.9832812211334261	0.37169642934622216
6.230984862710235	1.3144681357929766	0.9966577968941674	0.25317061535190016
0.07180101406796328	1.4385304585688896	0.9954028442734668	0.13172900221625944
0.20297095765511644	1.562662017158841	0.9775120909981275	0.008157488223387268
0.334182743231805	1.6891822394666374	0.9428194748624564	-0.1179379607397534
0.4653624754479447	1.822089163864339	0.8919360091877708	-0.248285075808087
0.5963928432721965	1.9674834761141593	0.8258087771307194	-0.3856259321072546
0.7271474350393541	2.0198170268659563	0.7457002282482929	-0.43344761299080625
0.8575001484550009	2.106068211567864	0.6531529537325675	-0.5090397509472989
0.987310094274539	2.2112091787841717	0.5499607492544614	-0.5965935389535115
1.1163967294293593	2.329900023872936	0.43814777783052394	-0.6874502191599053
1.2445203342693085	2.4606592503422657	0.3199421149266047	-0.77598329240994
1.3713747355135462	2.6030908736345975	0.19772878452601178	-0.8569802662449397
1.4965987996190273	2.7154142766917655	0.0739685792786299	-0.9094518083289936
1.6198223218198373	2.8370972704198447	-0.04893431582489525	-0.9531305264838559
1.7407674974527632	2.962998878375826	-0.1688271066452449	-0.9833160887892431
1.8593748492009732	3.090084352803286	-0.2840051800007959	-0.9979453927503362
1.97598592984753	3.2171698272370204	-0.39339535771135337	-0.996480536064842
2.091515794749659	3.3445088323762118	-0.49660388096960245	-0.9788789085294396
2.2075173678144306	3.472935739686177	-0.5937091419692929	-0.9450159870234223
2.3260768772831977	3.602879249755558	-0.6847923445824663	-0.8948451583864361
2.449668032696918	3.733794439315785	-0.7694138323143607	-0.8290182553533474
