2.125369497867032	5.75828358869958	-0.5255338006860663	0.8647829666580635
2.502464263539298	5.811336559365714	-0.8009701842043466	0.8891236487637579
2.6846801692634994	5.882136868771577	-0.8969901415994281	0.919821710292419
2.847013949058683	5.936340520045372	-0.9556442145144493	0.9388322937151103
3.002402817089161	6.005221635342998	-0.9883515011961119	0.9605224320876846
3.156793532752681	6.105752689646587	-0.9979453927503363	0.9823906211723684
3.3122475453240225	6.200643479884032	-0.984330595299909	0.9947151493755908
3.4676985541353575	0.021699950845933347	-0.9469799837720039	0.9986106316938302
3.6197750595187315	0.11359331700419473	-0.8865597670562743	0.9927270363164031
3.7844453757121586	0.19697038685274562	-0.7987441477706859	0.9786583661899394
3.9375556264712084	0.28309855988838306	-0.6983855715021297	0.9589054949650804
4.081404957832429	0.37738463207935824	-0.5892268326362746	0.9292155292380119
4.219670693231682	0.48010510108866766	-0.4726752752938107	0.8855438050743882
4.353838506108085	0.5920774227230636	-0.3507771615260407	0.8281613771053455
4.483515643274081	0.7110995634387582	-0.22680694372475024	0.7560957888496458
4.691644564793354	0.8350630419941155	-0.02068662888943629	0.6697512729372631
4.884576916875863	0.9615379060407744	0.17119612066871437	0.5710839044883377
5.07427124253115	1.0883184796743712	0.3533345863098427	0.46302488301270617
5.263166870626336	1.2136125865982093	0.5231526495646257	0.34892819211517134
5.4494230626656135	1.335870664987044	0.6707135651042012	0.23231898463331563
5.628406678543889	1.4536097906734406	0.7925796108443535	0.11672963105764808
5.798235304369942	1.5654652941748095	0.8834431208771161	0.005357570640058939
5.959313124850726	1.6705528846026676	0.9460661919302249	-0.09955999783312774
6.114966198114257	1.7689403973134237	0.9841506564313252	-0.19661983013953382
6.269231834463736	1.8619074259900794	0.9991066102918826	-0.2864314169323732
0.1342129018533906	1.9520247525228673	0.9906467837129594	-0.37149996251738465
0.2817645195983445	2.0429331767357506	0.9593255740877905	-0.45457083368669415
0.4263837605600844	2.1372962002247533	0.9088366554981746	-0.5357258479340368
0.565176864603864	2.239697976305549	0.8428265184578783	-0.6188517212732957
0.7215514015067981	2.3549424339300704	0.7493252513767636	-0.7048598537335087
0.8668452074598532	2.487283377266491	0.6462397507034844	-0.7918965556217166
1.004059158586087	2.64010918306474	0.5362330408322679	-0.8751333577101543
1.1356423739976573	2.7592920816460773	0.4210962903481395	-0.9259064222488085
1.2629923417752946	2.845096103059709	0.30261859329397023	-0.9551580772997914
1.3978338969223365	2.938205211735528	0.17195067868549038	-0.9787594523711785
1.5292881264958795	3.0313143204151927	0.04145259360025263	-0.9920460897906236
1.6602798944265904	3.1201039900819283	-0.08934340428642008	-0.9979453927503363
1.7858108596752833	3.2030420546927134	-0.2132626357421865	-0.9979453927503364
1.8924391973834884	3.279488332376934	-0.31568119591629323	-0.9885168810545664
2.0094758719662074	3.4082770204913353	-0.4239980074800204	-0.9627148946458157
2.0651982483753684	3.53802066134211	-0.474114036916122	-0.9206084930987621
2.1390301388456847	3.668890513256115	-0.5372075973581072	-0.862474460682876
2.222831614040586	3.800586380576753	-0.6056741006284311	-0.7890966554925772
2.3136390238056364	3.9326140403214067	-0.6761454737968539	-0.7018209920102095
2.412672613586501	4.064576580203397	-0.7449942229652986	-0.6023747760386633
2.520780584452575	4.19628321862424	-0.8119178647271257	-0.49266120594424273
2.6393012183291034	4.3277234532344115	-0.8747371468087797	-0.37464073865469566
2.7321836326649254	4.458999350855654	-0.9157404838566232	-0.2502938264707325
2.8336977359048574	4.590269841669649	-0.9522688096196583	-0.12162080913932499
2.9394413159795483	4.72171401855105	-0.979072781113182	0.00934678979079532
3.045184896046013	4.853547502872738	-0.9938186046940184	0.14057450153524476
3.1478788679329255	4.9860437364949295	-0.9979453927503363	0.2700511968002059
3.2465379485630605	5.1195663832783485	-0.9927275964521954	0.39581352912821405
3.342048070406127	5.254611317783047	-0.979502664540461	0.5159580245605851
3.440072034790219	5.391846636845643	-0.9546554677160533	0.6281201987941839
3.5420905085769063	5.532126259916613	-0.9190822598464168	0.7302106592803148
3.6506407820605467	5.664513760451827	-0.8714237899393595	0.8136632917515962
3.7655738151532065	5.800821921631729	-0.8100236954999424	0.8845646433184696
3.886557134944304	5.939974937676816	-0.7338400305283472	0.9399767441350712
4.012715350703386	6.038677481377073	-0.6428937449657728	0.9695773989378139
4.143088751370923	6.1380976388701445	-0.5381189114621001	0.9885694021744572
4.277114320038539	6.236916620044449	-0.4208866704273087	0.9970375855719649
4.414795315057086	0.05021631661092194	-0.2926417878990212	0.9967848333276352
4.556682274933589	0.1406117625732388	-0.15475513183092587	0.9894244241174149
4.7037493509342685	0.25149817200687585	-0.008596349061465995	0.9682420492352373
4.8572007077641715	0.38240990642369677	0.14420833463243662	0.9276331086366921
5.018239171759696	0.5290799696547948	0.30078627558530246	0.8625051461082763
5.187741583933347	0.6978732865111501	0.45671197407668734	0.7646635644870159
5.366095909003581	0.8377690579085113	0.6075143667768147	0.6677494410166263
5.55320553605196	1.02180659631753	0.7438654851632385	0.5216870551051542
5.681101509412041	1.1652575696240228	0.8227062893780376	0.3942767652102865
5.813363333542286	1.2969849105549762	0.8900024307761424	0.2702038245173698
5.944369198200436	1.4226544191955017	0.9413604632922107	0.14752085595614114
6.072840051720702	1.544999132553415	0.9761033959076284	0.025799205719489137
6.199902739654302	1.6664983540302758	0.9946677224940463	-0.09555441172036085
0.04369157288282594	1.7907621495738597	0.9972025887504958	-0.21814711095672956
0.17021999507602587	1.923287618901268	0.9837684317944959	-0.34523432926618597
0.29372062404238924	1.9639758717749876	0.955560687897029	-0.3824207313715129
0.40955211919801954	2.0339634995537366	0.9161346287202835	-0.446374465703541
0.5431338833777644	2.118636497937849	0.8548434972164436	-0.519780068318092
0.715693153392301	2.2118543855335857	0.7531201330163796	-0.5970976363781795
0.9066726644309404	2.313091398727893	0.6160520307862173	-0.6757647615385248
1.0673618910088396	2.42116916309944	0.4815922533096936	-0.7509010754535101
1.2083046706613998	2.5361392686589546	0.3539060915950046	-0.821097763285237
1.3395821568800996	2.65751758045274	0.22870302608620763	-0.8836701124920959
1.4646267938891486	2.755701151901604	0.10577104753801422	-0.9245597878257782
1.5846318827825843	2.85739365142434	-0.013786048827312308	-0.9582752701882198
1.6998672766047522	2.960208865185361	-0.12847880971783487	-0.9829595542017542
1.8103031730877777	3.063024078946444	-0.2369939646282306	-0.9960982662161504
1.9160106372169312	3.1647375916017313	-0.3382628993024848	-0.9979453927503363
2.017424175693328	3.2625042335186705	-0.43126105840898604	-0.99068727175415
2.115545714061534	3.3501742003906716	-0.5171388172533937	-0.9774428462866762
2.2120187825977466	3.4590314144899508	-0.597226079139731	-0.9498496282253954
2.3089800803843725	3.6310789364199816	-0.6729065482190743	-0.881016555751956
2.407151776341306	3.782144101041936	-0.7411561036005933	-0.8001196215901307
2.508552785216709	3.8996242929982574	-0.804609298767577	-0.7247556634041042
2.6146154455651334	4.004586421367648	-0.862631702293019	-0.6492448445895367
2.7257938198245824	4.192328607839418	-0.9133442403932777	-0.49604064635931666
2.8204761098007185	4.4152742330693915	-0.9488510422541167	-0.2921829790788301
2.9187126597347297	4.583479005404639	-0.973818463917824	-0.12832000714669622
3.017139419571842	4.732203096280562	-0.9902346852990065	0.019823297463945393
3.113559375349078	4.874833359411351	-0.9979453927503361	0.1617033611778579
3.206376705828592	5.0173685894168845	-0.9978597844147143	0.2999698211721158
3.293952146569118	5.163586129261086	-0.9866685564501705	0.4353104340288244
3.3798147885927032	5.276035415383879	-0.9699295250934903	0.5336998435429596
3.460483003439886	5.398269216416367	-0.9494816782391466	0.6328714364824424
3.5938163337094617	5.524951560321572	-0.899289444105016	0.725563000930781
3.767353151951983	5.653697890179975	-0.8089601843883136	0.8077668986104385
3.9288273017013355	5.7833851145212485	-0.7044535555474561	0.8770042783704515
4.079747103577605	5.9134413669592885	-0.5905221074626625	0.9316215248867342
4.224660873206285	6.043605603354072	-0.4684108819559399	0.9705188067055924
4.367317719755124	6.173766124412262	-0.3381258559989868	0.9929942908302762
4.510698650044296	0.02072225676697088	-0.2001182353145605	0.9986732298617286
4.657464568485461	0.15089411934673563	-0.054825664066985795	0.9874602092333641
4.819190236142094	0.2811590953456195	0.1063994205624739	0.9595162175719876
4.990081963104958	0.4115215910802123	0.27398547995276085	0.9152806922117305
5.102785776099139	0.5418879697776631	0.38007624603196277	0.8555227210071756
5.235536676974422	0.6720788666720323	0.4990580450444402	0.7813727868242843
5.378719603632329	0.8018567742474487	0.6178608790267425	0.6943163046456349
5.526159856384356	0.9309346160215379	0.7263457162501498	0.596166681312727
5.673792754363343	1.0589763001964019	0.8187218394857619	0.4890218198416565
5.818993320995381	1.1856287963695702	0.8924435175834042	0.37517210714345595
5.937454826980452	1.3106257922559599	0.9391831804785864	0.25691405743770845
6.053005348393827	1.434080579361067	0.972314418307104	0.13615528511701044
6.166958009808993	1.5568633724526069	0.9925583922090438	0.013949183863873033
6.280794860027799	1.681062955664165	0.9998469484316417	-0.10992824179673212
0.11090745479880153	1.8104994391479692	0.9928990022277273	-0.23718198971228732
0.24676158762959516	1.9511906637239984	0.9691468680173863	-0.37073778361312437
0.3761175945396246	1.9992940563928658	0.9296145097051737	-0.4146940040602487
0.5212179962826112	2.081583840942437	0.8667911891822537	-0.48811646010239734
0.685954197443862	2.182941155436015	0.7723845642429783	-0.5745078466026479
0.8241228954419731	2.2986207975065844	0.6778444753711497	-0.6648878832455434
0.9954045998123632	2.4283573525292463	0.5433264077904747	-0.7558983481174929
1.1851686405918784	2.519643384636994	0.3756036530145066	-0.8112381594342075
1.3338610463178704	2.6280730450022154	0.23427687596451385	-0.8692310591314123
1.4672622089542415	2.7463841048820856	0.10314960724846757	-0.921065802387387
1.5920352060228453	2.8708003672672304	-0.021180499963390508	-0.96167361578065
1.7105703070633702	2.9979332469460203	-0.13903740920736388	-0.987780336746896
1.823723185318353	3.1257398708955306	-0.2498504866638493	-0.9979453927503363
1.9318888761629431	3.2535493823357604	-0.3531000748781557	-0.9918316083413155
2.0355255035275404	3.3818054629527583	-0.4478018035107606	-0.9694249272846955
2.1354212512408557	3.511273885318715	-0.534123597114132	-0.9306388005292043
2.2328931940156194	3.642274723748663	-0.6135351723827349	-0.8755263495666581
2.329629183187971	3.774490268029783	-0.6872619290815087	-0.8046943240638689
2.427572881362088	3.907281371546403	-0.7553529790287111	-0.71943241619585
2.5266663052565788	4.04002756772445	-0.8154357650365596	-0.6215548202338259
2.6281474997251513	4.172406479903393	-0.8692675703448167	-0.5130652406783514
2.732474687831732	4.304342436044112	-0.9158496324433439	-0.3960059914752096
2.839287214959284	4.435894866942017	-0.953685635465092	-0.2724281808553363
2.9475208893082963	4.567165296058753	-0.9811207981467515	-0.14441357278100733
3.053757952337093	4.698242293822406	-0.9949141518759117	-0.014096806544641242
3.158730337538933	4.829176075301954	-0.9979453927503363	0.11633230796427953
3.2614567874108245	4.959970318028826	-0.990821124442465	0.24464890492635474
3.3881853072476735	5.0905809382714535	-0.9678077589942591	0.36863023660054706
3.5154135872269086	5.2209267113251085	-0.9290863710785203	0.4861137320855644
3.643505670880095	5.350912612269528	-0.874922715953732	0.595069977850024
3.7726838274715346	5.480407702248601	-0.8057740351154894	0.6936351008707422
3.9029976598488174	5.609255263502997	-0.7224104784152406	0.7801736232707828
4.034387332257174	5.737297943941395	-0.6259615134002514	0.8533424067488933
4.166838904496291	5.864424965364981	-0.5178230513374806	0.9121420672918708
4.3004929663283304	5.990638096602285	-0.39952358410316025	0.9559301868564467
4.435695867591234	6.11610937832373	-0.27261882446239527	0.9843690355084241
4.573029915802738	6.241170401295984	-0.13862809255888375	0.9973099395922216
4.7133283399801575	0.07401576803289271	0.0009711605736201744	0.9952610416958165
4.857666457129453	0.1892824640150536	0.14467161427561417	0.9801269723468615
5.007312124130073	0.3018110838505336	0.2905386105206769	0.9530130637481145
5.163623677318085	0.4079150354038205	0.4353437013076432	0.9168444462262184
5.327988171600704	0.5019833859621193	0.5762808663277457	0.8760576751291542
5.50168931566123	0.6773155764389741	0.7093786199038028	0.7779805280195765
5.685865877368474	0.8290814957606535	0.825303638073442	0.6741762469816537
5.827808333920511	0.9583294335132521	0.8962655885803024	0.5737136021549755
5.976160674484219	1.0677465073450556	0.9513713569411326	0.4812514863055418
6.1075738129344215	1.1561828477228062	0.9827385061511191	0.4027872717762308
6.239522891638983	1.340697751441904	0.9972044555882349	0.22761614679154674
0.08825455365431169	1.4842876793832958	0.9943493844482403	0.08621441752356764
0.22018066941918849	1.60906383818429	0.9742245594776938	-0.03818872510035118
0.35202567907787496	1.7253389623633943	0.9372008703174809	-0.1536067703723885
0.48360783958977904	1.8389151525741447	0.8840250647902247	-0.2644045614614479
0.6147255710636149	1.954329821994235	0.8158144846982971	-0.3736063033845841
0.745195093426516	2.0760557057485824	0.7340092369975096	-0.4833923533544444
0.874831308354639	2.2091201850653297	0.6403318653848653	-0.5949614166070356
1.0033613779710633	2.358843832901427	0.5368049491280107	-0.7075721298388112
1.1303874703076096	2.4263678052357447	0.42575209307659595	-0.7545152028344414
1.2553452347698935	2.5196176394191623	0.30979024605516614	-0.8112227714957045
1.385301783891701	2.629145801605623	0.18416021666433854	-0.869757119047204
1.5113035195611735	2.748450867704185	0.05934183383218419	-0.9218408590324694
1.6339723649942242	2.8738922337396984	-0.06306740166091378	-0.9624573446910129
1.7535490670952418	3.002009639060609	-0.1814361966804685	-0.9883012571446864
1.870261120756413	3.1307559193051615	-0.29443435008898444	-0.9979453927503363
1.9846142735817898	3.259502199580413	-0.4012798198715899	-0.9910709003819509
2.0976249317109987	3.388690524611639	-0.5018244868576992	-0.9676796960724987
2.210989072902332	3.5190439492861634	-0.5964215711179448	-0.9277249491446659
2.326913305583104	3.650832620193003	-0.6853738345834353	-0.8713297160818927
2.4479320030417595	3.783712711555512	-0.7683762059191512	-0.7991820617576398
2.5763926195784803	3.9169592930180555	-0.8438879382779689	-0.7127042667937323
2.713812186092489	4.050034734062879	-0.9088510083960182	-0.6137362616338001
2.818765952492501	4.182704917340195	-0.9482097162288476	-0.504264638652075
2.9115298189048238	4.314976371438887	-0.9719977513912448	-0.3862888471637702
3.004293685307217	4.446995288303568	-0.988593134433698	-0.2617938528541828
3.093658026526593	4.578969608772954	-0.9979453927503362	-0.13276855217863712
3.177576157387718	4.711138945431087	-0.9979453927503363	-0.0012156102163751355
3.2549518034611884	4.843779974458793	-0.9916523935479413	0.13085876724626905
3.3491570158473207	4.977242132167727	-0.9777006830790789	0.26147614468847713
3.439824124277613	5.1120183527989935	-0.9547183082810138	0.38873479287009405
3.5302397803613585	5.248795631589895	-0.9235264009710363	0.5108053730101484
3.673108295259115	5.388501565284765	-0.8604061387184363	0.625645612081018
3.8120359566327933	5.532316528053172	-0.7822532341867225	0.7303339120077372
3.9470950740733945	5.681604823047784	-0.6917536899695939	0.8229806764587856
4.078592180728221	5.837704028510838	-0.5914244440153931	0.9005562286064818
4.206665600487539	6.001525051040043	-0.4837888686188535	0.9593584058565392
4.330966255451467	6.172999383244082	-0.37167751046618636	0.9929451992039555
4.490174645721971	6.277235648610779	-0.22036528052279958	0.9996190651717728
4.649381049499428	0.09828642305631065	-0.06289949580578197	0.9937070806247097
4.808441340551737	0.2030642411171887	0.09570752297794721	0.9774942712736544
4.973807703209334	0.31032033085097666	0.2581301175100879	0.9503335667032635
5.086385299371748	0.42155168950967237	0.36469545900703315	0.9109317764893285
5.216905724078845	0.5379218229842441	0.48255116947805177	0.8576849104715225
5.357386452032684	0.6591362023752677	0.600376004681585	0.789756842628606
5.503129430035869	0.7838840724231869	0.7104439746599157	0.7076119870621697
5.651018783575906	0.9106752781078161	0.8063063535588049	0.6127714467212944
5.798929011662103	1.038317819883292	0.8837439030250521	0.5073250685176882
5.9456603967659225	1.1660777120672874	0.9417670518822888	0.3935076146264568
6.091093622889654	1.2937744359749628	0.9795903334810797	0.27333166187560126
6.223581857255442	1.4219907731283703	0.9961838095924305	0.14818098291732484
0.07277694309672944	1.552457826328573	0.9953403591152623	0.01834945040427573
0.20503981072661281	1.6886001538010182	0.9771168827705331	-0.11736372997066132
0.33629614608769975	1.8184941110498292	0.9421539804060545	-0.24484097494328644
0.464952809386889	1.9686806904832101	0.8921136348797207	-0.3867199301770107
0.5889848550676066	2.1225603954822736	0.8298473250923197	-0.5231332625179186
0.7060182251037818	2.219807095541646	0.7593874004671806	-0.6033110565537046
0.860206195155533	2.366518306332355	0.6511510990372419	-0.7129074700745335
0.9986827879259211	2.4714831917830855	0.5406395704998092	-0.7824527713763996
1.1250398725404964	2.5224904200380918	0.43049002201751374	-0.8129398349047254
1.240422345923625	2.600587762653748	0.3237853133301202	-0.8557527871060371
1.352226487855488	2.697797756509561	0.2163841586387361	-0.9028454377844636
1.528377280967304	2.807232325677769	0.04235860920204067	-0.943884491288146
1.6834711437392103	2.923710593684521	-0.11230393281977218	-0.9750853444132838
1.8316334570004558	3.042402923677833	-0.2574286155389467	-0.9934630976397564
1.9817564523395803	3.161095253669404	-0.3986683820175956	-0.9979453927503363
2.0575479175759654	3.279524171085046	-0.4675763930115903	-0.9885123012414472
2.150670257754227	3.398202013873152	-0.5471547427072202	-0.9652687157855965
2.253062753241649	3.5169575643647937	-0.6292935674580546	-0.9285073642724284
2.362657340991936	3.661444376635301	-0.7102233036734287	-0.8661259077970453
2.440850335033956	3.802187481149214	-0.7641434869531046	-0.7881396763243734
2.527884259190371	3.940474810846548	-0.8161637371343271	-0.6963561369105034
2.6214501659656393	4.077028951836712	-0.865983322247563	-0.592645788428005
2.7192849691986454	4.212735091510079	-0.9109033565746123	-0.47860214244614796
2.820126054443746	4.348584971755506	-0.9487197680083893	-0.3555777691613095
2.922585583504349	4.485691962312958	-0.9748001758878947	-0.2247220057083662
3.02504511256476	4.625491791225172	-0.9912449504116146	-0.08676012531679432
3.1259132884027907	4.769999790557029	-0.9979453927503362	0.05746981640811044
3.223623978572411	4.922172489923052	-0.9956557628373109	0.2078239882784384
3.3549355805485193	5.085666706534972	-0.9762359276450846	0.3640215442444437
3.4861344419615237	5.1694964273712065	-0.9400663421993579	0.44054691098257065
3.6172513168556066	5.279311770505596	-0.8877973635890071	0.5363851784943268
3.7484143401079764	5.400388985954332	-0.8202799282676052	0.6344395803735843
3.879767971253662	5.526459894457623	-0.7385598980908057	0.7265400762282817
4.011449776448301	5.654816703673855	-0.6438825330144006	0.8083768323509265
4.143611726764759	5.784199036059735	-0.5376719991670135	0.877357183798092
4.276459052690327	5.913975209136747	-0.4214854447426275	0.9317896277208442
4.410289260839604	6.0438681295512415	-0.2969586383120754	0.9705689564791602
4.545503087069156	6.173759083708901	-0.16578346326800092	0.9929938400398494
4.682654260134888	0.020446077622664146	-0.02966615961341621	0.9986909125999361
4.82244935133022	0.15034933637154302	0.10964125368985819	0.9875642778678244
4.965698994428506	0.2803504320255593	0.25023012589838467	0.9597708594899232
5.113217459666784	0.41045714074189255	0.38985934599499306	0.9157422235560728
5.265676877969596	0.5405754251889713	0.5252098778554068	0.8562382694296051
5.423476356194953	0.6705217249810561	0.6515189458220152	0.7823814788936322
5.586784467484221	0.8000523293051162	0.7656173925389045	0.6956511805661262
5.755468240994452	0.9288762433841372	0.8632481482401974	0.5978537450713262
5.929514775705676	1.056665965790954	0.9366829188308027	0.49106875768542746
6.059630222074033	1.183106856601127	0.9735799526368558	0.37753724683499573
6.190622879362684	1.3080317057011954	0.9940735670571794	0.2594413725228334
0.03845055204219103	1.4316673443258296	0.9975381521026736	0.13855572352738038
0.16949454436654884	1.554990319295071	0.9839070129692781	0.01581999236421728
0.30058560765738773	1.6801396639830117	0.9533989568639094	-0.10901740938239834
0.4316836040535378	1.810871144848305	0.9065387146696726	-0.23753808793671702
0.5627122530446996	1.9529768629285287	0.844170129126998	-0.372369987947178
0.6935641205813979	1.9992340152833905	0.7674549748795543	-0.4146391393179185
0.8240893704129902	2.0783383693075934	0.6778692762131555	-0.48534301952744563
0.9541351313849574	2.173598528784501	0.5771512960810843	-0.5667482577162991
1.083526288880256	2.2782196481165813	0.46727072580841367	-0.6489485477114584
1.212047578682393	2.3898780604242362	0.3503958966121569	-0.7291473120682165
1.3394347220141027	2.5075150079367376	0.22884666599684322	-0.8039890184083981
1.465388652593232	2.629657632630759	0.10501322873054086	-0.8700081114765466
1.5896258657699305	2.754807322245418	-0.01877404705134167	-0.9242245928013704
1.7119726677235063	2.881487636995806	-0.14042084585248024	-0.9643826338879051
1.832513853840949	3.00856610979899	-0.2582720455735409	-0.9891391057247862
1.951780625011436	3.135563387316941	-0.3712768821458285	-0.9979453927503362
2.0709273054001387	3.2625606648127516	-0.47900984282553793	-0.9906800604233129
2.1918234164781922	3.3894263323954505	-0.5814475212428409	-0.9674931828974382
2.317141258848443	3.514897938158447	-0.6785802487305372	-0.9292797446155165
2.4498838593299355	3.636197555155802	-0.7695428320757085	-0.8785064801834794
2.5353856418259455	3.7491785440978007	-0.8206473198888672	-0.8198231628956486
2.632350730387286	3.8482382413393226	-0.8713287566019339	-0.760479556572585
2.738149516866868	4.029595181692662	-0.9179777498578625	-0.629705601261058
2.849825366417859	4.17642855652248	-0.9563568549480201	-0.5096281468608675
2.9543493072376195	4.298206358779168	-0.9822107638078933	-0.4016130547190677
3.058873248152166	4.398593842361094	-0.9955678333314487	-0.3081629802158905
3.1613992252315612	4.593423578455016	-0.9979453927503363	-0.1185096301381222
3.261299667841348	4.750863689799032	-0.9908412026847763	0.03843518836174259
3.358982778410747	4.892934630604613	-0.975210040531643	0.17933870787153186
3.4588231529569726	5.028695800113929	-0.9499024185336977	0.3105927694079296
3.561132816843069	5.161790880649071	-0.9119412045682853	0.43371985808698427
3.6671373805287844	5.293722762864859	-0.8633341644143486	0.5481965786718294
3.7750736538541063	5.425107712124805	-0.8043456338625752	0.6527257755220645
3.8817505810261665	5.55618426385898	-0.7371815758142114	0.7457950585174806
4.039396065597293	5.687027043010715	-0.622048210292534	0.825936660563225
4.187135557844625	5.817641509750827	-0.5004784036974743	0.8918573904166065
4.32993143049436	5.948015478034072	-0.3726231193185992	0.9425086490292587
4.471392700639653	6.078156424923278	-0.23842085855867007	0.9771189704109937
4.614281712267347	6.208118775097936	-0.09793296431670696	0.995193765125608
4.76109611129476	0.054826237785987025	0.04861335055099905	0.9964896769735933
4.914499771576976	0.18479280001158424	0.2003487647611898	0.9809846224998628
5.07766955023642	0.31495595671571974	0.3565216062927825	0.9488738434392702
5.254518621698997	0.44528064436740633	0.5158758965699519	0.9006432209399766
5.449822132482124	0.5755685300948258	0.6710087853551256	0.8371613853168516
5.583174187732615	0.705525617249917	0.763278709697981	0.7597065041417989
5.739682414977201	0.8348129335723783	0.8546423279117243	0.6699362958780337
5.858605808440911	0.9630512928107734	0.9096189591473005	0.5698435168510279
5.9851616279679245	1.0898164623295143	0.954205688611041	0.46169768233608777
6.115032433874161	1.2146778582042244	0.9841633092956756	0.3479291531257462
6.245534265596673	1.3373229426582809	0.9975893418265791	0.23090408841114993
0.09283248028114427	1.4577740109687112	0.9940562765878378	0.11258749231026062
0.22334092438904746	1.576673245088861	0.9736208632642739	-0.005836948723733443
0.353876388625265	1.6955626743431138	0.9366180959823546	-0.12423229547889196
0.484367647822408	1.8171649055781798	0.8836956221639006	-0.2435675812128999
0.6146779297415234	1.9456646733013356	0.8158404569000484	-0.3656882093579499
0.7446226491484024	2.086851252271748	0.7343800574609414	-0.49261776344112596
0.87397237722689	2.1457528735120293	0.6409672776675532	-0.5429525574736412
1.0024129161453228	2.2346340258585387	0.5375823183679371	-0.6148952772632132
1.129495821891906	2.341154630231151	0.4265420864564021	-0.6952744894086249
1.2546193448704681	2.4599761621843315	0.3104710041899564	-0.7755750100394049
1.3769610523848055	2.5883931145016974	0.19228625876560837	-0.8497727581231351
1.5079213264630607	2.7244985197701994	0.06270609222618674	-0.9128584899705439
1.6335029556224452	2.8661758843060157	-0.06259855482689193	-0.9605013979554435
1.7550811687301842	2.9916087589956377	-0.1829476235238429	-0.9869721331476534
1.8734324084171146	3.1180882469949283	-0.2974724791898061	-0.9979453927503363
1.9893031013453193	3.244567734908634	-0.4055644063711549	-0.9929793692090221
2.103761601152831	3.371532382999311	-0.5070686208203314	-0.9720289562198648
2.218463722584195	3.499963556767375	-0.6022614846934682	-0.934880286396885
2.3355332511329063	3.6302808510001356	-0.691366472741026	-0.881407922020339
2.4573269464096494	3.762121914323784	-0.7739915715271377	-0.8120868995492578
2.5860910945400715	3.894755534188255	-0.8486438902855314	-0.7281404539061272
2.7231635283762525	4.027549335846976	-0.9123578549001128	-0.6313040123486898
2.828297270007921	4.160069420908448	-0.9508998949881414	-0.5236079610721475
2.924755914785953	4.29216573521502	-0.9753503132840613	-0.407132893680356
3.0212145595084205	4.423866663254918	-0.9907554456815066	-0.2839513347165359
3.1147241485429102	4.555267200209419	-0.9979453927503362	-0.1561511109714162
3.2036957245052218	4.686461259646171	-0.9979453927503364	-0.025863722390607576
3.2875393758547613	4.81751207562086	-0.9874880416659098	0.10473015879761566
3.3985776971405297	4.948443129870361	-0.9651734872754374	0.23341842517676625
3.511794505599161	5.079237744332081	-0.9304435627381964	0.35799229887081185
3.627920033040672	5.20983918282244	-0.8825656233041249	0.4762902703250137
3.7480104054436705	5.340148786039242	-0.8205213603585713	0.5862478332067174
3.87184264542236	5.470029198984781	-0.7440696324288711	0.6859573858168795
3.998689852266926	5.599366419881916	-0.6538518101873858	0.7737677848082892
4.127762410819448	5.72803645579617	-0.551216143400482	0.848293402479811
4.258469480057824	5.855948122275306	-0.43792406947388485	0.9084666221854953
4.3905014831844	5.983098923835078	-0.3159155509503844	0.9535561587962318
4.523814342197715	6.109623937201148	-0.187179531551048	0.9831301366583621
4.658573637637984	6.235790797988839	-0.05371792401718494	0.9969655033127214
4.795077652563618	0.0786974878577365	0.08241469841569912	0.9949612883374248
4.933658058642548	0.20476922015013171	0.21901391986831054	0.9771685730638691
5.074558735160677	0.33033506234022353	0.35360420425933814	0.9440310802580907
5.217756220294929	0.45970723606300196	0.48330470233744277	0.8943880448929129
5.362780981680713	0.58535267341974	0.6047974176456485	0.831827449707133
5.508636378753868	0.7053758327519316	0.7145178552569791	0.7598035322003915
5.654089708482621	0.8171459046902126	0.8079805027582538	0.68300585033667
5.7978202668917955	0.9166471014715808	0.883263166210989	0.6078768777852803
5.939235185611066	1.0908570137404734	0.9397438018460538	0.46077576209092375
6.064464606111981	1.2361689855585833	0.9745034538624727	0.3277742235918398
6.1886304961839524	1.365303678875156	0.9939460020658147	0.20364357291141497
0.0294628344430146	1.4849824789040422	0.9981136027138641	0.08552330230571548
0.15324750396623957	1.5984433427591522	0.9870106476008169	-0.027580957221860592
0.2750326933427923	1.7075890594558043	0.9614453748830033	-0.13609639174608407
0.3913082489261706	1.8140602225079174	0.9240449253959043	-0.24059326005576273
0.49706403679883754	1.9196395359544223	0.8781906387357071	-0.3417394249406125
0.6269174011314058	2.0262967056828582	0.8091679716223248	-0.4393686546200933
0.7972619250079853	2.136192588644681	0.6977154405594846	-0.5347827489088294
0.996070827282052	2.2513360855332447	0.5427803607829151	-0.6279445289586055
1.15768645786307	2.3625556875013753	0.4013771476853076	-0.7101526335534302
1.3020568410398548	2.4812093013520435	0.26526244490087414	-0.788266075303244
1.4389596858618725	2.6058212163407415	0.13130205098034142	-0.8583191756019309
1.5726437524788304	2.734946872016115	-0.001812285036752674	-0.9167767261376402
1.7057009702798263	2.8669479280551595	-0.13423378119977708	-0.9606970962534318
1.840392695399762	3.0002415204646393	-0.2658200640384753	-0.988075310028594
1.9794585713205473	3.133809727086634	-0.3965686098595447	-0.9979453927503362
2.1266518730691626	3.2673779336660456	-0.5266296634197646	-0.9900644637052393
2.286976698330653	3.4012366625089125	-0.6557903956378951	-0.9644994905005405
2.4665007782706265	3.5357305016700717	-0.7794747786001733	-0.921467325787803
2.6079951136300803	3.6706912631767192	-0.8593852144604536	-0.861591406364137
2.7263451604942954	3.805591187526195	-0.9135509986362635	-0.7861052781401001
2.867974320666944	3.9399395288409504	-0.9609572671147552	-0.6967282681906006
2.980433783549918	4.073494282923155	-0.9855440878343358	-0.5954074109590712
3.092638131044678	4.20625777944373	-0.9979453927503361	-0.48413737495552145
3.199082095522689	4.338375669558614	-0.9979453927503364	-0.3649068894806823
3.298329886399385	4.47000873499349	-0.9861091269572018	-0.23974671314961388
3.393661819648676	4.601306836792835	-0.9664195680310184	-0.11073275163783705
3.491626577902734	4.732394757259305	-0.9380067365148472	0.02001472875716518
3.602386094790779	4.863360341684183	-0.8950869924226191	0.1503353059549626
