1.0355528184536094	0.19739733036033097	0.5097748377161007	0.9785768081570174
1.276892818731533	0.36745606842762846	0.2895823700693263	0.932341958281973
1.5286852578089698	0.5329688074130163	0.042052265464508104	0.8603851025326495
1.6930755438596217	0.7195556452407144	-0.12177872732780376	0.7506180711179704
1.851017118631635	0.9486319586825056	-0.27599838049970093	0.58166175402972
2.0125013447410214	1.1461110255927738	-0.4267626430050438	0.4118211485882416
2.113469341484252	1.3195467621231851	-0.5153644384873848	0.24822271224031175
2.2291033869427994	1.5110486468617739	-0.6105742114393908	0.05959535502198132
2.352099587079801	1.7243460124227183	-0.7028834894499199	-0.15262721969491588
2.4787981642389605	1.9600817017022063	-0.7868249366086542	-0.37886229217043443
2.6073938378165775	2.1629180934124244	-0.8590903599680049	-0.5576212166720802
2.736926520833115	2.382052443976774	-0.9175191141630773	-0.723706896295427
2.8668521138504857	2.602075435167575	-0.9606728091883548	-0.8564823140787572
2.9968708042466443	2.815238680295307	-0.9876445676505894	-0.946886954020133
3.126864247673145	2.9687395804141414	-0.9979453927503362	-0.9840496906374787
3.2568576910707296	3.120536115258809	-0.9914088409887669	-0.9979453927503363
3.386973397800973	3.2725802983431143	-0.9681149548187161	-0.9893996557572181
3.517366002084531	3.4246244814288653	-0.928354196059124	-0.9585711265168044
3.6481487190522364	3.5728638568266122	-0.8726458513577046	-0.9075419477228686
3.7793085326495173	3.7514216115537793	-0.8018144432198493	-0.8184824795774558
3.9107262569358623	3.913378125336582	-0.7170375110872125	-0.7151939161740839
4.042258660473563	4.058264690309863	-0.6198116764895227	-0.6073062300927441
4.1737836877885135	4.195574233018717	-0.5118883380094977	-0.49326707457187247
4.305219157354126	4.328788699720883	-0.3952048555670012	-0.3736673310260029
4.436520595810674	4.459586331962681	-0.271828725590319	-0.24973149199537414
4.567667422728979	4.588663629574329	-0.143918222008679	-0.1232053463669158
4.698644765408184	4.716139134928618	-0.013694817278724937	0.003778587079988835
4.829426945961283	4.841742198266	0.11658184833556326	0.12883179673842657
4.959963737071023	4.96492973384139	0.24464249336159843	0.24948066598439667
5.090169480947984	5.084994626821089	0.3682443613868369	0.3633912506795173
5.219931221230383	5.201216929731501	0.48523173580693585	0.46865102290316946
5.349116129404579	5.3130862905768526	0.5935975616901268	0.5640671286626151
5.477564622285787	5.420571284651311	0.6915318729509782	0.6493698583325969
5.605109119134911	5.524442838055459	0.7774878156999647	0.7252334585915692
5.731609619003848	5.62646713564288	0.8502413525291769	0.7913232052431514
5.857006407620473	5.7291015287136045	0.9089254804717575	0.8488740389415423
5.981378184592744	5.8352250128880705	0.9530143111198683	0.8994813607880099
6.104973703413934	5.946968758813505	0.9822418132301474	0.9421790451221033
6.228166809149354	6.0449079331400695	0.9964773672549312	0.9707675877589976
0.06810584661759098	6.145528223476668	0.995639432299771	0.9899888496029837
0.1995384742692836	6.242965422314873	0.9781677903775818	0.9974248682079709
0.3303798297849905	0.04700045551681662	0.9440169833308358	0.9969907331249628
0.4598119180311995	0.11807382342422265	0.8943426562000153	0.9924401659147246
0.5871235782448474	0.16939621588522755	0.830862021054426	0.9839257964321351
0.7119975188193164	0.19858315659110357	0.755514107377596	0.9783502825088912
0.8345687293047204	0.21428769236167408	0.6701169510972262	0.9753502812847386
0.9553389617905041	0.23043558397472072	0.5761646240802059	0.9722655868172074
1.0750649078811703	0.24186030163889313	0.47476744184084296	0.9700831493686366
1.194646200589778	0.24464331815054827	0.366715354566436	0.9695515161472682
1.3149993039651828	0.24435906853388253	0.25265311938327506	0.9696058156955274
1.436939066426009	0.24532950760620917	0.13331195570812918	0.9694204349591926
1.5610607507984662	0.25110025687209947	0.009756835634458831	0.9683180620450953
1.6877455284294072	0.2641376745609596	-0.11652063725525513	0.9648761332835991
1.816822104194969	0.28542063104672155	-0.24323917364803582	0.9581742924501718
1.9471209573176347	0.38989313847357	-0.3670189417180292	0.9246584982476098
2.0780934465780017	0.5020272312034784	-0.4851337190890487	0.8760386644224459
2.2094978368771634	0.6222482880151545	-0.595256474440729	0.8117133910718907
2.341256420511358	0.7489319237177046	-0.6953452546256114	0.7315885766933993
2.473347395131332	0.9531225574486706	-0.7835670072965237	0.5779812122778759
2.6057559940540442	1.1524824605114616	-0.8582871918037993	0.4061761081025729
2.7384414649255002	1.3596454867971584	-0.9180872332879118	0.20915612381955395
2.871319707509215	1.5781825234679017	-0.9618052585813925	-0.007344418391390717
3.004274560322201	1.8084684644662408	-0.9885906904600756	-0.23523629321806694
3.137213238634508	2.0443157607933844	-0.9979453927503363	-0.45583422003539475
3.2701519169469573	2.2703846305309052	-0.9897099775730085	-0.6428270801496971
3.403239758303671	2.4762664489639845	-0.963991744096044	-0.7853117282445778
3.536535041664942	2.6597084038130485	-0.921165615275793	-0.8847444515814825
3.6696356598718096	2.8258561222986205	-0.8621090546209049	-0.9502811108164182
3.8014840865236628	2.9833571300351465	-0.7885600958878017	-0.985917661026305
3.9303334777831345	3.138586321457822	-0.7034064528473648	-0.9979453927503362
4.053640828697688	3.2948375989396257	-0.6109188344755024	-0.9865554048719847
4.167884748365381	3.451088876424938	-0.5169293181153322	-0.9518629094452147
4.346067490269682	3.602559894959622	-0.35787820921393054	-0.8950017640475192
4.502526537897655	3.7684988260585626	-0.20818006971496852	-0.8082754140044881
4.646977325998378	3.917698100743926	-0.06530033869705174	-0.7121906432048597
4.7846978592839875	4.053826583037658	0.07208994590866645	-0.6107737053607112
4.918476456175284	4.182044625842083	0.20422308998585512	-0.5048288953882911
5.049609964157943	4.304837290279581	0.33020660797569423	-0.39555380046213084
5.178593252274679	4.423035886116358	0.44860662524262235	-0.2847472285208838
5.305457715162783	4.536361777659055	0.5578146684049482	-0.1748014161967818
5.4299596577002305	4.643743616165011	0.6563151038325182	-0.06853017326932212
5.5517247391739115	4.743635059119933	0.7429062480714189	0.031241560298327444
5.670403374651505	4.834434765279264	0.8168740810730457	0.12156311276590129
5.785854333753859	4.9150343324470605	0.8780748986059634	0.20086956610006612
5.8983275373494894	4.9856036864739846	0.9268417663397127	0.26962247361280833
6.008557019646009	5.048339649083635	0.9615727191909844	0.32901527397136887
6.117628438242811	5.105318547597118	0.9846592180189662	0.3824515439968187
6.2264989267898745	5.163687549898027	0.9963705788614858	0.43540029190368645
0.052066521894372504	5.151870587397935	0.9966663714657175	0.4249305574432449
0.1592438221672014	5.166658194398428	0.9858651847736377	0.4380322592214577
0.26177305341519513	5.206926226491536	0.9656207344653416	0.47370941426499014
0.35562416414628956	5.166523428961181	0.9360677347878326	0.4379128581196593
0.43662045987857695	5.175936734382432	0.9043981604101368	0.4462529715925396
0.500296465909043	5.125648262621979	0.8767891009663835	0.40151727130904186
0.6004571154760643	5.130161401532741	0.8235930934969159	0.40569639203405466
0.6810353203111137	5.1808130265928565	0.7755709360308854	0.45057332757185875
0.7437361666952902	5.186417112030718	0.7349543069497659	0.4555385025419561
0.7889962981216505	5.237940732597714	0.7038301110819726	0.5011880191392046
0.8149825184177426	5.213712201895257	0.6846062606202381	0.4797217343118294
0.8976532365613177	5.244073929704481	0.6234444482745076	0.5066219828249571
0.9540123428510081	5.240100619609258	0.5772519348487366	0.5031016617927416
0.989452967928782	5.214680672694044	0.5482044275779863	0.4805797917099054
1.0975582412501868	5.228304733681455	0.4548385280017777	0.49265060100712926
1.1825335718170602	5.281985557969879	0.3780748879850019	0.5385766426865852
1.2579580295008284	5.356315704434367	0.30733990025337304	0.5994984087424898
1.3312512081215373	5.443076703015921	0.2368195372458861	0.6660187126981194
1.4070379312595658	5.5442187940839105	0.1629835550628171	0.7380440140633503
1.4877990528163507	5.5996741775523375	0.08272166379722831	0.7739671454209004
1.5750409716327893	5.675634238430394	-0.004206631375707773	0.8197257452048208
1.669684419545923	5.767111528609741	-0.09870325219082854	0.8695956172380441
1.7718490680131143	5.869809710600109	-0.19948925007472915	0.9144768203731958
1.8813633778372192	5.980456836250925	-0.30507043672974654	0.9527241855471762
1.9977752005090585	6.095245039028402	-0.4133060943858599	0.9803833689251167
2.120133259387488	6.211125728797603	-0.5210591363249987	0.9953862893482708
2.2474937974113867	0.04313371001331973	-0.6249425647838354	0.997238306665047
2.3790619269141966	0.15756541223190673	-0.7216278707892232	0.9861858075500175
2.513948642908232	0.27232210384193983	-0.8078344074797943	0.9622989188636822
2.6514569016395657	0.42354244648452827	-0.8806980681569958	0.910068611050991
2.7911197112396677	0.5771923282852298	-0.9378421003778928	0.8362761534980641
2.9324083596676327	0.736101805208603	-0.977290061440114	0.7398997270941137
3.0746442007988057	0.9031596954341796	-0.9975831965976126	0.6189312969462073
3.2171493570905905	1.080608780700341	-0.9964831519360637	0.4698556147703308
3.3596545133889797	1.2731181613558848	-0.9750397685851566	0.2931223404099421
3.5028133842934746	1.4788208524051387	-0.9338115726877818	0.09165225564111525
3.648509567399795	1.6940684664128756	-0.8724688980294965	-0.12275825098743108
3.7995986965609627	1.9152900783417173	-0.7896869950653289	-0.3375725958289871
3.958991819100571	2.0678597237776173	-0.6834830010436505	-0.4763884194097432
4.128267669437689	2.2200279285217923	-0.5507843711003857	-0.6034835924682385
4.306810646358271	2.358563736459254	-0.39375057474346475	-0.7073774051021555
4.494636751699669	2.48027532623014	-0.21596338798586767	-0.7877078375818568
4.686064265929384	2.5858156687326193	-0.02626024035218237	-0.848508826584581
4.88300782758711	2.677717198701506	0.16966741954573505	-0.8935756301474669
5.073372051433245	2.7505905117282707	0.35249130187357436	-0.9226432468542584
5.2557985641115	2.821720863081525	0.5170099153318342	-0.9492329018367802
5.431465304305479	2.8928512144478957	0.6574289374280822	-0.9672630830449616
5.601759720243499	2.961446774476062	0.7753181274060674	-0.9831177460984151
5.76980097458513	3.01989028443803	0.8710617989140642	-0.9905862171389475
5.893052157940192	3.0571281146213987	0.9245544328089328	-0.995344823466968
6.016874850045531	3.078239601793338	0.9641919406066902	-0.9979453927503361
6.140526216199183	3.0710561468057693	0.9890333276967714	-0.9971246807186673
6.264113615743411	3.0395412649949374	0.9987789095093071	-0.9930974075055568
0.1044696798143711	2.9836077363531284	0.9933111893607363	-0.9859496859000615
0.2273838042073379	2.9607920138876636	0.9728485612630455	-0.9830340745239988
0.34844451089282485	2.9993313519708873	0.9383285528925027	-0.9879589999876328
0.4660016214281441	3.0526570770467294	0.8916588840905699	-0.994773471495307
0.5782348208451636	3.0892900847292792	0.8357078269718019	-0.9979453927503361
0.6831969468501838	3.1651248994026644	0.7741706681172537	-0.9979453927503363
0.7786273553108202	3.2308352026098226	0.7115007535905968	-0.9947342436142997
0.8812573149971171	3.2915496539772646	0.6355780924485337	-0.9869755699467764
0.9701023416405362	3.342774209054571	0.5640644034268292	-0.9793186023059547
1.0444783562697915	3.387590034206825	0.5018668824482955	-0.9679586493046353
1.1031442545574592	3.4166289151092157	0.44988936479514297	-0.9605978493831486
1.144511208386031	3.4263751951018384	0.413238573864806	-0.9581273541445192
1.1932460095540443	3.5082629075529286	0.36802848957298545	-0.9317679471833897
1.2221951178421115	3.620794189755173	0.3408792745506716	-0.8860600045149297
1.2358784571458792	3.7623609779490255	0.32804668857653324	-0.8119440110179772
1.2375543771590032	3.9453409636117303	0.3264749678746815	-0.6929731581465639
1.2304363334686166	4.064043466988326	0.3331504515118817	-0.6027912952381567
1.2177738877243016	4.117168577891873	0.3450256173650038	-0.5602691777176375
1.2026779304035948	4.253729753559706	0.3591829926868708	-0.4422551665390032
1.1879331204840036	4.465988821530078	0.3730110529845048	-0.24359783527496387
1.1757778760370876	4.600824836159062	0.38441055247354894	-0.11120824796248868
1.1677595661935485	4.7017565468461155	0.3919303287613565	-0.010586764983532934
1.1647230359085754	4.786188331668838	0.39477806461588305	0.0735725147881787
1.1668967512962773	4.862056511929359	0.3927394986652228	0.14903838999843003
1.1739449682425545	4.934199827678248	0.38612950033662935	0.2195417438355038
1.2025139232499165	5.004733660780409	0.35933680279515134	0.28812046156732757
1.2339747421276812	5.077288584191577	0.32983204126705357	0.35616432658092667
1.2707730060360085	5.153960731983896	0.29532168711887996	0.42678240886435
1.3141622567525097	5.238931088520434	0.2534686211033951	0.5020654665824135
1.3652139654278337	5.335601676854512	0.20373097714561056	0.5825209749243226
1.4248518497435747	5.449037861501082	0.14533507768975032	0.6704286044789056
1.4940193796921257	5.5852818507133035	0.07653432135455634	0.7646440208612484
1.574056348361114	5.749589800288489	-0.003223188071455746	0.8600434502743248
1.6659934033795587	5.877458781664038	-0.09505006619988526	0.9177933546670157
1.7712437369400924	5.960497120355689	-0.19889208758104882	0.9464390230933701
1.8916268993863412	6.049832424878175	-0.3149030053364055	0.9717083020506184
1.9790477501128365	6.143178955929705	-0.396193207074656	0.9895400744453023
2.087174280340313	6.247380993312254	-0.4928938093453905	0.9977075810325742
2.209286856672981	0.06087175418657435	-0.59509163646022	0.9961026047197878
2.3417849804161923	0.15106032288160803	-0.6957127126606977	0.9874284597556744
2.482862236802542	0.2382396182910142	-0.789254036221952	0.9707748001524986
2.631300570833207	0.3312738121348843	-0.8708137778594757	0.9437354751004878
2.759024342419546	0.45210730531297755	-0.9258060173719387	0.8976832726078143
2.891569484952906	0.5829513105335266	-0.9669381891760208	0.8331365796519095
3.0263431915173618	0.726323135704596	-0.9914108313635311	0.7462341964841688
3.1617118856274926	0.8831588127839601	-0.9979453927503363	0.6341714196546036
3.297047291159326	1.0534079850034879	-0.9862730292521416	0.49395530266022336
3.4330291450983372	1.2358401573260551	-0.9564407053106183	0.328082607128268
3.5717379674212557	1.4273818207903617	-0.9079641674647367	0.1428185222821109
3.716251411373661	1.622432338020228	-0.8392495558010107	-0.051541204195404935
3.869894657149799	1.8142713155308023	-0.7454238856298042	-0.24079548953615781
4.035392653863982	1.994649598077472	-0.6251760596934897	-0.4104499617538304
4.213839527066585	2.157131361714881	-0.47765833928609325	-0.5526761244660598
4.4040380488676645	2.2990693303652696	-0.30294736940156386	-0.6652383201545613
4.601987099909581	2.4209240161266363	-0.11006166826336733	-0.7507306477988395
4.803391209419316	2.526489034149786	0.09068417109938612	-0.8153298099458907
5.0007971709245025	2.618338932162053	0.28442487963772684	-0.8644576309700412
5.18864872260315	2.7001755478153546	0.4575156916979937	-0.9037371332090516
5.3635886705906115	2.7764204217794584	0.6054594079302812	-0.9323297204123224
5.5257513564277	2.8511073118511048	0.7260810963578203	-0.9566818035531712
5.676158319587368	2.92579420196516	0.8200114539329879	-0.9756134991903251
5.817137228539415	2.998109513822775	0.891638740868524	-0.9878028618153817
5.9519065748478885	3.0617879408369033	0.9437339257680004	-0.9959403006579692
6.082970265353608	3.108357175398935	0.9780385472386594	-0.9979453927503361
6.212621298466575	3.1432955793112667	0.9954820451917976	-0.9979453927503362
0.059012641779385165	3.1573761307165986	0.9962216368721872	-0.9979453927503363
0.18820677625692186	3.154987777306629	0.9803324584967451	-0.9979453927503363
0.3149257739116561	3.137232789860426	0.9488833477742942	-0.9979453927503363
0.4356765707400311	3.166345063563827	0.9048074180404279	-0.9979453927503363
0.5880004001461668	3.1762806778733177	0.8303840117481928	-0.9979453927503363
0.7261088888315886	3.1718487843007237	0.746372982262584	-0.9979453927503363
0.8488322632463249	3.205598621545625	0.6595652032699165	-0.9979453927503364
0.9572604697255959	3.2275803820681963	0.574589736064182	-0.9951501757335903
1.0497800013057939	3.243042066246761	0.49716966726037953	-0.9931743337521519
1.1249129021931195	3.324464946744409	0.4306025167319022	-0.9827693388189397
1.1790097066324057	3.406671530785519	0.38137965898712856	-0.9631218555249297
1.2904859517635314	3.4881151063285634	0.27653550090690926	-0.9393235733325399
1.3679668641466831	3.570281758494356	0.20104893770201882	-0.9085102603174599
1.4219806661249725	3.647631891491595	0.14819103632646877	-0.8728992939952667
1.4582331109453426	3.7842964903295906	0.11213082679612117	-0.7988331366899446
1.4808429853643785	3.903296188848329	0.08964084541568856	-0.7222029392535041
1.4815955659420323	4.003990788756194	0.08889225553566431	-0.6497102099406511
1.4764357601317846	4.175815429599612	0.09402470052179919	-0.5101520987781241
1.4665955174942331	4.315827375471009	0.10381276345376958	-0.3855112113513689
1.4546976921733359	4.438681649066402	0.11564749835655758	-0.26975841236518566
1.4441722469677343	4.551365860687308	0.1261171304432995	-0.15999980425935129
1.4388777184522104	4.656949962709063	0.13138358374266196	-0.05533965314249045
1.4429300763094366	4.756936742640174	0.12735271426206293	0.0444760377175741
1.460564263454244	4.852482576890156	0.1098120356543181	0.13951522251954018
1.4670960857899003	4.944916371552895	0.1033148495140216	0.22998244518567834
1.4975447639283272	5.036104163522007	0.07302763111994408	0.31754052231029706
1.5034369744851643	5.128523172658865	0.06716666509877568	0.4042134355564706
1.5368430967643354	5.223606122869966	0.03393768495820192	0.48848766932913956
1.5919251165939547	5.324301162511865	-0.021070542465100667	0.5732589550866106
1.6668590398563543	5.433697916560383	-0.09591466530241563	0.6590805590813382
1.7622478630018952	5.55409003150715	-0.19001760755980995	0.7444384475058401
1.8806609212706773	5.687790233465921	-0.30439747547072216	0.8263527224105263
1.9560327560666932	5.8360221160490715	-0.37516242118299326	0.8998269739934668
2.0651737509234804	5.941827007765801	-0.4740931024465923	0.9405599468943795
2.2015105773224226	6.055802059830387	-0.5890160608440704	0.9728486676383706
2.278316721699947	6.165990627239206	-0.6490243909096618	0.9924964542492786
2.380337082655653	6.277971354561628	-0.7225143667547687	0.9996661697268949
2.497645448967602	0.11268428232822715	-0.7980899746535738	0.9927852384744156
2.624828233179083	0.2315581255320244	-0.867639863673827	0.9720511502942009
2.757769200941012	0.3544248823119557	-0.9253353268151632	0.9364453794996235
2.8940530845503174	0.48441719791568516	-0.9675677340879986	0.8836741379101601
3.0319847560396296	0.6231254459489496	-0.9921317644711639	0.8112351985737797
3.1703830089120393	0.7726625573590508	-0.9979453927503363	0.7159133377429954
3.3087819824838958	0.9339658121441577	-0.9847734580870255	0.5936822812430993
3.4478185743004515	1.106677179610215	-0.9526918683745229	0.44675922139571117
3.5894783368809042	1.2891305941977995	-0.9013113522075162	0.2778559717351941
3.7369017485479565	1.4778489284432075	-0.827161013993559	0.09261902579657558
3.8937722931164798	1.6692807307212965	-0.7288240090319442	-0.0983050109044834
4.063517460868645	1.8573679748804173	-0.6032022616927573	-0.28208257192252906
4.2482718044739505	2.0375930793733934	-0.4472425655537493	-0.4496911259603658
4.447989373931242	2.209152776035853	-0.26084150768803105	-0.5949868798005361
4.659397626934761	2.3735770926832442	-0.052894922184908176	-0.7178147809372555
4.878454735708529	2.535997554984845	0.16523152369346966	-0.8210130609021979
5.096363187667108	2.631486502174421	0.3740529781438495	-0.8709049551362142
5.306642260994464	2.732500147708648	0.558785534567235	-0.9158591801507905
5.505942614817285	2.8368834384804975	0.7125250869934131	-0.9530763241842682
5.694941270476167	2.9325970357942834	0.8302511905429625	-0.9773378872231704
5.830955051262754	3.0283106331347645	0.8976299628803035	-0.9916622498829368
5.963264928350642	3.1194540342587365	0.9473105847418691	-0.9979453927503363
6.092573206512053	3.20003296277057	0.9798729749257729	-0.9979453927503364
6.2206181554451545	3.264231994966795	0.9959940546296941	-0.9904664818606501
0.06542990116183012	3.3071332640566338	0.9958107632779685	-0.984984147106833
0.193005647492401	3.33584226722522	0.9794157411998246	-0.9810757167431379
0.31789666372949077	3.3443757080545558	0.9479478372071368	-0.9789126529943069
0.43621861158012953	3.3376324539938826	0.9045723964254091	-0.980621938697403
0.607905414365503	3.3179167116004384	0.8195325697127803	-0.9836061349759666
0.7644966718290563	3.3469937647998504	0.7215059759433817	-0.9782490257715503
0.9045306216346548	3.3634065119029364	0.617807671482814	-0.9740887088504588
1.0317616936856937	3.3766358770234772	0.5131337440023965	-0.9707353182680905
1.1487476806297168	3.393349118676819	0.40948509326942645	-0.9664988317360086
1.2572507607592471	3.4186628732433944	0.30800319498952433	-0.9600822799669341
1.3578687813099664	3.456518545931803	0.21088709712549764	-0.9504865922581243
1.4509278710803515	3.509350499530778	0.11939732927633481	-0.9313600893583133
1.5372094571963957	3.5782018829947324	0.033573267220055346	-0.9055401347383369
1.5770320829265345	3.6626506918367587	-0.006195356532002993	-0.8655343532251311
1.6156371150375564	3.760773291960084	-0.044754124572720724	-0.81289297227825
1.6471542586758106	3.8685902075066307	-0.07623349822946392	-0.7463307468925746
1.6712726130312476	3.9833931346040705	-0.10027001395874624	-0.6658030738508878
1.6868742078070214	4.10182030100282	-0.11566107458145827	-0.57327640755896
1.694470103195313	4.221027358681908	-0.12315446792266427	-0.47151592730694325
1.6990706084952891	4.33880840464187	-0.12769289216612612	-0.36451146209688573
1.70233726714592	4.453304021461878	-0.13091546921982822	-0.25575001582385165
1.706926574339184	4.562654709449041	-0.1354428464683038	-0.14886329173293564
1.7160075101706043	4.6949844935029	-0.14440124052359465	-0.017350702733137238
1.7329077271099664	4.817065048793814	-0.16107339918359348	0.1042855024129544
1.7608679753715308	4.934449315337523	-0.18865634068442316	0.2197848097130397
1.802818780893324	5.050248417328116	-0.22982383307261425	0.33080536570688984
1.8613767573546327	5.166699495368323	-0.28592303043554956	0.4380688515511493
1.9389601111384693	5.285750767749408	-0.3595616724115624	0.5416626480323365
2.0380877333498675	5.409178343168299	-0.4501431339795219	0.6409416913697525
2.161920082550273	5.538650348305793	-0.5567683594818907	0.7344368618513634
2.2263586242092104	5.67536897421883	-0.6084297394130468	0.8195811334409637
2.3227037643609223	5.819799212298473	-0.6824473361260784	0.8927929412090256
2.442119423587299	5.932547164839032	-0.7649020222562859	0.937637795063828
2.5791343312935013	6.051008717119337	-0.8452324227857758	0.9719330064427126
2.695687456905921	6.171586892308993	-0.9020540544126383	0.9928547625872141
2.821671926555118	0.009307132584643992	-0.9492204973649637	0.9994040984181838
2.952537429016273	0.13021414313805002	-0.981979224668066	0.9914106573617172
3.0750545541193817	0.2518097662223747	-0.9976356354722302	0.9681825261113708
3.197571679215193	0.3748851095433908	-0.9979453927503364	0.9300026098396579
3.3201135635718715	0.49928108061932497	-0.9833254002059355	0.8772293583658304
3.444219608965304	0.623033198529234	-0.9536041371305206	0.8112854882905782
3.5723069726141703	0.8040590222018326	-0.9077507848495963	0.6926871456193373
3.715919345422455	0.9716643587198549	-0.8394123947765749	0.5627841578789876
3.8681278694412655	1.1288942980472272	-0.7466521671052901	0.42707503178184947
4.032600162071517	1.2748730454382327	-0.6273578222405598	0.29147656518202136
4.213016301134679	1.403577886935024	-0.4783618327868189	0.1663545382709736
4.41253363576856	1.6143907521982812	-0.2948085019906958	-0.04350925536820943
4.632635101822173	1.7822851625836393	-0.07962537522617215	-0.20978451581568555
4.871467664914085	1.9259852068933214	0.15839963860477682	-0.3477053828727755
5.125128595716929	2.0531834982579853	0.40102991437891505	-0.4638467478368693
5.384583037966826	2.1680109862573915	0.6226666111798608	-0.5619733840145605
5.563365995701431	2.2733011759263193	0.7504472722470628	-0.645105765275187
5.7380521320455165	2.3734181311746796	0.8537535608634037	-0.7177042699373531
5.904166534088723	2.4754195661859755	0.9287009506847076	-0.7848055456908989
6.056504566777355	2.515689627684138	0.972982865919152	-0.8088749955548713
6.206113054016902	2.572172278952378	0.9950653461572522	-0.8418183616122769
0.0725278607151679	2.645897129562391	0.995356306947081	-0.8779716591827244
0.22268861364225354	2.7385116697627923	0.9737454726807824	-0.918113560801199
0.37185347537329105	2.818303546862785	0.9309572483405062	-0.9480363095117331
0.5173176701850423	2.898092229724915	0.8689174957550899	-0.9685915799994163
0.6568491443683498	2.96071340428515	0.7912383630882313	-0.9830240290366511
0.789886746355576	2.962417287968569	0.7031713833602087	-0.9832417676008531
0.9220436090191114	3.019246881954379	0.6034538437140822	-0.9905039970118592
1.0478332664582963	3.0966656186294714	0.49889445879780125	-0.9979453927503362
1.1678969223505347	3.1868802172536577	0.39180151264019836	-0.9979453927503363
1.2821418574359653	3.2589338844943314	0.2846596871656245	-0.9911435251227487
1.3899663665167934	3.3165678618758236	0.17961569982369746	-0.983778503903036
1.4904674446334651	3.3733618758897337	0.08006742162098357	-0.971565214825372
1.582753472709632	3.4371992617951137	-0.011909889831251356	-0.9553836606277533
1.6662507869095846	3.512139588652572	-0.09530714128282339	-0.9303141531558332
1.7410088588196813	3.596397557614003	-0.169065210985449	-0.8980236598389959
1.8064630097146674	3.690155652766427	-0.2333150451027861	-0.8520464311889924
1.8638565107248708	3.7909040801306717	-0.2882986619401714	-0.7948837746695743
1.9155454975724366	3.8931636559663176	-0.3378172903129893	-0.7292471372511558
1.9619537055174716	3.9901691669433803	-0.38057290358090395	-0.6605089871805065
2.007154800183058	4.159511725436295	-0.42187704391979847	-0.5240845436539605
2.0525856725763334	4.307621601792213	-0.46333587170273804	-0.39300953479078415
2.103668690593763	4.444438448107888	-0.5069892234496707	-0.2642433344010346
2.1625381025945587	4.575763463759535	-0.5572964928504134	-0.13593143219032394
2.2321169797949865	4.704441782716592	-0.6129287193504827	-0.007904747085799895
2.3172036823255895	4.831870707624552	-0.6786236459085028	0.1190126515008767
2.4202117887626273	4.958756320904633	-0.7502355030379148	0.2434661559391878
2.5439039383866473	5.085452618824681	-0.8257387129577259	0.3638207673078117
2.6250122029335174	5.212080303228524	-0.8677300790248381	0.47827588511776553
2.721054556401994	5.338550444615563	-0.9115669694025297	0.584937815846031
2.8288497915362556	5.464574374308646	-0.9510399486092178	0.6819220650709547
2.923641174219226	5.589717029336234	-0.9750677479089139	0.7675170603084727
3.018432556823845	5.713489447059813	-0.9903999347531255	0.8403629373039625
3.110111808632047	5.835497259319616	-0.9979453927503362	0.8995994031776077
3.1973292379218976	5.955612370262691	-0.9979453927503363	0.9449008525080831
3.2792295020216984	6.074119540591979	-0.988549956874512	0.9763478137138084
3.3895838631737605	6.191709760905268	-0.9674532518634389	0.99414315609812
3.5000604041694445	0.025949320058627684	-0.9348439676564227	0.9983385601602471
3.6092921752161957	0.1432264782295348	-0.8917003788371095	0.9889249410200287
3.7446574792501424	0.25858962160610444	-0.8225254071841865	0.9666231728860971
3.902076012605234	0.3686365926838121	-0.7230512131400515	0.9319702201886194
4.0821804668704385	0.46517742845367704	-0.5886209305603554	0.8920162430746477
4.24748081526254	0.6273561646833897	-0.4479653606461332	0.8089287747446365
4.414869760387438	0.7571228204866628	-0.2925704684386755	0.7262826416846738
4.590468046784585	0.9545009424726899	-0.12142527868339711	0.5768514734846343
4.775094912761437	1.0982886418018494	0.06253792078518267	0.45419139894254545
4.98418307008213	1.202595141349333	0.26823842371257844	0.35926063438185096
5.19011417754025	1.4016483257841854	0.45881407307603916	0.16823443275453603
5.392473072342574	1.5520380589142617	0.6285836175668911	0.018768714771494402
5.583122157395335	1.6785696640348091	0.7632450052580553	-0.10746859564074399
5.758155050200264	1.7913791052800134	0.864712892451671	-0.21875574121609798
5.919760068942095	1.8959715327362316	0.9336112359962297	-0.3190652127502176
6.0730929139941505	1.9976936437021762	0.9761516996041508	-0.41323156889434287
6.223494760109295	2.103242217751236	0.9961782330814386	-0.5066247780874371
0.09135234771269124	2.1274533903041886	0.9941510440504067	-0.5273146056011345
0.24336949763629262	2.178088853710149	0.9697948511402884	-0.5705854964121498
0.3937666639284086	2.245658503057092	0.922978989729309	-0.623508656725143
0.5540748661197538	2.3259641846815726	0.8488788976071747	-0.6847140000058475
0.7030302147281003	2.4177912843927687	0.7613229869244347	-0.7485527537950541
0.8389025178614046	2.521801758926293	0.6669109402885284	-0.8125282215749453
0.9623158069478476	2.6387398975019836	0.570446328762612	-0.8744618854996358
1.0734043975825696	2.7277338662151025	0.4762386407123841	-0.9140717771143096
1.1700186852353749	2.826426414880784	0.38981166907701553	-0.9504256690591453
1.3365883512457852	2.9294959137218357	0.23161977153081825	-0.9765518121955505
1.4754020112685975	3.0325654126265023	0.09505296774054794	-0.9922059663270479
1.598129761980557	3.1326930749952937	-0.027267752236844432	-0.9979453927503363
1.710741842928277	3.228355825539579	-0.13920663029877756	-0.9950510821453825
1.8165046996968481	3.353317159539293	-0.24293509658356052	-0.9766461663618481
1.9179280154821736	3.4794001702548685	-0.3400997691573082	-0.942591761168687
2.0176995381319554	3.6071145443804284	-0.4315126808286037	-0.8927682485574638
2.1193436986672847	3.736364282535034	-0.520384411667328	-0.8274822578846868
2.2272836832787615	3.8666435675308066	-0.6091524843239609	-0.7476840627494807
2.2711178393675606	3.9973980505202094	-0.6433999332493237	-0.6548610896691843
2.333395370126686	4.128235211027102	-0.6898802049658709	-0.5508121086630733
2.4102337974728467	4.258963584127562	-0.7432987432876612	-0.4374725639519623
2.499643042160086	4.38954758924587	-0.7992839377965726	-0.3168293920281448
2.6011065640968223	4.520045614972963	-0.8560071976988867	-0.19089740206494568
2.7136674386382165	4.650561083021243	-0.9087967266588526	-0.06172087643002043
2.837073979169615	4.781209350979706	-0.9531246225981848	0.06861993606452882
