1.0102703732022094	6.015022998073666	0.5311422643201134	0.9636088065308012
1.2489540403823112	6.09605418422508	0.3157840718045209	0.9805379380646324
1.5023140756439575	6.171726421275721	0.06828360956130615	0.9928636961154758
1.659124930712203	6.257918787632647	-0.0881898246745591	0.9983822773740376
1.797665641820145	0.041229617895160275	-0.22488706811974865	0.9973602187034558
1.9325702137073781	0.08845013746006991	-0.353722671781211	0.994336861934118
2.063574839670278	0.1595198615684963	-0.4727267416077642	0.9858124536038727
2.189641775318333	0.2598229410258207	-0.579743013825283	0.9662348099980161
2.319532835116033	0.36625063969962646	-0.6802428869821532	0.9327215386037443
2.451880508741722	0.48311637674674046	-0.7707362311201853	0.8842381564662534
2.586039861638225	0.6124489635175235	-0.8486187666219293	0.8170556028684008
2.7216090661751933	0.754255720254041	-0.9117749160908899	0.728139904439522
2.858199549936503	0.9093598755740502	-0.9584795500199734	0.6138495644062867
2.995373620925923	1.0771627918134237	-0.9874532432369727	0.47290873342069273
3.1327291674286233	1.2551931707209345	-0.9979453927503363	0.3099328556140261
3.2700844512498737	1.4374776275316616	-0.9897185989854669	0.13277625042229385
3.4077631123999894	1.7039106866377152	-0.9628451605004519	-0.13246765636038768
3.546721659133703	1.9446292995178835	-0.917345532257241	-0.3647420989955502
3.6882089522985972	2.167009669172727	-0.8530010569455946	-0.5611177014687064
3.8329133884958817	2.348476203262625	-0.7697747754801215	-0.7003644911573027
3.979865173891011	2.5119386476812124	-0.6685594552920274	-0.8066330316302495
4.1261644439595	2.6590456745492994	-0.5525816972014231	-0.8844194614583054
4.2667650374460155	2.7944359917546913	-0.4303437029122744	-0.939085738604129
4.4750580291129625	2.922859425012687	-0.23490943282557547	-0.9748695894634333
4.657984064301066	3.048436429672543	-0.054306790812473194	-0.9942341167798405
4.828740717825932	3.1682424536886877	0.11589925905175064	-0.9979453927503363
4.990686060878331	3.2868356509131185	0.27457402832356625	-0.9875779703740004
5.147154645113052	3.4007476961158005	0.42075227021815553	-0.9646234341125595
5.30091482536684	3.5058561604140497	0.5540912683777681	-0.9326705013338106
5.454619184072686	3.5988480483396796	0.6745575046911215	-0.8968219846960017
5.555431584859471	3.677567550210675	0.7453074848162756	-0.8582194029044969
5.660623361250512	3.7397110759870476	0.8115423969377321	-0.825481876603869
5.741224790776044	3.8523897851523965	0.8554831713993769	-0.7575933782639869
5.82187455498433	3.946554984183791	0.8936927818735385	-0.692129163719662
5.901965576403179	4.029262880261484	0.9280078858795668	-0.6299652270257025
5.982068292024561	4.104831285207289	0.953231620691924	-0.5708120978125559
6.061623030973756	4.175225708592087	0.9739606343218168	-0.5106560490060694
6.136815542476655	4.242650407361167	0.9883244862593266	-0.4523793211337824
6.199497766858124	4.306426298106313	0.9946417935704341	-0.39410178690448316
6.280439748751067	4.371616096009137	0.99982421195834	-0.33400796340115485
0.10126914801729622	4.432384613831931	0.9935161076793682	-0.2757910426534501
0.19022840307924202	4.489483303021768	0.9799462717905385	-0.22104729396840056
0.3220981492374102	4.544202134626959	0.9466248214336064	-0.16706686013818633
0.43745955539770054	4.597286678527471	0.904034339883212	-0.11469866028143255
0.528313134602495	4.650991165839015	0.8629231948486118	-0.06129130902126724
0.5976697279546961	4.707504179273974	0.8251126691066122	-0.004846020488573379
0.6484452631963789	4.77076910502699	0.7966822660670256	0.05823505144588481
0.6816397600774298	4.84559509911164	0.7751793893898734	0.13266426686511346
0.7004208396829046	4.823334749915278	0.7630132993277932	0.11052195728525115
0.7001553951303021	4.840747965542998	0.7631852501634899	0.12784283611822475
0.6780091713420198	4.874271080829249	0.7775312280733373	0.16115555557747094
0.7203081028524749	4.917719303347004	0.7501306408282917	0.20348542617847665
0.8213791342744841	4.969983701915799	0.6798742301329245	0.25440454554066466
0.8862695375085525	5.032911891399811	0.6318701959194158	0.31454672777290305
0.9270370764286244	5.110944720612708	0.5993611455586241	0.3877279131144107
0.9486455202267485	5.102522304748015	0.5816506388461098	0.3798291558524415
1.0389832336830451	5.134953940230116	0.5067355172019694	0.4099425430692742
1.1080951778183248	5.191508765152341	0.4455028863007851	0.4600496665697394
1.1678312229634729	5.268427545095977	0.39186312720768085	0.5274643534234206
1.2256521386141352	5.367176645691906	0.33763719195032554	0.6084001498786358
1.284973037900526	5.493211268865865	0.28190651304348513	0.7031068073067935
1.348456643499811	5.547988984204076	0.22005696766323693	0.7404862843436875
1.417627462497946	5.643071794843737	0.15252115628656165	0.8019739634066074
1.4936299038191414	5.774170571453586	0.0769217319597285	0.8730089764794942
1.5771970453440207	5.875380583970018	-0.0063601212593834555	0.9168922761093778
1.6688303512331115	5.963054377601914	-0.09786070901704788	0.9472442839153706
1.7684393834501877	6.0573847699662755	-0.19612557715753368	0.9731510091029327
1.8757269887803536	6.145698635593403	-0.2996707128795839	0.9900214030363539
1.9901643700233433	6.218993502920415	-0.40635142187619494	0.9958900340840976
2.1106480383302766	0.027505932788056884	-0.5129534740662303	0.9982388959533278
2.2360847027442143	0.11020699740635262	-0.6160286852487288	0.9929438499468674
2.3655088697800557	0.18598547763574633	-0.7122057036925966	0.9807567880458696
2.4981480381034067	0.26391093598820237	-0.7983903726057094	0.9649475315325424
2.6330821978187244	0.3819863369454628	-0.8716874546459866	0.9277664874380311
2.7697559343431144	0.5056454211610093	-0.9298304712394735	0.874469865940197
2.9076713146819375	0.6348256454450165	-0.9710196944999911	0.8048567034250047
3.0462812897065876	0.7987795514108196	-0.9939587123690768	0.6965927446578706
3.1850786522534213	1.007271785794244	-0.9979453927503363	0.5335999379458949
3.3238760147977238	1.2009323372260352	-0.9828445981795004	0.36082005466637873
3.463174425020117	1.3988194479423164	-0.9486765772545673	0.17099049562784308
3.6043349966928253	1.6015632526074233	-0.8941312871235605	-0.03069712818634705
3.749258854039421	1.8028831685897566	-0.819775161575524	-0.2298855172070089
3.8995532896166067	1.9959510607679112	-0.7248050253834508	-0.41163922050982815
4.055273215454818	2.1742640305916416	-0.6096434573020946	-0.567316966958682
4.213479436764425	2.3362097064478955	-0.4779660569823243	-0.6918367485576293
4.447480594634548	2.4825308541962747	-0.261328923953145	-0.7890559685575234
4.661481642650864	2.587393177021466	-0.0508134039424331	-0.8492824073530009
4.863985533909187	2.660741159483775	0.15095718298262442	-0.885250895782758
5.0549574753853275	2.704311817029273	0.33522164093290413	-0.9052882753651897
5.231547210853922	2.7504245325880308	0.4955234099027749	-0.9225810030233685
5.395562660781847	2.811848081150559	0.6308692052925454	-0.9456154455674705
5.547413160722401	2.8977767442948177	0.7401132748849624	-0.9685116104876124
5.688729662451342	2.9809443188023983	0.8268648626717365	-0.9856093289150103
5.822014404432879	3.0540398760851732	0.8937534187127325	-0.9949501787906118
5.949234703408274	3.1081356804083113	0.9428925738097961	-0.9979453927503362
6.072782770566732	3.1501099446116547	0.9760924536209834	-0.9979453927503363
6.194869933798435	3.172198488103603	0.9943454903840802	-0.9979453927503363
0.03367595394014473	3.1806257231501607	0.9978438521166864	-0.9979453927503363
0.15527144227822504	3.178546886486012	0.9866240193360742	-0.9979453927503363
0.2741090717727927	3.166941566521284	0.9617362162779288	-0.9979453927503363
0.3859442849315697	3.2027590476772505	0.926370668010952	-0.9979453927503364
0.5230149270016713	3.226736255716163	0.8658115722211872	-0.9952580462776219
0.6433014982638698	3.2437894589824157	0.8000143166595184	-0.993078824755417
0.7408155756231802	3.25694587382004	0.7368462202350619	-0.9913975721531012
0.8130238872854654	3.3014880988756015	0.6860551990024875	-0.9857055403411032
0.8653979957258158	3.3856330372792214	0.6473103558797896	-0.9684547105295659
0.9687262453988583	3.471423936869083	0.5651922663101072	-0.9455829281387327
1.0203218210868417	3.5613107152743804	0.5229039924253681	-0.911874490884517
1.0907689305083745	3.6553192031321937	0.4608538031315452	-0.8691295791303364
1.2119823653936357	3.7552544811983792	0.35045705530420257	-0.8161915701446493
1.280569260060044	3.858420574970333	0.286134509252632	-0.7534007367937395
1.316682140075398	3.9636998055860597	0.2510135992680621	-0.6802099804317037
1.3324881719734676	4.067649273549465	0.23561441269173586	-0.5999740931506525
1.3285888267061483	4.166339590007539	0.2394133892903025	-0.5182497440399828
1.3182960083005368	4.255184058092626	0.24944127181302567	-0.44092624300368594
1.3049945024856018	4.328353773018305	0.2624003985003057	-0.3740647610814767
1.2923150675153	4.491651077150779	0.27475346637016884	-0.2189087726495561
1.2839235547010701	4.620210911439486	0.2829289826741528	-0.092034676523528
1.2833376693174041	4.734479505485341	0.2834997874399281	0.022096978631736874
1.2878862420694097	4.846007356337044	0.2790682943924743	0.13307433802037238
1.2718266103163773	4.963741366282671	0.29433359004619897	0.2483228868608325
1.2738914495706921	4.981966775202956	0.2923971309213073	0.266079175991667
1.288797156189657	5.032472257867639	0.2781808270899181	0.3141344281891921
1.3145111799998666	5.098239597667963	0.2531286790976143	0.3758127234899342
1.3502230038758714	5.1726045084635075	0.2183360731865338	0.44330064602384356
1.3957674177561876	5.253826943882412	0.1739639669314482	0.515263075544941
1.4514113760718899	5.344474811140081	0.11891638815939126	0.5897934886598682
1.510076767229211	5.4456204944537685	0.060562081083137924	0.6679005356662092
1.5804680341836508	5.560404841587969	-0.009627190162949086	0.748529082857057
1.661555641961305	5.691536214489325	-0.09061762297190408	0.8283948860328831
1.7532519382979141	5.840413284784049	-0.18114307745784103	0.9017309256730606
1.8546791258205615	5.937997583731562	-0.2795066244051544	0.9393540904440154
1.965542733677077	6.0454944260418095	-0.3838525082869698	0.970879624144465
2.0848333672817936	6.144768271104374	-0.490893365653562	0.9898436776551791
2.2118121222576863	6.241914668312582	-0.5970646162515948	0.997357592281001
2.345840128566875	0.05167943012706772	-0.6985318761231654	0.9966911555325981
2.4864031366692614	0.14040499735649398	-0.7913704350712372	0.9894639219995818
2.632959161351525	0.25645785757020206	-0.8716271198474232	0.9672944491381819
2.784640771129961	0.3753253261758415	-0.935412433300749	0.9298639889762979
2.9162195691289017	0.4978022964137074	-0.973186513217061	0.8778705393001033
3.0502895455961005	0.6229007831890772	-0.9944709256679248	0.8113576760002918
3.1850202771174856	0.8014821623339663	-0.9979453927503364	0.6945934316507905
3.3197510086798387	0.9704460839462477	-0.9833717309398957	0.5637826686351175
3.455249362012619	1.1330810619979235	-0.9508083060639725	0.4233655923373223
3.593778283601988	1.3744823134768143	-0.8993081031710798	0.19470119523823554
3.7386760918315	1.5857815480856376	-0.8261004875102143	-0.014934336377427845
3.893546739161255	1.7828836694282226	-0.7289808155025727	-0.21037494616979227
4.061348542654755	1.9647584229435284	-0.6048968287240697	-0.38313581589605616
4.243396075131478	2.127612638791994	-0.4516979401526589	-0.5274506925146165
4.4387046869219295	2.2701374503960596	-0.2697363418415415	-0.6426339593097217
4.643505248466439	2.3926927985854944	-0.06876825530928059	-0.7311041350216015
4.854165400027951	2.4969226508435525	0.14118912217657262	-0.7976579576026591
5.074495407805194	2.5880843155751996	0.35354481424380824	-0.849621328864388
5.289482358021668	2.6695500544102244	0.5447210984780342	-0.8895706142617735
5.50002000836385	2.7457768648387453	0.7081437148851477	-0.9208380813224835
5.644494275485832	2.820705929941567	0.8027494447031337	-0.9489372270961478
5.790746316506012	2.895634995045899	0.8801959965048705	-0.9679687180890975
5.935881797326636	2.9674586263719305	0.9386878454261849	-0.9838859980705073
6.079833915837457	3.0286149033216243	0.9774394176288905	-0.9917011324394522
6.211268832501971	3.0687538986962664	0.9953954517538799	-0.9968304774214127
0.05942024105793846	3.092835994411407	0.9961955397845366	-0.9979453927503362
0.1907030206002595	3.0883473790656395	0.9798556067008564	-0.9979453927503361
0.3213933088654876	3.058094986892566	0.9468467702962448	-0.9954683796592946
0.4505689096957674	3.087538699070565	0.8983503002480726	-0.9979453927503361
0.5772289513417227	3.1006656017007113	0.8362561880275392	-0.9979453927503361
0.700491671724179	3.0857099387663225	0.7629674154376479	-0.9979453927503361
0.8195742637760041	3.0462589209993385	0.6812094208674845	-0.9939558538815834
0.9336412563671522	3.065763827081177	0.5939482905550582	-0.9964483774537526
1.0416764960771332	3.1243357132868073	0.5043493082165236	-0.9979453927503361
1.1424399410900137	3.172092302692682	0.4150737001576862	-0.9979453927503363
1.234534475978559	3.242114349991503	0.32930710852917666	-0.9932928862140205
1.3165317309061202	3.3659970197324998	0.25116013692377714	-0.9734320647500007
1.387210468293531	3.489372671313912	0.18230066156482672	-0.9388519739365689
1.4459109751132886	3.612236265510979	0.12438762222514559	-0.890256651632227
1.4875093964811754	3.73472595504932	0.0830097841761426	-0.828461487610471
1.5176932995140995	3.8567935443647268	0.05298593686862667	-0.7545318582879985
1.5376917919528517	3.9780500526835882	0.03309349013280636	-0.6699776021526315
1.5480384674668806	4.0977784590492154	0.022763513129224006	-0.5764342823356534
1.5505585709275913	4.214972596871767	0.020246429747433143	-0.476690066527766
1.5509073907498412	4.328347580276499	0.019898027949049525	-0.37407041992400136
1.5526350588824187	4.436296745742076	0.01817243024500365	-0.2720431764634007
1.560764803257267	4.5368075006215305	0.010052428513659242	-0.17436170799803727
1.5816048888133338	4.670939660660813	-0.010762682391938828	-0.04136672037222517
1.5328774338048519	4.791596625368405	0.03788231925677927	0.078952130010666
1.5192509993080734	4.907978325830078	0.05143649706575533	0.1939951802276721
1.527747619495581	5.02639059080058	0.042984931777415164	0.3084308850867694
1.5526429303819989	5.152872239689034	0.018164568178587782	0.4258180133786782
1.5934000701262854	5.294436844369794	-0.02254372842076619	0.5487818473475646
1.6505319373974772	5.358735757052943	-0.07960712915846468	0.6014819091993644
1.725301364165648	5.456603869015114	-0.15356967953974388	0.6760257169248427
1.819755150785354	5.5792683991935155	-0.24604906513493524	0.7607486008795149
1.8859547599538395	5.724492919489609	-0.3094690322259404	0.8463616038682995
1.9799575818848105	5.890943351866649	-0.39702459886886865	0.9236400828697742
2.0957547767666425	6.01758603477684	-0.5002263328179477	0.964415887259759
2.2310923467366655	6.11757207166606	-0.6121281776847324	0.9846484504418964
2.3852703245598326	6.217293917556993	-0.7259439862929443	0.9957812158635249
2.5477795143002018	0.041288787286450176	-0.8280551479636564	0.9973564303042315
2.6764450728859357	0.14717391945081032	-0.8929518032725826	0.9881708704337279
2.779993556625665	0.25438596777542627	-0.9336696815712499	0.9676904002742416
2.8915719279451535	0.3663408568846151	-0.9669388084277475	0.9326931298995946
3.0059676478267816	0.4877500908620995	-0.9888070493852205	0.8822290403732136
3.120353736516072	0.6206762714999378	-0.9979453927503363	0.8125703935289408
3.233868547867586	0.7651092437753341	-0.9943466137264254	0.7211091614031918
3.3470770945884345	0.9215436275729117	-0.9782279032667496	0.6038636337406929
3.4610908167496133	1.088800254663805	-0.9493276092108822	0.46259803421725526
3.578372133402925	1.2643994406854298	-0.9054762891394192	0.30129897990592436
3.6993026304457564	1.4441357625563669	-0.8475609232066116	0.12615342138933136
3.8225925641897325	1.623472015110358	-0.7759435409090758	-0.05257963534190134
4.014688649146804	1.7956612083270607	-0.6413520148702156	-0.2229667983815394
4.196642591903703	1.9549610868513547	-0.49235410098479243	-0.3741831445527546
4.368075261235123	2.098057442608794	-0.3374001227758598	-0.5021940920824608
4.601957490054725	2.224127453357176	-0.11009087855101217	-0.606686534647247
4.900314796872094	2.333560342736191	0.18652890956479373	-0.6899948949194168
5.145251457758618	2.4274039528309705	0.4190660614120223	-0.7552355388945907
5.357575074350986	2.507527305579681	0.6005306015079745	-0.8039963687200009
5.544229168316266	2.5772664316209797	0.7380507343290549	-0.8443164394757567
5.710419713761815	2.64157768809456	0.8386894377233872	-0.875853485304683
5.861360731247376	2.705595511292052	0.9108134566082474	-0.9057696735004681
6.003312678198582	2.772108305528774	0.959921316028068	-0.9307126338658043
6.140835014269235	2.838621099774186	0.9890923166794262	-0.9535167880284896
6.2774896556175745	2.8952395047383623	0.9996353283092929	-0.9678684688737628
0.1313367267322069	2.9254132850288874	0.9911962128085077	-0.9755169440453789
0.267332173741507	2.994588174972935	0.9638702098318991	-0.9873528714359359
0.3984838914080332	3.0398780337419486	0.9209336633652098	-0.9931404430391181
0.5744318358734287	3.0236375487117426	0.8377810669367469	-0.9910650784312903
0.738213042017576	3.067365563588651	0.7385321008606964	-0.996653062674206
0.8836349907550155	3.082887291943055	0.633819157032166	-0.9979453927503361
1.0152942222246777	3.0610509296049733	0.5270246650766728	-0.995846118309137
1.1368261316297241	3.0685207527474523	0.4200474905340448	-0.996800683800734
1.2497119273723696	3.1282130503143852	0.3150733059788187	-0.9979453927503362
1.3548609930889937	3.2200879841167014	0.21381746524670153	-0.9961076260503371
1.452530107907637	3.3117308994887926	0.11780358860600386	-0.9843966172493288
1.5431032374526756	3.403061970897844	0.02769282878937044	-0.9640368097970005
1.6003875351500794	3.4922845000537093	-0.029522819702707606	-0.9377600091547418
1.6542289528002767	3.580915997402154	-0.08329971407717555	-0.9045223148005614
1.7006058676651845	3.6627988140034544	-0.1292074339354154	-0.8654617168654095
1.7398848230584028	3.8017743769691306	-0.16795634341180854	-0.7883865890426857
1.7717315709853834	3.919076558522913	-0.1993733385988329	-0.7112323310395152
1.8001530910871635	4.105352047464215	-0.22727007237968844	-0.5703670767691563
1.8268473081927636	4.259643118887417	-0.2528434313711074	-0.43685161440872977
1.8550468232228878	4.397290986869311	-0.27985888263519365	-0.3094111303704167
1.8295882142231994	4.526719722267706	-0.25546925004939236	-0.1843133578404807
1.8321973687418227	4.65210625216483	-0.2579688493036008	-0.0601775590091227
1.8516569088683275	4.775611514987744	-0.2766113067127985	0.06305178363268871
1.8814080435377027	4.898734112651243	-0.3051132269711142	0.18498891196184597
1.9226416937567796	5.022936668342637	-0.3446155257427022	0.30519170816470326
1.9763565290845042	5.14995673262469	-0.39373400621105714	0.42323489738918535
2.042846433413401	5.281892082204762	-0.4544915688284802	0.5385000289710847
2.1217471532009986	5.421083487140488	-0.5224383006159444	0.6497487708464552
2.2120860770388466	5.569914613176471	-0.5972786560144829	0.7546893643768586
2.3129514566629004	5.670602522347266	-0.6756674729705541	0.8169826486758226
2.422155440782812	5.784577569863447	-0.7515867416500316	0.8775213109621474
2.5375317745099	5.9056588368137595	-0.821930065211723	0.9291708654423296
2.6570876729591886	6.0301619647461235	-0.8834592938412134	0.9679506994485484
2.7721344052918324	6.15598757696226	-0.9307224215369281	0.9918559956086814
2.888459654310352	6.282036376064503	-0.9661499066927359	0.99992643815239
3.0051868466271	0.1248715584637229	-0.988707271135214	0.9920049318589115
3.1216164077439386	0.2512208432318336	-0.9979453927503363	0.9682950267110935
3.2376315974730856	0.3782979987977545	-0.9938657352333121	0.9289279170177202
3.352232001237698	0.5057930107827414	-0.9769212331995831	0.8744058730660564
3.4871654769460454	0.6728751953922253	-0.939679693810137	0.7808569375157032
3.6191272129328516	0.8325813112066268	-0.8868774589906155	0.6715871852400669
3.803260028043133	0.9898040979463606	-0.7874986141374899	0.5479166377403011
3.976499055192675	1.1436445000624706	-0.6711893902214109	0.4140064705220273
4.139488468117118	1.2948655421253816	-0.5411955587974896	0.2722686406636215
4.374542463530225	1.4410797099400758	-0.33120447053745494	0.12919326872170495
4.619804005154779	1.5796141781066124	-0.09244109517385306	-0.008774357342605964
4.861378164276547	1.7083061691410952	0.1483636394094414	-0.13680382446678166
5.1055923817463365	1.8253556522822931	0.38270835267374215	-0.2514144083007087
5.348133884902359	1.9290542927754997	0.5927925038149546	-0.3505098714571222
5.580587903549005	2.0178197146466728	0.761603355194145	-0.43162249647944256
5.800392920869299	2.0912895278822914	0.884378634360155	-0.4964105230292687
5.960038636787046	2.1515742088086354	0.9462946501109867	-0.5479272204282238
6.115763823537519	2.203612574491113	0.9843030249751115	-0.5906583427333384
6.2703762771330736	2.254346102087964	0.9991798847607649	-0.6302962427229452
0.13673838616523304	2.3057793845600605	0.9901643462733692	-0.6704808583673876
0.2858270204046912	2.3648331046582802	0.9580463235378013	-0.7117359077024801
0.43275895570728784	2.4330458038827656	0.9060724566616387	-0.7591577877878225
0.5756703141364762	2.5123316229063404	0.837105896603509	-0.8068679132551368
0.7134006635586433	2.6052174540730837	0.7546051721285376	-0.8580231017985412
0.8465907923920343	2.712194457231649	0.6612233782575156	-0.9082443439591855
0.9759664571177838	2.7960375600059058	0.5592581130019829	-0.9396863426513782
1.1020056329549193	2.8868343854873357	0.45089817444732083	-0.9657379321863814
1.2249003246028338	2.9776312110297587	0.338342262381045	-0.9851859482954988
1.3446645518820248	3.0622617168710695	0.22375145130805013	-0.9960008442939209
1.4613344074835042	3.136568370380746	0.10904597545613622	-0.9979453927503362
1.5752789294603518	3.198098492639512	-0.004444304035843515	-0.9979453927503364
1.6875704730204917	3.2806128698805948	-0.11634794411396579	-0.9883731768898859
1.8004189689361767	3.399499316956873	-0.2275247863371641	-0.9649398743103035
1.917690567644057	3.5177509522411894	-0.33987229146871856	-0.9282098359159314
2.045294962435014	3.655016939063695	-0.4567290010650396	-0.8692778038160818
2.105746698450274	3.790192855028244	-0.5087649996550274	-0.7953088745156638
2.1969063476771766	3.923522658323214	-0.5854187948376993	-0.7081413756312932
2.3167864459692127	4.055383296574706	-0.6783335806760123	-0.6095574513681974
2.4700405724235552	4.186136022640336	-0.7815905165633892	-0.5013325635249415
2.6672886695394937	4.316074695542993	-0.8884616731180972	-0.38528521366176727
2.8274660035820163	4.445429700186362	-0.9506891848763055	-0.26329370380675504
2.962084966908526	4.574386478980872	-0.9831993004352996	-0.13728983538624964
3.0839982170790194	4.703101204862857	-0.9979453927503362	-0.009243718397986659
3.2059114672892535	4.831715052657905	-0.9979192370478683	0.1188578219234631
3.3130421750010073	4.960336607755859	-0.9842290499147265	0.24500576640075575
3.3859023083030793	5.089011296347901	-0.968386455484272	0.3671581862124483
3.419774338363189	5.217696890572067	-0.9598005448548264	0.4832521366765151
3.427412300361772	5.34625618771394	-0.9578644678321453	0.5912535235454706
3.4258771937731525	5.474453612683532	-0.9582535879395959	0.6892304384715755
3.424841775627107	5.601988605097406	-0.9585160466009244	0.7754663954399067
3.429670414577855	5.728553867843057	-0.9572920791440165	0.8485754754677198
3.442517718420325	5.853914643239906	-0.9540355337753144	0.9075849330365383
3.462844119168173	5.978009185816357	-0.9488004452391863	0.9519534390750253
3.5511299088901738	6.101038757994696	-0.9156923946884776	0.9814901296880709
3.675932651335762	6.223463793957467	-0.8590211269505038	0.9961762504322511
3.8047847007803512	0.06259492198111138	-0.786587315951141	0.995992276602598
3.9383585358685225	0.19487179176687752	-0.6978273840444904	0.9790592559658984
4.07726061220935	0.3258853087179775	-0.5924647931154942	0.9454322737691618
4.222420076167601	0.45333664619717473	-0.4703257708000132	0.8971502469414088
4.375267282171726	0.5739811148392621	-0.33051008616013994	0.83802678257013
4.537658889008973	0.6835918243195339	-0.1735218085856424	0.7739148726594569
4.711526673952505	0.8372937070589318	-0.0008283463468073959	0.668101091758637
4.898180986670112	0.963439749922904	0.18445002337560343	0.5695251333359451
5.097729946498439	1.0641572482009978	0.3753347595730464	0.48443154126024834
5.307849716393085	1.2610597536156036	0.5597751776503799	0.3044310239559072
5.525373924564952	1.4162424267104883	0.72583660189153	0.15389884766572867
5.682548767086643	1.551566511392251	0.8234952781520815	0.019239697193399862
5.839791740641636	1.7066873493979444	0.9014614324958883	-0.13520684972399663
5.992848479005096	1.8583885268210154	0.9566262194332441	-0.28306027211291335
6.142573250132961	1.9584003790626654	0.9894243678648434	-0.37732592260300823
0.00808232620057789	1.9731547364909248	0.9994825182811271	-0.390808252054003
0.15695604093659052	2.0241361823733173	0.9863022143422091	-0.4373943980530134
0.3052031984684461	2.090274241814717	0.9519449127009045	-0.49554290319098004
0.4506545035234367	2.164936214581678	0.898313187916074	-0.5593458162883228
0.5907950501285327	2.2485044190147563	0.8288604769263261	-0.6257321593564822
0.7238607847432718	2.3406129209623914	0.7478292689820878	-0.6948978898563966
0.8493647720257925	2.443385113598707	0.6591712687527223	-0.7656585262480742
0.9664090773404993	2.5576245112310674	0.5670914415045353	-0.8339395109674042
1.0741568173467526	2.683616032569111	0.4755720028066004	-0.8964683087269364
1.2320180788381505	2.7804820534038144	0.3316670502022211	-0.9338528727289181
1.369043628005633	2.885656622313887	0.19999988961268525	-0.9654393917879482
1.4933490254499289	2.9940397642339946	0.07720112091946715	-0.9872827902631118
1.6086732041079215	3.102474855917143	-0.03779855915783411	-0.9979453927503361
1.7165751684282766	3.209685496353123	-0.14496123857394685	-0.9974369554944849
1.8177381538590167	3.31567800391135	-0.24411675948694564	-0.9838922184701827
1.9127508324362508	3.420264825097077	-0.3351399698092353	-0.9596762158655506
2.0025423413849723	3.525847567651445	-0.4176622423333992	-0.9251735244875974
2.088601478190155	3.6295303040450038	-0.4941134312896221	-0.8817759763084786
2.173134561031637	3.7259419616866922	-0.566351770815151	-0.8337116878828716
2.2590572110155507	3.9059318314866958	-0.6339770130804833	-0.7203706245882668
2.3473405243319534	4.0636023283282645	-0.6995749603121951	-0.6031359550896856
2.440837690240285	4.205567868898043	-0.7641359291492184	-0.48472694285682527
2.541829638819918	4.338697319611582	-0.8244989023498747	-0.36461297007394866
2.6510292235560713	4.465814088773178	-0.880488342767402	-0.24376523121327087
2.7682613812909467	4.587446947731535	-0.9292699989578334	-0.12440560981883386
2.864198910258365	4.7482326753986035	-0.9600002729133443	0.03581812540152253
2.9633877662422266	4.899352506697489	-0.9833657846026895	0.18559138862121477
3.062575664163339	5.050935642265187	-0.9960409634835808	0.3314498628499305
3.159861024645059	5.160014007044999	-0.9979453927503363	0.4321455622555251
3.2546711283828302	5.281112847649516	-0.9916882608956739	0.5378613601733574
3.3471297364258334	5.407508492005127	-0.9782145595695907	0.6397063840149929
3.4567516573790074	5.536293827539345	-0.9504275029726917	0.732910344500923
3.566894177185033	5.666171293698098	-0.9097806370517776	0.8145669146149351
3.6793161512494934	5.796546787692505	-0.8573619214289114	0.8827110027650472
3.792452372140423	5.92711176661033	-0.793958359224028	0.9359262295762313
3.903663316884226	6.057697816974353	-0.721947709627757	0.9732108097504126
4.065133498585061	6.188231994189976	-0.6019396579587581	0.9939204874439472
4.216698724529989	0.03554422357272666	-0.4752149920167264	0.9977242336607131
4.364543014954519	0.16609111481193958	-0.3407840542776769	0.9845571622624063
4.512855218159862	0.29678603731652087	-0.19799076879073965	0.9545954126136984
4.664954619778532	0.4276536367823013	-0.04734458881254651	0.9082860542546134
4.823708085484553	0.5585922856944151	0.1108933131736573	0.8464161755953282
4.980932431413299	0.6893906318043278	0.2650714560842476	0.7701584957314713
5.14917900929388	0.8197283033631123	0.42254584072532486	0.6810954668582436
5.327222147575922	0.9492053238252239	0.5756530250190615	0.5811918179573354
5.51381595022333	1.0773821052836807	0.718349526615283	0.47271442343645
5.707904541911139	1.2037634240726034	0.837318263543557	0.3581649889289651
5.876645156604907	1.327852024622109	0.9174405777888344	0.24013122617910015
6.049623807609306	1.4493519519879554	0.971668450375209	0.12096489176643056
6.188558122220007	1.5685601327571972	0.9939413682262078	0.0022664408961807977
0.036839721060571824	1.6868797856490032	0.9976412877055303	-0.11566657715381196
0.16833211727267466	1.8073161217735658	0.9841290687342847	-0.2341323360109933
0.29982480543608686	1.9349083399770974	0.9536385276865198	-0.3558592194973456
0.4312163415841877	2.077034143647103	0.9067413133892901	-0.48422848433112387
0.5623740092492878	2.1419369401399124	0.8443545265305519	-0.5396916248153742
0.6931348164401979	2.244403679579156	0.76773307139773	-0.6225282682152353
0.8233212189795919	2.377126697622258	0.678437532316558	-0.7202824877086043
0.9527493693390722	2.5409568215614002	0.5782870811586626	-0.8239772187352304
1.081200753444909	2.6638920206119807	0.46933113164335144	-0.8867960195643408
1.2084001623756588	2.759391949061451	0.3538165370202153	-0.9259438735243419
1.334019399238981	2.824049528785429	0.23412259902816354	-0.9498231739752997
1.4577055552761191	2.8942460730194015	0.11265558500388848	-0.9676166529672371
1.5791704337568202	2.955117157617862	-0.0083311447737416	-0.9823088870782452
1.6983288074746437	3.0647147366256093	-0.12696110130481797	-0.9963143146349486
1.8154991451342024	3.172154952920762	-0.24197176404924156	-0.9979453927503363
1.931638610362354	3.2767653403549475	-0.3528713854221583	-0.9888648510357164
2.0485754832004854	3.396379920945718	-0.4597266959457534	-0.9657305814312556
2.1691938446765757	3.515521129152836	-0.5629842039825947	-0.9290460417850843
2.297242037266477	3.6590908941370004	-0.6638106634444424	-0.8672800119069064
2.3791571230571886	3.7986964930254588	-0.7216940517222294	-0.7902262428826162
2.478139119247073	3.935526314425515	-0.7864310248588282	-0.699796361480839
2.5912932365054555	4.07019146139614	-0.8511949240946485	-0.5979878920644195
2.718247309801276	4.203300831437195	-0.9105142239645885	-0.48666425563791593
2.856977180180655	4.335362498040984	-0.958169702707568	-0.3676602842856113
2.983798296936781	4.466737161301195	-0.9859740375552137	-0.24288091739201498
