6.056617988428905	1.6748101248737972	0.9730045325954846	-0.10375978920318385
6.182033735731386	2.0421725229674634	0.9935236356760814	-0.4538757587061636
0.02375932434100394	2.1668966604055973	0.9984787775580799	-0.5610211290332187
0.14864657312179347	2.252446855443133	0.98788955280166	-0.6288123689982237
0.2738451505017574	2.3266369855371365	0.961819323075249	-0.6851817352202079
0.3996134033480825	2.4025166409004455	0.920443922185772	-0.7379337294744435
0.525955829663711	2.488266927269304	0.8642083061085756	-0.7924844242914103
0.6525894767920394	2.587528833858714	0.7939977092204318	-0.8493489309466591
0.7790363289590179	2.7025413516329264	0.7111982067728542	-0.9046243332061504
0.9047242138818337	2.8351096540269656	0.6176490012506961	-0.9526267038111492
1.029036086140467	2.9425500849811126	0.515548610533595	-0.979860794490817
1.1513289418325445	3.0344275625732764	0.4071981164455229	-0.9924439296690797
1.2709596773660534	3.119219028845095	0.2951466219656649	-0.9979453927503362
1.3873504202887426	3.1935698831706882	0.18216431191680044	-0.9979453927503363
1.500150472499292	3.257853044116681	0.07043573980034913	-0.9912816452504611
1.6094641834913594	3.3131351618567706	-0.03858859063568042	-0.98421716716436
1.7039293010195127	3.3679951904635748	-0.1324860195522804	-0.9729255667547834
1.7978948178369145	3.425452044745875	-0.2251066213108343	-0.9583613550721215
1.89125885363694	3.5163795745158812	-0.3145504133859665	-0.9287241162230633
1.986674775131797	3.6555038649000213	-0.4031626779266805	-0.8690390244288089
2.088791359266695	3.785344701463946	-0.4942756954969063	-0.7982066200071634
2.1387960884083745	3.9041165794842456	-0.5370075879134237	-0.7216325987333094
2.213415751753225	4.009118347678578	-0.5983175254927904	-0.6457040688859352
2.2461956075008285	4.139626992878304	-0.6239282942554556	-0.54107718149011
2.263019186602067	4.330681951742595	-0.6370724885874801	-0.37193730329591745
2.3039048556021196	4.486825542932797	-0.6690162964714965	-0.22363602277722539
2.3660882845988764	4.630645218857855	-0.712608516370737	-0.08161287352506437
2.446528459716187	4.7714095591121355	-0.7675373068847328	0.05887210940485389
2.5431702208668163	4.89017001360268	-0.8253001693747046	0.17664525177202525
2.6542243343612157	5.015007119445207	-0.8820551657687801	0.2977551741649667
2.778208194137837	5.142694750433167	-0.9330001528545168	0.41680083912750293
2.8761263553791574	5.271910640967992	-0.9630236517206673	0.5303191352576866
2.97134010670748	5.402079081743432	-0.9843820107757557	0.6356898641141772
3.062006837367615	5.532903984135709	-0.9959682733516277	0.7307144568836336
3.1454038439959113	5.6641913612923664	-0.9979453927503363	0.8134875322292667
3.219901269581922	5.795833877398624	-0.9961314862205555	0.8824018944539446
3.3237463698185317	5.927720605150153	-0.9828611654557177	0.9361179481934205
3.426774524963343	6.059730658155299	-0.9580261316758196	0.9735991387096662
3.5608718390649696	6.191755788755712	-0.9120390738346432	0.9941461030926575
3.6943810545845817	0.040570636859398525	-0.8499743726087108	0.9974024108435189
3.8271816344928413	0.17263057200942786	-0.7732006497022181	0.9833079448462174
3.959225157207998	0.30494936975217857	-0.6833207829834425	0.9520248414296277
4.090303827484936	0.4377205793524028	-0.5822741817559818	0.9039211634085731
4.219789727302873	0.5709721918198845	-0.47257355389242844	0.8396671307444143
4.408679081010217	0.704423580065505	-0.2985012086243923	0.7604203866192156
4.5893582555460695	0.8375302160058806	-0.12252009395555538	0.6679261293140335
4.7725098185445525	0.9696465562914678	0.05996653450824456	0.5644379698696308
4.995484929553253	1.1000756519664472	0.2792493747075908	0.4526081221993634
5.226163996677268	1.228064424979366	0.49075392510726934	0.33537488802809934
5.469970601846706	1.3527607268563748	0.6859140373573112	0.21586367088418384
5.645767333990086	1.4731817221175019	0.803443466843202	0.09726148339799343
5.834576527036291	1.5883545234690233	0.8992001860481613	-0.017504228320455624
5.97514447472657	1.6978002596408694	0.9510513633803093	-0.12643968590667842
6.115716178343392	1.8022484268507524	0.9842939234236365	-0.22927742751124525
6.255615144734485	1.9041627277286055	0.9982347835638368	-0.3269124693032013
0.11229741142180202	2.0079164364565716	0.9928100084003838	-0.4225730167001292
0.25192906308165575	2.1196026903081715	0.9681597371076646	-0.5206057347926627
0.39025796916133326	2.142057088856139	0.9245003125702521	-0.5397942987444988
0.5258795635108526	2.1930424270824243	0.8642498834582768	-0.5823999292993195
0.6575374752541794	2.2611666981114023	0.7907924730901359	-0.6356251468195596
0.798471294071591	2.3401824111598954	0.6968207844776497	-0.6945985968440744
0.9335002748399519	2.426714807600168	0.5940638404904052	-0.7547564409719452
1.0638569693759006	2.520693501523622	0.4846975859026712	-0.811865815186736
1.1903905669380277	2.619697617604675	0.3707063967746407	-0.8651239050785042
1.3133009339670536	2.7227454733035095	0.2543077735460331	-0.9122010800836338
1.4323327493331834	2.8285148040532895	0.13789384695308	-0.9509550357006727
1.5469658700536983	2.9239333470203674	0.02383482514722798	-0.9751418081159491
1.6566158992179145	3.0193518899814573	-0.08568379999060345	-0.9905174159425458
1.7608583430124367	3.113174082281714	-0.18864683830823098	-0.9979453927503361
1.8597043086397453	3.202027906089524	-0.28432080583344355	-0.9979453927503364
1.9538250849199164	3.2792070096365324	-0.37314508156891474	-0.9885528311667533
2.0446783602992364	3.414087816083924	-0.4561655584905214	-0.9612419692984004
2.1329891372459246	3.537747634053472	-0.5320452170216884	-0.920710881051596
2.2213307080445897	3.7067013519020207	-0.6045014488421042	-0.8439327276085747
2.3127242197863196	3.8879030312214424	-0.6755094965228442	-0.7329043553155585
2.410373761147866	4.031116024481745	-0.7433960468790529	-0.6285173729388995
2.5159109803488717	4.1385165707721665	-0.8090072982300561	-0.542026100498189
2.6311928700142633	4.3421512275444485	-0.8707609633780135	-0.36145683637780307
2.7270311786697934	4.498604540117432	-0.9138082622854261	-0.21204914249022655
2.8312442759996492	4.633199630598922	-0.9516469045421752	-0.07906152297778256
2.9396272044097915	4.784000881091016	-0.9791199002686114	0.07139666357140144
3.0460766904194325	4.923273580493822	-0.9939325667140327	0.2088967369130143
3.149531107061541	5.057799201811687	-0.9979453927503363	0.3378866847406824
3.2490620494582134	5.190393305376684	-0.9924050426827333	0.4590613781113185
3.345576356584997	5.322214014062597	-0.9786083115963614	0.5715483063714091
3.444649800634806	5.453724809735926	-0.9534950917848084	0.6738958725525961
3.5477274709630833	5.585093212231243	-0.9169683428024433	0.764521823798559
3.657242058277818	5.716352723431429	-0.8681866466769044	0.8419238845726047
3.773050776715642	5.847471179864341	-0.8055547092415007	0.9047911340147448
3.894741389407764	5.9784117612616985	-0.7281502874428718	0.952080207015369
4.021506849560339	6.1091826695524	-0.6360249824539332	0.9830458423178123
4.152473629209508	6.239818689022448	-0.5300989982054097	0.9972233944103801
4.287158491111269	0.08721533003581734	-0.4117084446642995	0.9944159221270032
4.425615514180032	0.2178524955349998	-0.28227591594124446	0.974669305161657
4.568369492196279	0.34861812811030773	-0.143225626547262	0.9382738821535811
4.716249057254142	0.47947077994825577	0.003888377675168437	0.8858188381859762
4.87014197715037	0.610225928651102	0.15708098054548603	0.8182675152905603
5.030617325540863	0.7405903015914368	0.3123948251558155	0.736992149234694
5.197544877416913	0.8702002394781654	0.46539761386016965	0.6437577955334182
5.369909878432685	0.9986181576056654	0.610640336041724	0.5406925421867763
5.546101474746392	1.125265136078308	0.7392635851944587	0.4302904403209071
5.722526648144184	1.249441050017603	0.8452896689630713	0.3153273416981941
5.898082289973502	1.3704154249501221	0.926735430377328	0.1986634025532354
6.073293865561441	1.4876353844335788	0.9761900869182794	0.08288446429814605
6.216087867611259	1.601077420040102	0.9957039969065717	-0.03021187783825517
0.06920790222738434	1.7116317444650284	0.9955688717189313	-0.14008452314865807
0.20546135241121938	1.8214379302438028	0.9770363566353879	-0.24766118670508874
0.34119584881811477	1.9340109395559035	0.9406111013491754	-0.35503918730097056
0.4757064525361829	2.054436500875306	0.8874509999022112	-0.46491751002196696
0.6083397726398707	2.1893130200040836	0.819295774421656	-0.5794861586274576
0.7386057082125812	2.251804181882757	0.7382777378318867	-0.6283102507439093
0.86600889642899	2.3476321672104343	0.6468584292959701	-0.6997777122010415
0.9898730029290514	2.467804784789043	0.5478601624952592	-0.7802541844006525
1.1090855836646543	2.609707444573132	0.44462539462565637	-0.860224909754659
1.2486100248806955	2.6991508565547124	0.3161066983507839	-0.9033528637794748
1.3786624758197	2.8024344518393014	0.19062862976117284	-0.9420852408076315
1.5020806883122666	2.914927908732522	0.06851575931352845	-0.9728591020548947
1.619989601286329	3.0307414796487406	-0.04910139482454176	-0.9919728867150748
1.7326513027947352	3.146563339680568	-0.16082043516051878	-0.9979453927503363
1.840032414881605	3.261665426797799	-0.2654749112665474	-0.9907944625048
1.9421769753788047	3.3772364775504236	-0.3625011988327034	-0.9705830775420635
2.03953936915898	3.4948080521737057	-0.45146961887162756	-0.9368136519729204
2.1330227244600795	3.616460451094642	-0.5320739192113907	-0.8881851894707531
2.2240592242750323	3.742104545249784	-0.6066332275412266	-0.824051297998395
2.3145392808367347	3.8706698089879334	-0.6767713379168798	-0.7448849953947914
2.406658008920109	4.0009111012213046	-0.7408128335100634	-0.6521163573601092
2.5004419365186865	4.131892301252065	-0.7997614376313276	-0.5476869165315883
2.5971929976708092	4.263080169743474	-0.8540880574037125	-0.43371088447816497
2.6975482975717795	4.394247959471961	-0.9027518881979626	-0.31232638470229335
2.801140493946297	4.5253448063462285	-0.9415999937087838	-0.18566972009720667
2.879730833556525	4.656385431994162	-0.9639373178765412	-0.05590350732670922
2.958321173181641	4.7873980233047915	-0.982718326851234	0.07477579181061748
3.0527654514593627	4.918414614997032	-0.9947873206149581	0.20416284059194373
3.1545817997414285	5.049454638180651	-0.9979453927503363	0.33006093929691893
3.253812541170402	5.180522567751637	-0.9917979793868454	0.45031598335677514
3.3474242191692354	5.311609558252548	-0.9781399138364512	0.5628567833926585
3.463562226301366	5.442693903063403	-0.9485311479112534	0.6657355284196782
3.572743292168201	5.573739557221145	-0.907587160670704	0.7571671033943934
3.7215743196632753	5.704695067048529	-0.8363222312194197	0.8355685822797324
3.901308976187735	5.835497457103862	-0.7235844614856715	0.8995994889341955
4.05874811478538	5.966086476678277	-0.6069285325045666	0.948199068811659
4.1983535239993115	6.096431993385976	-0.490892011948486	0.9806101100767023
4.325085162959691	6.226578219149121	-0.3770515721216288	0.9963756556605828
4.440310372056422	0.07346731054259974	-0.2681980774972782	0.9952961574184145
4.626404983923574	0.20360938475134488	-0.08584802698378707	0.9773901337433446
4.7929396474933155	0.33389637644711384	0.08028803051249761	0.9429096495810048
4.95361884287978	0.46426521475899846	0.23846091596835428	0.8924117666586762
5.115107756427835	0.5944999897884663	0.39163211470037335	0.8268406874641607
5.280865285030649	0.7242784081493766	0.5376584552596961	0.7475587390616872
5.452309473940423	0.8532055285935548	0.672848848269116	0.6563299886790022
5.6298908368414	0.9807976980980008	0.7935410254112054	0.555298377326
5.813704299978045	1.10644320758028	0.8901502692349281	0.4469665187468344
5.946444579377835	1.2293934641988564	0.9420139850117579	0.3341284810167336
6.0810466106968155	1.3488335264727873	0.977671075929126	0.21968978561174363
6.215675833949546	1.4640537291992495	0.9956776159016226	0.10634107344646263
0.06703557910458639	1.5746847139662201	0.9957079576053005	-0.003850800646478879
0.2015305594347822	1.6809059843624674	0.9777872469458995	-0.10977338872849293
0.33548843604047035	1.7835250564257443	0.9424083221456391	-0.21100767803492212
0.4681007670843435	1.8839908121737594	0.8907487227783893	-0.30758754825427326
0.5984824056945356	1.9844188707367707	0.8246696287103499	-0.4011012634319064
0.7257614468721726	2.087330560249444	0.7465980497378515	-0.49302735943912124
0.8488925781766766	2.1943826998727216	0.6595205840375511	-0.5834470790114932
0.966374865982366	2.3077466114433838	0.5671194814917515	-0.6720178447775909
1.075862644513726	2.4293119083987547	0.47406065355136834	-0.756561961117612
1.233887533532353	2.560127783632619	0.32991382772081235	-0.8354357190019451
1.3741469579346515	2.643511879276402	0.19502791876988929	-0.8768019767397512
1.5037445950104165	2.735077061458372	0.06686067578822319	-0.916825548475289
1.626128134765746	2.8300231140802614	-0.05523257191726684	-0.9513373633931699
1.742758377000697	2.925952424353617	-0.1707911204691616	-0.9756536055342455
1.8542027114646367	3.0218817346231246	-0.27905021411581965	-0.9908407037029086
1.9607860109175868	3.116346903389629	-0.37950588027132615	-0.9979453927503363
2.063006128063569	3.2050876598932794	-0.47224074511081177	-0.9979453927503364
2.161766424671753	3.279218811719743	-0.5566370500628302	-0.988551322983608
2.2583262506987145	3.390374453127115	-0.6334059167403006	-0.9672528524580299
2.35438836769866	3.476615576711608	-0.7044746635462855	-0.9436360114844371
2.4516938173867286	3.58905950915691	-0.7706246455391884	-0.9014684167759105
2.5518977585036913	3.758488619643546	-0.8305166260120078	-0.8142585228568362
2.6546883275913187	3.8695785666735985	-0.8822826994318501	-0.7456436336360981
2.7603003471132714	4.0309270130071	-0.9262845318422268	-0.6286650468398433
2.8682710730670236	4.249359781836385	-0.9610324881623757	-0.44624838676237255
2.9774709188697726	4.4922964166193635	-0.9851654646292087	-0.21827214164958716
3.0866707646660165	4.760948266259127	-0.9979453927503361	0.04846628949099646
3.1949616963657688	4.909140995480292	-0.9979453927503363	0.19512792290374212
3.301912747534973	5.064688707057829	-0.9856512746712798	0.3443478391729233
3.407134725190814	5.232310318486429	-0.9630044446180289	0.4961995171745909
3.5129900562719447	5.315644641323078	-0.9299952193271548	0.5661639797124777
3.6179999872062636	5.424720407698241	-0.8874302295528508	0.6524392589646507
3.719032481338309	5.545109624458514	-0.837841490139049	0.7386210800678152
3.851607866421804	5.67054717726912	-0.7581369728834669	0.8169524766849452
4.022640900247171	5.79831143153283	-0.635138953237416	0.883476128590641
4.17707822004694	5.927111503860277	-0.5090729723341647	0.9359261468382416
4.322758315485792	6.056292128810944	-0.37917781342884	0.9729422843847086
4.465470030953717	6.185539724791776	-0.24409484245813648	0.9937481113035549
4.608630801843762	0.0315819156975178	-0.10350761909738196	0.9979779257091508
4.7549010846637065	0.16085963205572443	0.04245117419382388	0.98555652033972
4.906754350661688	0.29032054478471536	0.1928027100299414	0.9566313469486141
5.066809724108661	0.42002985554142824	0.34633698327387585	0.9115916232214347
5.23799120193087	0.5499046753009108	0.5012327345655706	0.8511523239634002
5.423582715281671	0.6797280267904665	0.651597627182945	0.7764177803574028
5.552520953159866	0.8092026783464544	0.7434220230569519	0.6888820183086272
5.698195262259669	0.937981595210032	0.832025140706137	0.5903909034091092
5.813523737700037	1.0656416366373085	0.8900719798606791	0.483116384953016
5.932805909298895	1.1917683638157461	0.9377192717227543	0.36941426358290197
6.0519850678866325	1.3160948363797926	0.972119516476494	0.2515857858386016
6.170349343452091	1.4387332386842209	0.9927755268704456	0.13152729737997418
0.005359166903114684	1.5605184816318305	0.9996568721885349	0.010298454948537043
0.12336631886997197	1.6833986185145369	0.9921013068322743	-0.11223238627945585
0.23942215039369233	1.8108880882974843	0.9705489037740598	-0.2375543199508158
0.3496800906249672	1.9485041970352688	0.9379394782492609	-0.3682829271998452
0.4483248775524399	2.021903938175181	0.8993232823916005	-0.4353546039216404
0.5911110148952429	2.1249379555906627	0.8286882251854628	-0.5251650232035455
0.7583463463424164	2.249371013862592	0.7254900607432649	-0.626409226407348
0.9637129933302501	2.3951423112600727	0.5693011801792457	-0.7328070510129348
1.1326182603117223	2.564575385664056	0.42377563093754067	-0.8380929862281137
1.2819619932922341	2.6663533576884992	0.28482836836520997	-0.8880030135563567
1.4224816098154163	2.79096472385823	0.14769274898254442	-0.9377839785660416
1.5595893424186391	2.893810444158606	0.011226480686113172	-0.967506229397709
1.7132800054189934	3.0020118232413635	-0.14171054181079615	-0.988301536260207
1.870577858312024	3.1102132023698017	-0.2947377882150648	-0.9979453927503362
1.9658055204467386	3.216670472049855	-0.38409263923277126	-0.9965443484497709
2.081556806811874	3.32217990083205	-0.4880933578962936	-0.9830613438548084
2.212705273689351	3.427883211184784	-0.5977624318540347	-0.9577451009612006
2.3595472536498603	3.5366771701161523	-0.7080611521874498	-0.9211123156908634
2.465122324002521	3.646756208070417	-0.7786508753166519	-0.8733287128824045
2.533626441763647	3.7540625947625896	-0.819595844521686	-0.8169039616767828
2.617573263411706	3.919101324198034	-0.8640821612343599	-0.7112151137927387
2.7132150794705394	4.070110341888408	-0.9086270874650743	-0.5980512704078348
2.81765648811331	4.2130384613908225	-0.9477936560353996	-0.47834289558432386
2.926321059351383	4.352321572859839	-0.9757470474431034	-0.35216331432242426
3.0330810543907374	4.49099485167828	-0.9922718599666664	-0.2195561427533542
3.1366698902437653	4.6315167902424035	-0.9979453927503363	-0.08074234662714365
3.2357977813949814	4.776417956667735	-0.9941000778024339	0.06385394900659873
3.331036088755609	4.921103125935711	-0.9819296154031864	0.20678214958892654
3.4282849940999283	5.077608908971082	-0.9576432566904042	0.3564647353613705
3.5289624577530665	5.168864379186203	-0.9240054096724146	0.4399869213352189
3.6359300937163352	5.282151608309149	-0.8786376383062786	0.5387127392826995
3.7489880836227405	5.404859866824757	-0.8199370012829016	0.6377470080912737
3.868011338849896	5.531732452532778	-0.7467331798755373	0.7299555570072029
3.991875528870099	5.6604786170719406	-0.6591758135061897	0.8114634880233034
4.119256717517653	5.7900264331657665	-0.5584847433377076	0.8798838647746878
4.249106886486234	5.919885503126014	-0.44647947906469343	0.9336507342650091
4.380804653221435	6.04981338417313	-0.325205222669943	0.9717046647486773
4.51412507768375	6.179712200918064	-0.19673804525860172	0.99337499631214
4.649141676623404	0.026398420902419614	-0.06313858181859248	0.9983098058795086
4.786103658921635	0.15630822413336765	0.07348829103386971	0.9864259652910488
4.925285858892237	0.28633081089643275	0.2108572195123497	0.957887683750547
5.066812765610343	0.4164702024380761	0.3463398356720335	0.9131350409113346
5.21046338181615	0.5466192001832783	0.47684330565152544	0.8529434376197345
5.355461156446036	0.6765764288880393	0.5987980122666999	0.7784593362597172
5.50037811250469	0.8060779899325029	0.7084086299199163	0.6911935719753353
5.643555011267142	0.9348081928023136	0.8022373942663573	0.5929918572384767
5.783352292466513	1.0624018874760055	0.8769900471691443	0.4859867768525433
5.919083497734678	1.1884525287085936	0.9333981888780992	0.372523938651537
6.036120550456384	1.3127029058922077	0.9690889543251108	0.2548904084516072
6.151628779036677	1.4352691617773687	0.9911542246522949	0.13497300537868376
6.266950159822872	1.5569640700330027	0.9989605230286664	0.013848606958935354
0.09872188666313753	1.6796554472112732	0.9936791994862634	-0.10853972682523225
0.2105828240399804	1.8067166476723018	0.9760580137298602	-0.2335580331072207
0.31375306961399707	1.9434103161629168	0.9492526234222918	-0.3636282087250419
0.5055802983725025	2.032973625905085	0.8744981023050559	-0.44546993274025387
0.6973651118704242	2.122548678591491	0.7649927520830545	-0.5231232497666256
0.8736683082359763	2.230883543216662	0.6411922190689873	-0.6119650403387715
1.0320986434572803	2.358027820134629	0.5128352091940656	-0.707004832839643
1.176723810145353	2.503596527459797	0.38352343124526495	-0.8016469393085939
1.3123791835563936	2.668142121011732	0.2552057982142164	-0.888880189870352
1.4423713855778133	2.7706424597794013	0.1279084424328063	-0.9301629271086626
1.5685073742686826	2.8847915581581334	0.0023191361591963396	-0.9652201145991628
1.6916508946875113	2.981307781411678	-0.12037330294079841	-0.9856557756457676
1.8123660604557856	3.0778240046597163	-0.23897023383336352	-0.9979453927503361
1.9313704679304906	3.1726472540399357	-0.35262636054569385	-0.9979453927503363
2.0498707372850604	3.2653112028730704	-0.4609102813628681	-0.9903285703457535
2.1698082807060204	3.353827694251683	-0.5635092746060685	-0.9765167555941429
2.2938083251817774	3.4671966089260153	-0.6611279180755817	-0.9471682182253277
2.422397515611371	3.6260158665971347	-0.7517550335314864	-0.8834993911651278
2.497077486019356	3.774357086881301	-0.7977505027183736	-0.8047739265491136
2.583759517269398	3.908618365907094	-0.8475005280924897	-0.7185029296490884
2.6789303893165113	4.0281534229677325	-0.8941705562944995	-0.6308320415236401
2.779847600869728	4.131497597053275	-0.9336149467089243	-0.5480242137762399
2.8568968718277987	4.21348220802708	-0.9581493460788333	-0.477963688780363
2.9339411966216162	4.38690631545215	-0.9776786062386708	-0.3193597619076665
3.0250600227484967	4.5837052495338915	-0.9912468557775914	-0.1280968160461131
3.1214008361036094	4.742703090326947	-0.9979453927503363	0.030310708371910584
3.214546016126461	4.886472432226333	-0.9968158317599122	0.17304284568663264
3.3019186776693616	5.024564601817338	-0.9856505168619528	0.30671842586208053
3.4080965930880596	5.1546125914958045	-0.9627606295355426	0.427359951189219
3.5348950140153037	5.285056914982596	-0.9217806419805409	0.5410939590421009
3.6547616982215687	5.415761627067041	-0.8694029691848979	0.6458118134488602
3.8347050746449	5.546440492447217	-0.7687038831513938	0.7394831955665735
3.9984501107109964	5.677085290345189	-0.6540391192957294	0.8205168024515157
4.148346864008146	5.807609276208487	-0.53362555438599	0.887507548937988
4.290813103077496	5.9379597987692625	-0.4083689103752733	0.939342192247287
4.430163486130076	6.068124335678319	-0.2779189078708722	0.9752025635553332
4.569057994964381	6.198141488703285	-0.14254641471058369	0.9945549560519504
4.709401089331073	0.04491565143020035	-0.0029513836786504606	0.9971242154882677
4.852803830007857	0.17493545480507885	0.13983477213319964	0.9828676484051448
5.00080748516359	0.3051095821377515	0.2844349283895659	0.9519743917701374
5.15495456566014	0.43543285072085636	0.4276629375694243	0.9049130917614494
5.316807664987656	0.5657727057758123	0.5671172060813339	0.8425016889516814
5.4878984354429	0.6958293746340359	0.6991765275628575	0.7659875786809963
5.669621462382913	0.8252602465377009	0.8164478128189309	0.6770030960886824
5.795280060579365	0.9536891726313627	0.8821617669328095	0.5775168085433806
5.9277664062069055	1.0806995456861925	0.9361323705972142	0.4697751977172883
6.062486368084087	1.2058683140089868	0.9741255556175293	0.3561909692488932
6.1974759356388835	1.3288845310414727	0.9945123431289848	0.23912529634828802
0.049231903747978784	1.4497703792074914	0.9968478616746426	0.12054868333457355
0.184177621030264	1.5691718229599216	0.9811021387209085	0.0016554837398235107
0.3189058407250215	1.6886643640195074	0.9476300550605951	-0.11742707371080885
0.45306267419041857	1.8110615816018394	0.8972690375172001	-0.2377205284797016
0.5863659066224954	1.9407388689176683	0.8312750742480199	-0.361187076873213
0.7186965691963948	2.083777056402701	0.7511745671631883	-0.48999068777451815
0.8500555889107474	2.1401948345527644	0.6586602225004586	-0.5382028962529757
0.9804656591832724	2.22948640557012	0.5555705198959625	-0.6108734623443254
1.1098928842941815	2.3380029215566283	0.44391013271119806	-0.6930834025211925
1.2382077687035447	2.460417784347803	0.32586220055349147	-0.7758389679805412
1.3651829535887343	2.5942856927577638	0.20376119074377652	-0.8526623690668809
1.4905178437903273	2.7378692043630637	0.08001728971496716	-0.9178726298767741
1.613897413124134	2.8569280817948326	-0.04301650750905051	-0.9581572572074908
1.7351008584158036	2.980692725966725	-0.16323693549938872	-0.9855771779745814
1.8541551947079482	3.105742230326199	-0.2790046925306727	-0.9979453927503361
1.971528210029666	3.2307917347318083	-0.38932195448272083	-0.9947397983557646
2.0883011185514975	3.3562494099560767	-0.49385675685131014	-0.9759028970633448
2.2062375320632257	3.4832429811735452	-0.5927092114714079	-0.94115066879637
2.32766920550923	3.6124329939376723	-0.6858993407730569	-0.8901601796652857
2.4554054956193725	3.7434834532096546	-0.7728431187624263	-0.8232271235429214
2.5919260330215708	3.8755952866263557	-0.851505235754277	-0.7414607736210186
2.6822328141428415	4.008027492885651	-0.8957900040989029	-0.6465563493251912
2.7809626295626857	4.1403304565952705	-0.9340330935754606	-0.5404760316311201
2.8571454311344255	4.272333254825169	-0.9582123511006471	-0.42525554224343304
2.933328232666652	4.404037877725036	-0.9775232316205256	-0.3029475333581185
3.005640208890368	4.535488431361875	-0.9887652061041489	-0.1756629772101076
3.1040845120390927	4.666766693345322	-0.9979453927503362	-0.045534686825323606
3.198625736659038	4.797946227303468	-0.9979453927503364	0.08526806200772707
3.3142344701624737	4.929078010172679	-0.9840766870280522	0.21455176128410938
3.4300801442125306	5.060190108551458	-0.9571882205320785	0.34012893830270696
3.5459047897141915	5.191290960219332	-0.9176518664263035	0.45985669313745814
3.660624922832645	5.322371767079018	-0.8665277527235191	0.5716776023948681
3.7721526565396446	5.453406582992022	-0.8060915164313525	0.6736604576570082
3.930565278258092	5.584351372794428	-0.7032453037585273	0.7640412717967848
4.0797956049373365	5.715145267697073	-0.5904842135464016	0.8412656265192664
4.22355731722652	5.845718593736285	-0.4693539334675141	0.9040312362509522
4.365147441609578	5.976029336970269	-0.34020500677189486	0.9513299997587065
4.507338165460615	6.106107972951312	-0.20343337217668717	0.9824584901221207
4.652696253609049	6.236022366487033	-0.0595882646195753	0.9969803297947895
4.809108724578122	0.08269218914690951	0.09637136807716444	0.994705522257437
4.974772990158433	0.21260479802141502	0.2590705580915525	0.9756717607066492
5.080868561689838	0.34264164162198624	0.35952172114756353	0.9401558322113494
5.207291989183416	0.4727444036197053	0.4740334770907365	0.8887353044575441
5.344694393259173	0.6027147843113864	0.589973460463042	0.8223622999776702
5.487841536203211	0.7322547522100732	0.6991344351591644	0.7423917879466787
5.63337143083975	0.8609991355099195	0.7957956998464873	0.650564504810605
5.779015607098776	0.9885126896220112	0.8751097187445032	0.5489750895201081
5.923334476192329	1.1142827473229655	0.9347367896043924	0.4400207491044783
6.066108366422936	1.2377569854521493	0.9748174576010818	0.32628495662938883
6.207948179295313	1.3584581035055816	0.9951828425017268	0.21031294401089093
0.06179033059498635	1.4761788909716298	0.9960437916396243	0.09428020758574929
0.19871852153979402	1.5912090901637352	0.9783244240551482	-0.02035537411724234
0.33477711916081715	1.70455002018093	0.9426323104112146	-0.13309836248134355
0.46872522985910875	1.8180855832757015	0.8904779641214997	-0.24444960075971683
0.5992042817048696	1.9346308148109639	0.824276089896633	-0.35560562080699615
0.7249010274473148	2.0580166544842395	0.7471554160040023	-0.4679769554279824
0.8443168685297221	2.1929177048154553	0.6629055610371726	-0.5823024842964039
0.9774107505066408	2.264732081928555	0.5580743550230576	-0.6384107667806214
1.097975182914622	2.361454611496212	0.4544691210148216	-0.7093871588709247
1.2059040695183239	2.47252378280521	0.35615743681668266	-0.7830747335116462
1.3803157263746026	2.5927344516767885	0.18901793367270858	-0.8519016692493842
1.5324187337666526	2.7192382640941712	0.038338586953234034	-0.91088584169521
1.6746491493263047	2.849597658782825	-0.10360098592404224	-0.9562991354254353
1.8141819574346254	2.98178134910823	-0.24070988347911249	-0.9857162926583449
1.9320475022764665	3.1144127216682715	-0.35324502524501866	-0.9979453927503361
2.05718802302148	3.2470439193663037	-0.467268842592909	-0.9926629386605289
2.190126020144289	3.379953101438195	-0.5801213523499418	-0.9698944654372432
2.257733008680935	3.51353421971214	-0.632942419150359	-0.9297911526167298
2.340973816561272	3.647807374910718	-0.6951487866543244	-0.8728132401854898
2.4331831211352704	3.7823870209267323	-0.7592532515703141	-0.7999744281692482
2.53236495420021	3.9166767551175408	-0.8188418523366091	-0.7129006888469585
2.636603616675165	4.050323423215749	-0.8734142930557452	-0.6135107099658679
2.745296674221626	4.18325018826472	-0.9206580050579383	-0.5037986735546809
2.857350941968667	4.31556671134298	-0.9582644441595234	-0.38574940265636004
2.9591603892548886	4.447462360614784	-0.9828255699128482	-0.26134639234832
3.0609698365246256	4.579138042652941	-0.9958357554592233	-0.132602391212719
3.1614709390551337	4.710776561130457	-0.9979453927503363	-0.0015775602375387304
3.25986926629192	4.842544941164631	-0.9910239930845175	0.12963028294444817
3.355332549591301	4.974618792472681	-0.9761353035986978	0.2589203294353122
3.486417651510953	5.107226449423591	-0.9399601357973029	0.38424082318334585
3.617424320071555	5.240673061199173	-0.8877125260248062	0.5036088404725823
3.748474988758934	5.375363198284196	-0.8202436785175616	0.6151099340719194
3.879702221240164	5.5118079847104	-0.7386056078969148	0.7168641171579864
4.011223979215968	5.650596799813412	-0.6440589474790968	0.8060763043717944
4.143163628803704	5.792307703629588	-0.5380549244261353	0.8808729929529342
4.275685682116778	5.9373361508938185	-0.4221921401653854	0.9391458102831494
4.40902941023519	6.059818386514555	-0.29816558930280024	0.9736158972556688
4.54351165219809	6.183413627019574	-0.1677480249212982	0.9936119850569338
4.679570751397518	0.02395118140711165	-0.032745973089903915	0.9984664936534361
4.817755136186625	0.14775005145599865	0.10497193048980034	0.9880608132664171
4.958665465886396	0.27217974993063426	0.243377639517973	0.9623437450256971
5.102845447854277	0.3978419546192152	0.3801322077318839	0.9212119985194769
5.250624778294435	0.5249776828640529	0.512425982391415	0.8647415538210189
5.401967091304064	0.6534122937580784	0.6356070168422373	0.7934647012398618
5.556542059502773	0.7827708100017483	0.7460268329477926	0.7084355462435572
5.7136822703963315	0.912704959805543	0.8404680571112757	0.61110789835716
5.87282937049884	1.0430451118804862	0.9157861042752687	0.5031367255380765
