0.4748050422773049	0.013417613816060707	0.8878418392618384	0.9991409193729139
0.636568443965569	0.15050146418606702	0.8039065972398605	0.9875352172425078
0.8095975418981385	0.2710198775859644	0.6885899097301624	0.9627089799894706
0.855628414540361	0.33794206881118677	0.654537608078956	0.941635691881417
0.8696824570091448	0.3449707138801024	0.6441408359541775	0.9394224251034653
0.8206905419551873	0.32192922159510373	0.6803836307161732	0.9466780154610367
0.7469400748052293	0.28999350386326367	0.7328788653119602	0.9567343296429145
0.6654650694834661	0.25744156234576865	0.7856571013545829	0.9669846879996228
0.584163101001703	0.2706673577556247	0.8324759584697499	0.9628199857980454
0.5104191342290665	0.29309523722881325	0.8724000481849762	0.9557576174395347
0.44994518358179175	0.3279960705890481	0.8986207394987558	0.9447676109387583
0.40218764026058773	0.3762296718497339	0.9193277676972875	0.9295792174141851
0.3720806710736699	0.4362428195245558	0.9308857061455581	0.9045619001864278
0.36321428420557517	0.5043144561470697	0.9336776638135311	0.8750469544618897
0.3736452581712201	0.5744674998105576	0.9303930295897971	0.8377616243409145
0.4007071270062045	0.7337027199301425	0.9199696983238407	0.7414538170707012
0.4450071179883123	0.8740602011623346	0.9007618182976096	0.6409023080727946
0.5021983786515815	0.9979747695110658	0.8759644571917652	0.541219869803453
0.5948961317921465	1.1237668293369458	0.8266247262021711	0.43161792813532884
0.7256364397109109	1.278690980058397	0.7466790274246652	0.2878960083333428
0.8500128038632592	1.4134246833065967	0.6586918736350038	0.1567016494643537
0.9682264652365674	1.577037822611897	0.5656018913623195	-0.006201089338956366
1.077526240301392	1.73263570681866	0.4725867209611415	-0.1608050496427756
1.2555683304165441	1.852940327697866	0.3095810212451585	-0.27784083632718265
1.4137641751700254	1.9861298723569027	0.15636395781928675	-0.4026647532447275
1.5641425263805835	2.1278383077096104	0.006678753236219276	-0.5276435394727914
1.7138957304294082	2.2763062344014493	-0.1423179579819257	-0.6474536053119897
1.8682952491826377	2.43018376251788	-0.2925510231014087	-0.7571680793618557
1.9649152626909703	2.587817646954331	-0.3832791339060952	-0.8494905595251057
2.076322219806041	2.747699683353013	-0.48362010481368234	-0.921559157418316
2.1942470669105694	2.9086910425024755	-0.583341109526544	-0.9712781759644312
2.3151170173424624	3.0705889541352174	-0.6771729838216313	-0.9970649783679248
2.437584919753474	3.2180508163019557	-0.7621917454743341	-0.9963679548505587
2.561377047256672	3.3655126779398095	-0.8361824049280991	-0.9735548361144204
2.686607625643439	3.5124970370005273	-0.8979353304127176	-0.9301801064648467
2.8133086791374438	3.657708215280412	-0.9461631843614068	-0.8679580519399888
2.941166677577454	3.7995063701870273	-0.9795101272201855	-0.7897421786172254
3.0563885697015776	3.9385977628288966	-0.9952503173392482	-0.6976610720181813
3.1716104618640597	4.075412733001272	-0.9979453927503363	-0.5939085336695651
3.286808036875909	4.210681857723117	-0.987581499159957	-0.48035674779641074
3.4023846234377535	4.345242190728921	-0.9642085044001021	-0.35863235661468296
3.5187445951643497	4.479916738801453	-0.9278372099221793	-0.23025473452117043
3.635811389200237	4.615631232561107	-0.8786958487964722	-0.09660165498895258
3.766228072678084	4.753532164489184	-0.8096326452232031	0.041089512971575266
3.8968157644758046	4.895185993005432	-0.7267081693791237	0.18153212048038347
4.027586934259676	5.010372399443171	-0.6312746368608618	0.29340861507059346
4.158494426634438	5.134439553321378	-0.5249538834884637	0.4094868003736043
4.289484357228022	5.26235938336955	-0.40958310010778815	0.522490824556995
4.420511975530887	5.392048462578832	-0.28716516313230767	0.6282695036053472
4.551544340806274	5.522660918173574	-0.15982373262241717	0.7240791587205377
4.682553950870212	5.64965743676982	-0.029766348667989412	0.8055642000595128
4.8135064490382895	5.77719280699563	0.10074577279045055	0.8743193771458518
4.944342575050219	5.904870236186914	0.22942341813457917	0.9289225411136212
5.074952663993842	6.032585402609809	0.3539736408060069	0.9684136431906575
5.205143162526693	6.160337965647086	0.47212963382329526	0.9921345350487535
5.334600099846912	0.0049190320373459825	0.581700071925388	0.9996850524105678
5.462866222450246	0.13270112860488734	0.6806584239751097	0.9909355742676379
5.589428203464802	0.2606982232369226	0.7673299634195868	0.9659591902988892
5.7137351363210245	0.389092280162856	0.8404968775638075	0.925005739635456
5.835374902906253	0.5178971082057477	0.899546351083099	0.8686016086110009
5.954315302673328	0.6469413009738252	0.9444924158071051	0.7976565093072397
6.0710909347081525	0.7759522050204024	0.9757692661214639	0.7134797520197524
6.186749949397996	0.9046432427254689	0.9938255975487158	0.6177153660579777
0.019094762919636497	1.0327793920458619	0.9987774323267953	0.5122320713778362
0.1430210979586197	1.1602473021155617	0.9889641743391897	0.3989755223724404
0.26457692824322776	1.2871577673333972	0.9647378156459145	0.27977801827816173
0.3797151379069861	1.4139914648549687	0.9284816707100115	0.15613787337991294
0.4827386185522007	1.541776704804893	0.8844019473366076	0.02901777172730648
0.6110388002189564	1.6722758977158632	0.8178243692267791	-0.10125975991899472
0.7332615591730087	1.782116697834464	0.7417395941195127	-0.20961832439714073
0.9129189446954384	1.9009626036788736	0.6109325141016219	-0.3238467146186895
1.0514536633904779	2.0260809406641793	0.49568681601133696	-0.43917149150540163
1.254520303718319	2.156451970434389	0.31056388751848574	-0.552095545876694
1.4186203361487146	2.2923912135433198	0.1515335475318615	-0.6600207344820093
1.5633106470800768	2.433831007162991	0.007509635616885731	-0.7597036658460259
1.6979187289187256	2.580356561088173	-0.12655655651276831	-0.845831781578647
1.8267305646584473	2.7311240056607775	-0.2527315897575778	-0.9153431131752408
1.9516656095212868	2.885026145606463	-0.37117178256845285	-0.9652795780226002
2.073659801770304	3.0410591240603053	-0.4813449167859948	-0.993291374063703
2.1933757852331026	3.159775909838165	-0.582660380674637	-0.9979453927503363
2.311550094994979	3.278305672262	-0.6746932378834236	-0.9886680126827819
2.4290640381507944	3.3960014872713713	-0.7563896402256207	-0.965826507116883
2.5469357336532616	3.55630006128395	-0.8275508195563447	-0.9137535360414969
2.6660141256019663	3.7113499817871953	-0.8878366604411128	-0.8416531258441355
2.786682427160677	3.858502544569015	-0.9361780746489767	-0.7533437510341444
2.9087251159589065	3.9997231051785476	-0.9712868129327863	-0.653044533865103
3.0216913208877396	4.13649573275524	-0.9908163708134333	-0.543753021815688
3.134657525827176	4.270715152303705	-0.9979453927503363	-0.4267341421340713
3.247272688188653	4.403495272532812	-0.9926337043909617	-0.30346735521003776
3.359621689901173	4.535453538490664	-0.9750480887104152	-0.17569739922297414
3.4718092350243324	4.666956789998697	-0.9454384374926018	-0.04534481798279231
3.599538318590676	4.79821051780198	-0.8964834889841513	0.08553095105701587
3.727952473935925	4.92931936546924	-0.8325100030087124	0.21478690412494986
3.8571078679140647	5.060325348085319	-0.7543133386599209	0.3402557694005005
3.986928260743974	5.191229549060113	-0.6630410940907252	0.4598022833405304
4.117284654109989	5.322003478103218	-0.5601699839703707	0.5713757488954221
4.248061269078452	5.4525960482287115	-0.447434949910507	0.6730608475980471
4.379190112760863	5.582941657081939	-0.3267519705157789	0.7631280799739318
4.510661291028605	5.712973655597201	-0.20015509019276875	0.8400817477957703
4.642519836830182	5.842644358433832	-0.06975248603334198	0.9026982891881463
4.774854956166646	5.971949880372067	0.06229923660459169	0.9500454099590555
4.907780789225619	6.100976341261729	0.19380272819117467	0.9814782063636223
5.041407764095677	6.229829324606428	0.32251437473207867	0.9965838120252892
5.175814507240968	0.07543373190242648	0.4461446793207331	0.9951702546671448
5.310976855527686	0.2043054740344234	0.5623382136168626	0.9772571614140849
5.446703376250795	0.3334188448000481	0.6687016201446975	0.9430600206581481
5.582588189168339	0.4628093158070831	0.7628991089796522	0.8930430248548686
5.718049155904749	0.5923254501713742	0.8428487137864086	0.8280261621565455
5.852501443787839	0.7216750749574934	0.9069721887689511	0.7492451376468261
5.985704920287384	0.8505042596609402	0.9543767672228627	0.6583283089204927
6.117801626700256	0.9784477702894576	0.9846923018102949	0.5572244027545753
6.249297399753381	1.1051673171079694	0.9978302815119413	0.4480969475220458
0.09756334326440581	1.230418116836844	0.993753376773159	0.3331675355356124
0.22885369598283262	1.3541612053199326	0.9725677712294987	0.21449924056444708
0.3590604109575994	1.4767253337072233	0.9349856868491837	0.09373666246377273
0.4865995445672228	1.5989972752173496	0.8827279017658839	-0.028134225850272324
0.6350718478863331	1.7225981527254688	0.8047224833992623	-0.15090294631472684
0.7819208095477292	1.850012398942464	0.7090643518733981	-0.27503584778352214
0.922031626521171	1.9846548557758328	0.6034636646948148	-0.4013169033238916
1.0573664042888224	2.1309216049332487	0.490448174766721	-0.5302783927658741
1.189723415973821	2.29413925837478	0.3713320680319159	-0.6613864748412717
1.3200647351598955	2.4801898079446416	0.24771807176601382	-0.7876567232301852
1.4487782841254098	2.5907908849754953	0.12153551764909098	-0.8509485802336931
1.575924227504529	2.7298340623292456	-0.005088828758190771	-0.914859371576934
1.7013998943614594	2.8281653775242215	-0.1299907457182208	-0.9508664627705941
1.8250915317211152	2.9324567793377194	-0.25116137784466275	-0.9773023348987563
1.947033255416057	3.033982662637768	-0.3669388009232641	-0.9923870760973753
2.067564549905464	3.1328516276891825	-0.4761361765046113	-0.9979453927503363
2.187455387196658	3.2276335477233977	-0.5780347976256511	-0.9951433817173432
2.3079578903124687	3.3438129868814346	-0.6721829161037808	-0.9790552920299107
2.430704894957239	3.477404473022666	-0.7575303737781276	-0.9433401675096817
2.5572980057058223	3.628062317335441	-0.8337443583384331	-0.8824958497283791
2.6563938104581015	3.7686462041019086	-0.8831190365566313	-0.8081873260231591
2.7606107008415495	3.896100525426117	-0.92640091758173	-0.7272054078821042
2.8679460591468255	4.008462878439526	-0.9609501033608981	-0.646216184352265
2.9767068131777488	4.102422670652515	-0.9850678198909563	-0.5728057785871074
3.085467567187768	4.1705058689518415	-0.9979453927503361	-0.5146894211129107
3.193276416206128	4.329138756443107	-0.9979453927503364	-0.37334745399452257
3.2997402022314595	4.570930485137068	-0.9859289033026555	-0.1406991926683852
3.404614375087666	4.7503947985018895	-0.9636433050790685	0.03796878344737906
3.5104818310721124	4.9105268668717015	-0.9309358287612449	0.1964781221355757
3.616221170747344	5.068380565117962	-0.8883025281093131	0.34781015819529293
3.7191377658793665	5.174234979183342	-0.8377785614796888	0.4447452300683522
3.876957319775222	5.293756867315987	-0.7405138799576374	0.5482245310369451
4.0254935626567585	5.419158261347859	-0.6329101796304658	0.6483245447635207
4.166925862535506	5.547118002208303	-0.5177487407344579	0.739922075809055
4.304401668130459	5.676154721577638	-0.39595186600711785	0.8200094924375778
4.4400786541665616	5.805576379153847	-0.2684200658312571	0.8866261121280579
4.575428932740784	5.935054587672762	-0.13626144891385616	0.9384273634090436
4.711563807631264	6.064452805440772	-0.000791257168856016	0.9745011996074862
4.849468345803735	6.193751384387784	0.13651697495064327	0.9942738737656336
4.990156226810437	0.03981882276554953	0.274057832119572	0.9974505467439889
5.134752393959594	0.1691297702911136	0.4097639746821909	0.9839766949190557
5.284549333129365	0.2986181878323279	0.5406779396423336	0.9540184823762085
5.440939296177699	0.4283114008766084	0.6644375212448919	0.9080008565936448
5.605314427330952	0.558087496449157	0.7776208111430374	0.8466913671211749
5.778910579154117	0.6877017179564354	0.8750641800408673	0.7712525477461682
5.898381045993797	0.8167990185612722	0.9268649669679169	0.6832624666122968
6.022645252838347	0.944962829089934	0.9660089964789838	0.5846690110485696
6.1483433890086365	1.0717718760323323	0.9905266241775066	0.4776850417762615
6.274207932924127	1.1968413149821864	0.9994252116351914	0.3646567200812199
0.11686554201643344	1.3199210100331193	0.9925175277440134	0.24785809742566103
0.2426791959386982	1.4410544750074934	0.9699267178804502	0.12921836984139262
0.3683063568782529	1.5607753548257215	0.9320742089275823	0.010041889590149632
0.49323500499108447	1.6803157133367386	0.8798508554073008	-0.10919108305581066
0.6165596831125405	1.8017898355382471	0.8148145979177072	-0.22883809189714394
0.7369404156132183	1.9283454978152925	0.739356488370682	-0.3498621843441332
0.8544728180901046	2.064165504486044	0.6553924847443856	-0.4732314983736696
1.0052770821559733	2.141603323764982	0.5352348179263835	-0.5394065305995546
1.1447615791691128	2.242293817506236	0.413016747349278	-0.6208798415080914
1.2771341333391526	2.3549933085029755	0.289356059051208	-0.7048952220435614
1.4043229418968786	2.474799309909449	0.16562866093242296	-0.7844348179890961
1.5656020844324339	2.5989844856920703	0.005220944311170022	-0.8549665698590195
1.7218678575405086	2.725605059212838	-0.15018250602476046	-0.9132734532836501
1.8821870764180695	2.853071121365242	-0.3058595491965208	-0.9571795916382584
1.9681200842420126	2.980438155629826	-0.3862076558829345	-0.9855446465405497
2.074448313170346	3.107545597705996	-0.4820187447397532	-0.9979453927503362
2.1926323995001473	3.234652932955348	-0.5820795764070777	-0.9942463774929002
2.3202042465324295	3.361334685359327	-0.6807096562500209	-0.9746138771829024
2.457637561346096	3.4853688520714554	-0.7741772263377256	-0.9403534460340894
2.560224831214234	3.602472149429153	-0.8354937244236706	-0.8950447928261097
2.6555502888678992	3.7065380447812855	-0.8827053892341159	-0.8440128103877524
2.7504436596867015	3.7895354609608836	-0.9225881758758929	-0.7957017995065017
2.851100879467679	3.9412167515437657	-0.9566801730672179	-0.6958403352610466
2.954304798010635	4.137134293407324	-0.9822050759928906	-0.5432073353265368
3.0575087180836666	4.277126811799582	-0.9953934606199679	-0.420875255627401
3.1590213346239535	4.472081177929051	-0.9979453927503363	-0.23776128960373216
3.2581876052895806	4.631441782457496	-0.9912388918218475	-0.0808172645231108
3.3548381784736945	4.776218979651854	-0.9762606172048213	0.0636560271031261
3.4526916110381647	4.908294655784853	-0.9514566469292843	0.19430336788822247
3.550916672064367	5.039767176432707	-0.9157723606221835	0.3209757896129202
3.6851167019142066	5.1709625015126575	-0.8545174391068903	0.4418458409707289
3.8175416002531604	5.302003331185246	-0.7789625063318527	0.5549834191399237
3.94802530584204	5.432919030347722	-0.6911069872311624	0.6585043617002535
4.07632430931229	5.563692087377709	-0.5931963227833805	0.7506585093423435
4.201943333271937	5.694281089907014	-0.48782431522726133	0.8298912856918468
4.3239453271994845	5.8246388550072465	-0.37809313840561287	0.8948913451693672
4.484086559738233	5.954733501139361	-0.22625999935720723	0.9446241033176259
4.636343030134316	6.084571788603415	-0.07592189047609262	0.9783444825289551
4.787929627353683	6.214216255407293	0.0753045769307712	0.9955841644380057
4.944173162760474	0.06060006093460304	0.22925836649638615	0.9961200002427533
5.057538558983889	0.19025245274300576	0.33764224722276315	0.9799416776387734
5.184786563865734	0.3201084449488921	0.45409384988166357	0.9472513641536535
5.3194702214899285	0.4501370866575901	0.5692994652595742	0.8985375329071768
5.458165901872547	0.580141692368019	0.6771812634308542	0.8346682745469087
5.598598626764118	0.7098169329489491	0.773270420417296	0.7569266568499518
5.738965961506767	0.8388033595768744	0.8542517452565291	0.6669842947052974
5.878097529602523	0.9667009934195424	0.9180703071786849	0.5668521840306661
6.015486152794021	1.0930736645011256	0.9637546504232675	0.45881182720872504
6.151504789869516	1.2174934057667128	0.9911305392878436	0.3452886605268409
0.0038209103789012184	1.3396531588427534	0.9997553611149236	0.22863385170536107
0.13940609609900081	1.4595466948051579	0.9896547398014616	0.11082420845754207
0.2746238384998517	1.5776785623510419	0.9615741201578056	-0.0068410612189201865
0.4242505715301189	1.6952819863389648	0.909761577559161	-0.12395539519081153
0.5699733034226132	1.8144878644786457	0.8402116859717252	-0.24100294585377546
0.7107857936295713	1.9384557767786488	0.7562990440318569	-0.35910081859087795
0.8474967665882244	2.0714346425876995	0.6605531648801446	-0.47944339138164194
0.9811689240064244	2.2186083419039084	0.5549941166858345	-0.6023744751832468
1.1126012207044225	2.3359382560620743	0.4415105682677509	-0.6916480346115184
1.2422535155578727	2.479206443193209	0.3220679955582628	-0.7870689652853982
1.3702777413284606	2.5670368909810817	0.1987975422153684	-0.8393000627221497
1.496593255016239	2.674385424735166	0.07397409448013692	-0.8919417900698556
1.6209850533326273	2.7936651106005703	-0.050095653926269426	-0.938796650492672
1.7432323243966499	2.9185568366778147	-0.17125867222960187	-0.9737789657584781
1.8632603009903752	3.0342772692283146	-0.2877274863363274	-0.9924247237470677
1.981321122020904	3.1499977017585	-0.39827058314326713	-0.9979453927503363
2.0981648224868605	3.2654170244427574	-0.502285854311274	-0.9903150474528064
2.215113231521477	3.3802770100229678	-0.599643759572609	-0.9698123608171176
2.3339852071121525	3.492617596734518	-0.6902902631971488	-0.9376350945814995
2.4568767690273523	3.6382529975012927	-0.7737225001244633	-0.8774985294295536
2.585829733699348	3.77536221458688	-0.8485157237830596	-0.8041731608682012
2.7220246490639317	3.901163635000251	-0.9119307638137419	-0.7236855035561757
2.822223547553878	4.013803812401064	-0.9493603227190472	-0.6420433342421601
2.9258616719145065	4.109363388114946	-0.975630601529755	-0.5669391574488182
3.026851292310659	4.180427204867882	-0.9914757613457119	-0.5062110738391729
3.1252290063773023	4.342410568050485	-0.9979453927503361	-0.3612198545804342
3.219678017989035	4.590206973157296	-0.9961600154457392	-0.12168282927885454
3.309785608704483	4.7796804882131125	-0.9846452051232859	0.0670991803753694
3.400377512669233	4.956173346168998	-0.9647172685235199	0.24094966665633155
3.490747116276107	5.139908126910838	-0.938336543385052	0.4143319129275787
3.5823882696049507	5.281730999910578	-0.9039701980593724	0.538368004236723
3.6714367830326244	5.350982915744118	-0.8612258172720981	0.5951275993136647
3.7972535313575824	5.451950036910254	-0.7910887022936148	0.672582947201563
3.9112039766587854	5.568088420796204	-0.7167053974533522	0.7535063854727841
4.085414721421613	5.691281732507579	-0.5860940205560065	0.8282561523226961
4.238325754643479	5.81767223892546	-0.4563311294713883	0.891870714173261
4.3766685256307545	5.945460455534	-0.3291676792309405	0.941704091911794
4.5303644831238215	6.07374880395763	-0.18071778084351445	0.9762769927501626
4.67507488168557	6.2021164550634955	-0.0372364549749016	0.9948094585767799
4.8164772125827	0.04726710413674573	0.10370078331201292	0.9969736605912947
4.957680159481902	0.1756786482800431	0.2424176947794392	0.9827256778708198
5.100439726573305	0.30437234219843623	0.37787606071378144	0.9522065430096815
5.245715458943724	0.433470615493898	0.5080763646294004	0.9057638905536631
5.393885282002695	0.5628972641079729	0.6296283292262805	0.8440692682681763
5.544935973350554	0.6923751838123083	0.7385085915920082	0.7682251495508039
5.6984717924050825	0.8214827860970987	0.8321758942203487	0.6797975515272894
5.853979972626024	0.9497760684809423	0.9076132589793413	0.5807240296635245
5.977552415760882	1.0768126184444768	0.9518096056648824	0.4732189842307434
6.101165943169629	1.2021981183738348	0.9815144255785109	0.35963297269442834
6.22430695018626	1.325705351784484	0.9962302346347847	0.24222264392126974
0.0641772423572805	1.4474785178435696	0.9958909664292956	0.12282839167995636
0.19458632888424765	1.568301379282984	0.9791137872815546	0.002524884281572125
0.32364353965865666	1.6898945174032662	0.9461381897649457	-0.11864062691333574
0.44917994827329244	1.815231029930834	0.898952535232155	-0.24171490668123294
0.5683286196557683	1.9488428267916391	0.841108303797055	-0.36859236242665827
0.7250743238939125	2.0969576284981586	0.7470431572722874	-0.5012542382114263
0.8669796217681865	2.1540278134067052	0.6461403149050544	-0.5500239654664847
0.9956873095251085	2.2447402413800988	0.5430946959507862	-0.6227912225895516
1.1122303878349045	2.3549263475232665	0.4418391232304181	-0.7048486703664357
1.2706365894351976	2.4788272659780675	0.29544962210019865	-0.786842330742766
1.4114018623005493	2.6134248494892476	0.15871374408809252	-0.8620478560883601
1.5414441387088105	2.7566414503301204	0.029349939277903837	-0.9249124091026801
1.6715310615463594	2.906150018677272	-0.10052497486633964	-0.9706340751109609
1.7921982541701795	3.0167004268908983	-0.2195638361838734	-0.9901785866128261
1.9088933876475012	3.127244565679986	-0.3314444944940377	-0.9979453927503363
2.022407557296502	3.237170032304475	-0.435814804167194	-0.9939247184479981
2.1337910960591544	3.3464341753324747	-0.5327305365568131	-0.9783908709797513
2.24453234403247	3.453657062640444	-0.6226287932324035	-0.9512119234462361
2.330967167148897	3.5860684476332225	-0.6881921036043248	-0.9025900946409253
2.420900670635659	3.7125305674259423	-0.7507144178726491	-0.8410741885719424
2.5129651934122763	3.8816205643743076	-0.807246598883134	-0.7372719641750833
2.6059603351244562	4.033587566991769	-0.8583873968698434	-0.6265863667685647
2.6999234193066344	4.175144998007197	-0.9036425825068573	-0.5107250208031294
2.794937151916939	4.311517868993	-0.9392736786569728	-0.3894491792628978
2.8907032096102925	4.445278075355694	-0.9667186049745728	-0.26343896209289785
2.9864695543749975	4.577794090971337	-0.9863153963961202	-0.13392820707339523
3.0807072714350086	4.709814216126353	-0.9979453927503361	-0.0025387519723797
3.1706733915286223	4.84176873849919	-0.9979453927503363	0.12885819623712386
3.2707522694570472	4.973951487559012	-0.9896332587835547	0.2582702008682468
3.3919139326166943	5.106646635598842	-0.966862623903971	0.3836970589318055
3.52356875525568	5.240189767539774	-0.926028101835007	0.503180646147663
3.644864551945345	5.375007195194718	-0.8742563459155653	0.6148181502134991
3.8121630207946127	5.511630265222201	-0.7821772878295867	0.7167326454461969
3.959047169759734	5.6506693360215	-0.6834445209314235	0.8061158483002169
4.08342753944835	5.792722834837554	-0.5876465977972987	0.8810529882590503
4.274269749323323	5.938201126579329	-0.4234860001314773	0.9394181845358973
4.4388060202728985	6.087080729697731	-0.26963926335626953	0.978823759755881
4.590694254414166	6.196824196905324	-0.1212021235899437	0.9944706146869833
4.738628509895853	0.025064926148458205	0.026241010896876957	0.9983951846603524
4.887713775550842	0.14800875368103159	0.17425223698627443	0.9880113939774214
5.041652032537775	0.2716359554006743	0.32274345593180676	0.9625149817797786
5.20370652713344	0.39658605512091183	0.4708567863310813	0.9217565396436086
5.377158667746477	0.523087519262701	0.616581519636383	0.8657719977348741
5.565484112166316	0.650896514345986	0.7518193550141394	0.7950943838537898
5.701287405331299	0.7795256306821642	0.8337108572264698	0.7108362355800737
5.851966329219535	0.9084749063309573	0.9067401702921887	0.6145748944608982
5.975547035522424	1.0373665546488964	0.9511781267076407	0.5081678819230362
6.1033050967226705	1.166050806043087	0.9819230631448502	0.3935328477849066
6.231980825956007	1.2947778796649259	0.9967215647698466	0.2723540467031008
0.0774877210748087	1.4245041828662848	0.9950387452698386	0.14568090099915623
0.20624512358759114	1.5573514741087406	0.9768866346364113	0.013461667146233028
0.33522904560953604	1.697198265286721	0.9424900022159338	-0.125845815104854
0.46454967406002223	1.8172600513240325	0.8922884289331986	-0.24365873190316253
0.5941939886228894	1.9602731661419937	0.8270075074359746	-0.3790372497494354
0.7240280451819373	2.0112527968852434	0.7477209202820463	-0.42562173709919315
0.8538452429624342	2.100875402860558	0.6558567465827897	-0.5046021998030571
0.9834063440638644	2.2129748832514964	0.553160303787682	-0.5979730767148747
1.112450284255557	2.342410624694024	0.44164429675677774	-0.6961476643376836
1.2406864984931316	2.4883951574746335	0.32353758428655627	-0.7925610675937398
1.3677842432121905	2.576457341577934	0.20122685799606416	-0.8439196767445272
1.4933813770849922	2.6804959830310566	0.07716894083492903	-0.8949382943769514
1.6171226697187946	2.7937137219223787	-0.04623789897293197	-0.9388148802225621
1.73874325210228	2.910897820219914	-0.16683017727024882	-0.9718375518337652
1.8582045200080002	3.0292167419110627	-0.2828839915249684	-0.991778041134348
1.9758656988942376	3.1475356636570653	-0.3932854923152914	-0.9979453927503363
2.092641608691045	3.265505539371047	-0.49756595317857316	-0.9903037361681313
2.210090832105968	3.3821207734162955	-0.5957197792154423	-0.9693450021235626
2.3303160463834574	3.4945734145270237	-0.6877394405194329	-0.9369016434276257
2.455803093071117	3.643305608714711	-0.7730807630960772	-0.8750208227242154
2.5888290041727147	3.7807793476689526	-0.84998651032275	-0.8009353358370337
2.730813401719294	3.9030956999458923	-0.915226633603293	-0.722342320348196
2.8341851474725375	4.007970692262104	-0.9523923591132208	-0.6466007274227166
2.9416186067826247	4.204460999306582	-0.9796246826146967	-0.48567282603854234
3.0455827390128065	4.3648085920436355	-0.9938694448758986	-0.340529628451551
3.146666852246858	4.508773356176773	-0.9979453927503363	-0.20201754849744089
3.2438534056411314	4.6453473641072645	-0.9930706530393603	-0.06692834725028696
3.3378470607347155	4.778751079981772	-0.9805675400004842	0.06617470050297924
3.434219953728514	4.910805436162645	-0.9561388581388566	0.19674952108714966
3.5344058376146976	5.042283567544997	-0.9219640880034	0.3233357256326408
3.641054673270253	5.173506133634097	-0.8761246396633074	0.44409947872885147
3.753958127691759	5.3045955506004585	-0.8169664017334961	0.557108029305391
3.8728420730117805	5.43558312016752	-0.7433748243383205	0.6604751779147273
3.996567448555004	5.566453425283646	-0.6555100356263746	0.7524472609136679
4.123784314076394	5.697164998034287	-0.5546156539060796	0.8314634805937804
4.253410870478012	5.827666235098304	-0.4425465575253374	0.8962039764429564
4.384786343546258	5.95791572259761	-0.3213907187395014	0.9456261606081234
4.517644176809432	6.087908301822301	-0.19326643426247428	0.9789818489489048
4.652023382905709	6.21769900045666	-0.06026032895815377	0.9958071518366598
4.788166343702846	0.06422423690108131	0.07554003804773532	0.9958879575409261
4.926404723940818	0.1940138250407895	0.21194728511185895	0.9792231513695033
5.067040997061701	0.3239786844711415	0.34655387697120327	0.9460326552171058
5.210185302115532	0.4540636988775529	0.4765969292562131	0.8968350066818094
5.3555810891012765	0.5840504094969373	0.5988963103262703	0.8325373935091009
5.502489796999383	0.7136107017886372	0.7099707927310439	0.7544691126433396
5.649877712855867	0.8423493606204159	0.8056842860415266	0.6643610662010564
5.796651572969898	0.9697996885549697	0.8827564362514216	0.5643124610636292
5.942130918611097	1.0954052720312415	0.9406556461039366	0.4567460415462852
6.0863588531040005	1.2185367265301092	0.9786858613361813	0.344310207599696
6.2171952898626355	1.3385747815452387	0.9957749010937992	0.22968447170354866
0.06473761158561159	1.4550556153037686	0.9958550880417765	0.11529147317968706
0.1953592139826253	1.5678388562621262	0.9789661448249335	0.0029868530172401583
0.3249693629579849	1.6772461421907234	0.9457206981100015	-0.10616293392919654
0.4518480166288424	1.7841300794702857	0.8977956966924838	-0.2116045366567813
0.5736974762019057	1.889863422340495	0.8381814113585528	-0.31321357457362475
0.687717146928213	1.9962689180918982	0.7712425530992069	-0.41192967417283866
0.8424281893771292	2.1053540218347973	0.6643027509780699	-0.5084294350959336
0.9796017107387468	2.218276807252762	0.5562786210840437	-0.602115448500741
1.1019950450841005	2.336404793045345	0.45090755521636133	-0.6919723739372974
1.2102089714236026	2.460579608360389	0.352120189578758	-0.7759356903299199
1.3939382049683058	2.5910180009493597	0.1757460960066043	-0.8510599536894301
1.5537455736872214	2.7270571114590734	0.017063246275384664	-0.9138179873397196
1.7049785764318326	2.8672593082941713	-0.1335211356229794	-0.9607760251779512
1.856861401089473	2.9721865976980606	-0.28159726855662726	-0.9844901834959316
1.9330283246048747	3.0771138871214685	-0.35414128723601285	-0.9978987967522236
2.0250610849275414	3.1809785689365793	-0.43823956132133934	-0.9979453927503363
2.1231963308741566	3.28212850595723	-0.5236767055725307	-0.9881794944065152
2.2240228867170995	3.4212377662559756	-0.6066048371541308	-0.9594295939233999
2.3270851438066185	3.5559766825347037	-0.6854932975532668	-0.9138748062936042
2.4318577869306264	3.681925232465778	-0.7583318712343916	-0.8560824764545599
2.5393384582958074	3.8651885753248063	-0.8230099216407212	-0.7486955821102815
2.650375390993025	4.0255174889986645	-0.8801677154210259	-0.6328914860762719
2.7651881704542998	4.171366117859149	-0.9281175142821786	-0.5139542893685843
2.8830682018217697	4.309701689317263	-0.9647832767875393	-0.39110877934033517
2.9942778952418703	4.4443486114701525	-0.9873132209223472	-0.26432939890625284
3.10548758865208	4.577261340541396	-0.9979453927503361	-0.1344537683561899
3.2157944574952264	4.709469404150978	-0.9966562939735183	-0.002883150726871418
3.325366824731338	4.841535972397471	-0.9826540882182851	0.12862666442068715
3.435032286558963	4.973819394411754	-0.9559329473306994	0.25814150778239153
3.547796534368514	5.106641033079567	-0.9169424433374739	0.3836918047457722
3.6644187934457033	5.24036601255944	-0.8646673090321073	0.5033367978284236
3.784732216023981	5.375451823841528	-0.7985727030733718	0.6151825725063524
3.9087188812812155	5.512466176532923	-0.7184330507545056	0.7173510283373408
4.0356236825741885	5.652060002040647	-0.6249955578962827	0.8068739854977646
4.164582593734343	5.794870608945976	-0.5197511975427046	0.8819842342138107
4.294910092565969	5.941333800820884	-0.40462513757395435	0.9404046397853794
4.426171853153631	6.0914221743722035	-0.2817429369729353	0.9796530959125354
4.558141436100433	6.2005970537143735	-0.15331566116783213	0.9947121768781342
4.690705792006581	0.026070696021418798	-0.021624276655769326	0.998330788902283
4.823739810253839	0.13387334854435354	0.11092486971649002	0.9907116477979383
4.956943967009272	0.24042282132390172	0.24170045181072738	0.9703577479156851
5.089634900959103	0.37243642625966605	0.3677430185848295	0.9307736815481387
