1.1114156010080405	6.074841719732132	0.4425610178559672	0.976485769928253
1.3481756138008871	6.1879367963772	0.2203307636921914	0.9939015870101153
1.422427384800294	0.01418070406279981	0.14774668645950043	0.9990920615017097
1.3838715311566934	0.10034940834574041	0.18555365486943123	0.9935749952390064
1.308000214791074	0.15045034041607858	0.25947205286079195	0.9875449832983014
1.220148622416851	0.17662730334445859	0.3427985303629649	0.9825444584832413
1.1306571739790763	0.19723349623095332	0.42551313777626043	0.9786081050126438
0.9848738257332735	0.22123749339552456	0.5519575404513042	0.9740226768325115
0.8601070812199461	0.2522500411094788	0.6512244206459517	0.9680984214157866
0.7447136831952852	0.2899592945548085	0.7343210870270602	0.9567451018934918
0.6363512736525707	0.3672456518278205	0.8040249900748188	0.9324082168659985
0.5350785820868819	0.440496513541724	0.8592349351763764	0.9027175556947311
0.44225473014746364	0.5470842344380826	0.9019552166315739	0.8526899189733831
0.35972038220765545	0.7155743924369516	0.9347778669311438	0.7531970645085511
0.3520761139058849	0.8560060782530527	0.9371849887744251	0.6542582234414487
0.3570741712550299	0.9689046996415208	0.9356111385975139	0.5650460033449405
0.37785455688311587	1.1582513167446407	0.9290675534978664	0.4008474085624155
0.4187204657478343	1.3108637878190614	0.9121593570178835	0.2566821878512004
0.4785366959560702	1.4475455769150616	0.8862238444367353	0.12276168820158705
0.5551732300651652	1.5785633157183836	0.8482801121676828	-0.007724754302414188
0.6456084405374927	1.71009953034262	0.7985199154824566	-0.1385729853357685
0.7449903183879868	1.8474525629227385	0.7341418870694728	-0.27258349620367867
0.8496613199206101	1.9966300641823864	0.6589518912395727	-0.4122596845169405
0.9543001157247113	2.1650800087746047	0.577016073189331	-0.5594686966255974
1.0531106766982459	2.2805484335645048	0.4942187154457631	-0.6507680183663586
1.2211898924670443	2.433258309670288	0.3418220006471723	-0.7593055230935339
1.3683234882330435	2.620040166558742	0.20070149307588553	-0.8652918847239881
1.5039180368487308	2.746699506416932	0.06668815365731767	-0.921184081104634
1.6325908568179348	2.898297084981617	-0.0616875490768594	-0.968643506881947
1.756333493810301	3.003044719191285	-0.18418304922899906	-0.988433529590089
1.8758667533448075	3.1077923533976515	-0.29980460889784577	-0.9979453927503361
1.991377866479209	3.2098191643977523	-0.40746029829356156	-0.9974198741124629
2.1029611033663516	3.3103451196835287	-0.5063845498158754	-0.9845737054555453
2.210836754877165	3.4115566620929973	-0.5963025656607222	-0.9618835683379885
2.31552093615144	3.5170856709568703	-0.6774537906148138	-0.9284593230243441
2.417747604917667	3.625707902955089	-0.7485223875604085	-0.8836504108158916
2.518297093650241	3.7698193017938535	-0.8104334801711909	-0.8074861645391347
2.617998189794361	3.9095693405752177	-0.864290537240965	-0.7178418063217803
2.7175319155104196	4.046318320248039	-0.9102459439795544	-0.6166398807214222
2.8173039964597377	4.180928645164186	-0.9476614681541796	-0.5057825645128996
2.917455360162103	4.314124999893835	-0.973499762566123	-0.38706681880444727
3.0176067238645445	4.44646784698468	-0.9902944019138955	-0.26229914754559375
3.11660977931956	4.578362042637943	-0.9979453927503361	-0.1333679195734866
3.2120992910214596	4.71009304190176	-0.9971284977103786	-0.002260260340336207
3.348849699150057	4.841873039963768	-0.9777785819736228	0.1289619446239056
3.48391016006458	4.9738903006450315	-0.940900470066537	0.2582105888979246
3.6469543619118987	5.106367600483541	-0.8732315419185228	0.38343537265571387
3.802072142881558	5.239590964118902	-0.7882086141046364	0.5026501110959958
3.9481427550088815	5.373934100054239	-0.6910253358617048	0.6139386302042757
4.087484944333118	5.509867745498104	-0.5844765637654101	0.7154287845835614
4.222246062044713	5.647936650884188	-0.470474475790638	0.8046260943094977
4.353790735759053	5.7886802586483945	-0.3508208134157805	0.8793001816169533
4.496142397829982	5.932476558423274	-0.21447805964597308	0.9376155616414863
4.635903861764955	6.079320012250769	-0.07636053254835629	0.9773412478127506
4.777684888356037	6.1871233063938496	0.06511416255542847	0.9938495022285285
4.904051695517462	0.01771253224857958	0.19016962089752668	0.9988659314897574
5.034999233476276	0.14204502950886752	0.31650429062061314	0.9891506304425023
5.168471771572568	0.26692006392689627	0.4396390741230549	0.9639999800724792
5.303191782029988	0.3929001280090094	0.5559574858917886	0.9233547080445783
5.438030378652004	0.5202014392963494	0.6622855886097377	0.8673453766392714
5.571734078321756	0.6486617802927961	0.7558679854831715	0.7965420096733399
5.70297025984326	0.7779369024503466	0.8346282842621582	0.7120115305481298
5.830793427672455	0.9077132610996441	0.8975598850662214	0.6151991468646228
5.954988816345057	1.0378602431872375	0.9447045001305436	0.5077304778183389
6.076313758288487	1.1685832529370292	0.9767669700563931	0.3911578542420288
6.196314128292307	1.3006622854640673	0.9944379568634736	0.26662110478724516
0.03304398944667206	1.4358339932513091	0.9978843144865825	0.13441116902804454
0.15252640974562645	1.5773478466538087	0.9871483965655856	-0.006510741849663704
0.2688952483402687	1.7307084756708198	0.9633780095504821	-0.15890382532201275
0.40127160961807706	1.9008272120648628	0.9197249462585384	-0.32371700793593394
0.5543680311294421	2.09286769687554	0.8487190754098937	-0.49775915842420326
0.6901807161437181	2.2422761959235404	0.7696466914352551	-0.6208660738367775
0.8906050762778024	2.415655487131914	0.6286628903543334	-0.74706793465225
1.060430019224852	2.5404906306245567	0.48773383638500717	-0.823698576017441
1.2091731212347046	2.6168563322158387	0.3530916364098471	-0.8637305914902742
1.3464625569862967	2.730229884020218	0.22199972663455692	-0.9150078086537844
1.4774770195191784	2.826706713471004	0.0929889626047866	-0.9504967193812228
1.604295644712227	2.935499652671074	-0.033426245806620555	-0.9780736449870664
1.727782074371177	3.0420012022448417	-0.1560169140506647	-0.9934117618303464
1.8482800380338895	3.142120178877702	-0.27337622662878225	-0.9979453927503363
1.9660693195332593	3.2350871094731626	-0.38433369521983385	-0.9941908942621378
2.081673729783439	3.3230585285224055	-0.4881932752426663	-0.9829490643995686
2.196029638183553	3.4133797426527184	-0.5847338252549741	-0.9614214523464677
2.3105016072182205	3.505063960448671	-0.6739643228546143	-0.9329675842118437
2.4267749630056037	3.5986041217195477	-0.7547982613727721	-0.896941601780472
2.546554362471571	3.6872508009710567	-0.8273228736780478	-0.8534709165624739
2.670970803387085	3.8352089793497117	-0.8902673231748245	-0.7684026988825484
2.769548301100618	3.9615734370841706	-0.9297526067053257	-0.6816882446443834
2.8721224728742416	4.152000661723598	-0.9620087442203785	-0.5305031758916275
2.9764565181480367	4.311070458235065	-0.985035834796594	-0.38985801707692824
3.0807905636336534	4.455484919318264	-0.9979453927503361	-0.25366069124900614
3.184066498018653	4.594447010978401	-0.9979453927503364	-0.11750000822208996
3.285871640476841	4.732139531684002	-0.9877011608536754	0.019759809042867768
3.3858818086664164	4.871121640105853	-0.9683916517493916	0.15805544865705468
3.5119531951767207	5.013559162663771	-0.9303840525659222	0.29639724321900984
3.6389475473261856	5.161908591812452	-0.8771579350941417	0.4338241492382525
3.7670791288971865	5.319371181996988	-0.8091239682002478	0.5692182914545143
3.896329152485858	5.490193157922967	-0.7270464649706734	0.7008740965553986
4.026541751302991	5.679755447351841	-0.6320912340791182	0.8219724685296133
4.157515926730445	5.791633481024963	-0.5257900674523548	0.8805806591033443
4.289120587786698	5.922953591669348	-0.4099155076339026	0.9346168519702275
4.421344090544631	6.06518564656365	-0.2863679876285478	0.9746411925558842
4.554293791482891	6.1632819885767525	-0.15711138413169196	0.9923230300449014
4.688180082055386	6.259892301417446	-0.02414695980925537	0.9985086342272792
4.823285933303154	0.07069328581175989	0.11047339953223662	0.9954737680530616
4.959912067165051	0.1619119333258498	0.24459215343266694	0.9853555016566673
5.098287215513066	0.28425840074659575	0.3758573807243729	0.9585402699161523
5.238438324043807	0.40815405308028424	0.5016288811890202	0.9167408113777257
5.380100170507276	0.5338374732376105	0.618992406087842	0.859911539603236
5.522683171519759	0.6609859477597015	0.7240935740906633	0.7885586064562625
5.665275226114796	0.7889815414061174	0.8140784133090393	0.7038410276712065
5.806935949837596	0.91717262223314	0.887215603683286	0.6074461554684808
5.92353196647073	1.0450125963422532	0.9347989777882981	0.5013935500080209
6.03848269254612	1.1721463899659947	0.9695401888769852	0.3878162530987139
6.152213429013422	1.2985417587680188	0.9912659089880537	0.2686870493863142
6.265738890373388	1.424720143930363	0.9988829698860215	0.14546608510854134
0.09582549011043491	1.5521020515040855	0.9938646451400803	0.01870479887005842
0.20656771096800547	1.6834443511737631	0.976825011513622	-0.11227750180390736
0.3098379296756106	1.8233466031789525	0.9504854711577658	-0.2494897167561741
0.45121447511963403	1.9456529792279667	0.8980703917664721	-0.36567752347409815
0.6245069326805921	2.0928157403060292	0.8104820655678989	-0.4977147585728937
0.7762378895187392	2.1596454085126644	0.7132684109315647	-0.5548245208105055
0.968047881462883	2.266004664092866	0.5657482604924675	-0.6394050300803934
1.1266797467336338	2.398941746544492	0.4290371065707104	-0.7354484413478459
1.265161858943896	2.555132478756373	0.3005839645406818	-0.8324500210466654
1.3909747499111833	2.733125593825292	0.17863327209415603	-0.9160937286745314
1.5609157264855056	2.88455405507816	0.009901686151034768	-0.9651599121189675
1.7200913941531932	2.9901375807559325	-0.14843001494412708	-0.9867841319121723
1.8798969824512155	3.095717963621414	-0.3036656135247324	-0.9979453927503361
1.9677674344817073	3.198607500742861	-0.38588540936882043	-0.9979453927503364
2.07419567014098	3.2994146638706154	-0.4818028468649731	-0.9859705037099913
2.1917859380993625	3.400092013994152	-0.5814182395369908	-0.9647896369674758
2.318741633308137	3.5048336702329617	-0.6796928387113192	-0.93305394533663
2.455987404631123	3.6125887452105867	-0.7731909262715947	-0.8900838021335572
2.5750488408234804	3.7541748277865383	-0.8432289741322789	-0.8168368799033134
2.7078783524006567	3.892071389147453	-0.9066257616553218	-0.7300064877341932
2.8052587737037835	4.028145953877195	-0.9431443896395691	-0.6308378770938784
2.907484892243042	4.162301433776135	-0.9709724399835998	-0.5217005788030811
3.0023998831020005	4.295143783967339	-0.9883511262631526	-0.4044115935766327
3.093545180568906	4.42708782684982	-0.9979453927503361	-0.28086542391208535
3.1787360283485255	4.558420821411949	-0.9979453927503363	-0.15304004599332996
3.2570264294474014	4.689292973261938	-0.9913872779840738	-0.02303540228575454
3.357609769240644	4.8197306391511985	-0.9755580720492991	0.10693695798472745
3.460010991789591	4.949647264426555	-0.9496013241487157	0.23459156545722465
3.5645304362378663	5.078836086633891	-0.9106670634519265	0.3576156139966173
3.6725591550735497	5.206957421111247	-0.8606754268671726	0.47373705244908104
3.782518569489578	5.333521393979907	-0.7998958014818208	0.5808159533059766
3.891533936803785	5.457934899810087	-0.7303801278464123	0.6770103748193331
4.046130624879598	5.579507009740506	-0.6167865263539103	0.760903169065446
4.19169020406927	5.69755373846026	-0.4965861987839073	0.8316754068025629
4.332942276442632	5.811606847923989	-0.36987184958705216	0.8892408422458495
4.4730403344862415	5.921699685615205	-0.23684240687834765	0.9342220065078239
4.614405362459411	6.028609793612261	-0.09781098270973629	0.967654191779063
4.759241541649064	6.1337954944502	0.04676861510367093	0.9877475734547251
4.909950436100895	6.238696901222489	0.19591652862208508	0.9971515704497372
5.0694404599616645	0.060111649881260096	0.34880415471934445	0.9961512714121081
5.241348072515531	0.19827493675026558	0.5042068951114123	0.9784091610337537
5.430169301226964	0.36521154329897526	0.6564701920201141	0.9330487421429898
5.556370935387004	0.5277790050406167	0.7459159814180629	0.8632143815775564
5.7044455200038575	0.7002429201609771	0.8354325389059112	0.7631285528155075
5.823743956222212	0.8487832634310762	0.8945033290971853	0.659601451909013
5.951702949105679	0.9802209844263735	0.9436698055732903	0.5557710578877274
6.082681989327972	1.0998391758579438	0.9779834785347872	0.4528176381441123
6.2142305970737395	1.2080646234462435	0.9955850826823354	0.354131214020018
0.0625790229206437	1.3566801104885606	0.9959932945611578	0.21204517170580373
0.19415213228607014	1.4860055738167361	0.9791967308556332	0.08450563254291799
0.3257544569713808	1.6055693581276096	0.9454734779871499	-0.03469843281045074
0.4572877232626446	1.7203754245250231	0.895437113088208	-0.14871021249664354
0.5886191847914467	1.8338257688917416	0.8300466743498535	-0.2595288748870752
0.7196245430073872	1.9490299829768454	0.7505734402207045	-0.368763383181714
0.8501946291492529	2.0692545806966534	0.6585573645733442	-0.4775804041844593
0.9802125628270125	2.198192544960061	0.5557779603187125	-0.5864236955745649
1.1095241375323461	2.339643324336289	0.4442368393991083	-0.6942238204315399
1.2379139951322842	2.4313377292828298	0.3261377089309745	-0.7579703240196991
1.365095420561228	2.5430215709783246	0.2038464706818946	-0.8252113212104548
1.490722060593636	2.667050224218502	0.079814155809008	-0.8883447439609302
1.6144269993030875	2.7681985906142392	-0.0435454590346733	-0.9292464518286171
1.735904562551503	2.8735510159465845	-0.1640297941303847	-0.9623708525182186
1.855041907032063	2.9800348407698847	-0.27985417286931674	-0.985493107107794
1.9720858287786236	3.0865186656152828	-0.38983149884736373	-0.9979453927503361
2.0877981946140727	3.192151396968238	-0.4934269796690992	-0.9979453927503363
2.2035331822377904	3.294155069306469	-0.59059631388681	-0.9866426250407059
2.321169724094715	3.3863478423905944	-0.6813808620768584	-0.9682735211295557
2.4429742109067005	3.5341897553123216	-0.7654129293610499	-0.9220451210191629
2.5710651909591133	3.7188087882213763	-0.8412754662204788	-0.8379751917044954
2.706818980423196	3.8823418309266584	-0.9062284866114874	-0.7367705353158824
2.8080278406970285	4.017004680660501	-0.9441828173444051	-0.6395425088125608
2.901581148163319	4.124215163848883	-0.9694759539755966	-0.5542474682076123
2.9951344556400157	4.203207258389269	-0.9874226804077919	-0.48674421914308236
3.085560248023646	4.371245152128103	-0.9979453927503361	-0.33436333179416017
3.1706876914704294	4.583411641424379	-0.9979453927503363	-0.12838646209049304
3.248904134117871	4.7474423902935845	-0.9924252226162618	0.03503203092935924
3.3691641587007117	4.892195771944851	-0.9726292557041937	0.17861886734301816
3.490448500339805	5.029073712622615	-0.9384485273356454	0.31094718543538846
3.6134955214963815	5.162649373478451	-0.8896391358830471	0.43448047588193217
3.738666434468853	5.29478223791538	-0.8261062597240475	0.5490649355127615
3.8658693018073853	5.426236465957589	-0.7482223369521984	0.6535607947992933
3.9947535374305962	5.557311589349985	-0.6569272370540115	0.7465253223649779
4.124942725810597	5.688107544375806	-0.553625725024358	0.8265257080164585
4.256177342737053	5.818641613136086	-0.4400185931192434	0.8922910217879005
4.388367793450192	5.948909969577694	-0.3179596496153998	0.9427903176008321
4.52159593766526	6.078928886586563	-0.18936800004644444	0.9772665319797863
4.656091650213177	6.208761661236447	-0.05619693704113204	0.9952349267684
4.792190045924072	0.055338104599519954	0.0795424038441412	0.9964569040178961
4.93026371026239	0.18517449081922424	0.21570694159899018	0.9809117089857737
5.070634634453859	0.31520753491968534	0.34992408213611137	0.9487946233797232
5.213425159899933	0.44538701301402284	0.47946741739493876	0.9005971009260112
5.358390961827488	0.5754956241694654	0.6011993114236097	0.8372011308007969
5.504811072659165	0.7052106666412027	0.711688004994146	0.7599105242275029
5.651703341258297	0.8341518993266125	0.8066795478669577	0.670425309799485
5.797992213540211	0.9618803284984051	0.8833377199641717	0.5708032514579278
5.943026015709541	1.0878830331865492	0.9409375053601092	0.46341068512549044
6.075197251012468	1.2115941382465207	0.976553686248214	0.3508211446636965
6.206623607547232	1.3324851837551241	0.9950980350282399	0.23561732399370575
0.054736832057790695	1.4502232735887395	0.9964954012946311	0.12009819050950078
0.18591019908805154	1.5648619193243247	0.9807711683331023	0.005960222409251568
0.31590782926805516	1.6770153407444637	0.9485741060252635	-0.10593524700986254
0.44275873521535913	1.7879774485113655	0.9017366868156048	-0.2153999877629179
0.5638599755534511	1.8998078488021326	0.8435444353124033	-0.3227404465122616
0.6760678923806321	2.0152852789220814	0.7787887582673406	-0.42930656387597554
0.842316559662211	2.1139766312175956	0.6643853313965464	-0.5157979464911544
0.9893056370639951	2.22372698265347	0.5483251814968777	-0.606373648505593
1.1215018791559848	2.3421103725078636	0.43362465591842936	-0.6959389272061911
1.2417292849068629	2.468704290926868	0.3225596324862099	-0.7807918199810627
1.3974767622474742	2.603258049743256	0.1722986207576402	-0.8570622463039428
1.5384123862527863	2.744939811564012	0.032376716917350924	-0.9205241780066638
1.6717525651587328	2.892059410448282	-0.10074348942047241	-0.9670623759020872
1.797888623531004	3.0163327250004413	-0.22510068709638917	-0.9901315981461475
1.9234185923599076	3.141613586099889	-0.34535980330660787	-0.9979453927503363
2.050214938579926	3.2668971009142664	-0.46122480778514063	-0.9901259091161043
2.180817596004313	3.3928029571416536	-0.5728487182044675	-0.9666372732206746
2.253424801713659	3.5203785203666618	-0.62957643446543	-0.9272244716959646
2.3388004168902183	3.6501396697190236	-0.6936378260890632	-0.8716695261253187
2.4308259919903383	3.781723603789689	-0.7576145611662183	-0.8003709531539367
2.528060985754471	3.914252007633954	-0.8162693667513671	-0.7145863879280852
2.6286437569699386	4.046950804376428	-0.8695109256815021	-0.6161457234291218
2.7322558294730177	4.1793951507212155	-0.9157675583788023	-0.5070930229571934
2.838270692246204	4.311456290071759	-0.9534279664339823	-0.3895054492365267
2.9456153494375377	4.4431769052127015	-0.9806377802998097	-0.26545190662527485
3.0516507244871205	4.5746661523387955	-0.9946448701338746	-0.13701393605235357
3.1564418762741466	4.706039168339987	-0.9979453927503363	-0.006309275761053234
3.2589430569428535	4.83739354199018	-0.9911423529794909	0.12450620001637026
3.387357868341687	4.968808317672749	-0.9680174989031313	0.253259415543817
3.5160559889558405	5.100371307355714	-0.9288454640312784	0.37781189541958465
3.6452731079498646	5.2321970911793185	-0.8740559976383782	0.49609919868419106
3.775181956750294	5.364430287031893	-0.8042809011297972	0.6061492055747544
3.9058092485236555	5.4972494012145985	-0.7204558450038183	0.7060941002463679
4.037117988357205	5.630858262817553	-0.6238280628296715	0.7941677088501513
4.169105501329578	5.765456319015612	-0.5158861150977656	0.868693261139765
4.3018665573973776	5.901180844491903	-0.3982684154240847	0.9277607797799138
4.435631358605241	6.038025744831969	-0.27268062479354727	0.969452899209729
4.570789179712725	6.174884668097536	-0.14083859126087758	0.9930659070821479
4.707901814610692	0.016057490472671018	-0.004448861675980291	0.9989718977477069
4.8477005810527585	0.14046348815141363	0.13475858409903502	0.9894527486380176
4.99105353226163	0.2653741816617897	0.2749320410385462	0.9644867666190238
5.138887797898071	0.3913031432158173	0.4134279095658113	0.9240471391632153
5.292121033993651	0.5184023526405627	0.546883784923692	0.8683261689334556
5.451548395742932	0.6464265870685809	0.6722858247400469	0.7979899329367088
5.617740107550769	0.7749081531555136	0.7856699727361138	0.7142521112430725
5.791147750820961	0.9033313083529807	0.8803700530224678	0.6187906412016857
5.921082593270458	1.0312250562539433	0.9340276888303534	0.5136092004838667
6.053769290199429	1.158230323399947	0.972460352347146	0.4008670966586241
6.186971450661381	1.2842221702297238	0.9938397794626431	0.2826380534725681
0.036973922027356054	1.4095415874704131	0.9976326953095735	0.16054434265565212
0.1701790314136128	1.5353446033663176	0.9837762569883877	0.03542823231797615
0.3032997085361041	1.6640372240155075	0.9525443071770959	-0.09309623111104057
0.4361485865799667	1.7440798823936547	0.9046027583232821	-0.17209479294037833
0.5685230754499196	1.837648664189301	0.8410022940371306	-0.2631912514027208
0.7002905929160962	1.9375164123323416	0.7630976711492524	-0.35824244024392216
0.8313876067832299	2.0407258448045256	0.6724702530763826	-0.45255380404313433
0.9617650497547588	2.147337549637952	0.5708977351228428	-0.5443067535844949
1.0913357315761716	2.2581126651866854	0.46035162190928247	-0.6332390432433044
1.2199428525463092	2.373723452301809	0.34299150661649447	-0.7179165310271921
1.3473503753024603	2.493710264190631	0.22113476065292095	-0.7957379113794936
1.473262089343946	2.617473453079326	0.09718154233362353	-0.8640332161009716
1.597368789997232	2.743924273302332	-0.026507692198398363	-0.9201433410428699
1.7194389289941996	2.8717756410372943	-0.14778635441066212	-0.9619208289950383
1.8394603197352084	2.99998964600494	-0.2649268377082118	-0.9880431230995519
1.9578191924224755	3.128125497867322	-0.3767948422226083	-0.9979453927503363
2.075468970730084	3.2562613497243604	-0.4828909548243887	-0.9914850471933314
2.1940117983703815	3.38427460137069	-0.5831572951673146	-0.9687990480046385
2.3157161607021295	3.5109168818499144	-0.6775895119004066	-0.9307726803860765
2.443255655166672	3.633470936967177	-0.7655811488336027	-0.8798435631062484
2.5790649635533414	3.7479658919773713	-0.8451984061342527	-0.8205479660950787
2.679041486534848	3.8490789019532543	-0.8942250363071486	-0.7598951242413684
2.764748455160833	3.9293894553673057	-0.9279526166671732	-0.7040627429269287
2.854807968301549	4.087471506990062	-0.9576198490584866	-0.584487062307211
2.9448674814796676	4.311716545379084	-0.9804482101016992	-0.38926763150628796
3.030969055884546	4.480766097809648	-0.9920019685845198	-0.22944103907757502
3.1097374439881933	4.628178757665245	-0.9979453927503363	-0.08407637892336994
3.177978116727266	4.767861657093511	-0.9979453927503363	0.05534302079252251
3.284751961904034	4.897852478007194	-0.9878442440976687	0.18412997048536306
3.420403629819211	5.028383305671865	-0.9596410315279991	0.3102997041184418
3.555493006846723	5.159168492825969	-0.9140561894944369	0.43139644340576117
3.689798318609667	5.290037569920542	-0.8522216612232961	0.545176155961754
3.8233434151036705	5.420902280222626	-0.7754947566818857	0.649614719235566
3.9563463846821123	5.551701112888209	-0.6853221230134896	0.7428909433325156
4.089121034233968	5.682378703036647	-0.5831982933407863	0.8234025658254032
4.221987197584048	5.812883778740498	-0.47069569023322066	0.8897945022665752
4.355290875653245	5.9431799390357645	-0.3494500061559982	0.9409859746427294
4.489448084448376	6.073264390610418	-0.22108203728829248	0.9761844563864098
4.62497556421097	6.203185053515361	-0.08727573368721954	0.9948778770184431
4.7846455187351316	0.049856779195570716	0.0720378829052461	0.9968078531903676
4.947097080078101	0.17978113339624566	0.23210702254100618	0.9819419896070928
5.118938634637629	0.3098827316252212	0.3952248103788393	0.9504713633651984
5.226018844431407	0.4401696528828424	0.490625321375939	0.9028592780784586
5.3531644697007	0.5704495248127713	0.5969156237708038	0.839952068532904
5.49122517706052	0.7004258283581265	0.7016375543167781	0.7630100677418931
5.634568132991588	0.8297586014785366	0.7965709048114087	0.6736753438522621
5.7798346839469295	0.9580737098226549	0.8754648594450497	0.5739231959684487
5.92506957893321	1.084960396008155	0.9352831602370067	0.4660001183391242
6.06955384836852	1.2100117323549482	0.9754756400654063	0.3523051654278382
6.213504052705111	1.332947859074656	0.9955385647097387	0.23516655788013097
0.06716492676294758	1.453833313771325	0.9956996759488912	0.11650729323230904
0.20394781545723215	1.573353537905801	0.9773254841066547	-0.0025212198605480615
0.3401309773907698	1.6931060541154663	0.9409464212479359	-0.12180882586606656
0.47490477670188225	1.8158915496995347	0.8877985957572847	-0.24234769201818768
0.607505295376113	1.9460140242828372	0.8197506990731913	-0.3660074414932384
0.7373031766732424	2.089415125614748	0.7391214974212809	-0.4948087394096636
0.8636570876684061	2.1464384079834375	0.6485982290595727	-0.5435383857699416
0.985653338708309	2.2355094663252957	0.5513186434578032	-0.6155792553603783
1.1409872571684032	2.3427652781268464	0.4163607665179371	-0.6963942215441035
1.2878994862581108	2.4625561113629275	0.27905539110756544	-0.7771170478485263
1.4320706877497555	2.592069740447718	0.13815451890651897	-0.8515757072072213
1.5779912964381977	2.729354495733793	-0.007153420527167574	-0.9146795293267295
1.7356326656964696	2.872261021310726	-0.16376156636014144	-0.9620438635944284
1.904758850942889	2.9975108276793834	-0.32748356201971296	-0.9877263559702127
2.025372452889967	3.1238005220472957	-0.4385240850947612	-0.9979453927503363
2.1002062798938526	3.250090216408721	-0.5040303960733405	-0.9922736536696556
2.203464663927433	3.3769131182129812	-0.5905427808079555	-0.9706650429385144
2.3264431982161597	3.5052477247529823	-0.6850470131053833	-0.9328986707672711
2.4664555708365143	3.635519652531839	-0.7794477580785162	-0.8788389110407158
2.571491688806701	3.7673593326560124	-0.8414846128443025	-0.8089564901762805
2.640210677116882	3.9000267018068357	-0.8751831285084448	-0.7244759063723103
2.7203027990672326	4.032830692813347	-0.9112850529138228	-0.6271777095040316
2.8058811238894905	4.165329860770511	-0.9433777771583703	-0.5191126152497086
2.8894892729822446	4.297382285935724	-0.9664108952984851	-0.4023660811806369
2.9677165094775533	4.4290140881973965	-0.9839189528418315	-0.27902004396488567
3.035500819708487	4.560309163357713	-0.9925810807374974	-0.1511771860882132
3.0877832760796253	4.69133930557148	-0.9979453927503361	-0.020991522290240962
3.1579481203848574	4.822131890689958	-0.9979453927503363	0.1093254764433248
3.2648193665534877	4.9526560488359035	-0.9903914218978227	0.2375229041250378
3.399604034861993	5.082814717564352	-0.9649133303277591	0.3613468759598755
3.531289384932015	5.212436056389214	-0.9231327888020455	0.478591079578766
3.6570666934524767	5.341269057319002	-0.8682726423304932	0.5871660192734875
3.77377896469322	5.469030242968406	-0.8051194706705672	0.6852183871915379
3.920998285008699	5.595379587373591	-0.7098963351912075	0.7711851769722322
4.049457614933372	5.719977858247239	-0.6141871624763211	0.843900167527786
4.159205047443441	5.842590442676807	-0.5243466174862178	0.9026749120413455
4.3418844675809165	5.9632297034524395	-0.36170059797366794	0.9472994926898186
4.496158837547631	6.082276715048662	-0.21446184177244249	0.9779060599245328
4.634215016581754	6.200452707169957	-0.0780473538282472	0.9947029348980327
4.794125844271987	0.03529279432096472	0.0814679372634783	0.9977403317540278
4.944748523852331	0.15318463028641643	0.22981891786433267	0.9870226582147691
5.09259886371297	0.30186010498630905	0.37052269875052346	0.9529976273659719
5.240760011729895	0.44673774759478674	0.5036858779488244	0.9000114405861461
5.390407634952167	0.5846161706290954	0.6270556670192995	0.8322289624743952
5.54168596668981	0.7135553091901824	0.7364032880329178	0.7545049951035457
5.694047098548614	0.8327985729041797	0.8297637226750868	0.6714264613511276
5.846865262712447	0.9403246281596563	0.9045284164903977	0.5884705290790723
5.976062254555954	1.0333434004998363	0.9513403652556254	0.5117323643891316
6.104285835438871	1.2151269365277866	0.9821104113983841	0.3475079959748271
6.231811146933529	1.3611350510256255	0.9967107008440375	0.20770490079156625
0.07609475089603107	1.4891787309941744	0.9951279320441118	0.08134930161797976
0.2033353492082935	1.608138531245329	0.9774424821206942	-0.037264527044427655
0.32894202334258266	1.7227408151046628	0.9444697376242885	-0.1510436835507795
0.46399073118709394	1.836416803713126	0.8925307790422328	-0.2620111152683685
0.5912265933446702	1.9525482885248646	0.8286252162958091	-0.37197836253532546
0.707720368347749	2.074894565639502	0.7582847786563114	-0.48240009292081326
0.8840417393983114	2.207846680924204	0.6335182562083779	-0.5939664329705061
1.0399843520835912	2.3560743857551554	0.5058485342893049	-0.7056467934723234
1.1827284135002767	2.432168627877152	0.37789216046537266	-0.7585479697359807
1.3173850504443063	2.5318856251567876	0.2503287817258063	-0.8185553569613904
1.4470662953436868	2.646097862889368	0.12323842829383312	-0.8780700950783886
1.5732861959412698	2.768723544168706	-0.0024539585982779957	-0.9294433146405463
1.6967301649338022	2.8965075698297706	-0.12538403148511318	-0.9681898990782067
1.8178382723600475	3.026384826046586	-0.2442126741323692	-0.9914161518221416
1.9372144387442258	3.1566826647761683	-0.35796650092089355	-0.9979453927503363
2.055921425675569	3.286980503456233	-0.4661864629370338	-0.9875594597297201
2.175713497850955	3.4177099071920036	-0.5685556193831508	-0.9603238386020563
2.299007700957608	3.549307438207185	-0.6651901693475305	-0.9163758393480268
2.4285717611835675	3.681578109871813	-0.7560474063076844	-0.8562526989281113
2.5132589507383667	3.8137755464223826	-0.8074221778857344	-0.7812134798961484
2.6090835745935106	3.944982875983511	-0.8599189755027495	-0.6932221028263452
2.713009909631337	4.074330277991441	-0.9085501467316993	-0.594754251392249
2.822417630134707	4.200873366289043	-0.9494095189346496	-0.4887386630257007
2.911447091183396	4.323342861685999	-0.9719767814989325	-0.37864366312857467
3.0004765522286387	4.4397953654095925	-0.9881053446367853	-0.26869145963357555
3.087166719679507	4.6028427979168764	-0.9979453927503361	-0.10921751738685156
3.1695154442964277	4.751574372184832	-0.9979453927503363	0.039142102222820406
3.245129763624311	4.896502556033843	-0.9929075478007987	0.18281479533797784
3.343051882303909	5.043524166743351	-0.9792482174574891	0.3244991913275932
3.4726158398152247	5.156239927481861	-0.9451359526615164	0.42880175788462005
3.62448491814728	5.278842550123668	-0.8842501398531841	0.5360006005579694
3.77132722146065	5.406038951106629	-0.8065848796771655	0.638619260371837
3.912727688030712	5.535299961155756	-0.7156461041137591	0.732266533378963
4.050045617003155	5.665509449605997	-0.6137277588365635	0.8142061028756027
4.184705392965773	5.796177427868541	-0.5025551181590863	0.8825508533151729
4.317749097780014	5.92705348304831	-0.3837551678632453	0.9359078765266384
4.449843720604489	6.057994454122321	-0.2590650228043614	0.9732674756601876
4.581327266087142	6.18892112828515	-0.13044271003417934	0.993964610173871
