5.92022370227643	1.8509030170289442	0.9337572306005915	-0.27588906988626116
6.027851745321006	2.2495487759393864	0.9675093835634649	-0.6265481111992337
6.137399775371793	2.3706904025589117	0.9884360909209485	-0.7158079365449946
6.245407610716649	2.4422591529117526	0.9975812325788957	-0.7649855385918549
0.06789723063994096	2.4970353438779327	0.9956527892160869	-0.7977253143247529
0.17066304431289944	2.5483089310656966	0.983683797121278	-0.8283715808127794
0.29786848246124553	2.6038988600491306	0.9542545588852367	-0.8573764877772425
0.42508817969209894	2.6461812564199225	0.9093984019302811	-0.8781109897170434
0.5520192782067818	2.6884635995784096	0.849999524442228	-0.8988454655625184
0.6781831864321289	2.716322075956229	0.7774185038155789	-0.9097922420956552
0.8029594548783211	2.7598237694784538	0.6935005735653389	-0.9261058104820332
0.925653412489715	2.8446335045340625	0.600495211005764	-0.9550408174369646
1.0454855375391598	2.9316586761383188	0.5009745278822438	-0.977100031029429
1.1615825155427024	3.039527606742921	0.39772332503104363	-0.9930956621233968
1.273005938904476	3.143960511394764	0.2932275854984371	-0.9979453927503363
1.378825372399086	3.2433246837358514	0.19046992611975366	-0.993138218184586
1.4783050655290817	3.3381275304096176	0.0921653074619174	-0.9804964463117176
1.57120196699704	3.4356491327816734	-0.0003722273832076871	-0.9557765886320652
1.6581095483741857	3.5369973529108503	-0.0871756591654707	-0.9209922439535463
1.713288464047515	3.6452981939741598	-0.14171888629520513	-0.8740436959179447
1.768044988348142	3.759579397846508	-0.19573650418056388	-0.8136065638010967
1.8194328722003963	3.8793559449803463	-0.24574031864067525	-0.7388463412421152
1.869936023836362	4.002932861549439	-0.29412290359813664	-0.65053676418996
1.92104260403101	4.128661440611591	-0.34308357987387145	-0.5504478711787041
1.9073900269183368	4.255380979191644	-0.3300042580762236	-0.44074629920432196
1.9101776553459955	4.382471807381216	-0.33267483733438974	-0.3236080703109334
1.9244693027089574	4.509779375412844	-0.3463201704208533	-0.20102510488686695
1.9485302575578585	4.637577839935022	-0.3683067409479483	-0.07468856046504826
1.9824270692874404	4.766604610522269	-0.3992811825865416	0.05409263994309316
2.0270291686424886	4.898153593397396	-0.4400379692263311	0.1844233352023662
2.083299886638419	5.034197414742297	-0.4895829190018096	0.3157523244805482
2.151924102517618	5.1774981278922745	-0.5482262245541556	0.44763635378032074
2.2329559075823964	5.331680877936994	-0.6135841702388991	0.5793074470925246
2.3259242668669877	5.429887083170581	-0.6846862489002904	0.6562614153049292
2.43043952070609	5.548217520382038	-0.7573458839975032	0.7406343265106948
2.544588461411604	5.6787259879854775	-0.8261478529494959	0.821411247195189
2.6662893702298587	5.817427475050978	-0.8879716352949717	0.8917645878506235
2.7932697293471036	5.962056713189833	-0.9386483785842732	0.9469301269936378
2.9090160486243235	6.08496754544838	-0.9713605587891766	0.9784200830456917
3.0259137502929647	6.209817012955237	-0.9913559532538812	0.9953024970703034
3.142811665191698	0.05172182215414154	-0.9979453927503362	0.996688441326503
3.2594041469421056	0.17695122133908178	-0.9910834304864933	0.9824825811762906
3.375778512692011	0.30351834432091684	-0.9709526436989482	0.9524754604343377
3.4918064211119093	0.4330551570488763	-0.9379392935200082	0.9059440277453634
3.6322241069433163	0.566689490447353	-0.880454985394655	0.8420018934924791
3.7714861715524015	0.7045722643090142	-0.8064898750727038	0.7603240712882897
3.9335139762710094	0.846014449350984	-0.7011953511079767	0.6616497400873458
4.122864648121185	0.9896327319506184	-0.555401560905911	0.5480570911040992
4.301758138211802	1.1336373065172454	-0.3983674873888138	0.42287276413275354
4.490400831505592	1.2762264525269253	-0.22014214698050863	0.290207305358955
4.6946178431808505	1.415749047409294	-0.01771691366334165	0.1543896107319759
4.912975082080633	1.5511738415928622	0.19886332058541212	0.019631896419337165
5.14117839621019	1.712114329107458	0.4154573613884128	-0.14056059560112033
5.370416249299903	1.869206717402372	0.6110553629046799	-0.2934242198653493
5.591591836761589	1.9272621074722467	0.7687315312795278	-0.34887219710815953
5.800757389688626	2.0048407463378637	0.884536663136228	-0.41976249325502374
6.000364710689083	2.0886856901299704	0.9589930235211508	-0.4941853951941195
6.149505963184086	2.1784705104272333	0.9907487080391673	-0.5709116438396917
0.01463561976615566	2.1804028234126807	0.9990629349168291	-0.5725246580556012
0.1631082781215036	2.2069383446402244	0.9851269666713672	-0.5932567535043466
0.31104794639163535	2.250260413051096	0.950104446113524	-0.6271041103973771
0.4566767941685972	2.3058600985564968	0.8957020037232363	-0.6705439198864667
0.5981067800029602	2.371213702635696	0.8248744052743969	-0.7161717379158836
0.7348746519284528	2.4447687050700426	0.7406946578243968	-0.7664855000423171
0.867356294063726	2.525479774152575	0.6458616636891399	-0.8147265743907702
0.9960063201092033	2.6140994405587494	0.5428332315369785	-0.8623786630207888
1.1210534013897238	2.708760699804422	0.4340220036399042	-0.9069566507206983
1.2423933518452503	2.8080322219465805	0.3219368535073174	-0.9441844603566283
1.3596124838671624	2.9062202628170364	0.20918827725818112	-0.9706518806545079
1.4720985577498682	3.004408303695891	0.09833890408634187	-0.988607781468366
1.579197324617893	3.100117839773295	-0.0083580034089459	-0.9979453927503361
1.68044047992515	3.1905477332747014	-0.10931416599403126	-0.9979453927503363
1.775807514588397	3.2976740831812843	-0.20339427979044428	-0.98619293176882
1.865948383585138	3.3978957601215263	-0.2903026995715578	-0.9653463452437874
1.952482934579512	3.5532536583669763	-0.37191864299644006	-0.9148959674802437
2.038133896454658	3.699918412893241	-0.45018531719151805	-0.8472589549302656
2.08464718627321	3.8674062287663022	-0.49073426336533155	-0.7471538560567886
2.1402192548083288	4.017961908464368	-0.538223764753845	-0.6387946305995877
2.2012062564437342	4.158152952890026	-0.5887782961719574	-0.5252456922745478
2.2697392053187673	4.292910264896017	-0.6423228120409863	-0.4064525526696374
2.345680275640573	4.424923581002183	-0.6984207454042732	-0.2829387956760281
2.429997397531323	4.555583663161247	-0.7570385172987051	-0.15583891849709386
2.524597559220911	4.68562857609111	-0.814199273778927	-0.026695408062013384
2.6300319019222473	4.815456397816199	-0.8701916461864131	0.10268538160451171
2.7454202724010996	4.945280707627656	-0.9207043556063887	0.2303374032945772
2.8404932400545557	5.075198376244167	-0.9539913397192066	0.3542040760460602
2.939279218671705	5.2052137700265	-0.9790316925514411	0.4721921915045851
3.0380651972773722	5.335249210423337	-0.9929087814457996	0.5822320897480657
3.1345034315736213	5.465164698376663	-0.9979453927503363	0.6823587696581632
3.2276099469220987	5.594774979166129	-0.9951463976536064	0.7707935212176762
3.316845223082758	5.723935091104016	-0.9837430600335098	0.8460574974594687
3.4298630257013865	5.852528400403568	-0.9572432559146457	0.9069838767948255
3.543780591300061	5.98050911742615	-0.9184484619905073	0.952740648490902
3.6577386930248106	6.1079523097049115	-0.867943106220148	0.9828108095156629
3.7697594747809844	6.235066669571488	-0.8075219231953967	0.9969191400246287
3.929042076539067	0.07892090609330134	-0.7043042427843483	0.9949469836867959
4.080113250966116	0.20594550635459136	-0.5902360379883974	0.9769438698249522
4.227399661367231	0.33247672382841337	-0.46607043130149095	0.9433566873736937
4.374222349269045	0.4572227454698327	-0.3315111435852926	0.8954652865848844
4.522911957522238	0.5779989998009678	-0.1880697390871931	0.8358363874623208
4.674723649962644	0.7207002083919334	-0.03758726578355247	0.7498766409833892
4.853319652944499	0.8516106501537783	0.14034785982336925	0.657509833392145
5.03233211810954	0.9707221052409731	0.3140030015356341	0.5635564386928458
5.212145681812306	1.0760260087377733	0.47833381002119024	0.47391591415272016
5.389728662987574	1.2676262689186664	0.6265533832948361	0.2982727777627542
5.560797577625234	1.42937449534914	0.748783491128592	0.14083641424853172
5.7206651787830385	1.5829778013951805	0.8442748680365015	-0.012133949682466356
5.869033604326225	1.7413568353166649	0.9141403111354762	-0.16940849174855854
6.008909510554151	1.8465615649242308	0.9616837158921796	-0.27172991014096204
6.144382716203529	1.866094236469992	0.9897700259922831	-0.2904424282689587
6.279210660583338	1.9244436345115203	0.9997455179484847	-0.34629671517409355
0.13142530206327002	1.9971006105700613	0.9911792924674354	-0.4126896633521052
0.2654492152164933	2.076530494756644	0.9644631391243603	-0.48379808763520715
0.4063179446324247	2.1623593744286143	0.9175369232955786	-0.5571437594411933
0.5337195122018001	2.254759228779084	0.8599758473866129	-0.630619016936396
0.636709283160021	2.3558822765718967	0.8038298171713778	-0.7055132380089659
0.8010106617384944	2.467915360939926	0.6949422340867235	-0.7803202758596871
1.0015036994175506	2.59185637935848	0.5383275219147903	-0.8514710788914587
1.1586071909428965	2.727661933616042	0.40051366062679	-0.9140448016731494
1.3172761000048232	2.873858914599223	0.25043492779434473	-0.9624488989272997
1.454573563172795	2.970370834826539	0.11577096914012755	-0.9842581479383263
1.5792470709987856	3.0668827550703734	-0.008407690174033599	-0.9965913647809886
1.6956023348417886	3.1609957195325626	-0.12427142078295243	-0.9979453927503363
1.8058257915793337	3.2522369461391327	-0.23270458299160043	-0.9919993239992805
1.9114688295544346	3.3399972719610758	-0.33391179668862936	-0.98002250265282
2.014235051639234	3.4277345620893995	-0.4283468805895553	-0.9577827806587521
2.1165363649318265	3.5107771930750498	-0.5179853849108593	-0.9308250650680752
2.221440253497661	3.62877534305149	-0.6045870362616832	-0.8821461951590661
2.277341446686328	3.73138788794305	-0.6482624124846766	-0.8304566531470475
2.3466141759577197	3.9086133057319574	-0.6990699985397585	-0.7185064475133756
2.4247788469155185	4.051959869908287	-0.7534105494227006	-0.612232160781341
2.509306702417392	4.164501310096397	-0.8050599157169515	-0.5198206590462772
2.6002474032135754	4.362838229214328	-0.8555858811575048	-0.342417258112233
2.696122723576154	4.523159232042349	-0.9022172837496186	-0.1878258013882482
2.7959744088499234	4.66645461698555	-0.939662660338843	-0.04584638919440419
2.89802731014446	4.802535541042885	-0.968575124129635	0.08983304006269362
2.998055704301169	4.935631570302365	-0.9877959855197233	0.220936633580143
3.0959287640390936	5.067516038393939	-0.9979453927503361	0.3469993828964662
3.1897027064613943	5.198915285043053	-0.9979453927503363	0.4666117840793046
3.310061592792635	5.330106796003931	-0.9846099372351772	0.5780173130642714
3.4302141608624885	5.461171966630153	-0.9571542498790839	0.6794050627645036
3.5495354457803283	5.592099553478206	-0.9162903342369397	0.7690604222394798
3.66669431103498	5.72282941891624	-0.8635514374657193	0.8454547278495803
3.779474056261264	5.853334289377044	-0.8017155096169188	0.9073332994103573
3.884618125994663	5.983601425506005	-0.7351880412498067	0.9537143927436318
4.056017215873239	6.113646009084959	-0.6090621727832662	0.9838984637678889
4.210315571036751	6.243532676072582	-0.48066976065627526	0.9974611873866692
4.353525248871615	0.09018189546670922	-0.35106341169217153	0.994225983817137
4.490048099795131	0.22005280442316105	-0.22049011878834468	0.9742489852327885
4.621903768475362	0.3499278146596076	-0.09034384819874555	0.937861471838268
4.789817906685424	0.4795607875346867	0.07718284331230207	0.8857798121075666
4.950764056671637	0.6084730347258606	0.23567961160694217	0.8192231250989425
5.1106179687204	0.7359781483039561	0.387421476823008	0.7399798301057794
5.270669440716321	0.8611472758693274	0.5293018345397749	0.6504549148785503
5.430055626010385	0.9826155546122123	0.6563860983989638	0.5538084430994489
5.586579917753467	1.0983819896464226	0.7654848884177998	0.45410869349729
5.738104091578051	1.2054994072223366	0.8537818871860714	0.35653693947962684
5.8831195767961075	1.3520818165315085	0.9202477992693583	0.21652510614058668
6.022486273677006	1.4794050853383205	0.9659589351524075	0.0910711207110587
6.158649013126076	1.5959020862501376	0.9920263976101031	-0.02504274614146928
0.011006922930781801	1.7060108716495137	0.9992952670733193	-0.13453950063657
0.14690110638829806	1.8129843401339685	0.9882229852834411	-0.2395625526904673
0.28188836919854693	1.920216366962243	0.9592865747923499	-0.3422920355072392
0.4270938898438807	2.031866120657262	0.908528752995626	-0.4444579096350487
0.5632862867529688	2.15300101706375	0.843857188204524	-0.5491465094415452
0.7084295690983665	2.210588947035741	0.7578253694857335	-0.5961089543961349
0.8358252720303759	2.2936495568154376	0.6691873973113523	-0.6610038729928802
0.9441903905711221	2.39195740063603	0.5853021097437014	-0.7305928819298605
1.1123575493157347	2.4998356150055825	0.44172645917331554	-0.7993990387494244
1.250637307245433	2.615762710621211	0.314205461038618	-0.8631942997702788
1.367874696462667	2.7376382104793597	0.20113873300115692	-0.9177860048694807
1.548462969777826	2.8633790724688764	0.022339519539646795	-0.9597924597418662
1.7076665144724033	2.9910811380348923	-0.13617280155374417	-0.9869047086916571
1.8617800748447764	3.1192971478421674	-0.28630941310870156	-0.9979453927503361
1.9469558351220428	3.2475145648024606	-0.3668680553204707	-0.9926027950823526
2.047685631082248	3.3761134884061574	-0.4589135612850896	-0.9708677337735734
2.158089896110389	3.505764125108054	-0.5534952467644795	-0.9327050154903126
2.2776876102055246	3.6367564569004776	-0.6485328686426436	-0.8782324051474406
2.342205162938469	3.768810583723279	-0.6960048260854982	-0.8080890761842456
2.4220569177548468	3.901382047550526	-0.751518247846518	-0.7235336618333581
2.5128002403354612	4.033925412228906	-0.8071480062894154	-0.6263224096507387
2.6121917657260942	4.166123852638619	-0.861443174710918	-0.5184341039234805
2.718859877968689	4.297893439963793	-0.910743943129092	-0.4018989956406439
2.800996748256636	4.429279774080775	-0.941546087643326	-0.27876551391263854
2.886088855214612	4.5603671006912085	-0.9655489545466653	-0.1511200305842433
2.9711809621747873	4.691223502809186	-0.9843616737642645	-0.021107186275105157
3.053620552360605	4.821868886935717	-0.9948965935919203	0.10906386731510782
3.130755602805386	4.952262283370117	-0.9979453927503363	0.23713927413402766
3.1991195741653433	5.08229200637065	-0.9979453927503364	0.3608566640178986
3.3023003954923054	5.211766727212924	-0.9856017373052808	0.47799805927068606
3.4001054074398978	5.340407659855649	-0.9647862419855986	0.5864600088962769
3.4872127347030313	5.467901700104053	-0.9396619716805381	0.6843835239826225
3.623051408309979	5.593874987324827	-0.8849531064552089	0.7702105205581601
3.7867185247372914	5.717953713838599	-0.7973854846731322	0.8427966824722306
3.9857170084873585	5.8398758748700095	-0.6639874405815791	0.9014979119652714
4.158095467493122	5.959646852675454	-0.525294816824129	0.9461712802794169
4.312392360202639	6.077675727138387	-0.3886500811898242	0.9770271438225362
4.45915898259864	6.194749355419723	-0.2501408974729029	0.994337770192501
4.604682860916223	0.02847412907811888	-0.10740228493276101	0.9981769058940363
4.75252146297333	0.1452300503288723	0.04008417088733974	0.9885422032658855
4.905489818960453	0.29317339560287337	0.19157072721954516	0.9557330059630653
5.066175907056404	0.4370506918604161	0.3457425734127735	0.9042116176116528
5.237149005545223	0.5731814562292915	0.5004865552897028	0.8384627254415389
5.42101713402685	0.6983786746988362	0.6496996847415997	0.76433618191174
5.538567397881589	0.81102634268841	0.7343831278620107	0.6875329244349242
5.669551761151502	0.9076825935096221	0.8164098144098811	0.6152242823424026
5.804777217570908	1.0915071342353029	0.8862796064185446	0.46019976052130696
5.939675280779443	1.241007291870594	0.9398823844613023	0.3232367360429489
6.072836622114351	1.3715073329837457	0.9761027407578423	0.1975996000984262
6.204876720911652	1.4909746999709226	0.9949861882806055	0.07956285609872053
0.05360710603773002	1.6031492891332695	0.9965677335104075	-0.03228126401424472
0.1852754682352388	1.7101697823980784	0.9808924195030359	-0.1386422893819233
0.3151074834971038	1.813846415543888	0.9488261288103597	-0.24038843058935208
0.440297949044658	1.916246414667465	0.9028036505889412	-0.3384887767410599
0.5572355843384632	2.019799956246355	0.8471557965753111	-0.4334320140927507
0.7071973898800817	2.127347888978899	0.7586235559402494	-0.5272244487027878
0.8390284297679916	2.2418615926169414	0.6668177943197803	-0.6205421459496232
0.9517318762473036	2.365606346672073	0.5791210291467759	-0.7122734702160869
1.1337082907686158	2.5007299930932865	0.4228098726525854	-0.7999336092899341
1.287966931723239	2.6486804731453644	0.2789896816804345	-0.8793365591854156
1.4266958662597444	2.809395323927453	0.143500839412029	-0.9446956371771632
1.5564789502197796	2.9200193099946494	0.014333145407089857	-0.9741496747231906
1.6806806840715174	3.0344197584777346	-0.10955112872968106	-0.9924429323870616
1.8011187293468494	3.1488202069635056	-0.2281951646486659	-0.9979453927503363
1.91915187024341	3.2624433379258972	-0.34127223572707666	-0.9906950535758001
2.0364144129958808	3.3766740993890023	-0.4486140767908778	-0.9707256296307734
2.155154516603143	3.4932443332125116	-0.5509867975946041	-0.9374000621593993
2.278272515509964	3.6142375840281096	-0.6489898527921589	-0.8892752421985777
2.338215062699912	3.7396049110738145	-0.6932308843240289	-0.8255453314624241
2.4109733032833267	3.868156982507055	-0.7438128521891663	-0.7466319275262897
2.491200733243814	3.9985221296796665	-0.794237962607147	-0.653982851166689
2.577302593937204	4.129676111261317	-0.8443341728040508	-0.5495807772500586
2.666770590269542	4.261038666173685	-0.8882076166655353	-0.43557638243950325
2.758940305844475	4.39236446152115	-0.9257745028192079	-0.3141307968363948
2.8527489168056475	4.523596106971062	-0.9570979189558664	-0.18739482182436365
2.9446160047014436	4.654751797084837	-0.9803844655567345	-0.05753518449642984
3.0341453286928894	4.785854429889372	-0.9924078631227052	0.0732403835846204
3.1180789522694488	4.916933126065405	-0.9979453927503361	0.2027194850036456
3.239903987800175	5.04800682121576	-0.9935753474492502	0.3287031394744981
3.3610556454223213	5.179080958994358	-0.974684608460506	0.4490387295037277
3.4794802072768958	5.310147655361461	-0.9425617464881869	0.5616585924813866
3.6404068752326735	5.4411851866764485	-0.8764423077904636	0.6646194238888342
3.7926819401768332	5.5721566196652175	-0.7938211462142342	0.7561417011665874
3.933830487755322	5.703009992298539	-0.7009753104143032	0.8346499448563497
4.064516485513237	5.833684177067741	-0.6024217277771152	0.8988132751085124
4.18541267480247	5.964124774903673	-0.5019507054990702	0.9475813438698801
4.295424827819725	6.09431113515211	-0.4041547795590473	0.9802049674229618
4.477515769809215	6.224287015351837	-0.23255488970919772	0.9962289582804125
4.638268645116113	0.07100275716445259	-0.07399858314130496	0.9954539537367921
4.7906227196252855	0.20097417322386468	0.07798338858277827	0.9778935321197013
4.94159294683613	0.3310968598341534	0.22674456501335716	0.9437911960317128
5.095046858828929	0.4613084258619461	0.37281849125353916	0.8936937905403608
5.253220581363993	0.5913920414196584	0.5147258431931786	0.8285350204197439
5.417299780893283	0.7210249186736336	0.6469496949416634	0.7496662987339427
5.587769591109885	0.8498136247957563	0.7662555402388174	0.6588392205198202
5.764769910317795	0.9772818809869493	0.8683190577297655	0.5581799778302738
5.948371441154229	1.1028421163086848	0.942620739103561	0.4501570568721033
6.094757980534552	1.2258024524891682	0.9802903272651065	0.3374962237493883
6.220468739875115	1.3454493256144944	0.9959844880984638	0.22298687755516694
0.0630728142903424	1.461210642251237	0.9959616789098695	0.10916908440038096
0.18894478961046934	1.5728613299240508	0.9801914775090592	-0.0020296017382909586
0.31523058529248493	1.6806831285913106	0.9487873649929592	-0.10955354026214761
0.44226809533925027	1.7855591075362498	0.901949421664246	-0.21301428084709728
0.5701939375476451	1.8889749513889158	0.8400914048007381	-0.31236240945017113
0.6988428710390396	1.9930046480946744	0.7640354827719655	-0.4089468290212581
0.8278733184777837	2.1000309005574906	0.6750700214187405	-0.5038805244299553
0.9568862390596197	2.21171098173552	0.5748964594350883	-0.5969855955705498
1.0854781876481554	2.3299854616102196	0.4655413590787306	-0.6875096159903826
1.213243043588888	2.4565093489548446	0.34927475901181715	-0.773502892835941
1.3397595553315456	2.59211287374704	0.22853019384913614	-0.8515968589761658
1.4645865426578752	2.7364860392966777	0.10581108532969323	-0.9173539291993256
1.5872889839242235	2.840427031357669	-0.016439965712721168	-0.9539745570831096
1.7075164949517458	2.9475709931393568	-0.1360248064564344	-0.981133498507932
1.825137867939509	3.051209481883744	-0.25120576846090004	-0.9945884839310727
1.940416779385997	3.153152191920013	-0.36089275587686837	-0.9979453927503363
2.0541827015010967	3.251708081503486	-0.4647006239845811	-0.9920669073839585
2.1679307055899373	3.367905205302867	-0.5619047796064641	-0.9729483762689
2.2838965620901264	3.495697963519055	-0.6533838976465366	-0.9364799263541063
2.4046606332159315	3.6155483776262316	-0.7394242458686751	-0.8886324533612421
2.483265904438055	3.7214738400249403	-0.7894953087095824	-0.8363822879843533
2.572141948063012	3.805866141920822	-0.8418034879074165	-0.7859409376655604
2.6680933218402303	3.9605636418108348	-0.888856259662913	-0.6823902604113492
2.7690944313466717	4.1895630373353745	-0.9295824010266495	-0.49840398405312225
2.8734541028354443	4.36528271522242	-0.9623462869014074	-0.3400754131355807
2.979367824682717	4.514867752479659	-0.9854078694084529	-0.1960053924131028
3.0852815465761396	4.653738844034186	-0.9979453927503361	-0.05854692362939745
3.190210355318007	4.788101102563814	-0.9979453927503364	0.07547514286190254
3.293800936668666	4.920572380235973	-0.9866878794984149	0.20626506521838034
3.395772987224382	5.052254164896673	-0.9658844275007157	0.33268640713577835
3.523872005646551	5.183604488372004	-0.9259143799177867	0.45304654042870923
3.652680408882253	5.314804241808736	-0.8704235948245823	0.5654751794740618
3.782363521584641	5.445910539509462	-0.7999884737459189	0.6681151025679855
3.912942406650457	5.576919224966878	-0.7154968304337346	0.7592268425028317
4.044382812924801	5.70779156021502	-0.618152084767577	0.8372566703031309
4.176701569022426	5.838471391044542	-0.5093948421119707	0.9008889466761077
4.310042183857269	5.968906141683866	-0.39079764009981277	0.9490869598376865
4.444721030263657	6.099076273040011	-0.26397261753058027	0.9811152407163468
4.581256732441445	6.229056836845742	-0.13051229187068122	0.996534352465716
4.720385359219896	0.07578385492887771	0.008019722718094206	0.9951478375732232
4.863053536010169	0.20576256890784203	0.15003012717474906	0.9769788159432081
5.010374158627228	0.33589139786732713	0.2934102648784478	0.9422814325367002
5.163556459757628	0.46612712326365224	0.43528414708556196	0.8916044681833413
5.323817713221252	0.5962863960783323	0.5728627149877609	0.8258668080138587
5.4922560857284415	0.726091628503012	0.702400190585001	0.7463841632338795
5.6698386244757435	0.855211205085331	0.8165662011725726	0.654846247507212
5.799841265084196	0.983263783489447	0.8841394438343532	0.5532771479266559
5.935157905303483	1.1098187952313678	0.9384598973437366	0.44397577502952446
6.071921863246465	1.234446618700778	0.9759279964824588	0.3293895033339497
6.20871488906949	1.3568595203331866	0.9952319321180045	0.21187037984856585
0.062237312624097235	1.4771530509460844	0.9960151730188227	0.09331121327463533
0.19891552924450048	1.596118832965159	0.9782867901279872	-0.025259233108351254
0.3352101689199699	1.7155465039049658	0.9424959463416486	-0.14394645526068614
0.47062727074914645	1.8385329561516228	0.88965326478385	-0.26403841300765646
0.6048107656176555	1.9697142752457621	0.821219652230642	-0.3876644057566495
0.7376499333716978	2.115532524140049	0.7388968738473619	-0.5171275457133705
0.8692011820918267	2.284130582266519	0.6444968691493127	-0.6535667366641803
0.9995449444397749	2.3688805446127206	0.5399329379968627	-0.7145497123804101
1.128667438597246	2.4946314356387647	0.42727602744390114	-0.7962884963342245
1.2564049006688605	2.6537355544169388	0.30879646424135027	-0.8818154771614015
1.3824700227161328	2.748334991974025	0.18691908865468906	-0.9217974044794341
1.5064712052648146	2.8593280562398236	0.06414852388872028	-0.9587656047455946
1.6279613502881587	2.9619904346578267	-0.0570635905237033	-0.9831872201995778
1.7465270040966259	3.0646528130762776	-0.17450889220541418	-0.9963064014511714
1.8619186464495157	3.1642846930185002	-0.2864421662581944	-0.9979453927503363
1.9742002959910734	3.26065391656727	-0.3917636699846152	-0.9909237229627844
2.0839191898734826	3.3539470855571296	-0.4901121489300223	-0.9764864921857592
2.1921895939121243	3.4479842633747766	-0.5817336141914722	-0.9526498693687974
2.300596829109351	3.538837046242661	-0.6664317487474493	-0.9203023406291362
2.4110779026660425	3.6856231648346367	-0.7438855703111661	-0.8542690790964026
2.525550286094044	3.819438109404429	-0.8147687194379059	-0.7778289612059008
2.6454339808505325	3.937887258981297	-0.8777445396557175	-0.6981550185800985
2.7379855222480374	4.051809383359467	-0.9179162502422689	-0.6123497353134983
2.8344456502386834	4.246834600350239	-0.9524583915731852	-0.44855586296967737
2.933384920059224	4.406545397411966	-0.9775376007884076	-0.30054530141109326
3.0323745470078536	4.549821644826244	-0.9921815756916046	-0.16152318185464026
3.1295924579717878	4.685911348297308	-0.9979453927503362	-0.02641297472856106
3.2237559619763645	4.818810985786554	-0.9956388967347976	0.10602218125204918
3.3135340702111677	4.9501805328988535	-0.9841661908370556	0.2351111076644753
3.402213713417835	5.0806317868390405	-0.9642518268155018	0.3592996676296375
3.486697715227541	5.210278253017526	-0.9398551091138987	0.4766792830135115
3.5943170932105333	5.338966968431221	-0.8990438809454615	0.5852792031250988
3.688718418423298	5.466425850812824	-0.8527512242195061	0.6832917335738835
3.8434533862591267	5.592301090893747	-0.7634750098902332	0.7691909750298336
4.033804586751456	5.7162258230676795	-0.6264168101077581	0.8418547034142126
4.199286854208081	5.837942869630984	-0.4900944280648252	0.900659786902531
4.348074509826018	5.957466297573125	-0.35604422227111165	0.9454846400922745
4.487775205692037	6.075218987437394	-0.22272623521661825	0.9765578385073026
4.622426194301118	6.192002799297638	-0.0898220484453901	0.9941619182721794
4.776809849679152	0.02543442795613344	0.0642437639328805	0.9983715268141065
4.92838500788668	0.14190033526264584	0.21387659679192444	0.9891782710504218
5.065754831575054	0.29197864030157744	0.3453476780443213	0.9561092253040923
5.20829261451164	0.438030481984006	0.4749200231452593	0.9037867937973004
5.354501674109725	0.5765879504520567	0.5980116105009587	0.8366056368609945
5.502985110221841	0.710706556289706	0.7103372110562859	0.7563503727431626
5.65229148427594	0.8337664374450481	0.8070001806378849	0.6707104632956633
5.801111694779065	0.9447060577188876	0.8846902850562093	0.584879463551905
5.948684680820014	1.0402022172122738	0.9427193758876098	0.5056555075241375
6.095053796898808	1.218764710254531	0.9803468363824633	0.34409639862519076
6.228414747013366	1.3640362564987125	0.9964932418074868	0.20487837199139458
0.07849015669026299	1.492776407309405	0.994974562992055	0.07777070264645092
0.21164404034108314	1.6136126357060103	0.9758552920290147	-0.04273207136670813
0.3438955030200415	1.731538033228345	0.9397610008108075	-0.15972218849843145
0.47386000710642945	1.8506705814343558	0.8882515937963276	-0.275666393983114
0.5998384046653681	1.9755274698611753	0.8239303906435027	-0.392976423263941
0.7199023666049326	2.1115420556341515	0.7503934704330186	-0.513717462830962
0.876280173692953	2.265346486255792	0.6392600369201799	-0.6388907983973804
1.019167983607181	2.4443677445231042	0.5238496897009144	-0.7662458455838206
1.1534797175366958	2.5768840183703485	0.4052925463376159	-0.8441289111195708
1.2816215906067239	2.6556924421385073	0.28514760672001976	-0.8827750985580465
1.40997618896432	2.7553505816700774	0.1601209277508751	-0.9244283204969646
1.544752425764477	2.869663959337535	0.026045616856290532	-0.9613855581441386
1.67458327984623	2.9743287723403338	-0.10353600531304777	-0.9847639310735496
1.8017724341905588	3.0789944663339863	-0.22882142121114446	-0.997945392750336
1.9284511238271147	3.1813674325848194	-0.3499587039449972	-0.9979453927503363
2.056968167681651	3.2814091417622944	-0.4670809636684549	-0.9882714216480679
2.1903360615418404	3.378997530316772	-0.5802854568446257	-0.9701366844077053
2.2623198857899762	3.477185317217076	-0.6365261276903517	-0.9434223531197645
2.3487189312803647	3.5718916279103805	-0.7005332371398171	-0.9079065432507198
2.4435788940557313	3.7469096765008896	-0.7657743489913588	-0.821179266979928
2.545293305201673	3.9076484920863077	-0.8265691386797838	-0.7191771917813621
2.6523456008230877	4.055897325567605	-0.881133869732267	-0.6091558425943273
2.7641110767964587	4.196576501232974	-0.9277135934316778	-0.49241057923154635
2.8793821981171472	4.333381748602667	-0.9638489454725419	-0.36947026595489885
2.989920389856172	4.468638966371186	-0.9867563771803607	-0.24105896683267888
3.1004585816271284	4.603920695304486	-0.9979453927503361	-0.10815416557723212
3.209982250765597	4.740526973012846	-0.9973990333755507	0.02813719890551499
3.3185821771996427	4.879861751657087	-0.9835210954128165	0.16660232322414442
3.4271088793826063	5.023751078194037	-0.9579413792367937	0.3059554825770938
3.538764670484438	5.174753539487758	-0.9203294822593966	0.4452046703592836
3.654358201099596	5.3364661931311	-0.8696008366800343	0.5832295415135061
3.7737280353083786	5.430253962661913	-0.8051499112070213	0.6565328220889277
3.8970198187618603	5.542866839269591	-0.7265663096082271	0.7371682388482727
4.023461329326478	5.664571202440504	-0.6344979553148475	0.8136946068967981
4.15215831997377	5.790590243622175	-0.5303684479268813	0.8801283254024247
4.282379260555734	5.918650043355873	-0.41607563999525754	0.9332616973968877
4.413631066158059	6.047567094544631	-0.2937571513851424	0.9712755612251
4.545655288402989	6.176742159558193	-0.16563331579977497	0.993184835451283
4.67832336647634	0.022747434071950495	-0.03399186315146113	0.9985435651826752
4.811499225269335	0.1519854904477407	0.09874919269657181	0.9872517271306869
4.944863720552538	0.28150510482060814	0.22993114941561066	0.9594072618247076
5.077689614028989	0.41159909135065736	0.35654042263120617	0.9152470891372443
