1.8682559803765806	4.436692721852738	-0.2925134031453527	-0.2716638269140229
2.2152113018557733	4.233508942275844	-0.5997203815282843	-0.46073266654678147
2.576649475535808	4.05448137898719	-0.8440138956692851	-0.6102621159327613
2.780720532366437	3.9077949566823276	-0.9339423047153641	-0.7190753687104652
2.9150389361334392	3.856160351988976	-0.9728872453737334	-0.7549720574482015
3.0473538320076887	3.7750463100119096	-0.9940957720891507	-0.8043619773002149
3.1793260384668343	3.6694494644529856	-0.9979453927503363	-0.8622003613963991
3.311301520763767	3.5865564327935155	-0.984451487372211	-0.9024070953450495
3.4419809971646753	3.5373868655917167	-0.9541715823299997	-0.9208461728183288
3.568300635882677	3.52298163041339	-0.9092532010305819	-0.9262482794991509
3.747312863743735	3.541177115926992	-0.8209382816234019	-0.9194247911883375
3.9132831817217495	3.584997556399226	-0.7152599215479898	-0.902991689520703
4.062823721837911	3.6476019715669326	-0.6037442771925983	-0.8729139661706683
4.218643418026826	3.7223784423685253	-0.47355314053355	-0.8358416063974443
4.363810821193958	3.8022680856732993	-0.3414855041016602	-0.78809149893206
4.502692430877268	3.9385403247495168	-0.20801641536150017	-0.6977010033175383
4.6377850657768915	4.060567589223458	-0.07448158296155337	-0.6055069844824521
4.770545329300597	4.167655368769842	0.058012462331646135	-0.5171253360593819
4.901662598066886	4.264943352797569	0.18784201852219895	-0.4320083333582699
5.031379739311683	4.458173553316443	0.3131098363124286	-0.2510849497631273
5.159659309297759	4.613768233108571	0.43183130288241767	-0.0984395143825694
5.286263630473881	4.754499898285821	0.5420829956894484	0.042052115180867336
5.4108171108590515	4.891534687180426	0.642154004075086	0.17797479881931813
5.532884409267641	4.940310480523017	0.7307017765898023	0.22549510922579186
5.652086395260093	5.002296187798983	0.8068883740577416	0.28583453699150585
5.7682575039747475	5.06040369447298	0.8702203585776057	0.3403292446489836
5.88161245597403	5.109314829253354	0.919594331959462	0.3861993592626727
5.992835624842687	5.143814150118263	0.9566221717554428	0.417792618314241
6.102956452049811	5.166053420471456	0.981856462357622	0.43749643434903807
6.21289130825393	5.174299660421364	0.9954993329286947	0.4448025371290002
0.03950896260544277	5.175442595871032	0.9974703859541723	0.44581516881530314
0.14766202234267364	5.170067608949837	0.9880776292647755	0.4410529733024695
0.2508972999829735	5.160430528618533	0.9683568324312261	0.4325145970452956
0.3447167771575319	5.149677802018835	0.9395023878425504	0.42298776709862446
0.42408819518071517	5.141423840518534	0.9098319817594622	0.415674823086643
0.4832955021506773	5.139168628815977	0.884160490101268	0.41367672351768225
0.5821451032949223	5.14620012055083	0.8335760925817594	0.4199065690743668
0.655217179282795	5.165718397677655	0.7922955245840616	0.437199606827646
0.7815234428497753	5.200942648200681	0.7093583122067171	0.46840801165598406
0.8814018724933683	5.1671057582191215	0.6354711530145032	0.4384287971944542
0.964311920106997	5.171003900053154	0.5688102935240577	0.44188251974719456
1.0372803159321673	5.198557771129259	0.5082442887377617	0.4662950296051068
1.1050593194708112	5.237250935791837	0.44819263256660735	0.5005768646746682
1.1708363077867474	5.285588174745223	0.38904488171232643	0.5415293851042456
1.2379295451250358	5.342916494710538	0.32612312574959945	0.5885162762033173
1.307920030322819	5.409248805012819	0.25955017339067243	0.6409938169942903
1.3826702694120987	5.485043041984513	0.1867239962841082	0.6970641904769712
1.463414039412857	5.572774919777065	0.1069773711595144	0.7565422263229761
1.5511970957641077	5.67225551851951	0.019608670115769916	0.8178837981023045
1.646956694867742	5.783796377328886	-0.07603617118083864	0.8771825963902349
1.7509983795756463	5.906846187813347	-0.17891992915731444	0.929544753225165
1.8636602501458588	6.038786885092046	-0.28811064210714604	0.9695982980769953
1.974025079250129	6.150034102493696	-0.3916035593299678	0.9908495972726028
2.0929347643680027	6.262702892055297	-0.49781647142082897	0.9986885860429111
2.218117102443633	0.091599624568539	-0.6019906717790744	0.9941352118197808
2.3481428615400985	0.20410853104543264	-0.7001327499804717	0.9772947829787522
2.4818775595694738	0.32020811071471156	-0.78866549380578	0.9472199801633929
2.6183801481570046	0.443302783657321	-0.8644778425285295	0.9015007947314309
2.757077661879309	0.5760552485703626	-0.9250759927786807	0.8368960452740537
2.8974080201419823	0.7209147248447098	-0.9684181459796527	0.7497376805754095
3.0386983444976194	0.8792082818716831	-0.9929896910571814	0.6370939075977037
3.1802822271692555	1.0513940134845703	-0.9979453927503363	0.4957396653518876
3.321866183087948	1.2369240398571042	-0.9831014337106068	0.32706611433679533
3.464029667650695	1.4332953344907453	-0.9483558527491236	0.13693636608125254
3.608555032281735	1.6351112020908678	-0.8920618600424427	-0.06420487398108599
3.7582324629114345	1.835256573196298	-0.8144116279525699	-0.260899601437404
3.915880679059565	2.024364541649692	-0.7134541257258584	-0.43760306962764794
4.083322903204191	2.194788121657313	-0.5877283496718031	-0.5837638334126249
4.260380281984915	2.3429967620529766	-0.4361780048809743	-0.696555150566286
4.44453408010256	2.4697556808640417	-0.26415171787895597	-0.7814202366369805
4.633767607477447	2.5785274339786937	-0.07849422675980373	-0.8449348116134858
4.8222937234726935	2.672497751837622	0.10948645107781464	-0.8910161103375007
5.005749669112872	2.7557308880265676	0.28907330019738164	-0.9245709391688377
5.181190489624768	2.8286102785586436	0.45090775680548956	-0.9509792366584808
5.3474142274963565	2.9014896690905267	0.5922026650723411	-0.96945276578339
5.505586338103393	2.971890839344898	0.7122615238359852	-0.9844523886629891
5.656696650761788	3.032176853910284	0.8094017066177599	-0.9921563125755619
5.80268194600143	3.0712462687985393	0.8853711248582402	-0.997148976326479
5.945435866597991	3.093707752256637	0.9416963490431987	-0.9979453927503362
6.070067223094602	3.087492618760523	0.9755737088545253	-0.9979453927503362
6.194036169706267	3.056411714515223	0.9942921075256257	-0.9952532750050448
0.03470242629249171	3.080839883048115	0.997778130854752	-0.9979453927503361
0.1584830224909441	3.1361712973958493	0.986010518579963	-0.9979453927503363
0.28142424100634095	3.179520863042356	0.9594327252236844	-0.9979453927503363
0.40205202392294964	3.204358380629208	0.9193865691165475	-0.9979453927503364
0.5185852939337816	3.2168175803414343	0.8682264364330226	-0.9965255495443629
0.6293276739498803	3.2197044223142424	0.8078539843279173	-0.9961566412483598
0.732792113149999	3.279330071775825	0.7420436939218242	-0.9885371051088199
0.8275322761053192	3.327684217968959	0.6753223146531806	-0.9823579495316123
0.9119983077715541	3.368910603236806	0.6116870777607437	-0.972693527156151
0.9846737757771016	3.487650881198003	0.5521215034893057	-0.9394976623805951
1.0439854079308364	3.6007132695248525	0.5023036307422446	-0.8959073148664355
1.0905226544133693	3.7077418787280183	0.4610720017861183	-0.843422472577075
1.1231332454728267	3.8084640338929265	0.43217927838211995	-0.7843881754335624
1.1442241448518273	3.901069314988381	0.4134929098649722	-0.7237510753975396
1.152646864354947	3.981656382500825	0.40603044760940005	-0.6671599912472539
1.1505413118308936	4.0434611455075835	0.4078959503406798	-0.6188721797942356
1.145586706596338	4.075743058590556	0.41228569103434015	-0.5936504516222044
1.134062235010203	4.195054098145215	0.4224962808794719	-0.4937115594803612
1.1189714888813973	4.393043722403459	0.43586656150592784	-0.313480057302682
1.1023306935587125	4.523728860258493	0.4506101733467639	-0.18726385996283054
1.1056151817749522	4.622698836102513	0.4477001430016382	-0.08954973337651621
1.1082356053558864	4.705145076688989	0.44537846862329883	-0.007202295937252433
1.1137232922310072	4.777634931431066	0.44051642185077844	0.0650644705362868
1.1239108950070107	4.843712247824945	0.4314902871014817	0.13079139974541582
1.1397728381437182	4.906170556782313	0.417436732081174	0.19223394293339285
1.1619299004333175	4.965648010952325	0.39739753858550053	0.2501804547306249
1.1909660530039612	5.024714333430965	0.370166691206134	0.30685884800336194
1.2276426840031731	5.083542366287957	0.3357704075146564	0.36202928356501773
1.2729966358484588	5.144957100145273	0.29323631014258383	0.4188052629159534
1.328591467689582	5.208882966787448	0.2394108162854583	0.475443070549851
1.3965132210332238	5.278402342052939	0.17323736053925695	0.5356398014155416
1.4800085691324845	5.353160437899909	0.09047083700126891	0.5969123192646746
1.5837012909654251	5.435909965830279	-0.01285657222656146	0.660716968835968
1.6741241912500473	5.526013532364146	-0.10308311184179737	0.7262509298350174
1.7040149198032029	5.6249089202455815	-0.132570482961897	0.7903138176436161
1.7751221434674949	5.731791814630119	-0.2027181573412675	0.8503406785208996
1.8720538292413322	5.846093382355653	-0.2961517848978211	0.904193739553468
1.9876536495608685	5.966244732146711	-0.4040571599539776	0.9482489022528529
2.119278458988299	6.090855143016189	-0.5203286606415438	0.9795447772212331
2.2661709086834203	6.217491687927547	-0.6395349163068463	0.9957938783753757
2.428851778229015	0.061264620286967754	-0.7562420758472573	0.9960774509435266
2.6083440725411946	0.1883612777072334	-0.8595563374298322	0.9803029444412621
2.7371878238704244	0.3172655762655754	-0.917617105404879	0.9481465618409988
2.8789084497385544	0.45088364146765936	-0.963728859335625	0.8982138367865475
2.995500990581309	0.592300697203348	-0.9874695197505379	0.8280396565150413
3.1052024339409345	0.7438812943453657	-0.9979453927503362	0.7348602955245228
3.2132847780633536	0.9072840989823756	-0.9969770048303809	0.6155508926279758
3.320359504447834	1.083489503778689	-0.9832939715270111	0.4673033171148094
3.428197365461036	1.2721409825110725	-0.9576654688713917	0.2940387637522114
3.5403810893222167	1.4709907566406757	-0.9197233090942609	0.09944083087537285
3.6581749764199034	1.6871825739190782	-0.8677291609455584	-0.11596527947800046
3.811052895527911	1.9043088376514097	-0.7828408106417092	-0.3270524442458377
3.965426253693717	2.0482629914087975	-0.6790097432901496	-0.4594411452325655
4.156820198569394	2.1910887791112255	-0.5263846068377185	-0.5808735520382577
4.3373013338907525	2.3195780641988857	-0.3658886026786641	-0.6802743305134575
4.511105303819835	2.4305322540166663	-0.19971706908753567	-0.7574103527545537
4.76240105970114	2.5237863762007247	0.04991137922723038	-0.8137144290007345
4.980037076720971	2.601289755858198	0.26419914771184516	-0.8560970315365504
5.17716519410106	2.666702750637572	0.447341377098547	-0.8881743493698895
5.358043761005148	2.7250403535288004	0.6009147419954692	-0.9130616830271654
5.525169371649571	2.7811537962679718	0.7257040957074732	-0.9341047829941332
5.681148369479767	2.8372672390123443	0.8227318356701978	-0.9531736102654427
5.8289162290890415	2.9111016386244013	0.8967459570184668	-0.9718892158941259
5.9653258858467515	2.9886400372211006	0.9479595645540781	-0.9865927614669491
6.098944583523344	3.0569331914133566	0.9810900843719006	-0.9953199143139185
6.231555744722281	3.1072059176354823	0.9966943483766908	-0.9979453927503363
0.08095872965575805	3.1456060767613176	0.9948165093142343	-0.9979453927503363
0.21331351306749297	3.1631963379240644	0.9755363765070224	-0.9979453927503363
0.343972436707552	3.1650283989657555	0.9397367749788011	-0.9979453927503363
0.4707073436409203	3.1531332180126355	0.8896185462553707	-0.9979453927503363
0.5910855357133037	3.17276285794664	0.8287021154476288	-0.9979453927503363
0.7138701559136172	3.2248127469052004	0.7543010423131034	-0.9955038506425588
0.8232539840640626	3.2640836217101596	0.6784872707528221	-0.9904854424153995
0.9184443455451464	3.2987213138468667	0.6064038377308331	-0.9860591066117794
0.9967124763049312	3.3339383950702053	0.5422544585276233	-0.9815583118560922
1.0532718895955633	3.409278801442159	0.4940758821054273	-0.9624609623689846
1.1790877409965212	3.4898961884823136	0.381306476362316	-0.9386556497837217
1.266851558368866	3.5788346064951617	0.29899932115356587	-0.9053028571231874
1.3374315334240692	3.6751015435112637	0.2307982927583495	-0.8594286867928582
1.3856350339501688	3.779379755385342	0.18383554442148772	-0.8017718733303253
1.415935363638851	3.88928942467416	0.1542042824786672	-0.7319405262219536
1.4317128267534536	4.003430579040279	0.13851048227873647	-0.6501478995266995
1.4351124712721905	4.119566069415104	0.13512886500349355	-0.5582203845015016
1.4303136627351087	4.235771429404849	0.13990222697123478	-0.45866523683998417
1.4198605773797681	4.350661942204633	0.15029988290919763	-0.35367986205208646
1.4070461841504198	4.463430669556356	0.16297551460036103	-0.24604857351987303
1.3956203134712262	4.573928425799265	0.17410728477016363	-0.137741707415223
1.389506227022028	4.682877519872465	0.1800639953843242	-0.029443167429151637
1.3717214562977944	4.766585556808835	0.19739098829220936	0.0540736872654962
1.3672832169888551	4.8542138575815805	0.20171498786588404	0.14123732277506623
1.37337000403286	4.942429829250681	0.1957848739735766	0.22755990617723829
1.3900712868052658	5.031705917484601	0.17951348017057717	0.31341573455509664
1.417615802150553	5.124429835459166	0.15253275480280712	0.40037459911675605
1.4562938226859494	5.222640797342242	0.11405983162103622	0.4876323986161222
1.5064966332223257	5.330333052355876	0.06412323076765425	0.5782027551385504
1.5687579931224882	5.452184056279846	0.002068817645725588	0.6727560679291997
1.6437910897697414	5.59305647346306	-0.07287435972757286	0.7696803000613354
1.733095049067532	5.757272399034727	-0.16125819334382477	0.8642317052565871
1.8376201606363758	5.858831497940333	-0.26316394467974763	0.9097168150775605
1.916069646552841	5.981415764088384	-0.3383194309072552	0.9530261446167112
2.0142560399092835	6.070253851989738	-0.42836605938285677	0.9756093601416471
2.125548220970109	6.162451490186802	-0.5256865297687774	0.9922698562773886
2.2449275741346844	6.26124693170811	-0.6229375849133001	0.9985953662390606
2.371381741636177	0.07273778180657282	-0.7162885596429385	0.9953428664691157
2.50305727670582	0.16422706856629382	-0.8013246286762262	0.984913246714727
2.638745730315015	0.2538710857723489	-0.8744647458028232	0.9677887569950063
2.7773293768580727	0.347130764553412	-0.9326705876208037	0.938742241604789
2.9179240744752617	0.47747109366502144	-0.9736185726639051	0.8866858752522813
3.0596475591531016	0.608796651253559	-0.9956667822017443	0.8190467019146471
3.201701671174148	0.7389544977706186	-0.9979453927503364	0.7380517974032779
3.343755815679976	0.8626873534481425	-0.9790697838340756	0.6493156102495096
3.4864844668505084	1.0342485299910726	-0.9399350793794295	0.5109304268839998
3.631944550841882	1.2687308124651326	-0.880592074515069	0.29723690854197815
3.78340421827773	1.4482016687094013	-0.7993664484510468	0.12210907545526721
3.944594572128568	1.7208617847497343	-0.6934920540092647	-0.14919000958217155
4.118804444695431	1.9376004521284815	-0.5588712362537552	-0.3583192346569667
4.307691411212509	2.1284605071605323	-0.3929457439000056	-0.5281752443826027
4.5103027736638905	2.3038608206531115	-0.20050876958092828	-0.6689818921438752
4.7260189432965225	2.402382039390081	0.013646555536775072	-0.7378401536922743
4.947643808980742	2.4991997632326366	0.2326396787087741	-0.7990189896062033
5.169283129286618	2.5906306028248127	0.4403579305820196	-0.8508699808436515
5.386390761043173	2.677295913535033	0.6240841004555481	-0.8933690397256555
5.532565273074137	2.761822634153599	0.7304950451476377	-0.9268554046456821
5.675903332478746	2.846580036056048	0.8198724448472118	-0.9555342258820889
5.812482143668766	2.9313374379832466	0.8896203587035376	-0.9770186033120668
5.9430710584947155	3.0117709511674984	0.9409516889899605	-0.989548651027007
6.06963497191624	3.0798088377541	0.9754911369095043	-0.9979453927503362
6.194564261602486	3.125429898067727	0.99432591931389	-0.9979453927503362
0.03624165510447499	3.2038945335524622	0.9976795796763416	-0.9979453927503364
0.16058551758057762	3.266606590725329	0.9856088837952854	-0.9901630332883942
0.28153830910226574	3.3090613706479792	0.9593968060494114	-0.9847377551935156
0.39403229895510605	3.339383405960674	0.9228638139558958	-0.9801781059222003
0.543081503076645	3.3540317683644285	0.8548720529258307	-0.9764650267166382
0.6716670347177524	3.360293691595245	0.7816395651326384	-0.9748777491565738
0.7729456125299689	3.3636105586512506	0.7157039417548082	-0.9740369869093131
0.9290290828371138	3.368344201559068	0.597728476255896	-0.9728370991291562
1.0467030514854967	3.378248188446219	0.49989582024312484	-0.9703266282144405
1.130862923679671	3.396176277386146	0.4253308451836822	-0.9657822011717802
1.280448332569775	3.423813192849433	0.2862479181494709	-0.9587767726273368
1.3904304115142194	3.4613035790372133	0.1791635992875694	-0.9492736780475179
1.4747195211776178	3.506899532372852	0.09573183880166003	-0.9322792264563475
1.5406214607907591	3.556502715096119	0.030171631303004008	-0.9136775388433215
1.5921979857806816	3.687329749085485	-0.021343084646809066	-0.85343220187333
1.6328931039991046	3.8072766460714926	-0.06198943404657451	-0.7850978781400855
1.6647263104560848	3.97435005827581	-0.0937844917540006	-0.6728058604998739
1.6926962400030865	4.120609452610842	-0.12140454194904834	-0.5573287540650449
1.7205759274608203	4.255243571552895	-0.14890800976572005	-0.4408718604199631
1.7541809101791968	4.383745799851503	-0.18205951342141427	-0.32238757125429796
1.72211628439059	4.50936720339083	-0.15042758050367516	-0.201431714894945
1.7280172826706375	4.634266586345361	-0.15624894835536177	-0.07799584586557753
1.6753297593184255	4.760674455988073	-0.10427241149301172	0.04819393114951952
1.6723548252459208	4.891686551546598	-0.10133762236942864	0.17812275421533713
1.696085100502951	5.031910874454485	-0.12474767181140825	0.31360794844957407
1.7393505575615107	5.09641861378758	-0.16742928750698158	0.37410495817886724
1.8014062192369904	5.187452588308779	-0.22847058318362037	0.4564559262598789
1.8860622559638456	5.292098442978694	-0.30957201460759837	0.5468652690913729
1.9981405512216837	5.405705739459385	-0.4136399468560009	0.6383727600803077
2.0531684248271054	5.527304202170192	-0.4638338667306666	0.7270870055788301
2.1123173227497487	5.657001045448452	-0.5143799727884482	0.809567650799554
2.205393902692708	5.794742133705063	-0.5920500872551184	0.8819285290780063
2.3228262469278347	5.905374058379571	-0.6825324867456362	0.929081190883252
2.459423409149447	6.021741904921536	-0.775244629082303	0.9657245391029736
2.5557354518894035	6.140372471741688	-0.8328104185989627	0.989003958247879
2.664665875144393	6.259414057155996	-0.8871755034555261	0.9984780140003403
2.780961850914365	0.09515579263226497	-0.9340328015745845	0.9939075234146673
2.9007087754838095	0.21429043130667508	-0.9692548242160708	0.9753497580703963
3.0216080347827328	0.33387220565364756	-0.9908057277178403	0.9429172607796996
3.140586563828456	0.4530177479022363	-0.9979453927503362	0.8972885169512654
3.2592238426653166	0.5977257335275709	-0.9911064714925957	0.8250821370396156
3.377564804372425	0.7706277474018101	-0.9704998529834541	0.7174186310057453
3.531407067555139	0.9261876738240203	-0.9230886566461505	0.6000573248240542
3.7127811241948505	1.0701142865758577	-0.8409513201856428	0.4791536528049909
3.8904554417840904	1.2883342655295629	-0.7311299040915699	0.2786318030012155
4.077576577117948	1.471345984902576	-0.592217931009891	0.0990874862769961
4.258122784862294	1.6343752680723498	-0.4382408747883794	-0.06346982190207975
4.4544280544894255	1.7952770927377515	-0.25467317959306895	-0.222598811344469
4.670417819544716	1.934963242097161	-0.04188793611663431	-0.3559093883016364
4.901586405731915	2.0555212084049996	0.18776778736858168	-0.4658444544581807
5.136800728454609	2.1577490170579408	0.41157878269641657	-0.5532039461765893
5.365321040073737	2.241522195862994	0.6068792760913614	-0.6202769766379864
5.5800220207801265	2.3076622869181085	0.7612367851739239	-0.6719519623669276
5.780774354838274	2.359341302636433	0.8758722881001116	-0.7079179738002397
5.971872092805522	2.4025668827553366	0.9500209152470471	-0.7379686579151151
6.109284457290804	2.4450629343257644	0.9830652865945664	-0.7666613611176578
6.2457233674343255	2.4888742939483697	0.9976014493240448	-0.792847447869894
0.09895298913245176	2.5401382075953967	0.9936644028423159	-0.8234879324744291
0.2350240108386702	2.600735369997092	0.9713890702229011	-0.8558251710059479
0.36908083924994506	2.6698623620375086	0.9318303303298485	-0.8897237641222249
0.4985801472327035	2.7478603668484203	0.8775332736510962	-0.9216194153296442
0.6529878268275967	2.825858371636058	0.7937396642884774	-0.9502816809803611
0.7959053169602145	2.8897456877186576	0.6987190197621691	-0.966475891521239
0.9291667314375959	2.9236896058028554	0.597615658022173	-0.975080024387411
1.0545236657497754	2.8844279952313903	0.4929668184235875	-0.965127958363128
1.1731921206515055	2.8709137457996716	0.38683554008490184	-0.9617023550662822
1.285285890103451	2.8969835848891057	0.28160171361787817	-0.9683105597752617
1.3902527002790692	2.959259056644348	0.17933673625733104	-0.9828381785761764
1.4872186907825253	3.039912214091035	0.08329894835408785	-0.9931448109312496
1.575302973014621	3.15145185354434	-0.004468318776442076	-0.9979453927503363
1.65397296444918	3.2756901099857734	-0.08304403250119151	-0.9890022542628549
1.723379334975887	3.410122810618531	-0.15167358697975958	-0.9622470222140573
1.7829724337840802	3.533445207805527	-0.21046251270396873	-0.922324333750566
1.8342092702472699	3.684832255772508	-0.2598962734813034	-0.8546569262122353
1.8797950830706243	3.808391143975789	-0.3035679927767422	-0.7844317417987693
1.920309951699791	3.9919408379879853	-0.342381690734061	-0.6591247877564379
1.960580171214366	4.128957380751024	-0.37931778677376715	-0.5501949734544875
2.0023672710689326	4.3349024525210025	-0.4175022654798213	-0.3680806675719055
2.048619269487736	4.494216224309983	-0.45976670725448165	-0.2163782406109477
2.1059651461780775	4.642452510605316	-0.5089516756947412	-0.06981973157480946
2.178025536172426	4.790907633428243	-0.5705313879656788	0.07826679157762848
2.2692798512610453	4.924682992964448	-0.6419639205729124	0.21026987127957386
2.3851793974247273	5.073598920792988	-0.7258807731999795	0.35270406576834945
2.466882039282274	5.239834156441222	-0.779702658629742	0.5028655775525822
2.5186491078355417	5.429112607754305	-0.8106438793478817	0.6556884809028055
2.5909887823965634	5.534136940167794	-0.8510456254537662	0.7315131465459974
2.679582648093762	5.677800886410771	-0.8944904118855488	0.8209069176828272
2.7800125967167575	5.752246912674695	-0.9336768217950657	0.8614920049310949
2.885526302144632	5.8448602376363565	-0.9654063581219869	0.9036590645953446
2.994015952684548	5.947624743766187	-0.9872797473954334	0.942385609785473
3.1025056032358393	6.05435011265284	-0.9979453927503362	0.9725713055199559
3.2099237691117026	6.161950187948647	-0.9974065067209879	0.9922377597327259
3.3164893224444953	6.268920285492572	-0.9837885404232382	0.9990866629533183
3.422691692452544	0.09091086646812387	-0.9590610514899114	0.9941793104761385
3.545414649660087	0.19204812535450602	-0.9178356738288233	0.9795986544439858
3.669671803111305	0.3180642757740334	-0.8620913306474844	0.9478950574514182
3.8089757156450816	0.4385648091351645	-0.7840823428169331	0.9035551167340171
3.9497338129790465	0.6089004671575492	-0.6899192227606575	0.818990105508732
4.092854708641524	0.760726271076737	-0.580281188621862	0.7239483826679388
4.238826895204581	0.9532796533395559	-0.45587319410016747	0.5778524548413837
4.3868579162212376	1.1151555721625384	-0.31940612891300496	0.43924743326288757
4.533345348476224	1.2658459340467116	-0.1777771404790945	0.29994242139286026
4.742992772799304	1.4127510678536614	0.030600043690294194	0.15737169294683007
5.015168417789247	1.5596010966700211	0.2979064438822063	0.011214740520965074
5.254039255784519	1.7103972243206575	0.5154511821956836	-0.1388666621123315
5.469096522304233	1.8707858331709586	0.6852674187177129	-0.2949370304594686
5.66170689087908	1.9738563796844835	0.8121330952828072	-0.3914494039807205
5.83486383297604	1.9973702752920905	0.8993247580378879	-0.41293607927644405
5.9948481240283575	2.058648569531271	0.9572558924149192	-0.4685169628686709
6.148879789523526	2.137243128772101	0.9906290915299207	-0.5356804953515102
0.018828426712991536	2.1543191486023003	0.9987944848577861	-0.5502729280036087
0.17247408391904737	2.1930563319614427	0.9833378384049679	-0.5824107931250774
0.3248963783555595	2.2454888228252683	0.9457436804052044	-0.6233760862460568
0.47210227396852955	2.3074350355356676	0.8890137232343346	-0.6717744117806315
0.6093244849762044	2.376863745813174	0.8187589474331627	-0.7200996820243203
0.7315903311269792	2.4552381812368997	0.7428221895479641	-0.7727431148143163
0.9063219691342667	2.5407784775159525	0.6163394643220985	-0.8238706223482186
1.0576921444275043	2.633532261579009	0.49015957160367635	-0.8719081575557464
1.1935485140566355	2.7312476236046868	0.36774479310453656	-0.9153894711355512
1.3189793043916522	2.832437386179854	0.2487755636794589	-0.9519493351127711
1.4365565403430394	2.935341736169657	0.133692453375833	-0.9780336161796499
1.5470882131820345	3.038246086186347	0.02371262863426245	-0.992931897161798
1.6505977740242044	3.139456065896815	-0.07967288688691981	-0.9979453927503363
1.7469182408536297	3.236705533597088	-0.17489484945731187	-0.9939840765383444
1.8361477343465593	3.3499059933222375	-0.26175334380132814	-0.9775108316396555
1.9189964580233208	3.4565118617861783	-0.3411233490794453	-0.9504882865609714
1.9970221842438163	3.6099824041645077	-0.4126179984508578	-0.8913619033793285
2.0703370437332382	3.7762466627602143	-0.4785054305733263	-0.8036445254459206
2.1416189739606026	3.9248042126253706	-0.5394199045841166	-0.7072504313477408
2.21420579255131	4.0580635001935645	-0.5989347811741035	-0.6074634191171719
2.288990778266458	4.179452825260912	-0.6573639881485699	-0.5070437367743101
2.369391845427606	4.288815715800911	-0.7149051717920255	-0.4101940954729699
2.443402362191654	4.474005388501843	-0.765668835746687	-0.23591787432174707
2.5262222479364724	4.635466597498911	-0.81517035160024	-0.0767972727991716
2.617515235457509	4.7914702885690685	-0.8640537054032782	0.07882646313556148
2.7159478657909077	4.952562487795336	-0.9096519095561937	0.2374317513341751
2.8195444373330347	5.043582747132848	-0.9485016557984491	0.32455412951687024
2.9257255334453007	5.157200358298449	-0.9755960930362352	0.42965269192263716
3.0298755873308623	5.280362262743906	-0.9918622347076149	0.5372461729283473
3.1320834544845924	5.4077558601681295	-0.9979453927503361	0.6398893797919996
3.231152034182712	5.537111168061069	-0.9946937558436577	0.733439804926392
3.3568215230517837	5.667418814633858	-0.9757578773553155	0.8152470146627517
3.483245107129227	5.798202990607122	-0.941149871541813	0.8834291100643445
3.611016124047778	5.929201334244794	-0.8908549863461283	0.9365842185030153
3.74056300022083	6.060252285832429	-0.8249726807678044	0.973698784040977
3.8721474099726394	6.191268626956556	-0.7438577582746165	0.9941149119084688
4.006026907143982	0.03906444170550449	-0.6481193988765463	0.9974988469978947
4.142636789407154	0.17010066310573768	-0.5385051387318732	0.9837912275053768
4.282705514559849	0.30132455657613255	-0.4157775135611128	0.9531662674797642
4.427286174772901	0.43280842528332164	-0.28067540438006167	0.9060510073190917
4.57766796305401	0.5644788965224793	-0.13405263297021536	0.8432070235956417
4.735111556820845	0.6960902203121565	0.022728272520198017	0.7658186069243678
4.900454304190928	0.8272215605172862	0.18666482598235765	0.675552173013974
5.073580885274316	0.9574159640729137	0.3526871515971218	0.574462291269561
5.25302827822412	1.086177842617707	0.5145554641460783	0.4649214703598593
5.436119762387838	1.2129371337516575	0.6608721702313205	0.3495616490902875
5.618024546968654	1.3370446025099043	0.7858542281488957	0.23117526411825806
5.7964187140129635	1.457890176301801	0.8826554717408501	0.1124719429653229
5.9295029198504405	1.575249377376514	0.9366791855123239	-0.004414787367069736
6.059816090634447	1.6898419994887477	0.9736154586789902	-0.1185888176965377
6.188525702866846	1.8039082482272293	0.9939392925338661	-0.23086755498171413
0.033938058920943766	1.9216363955365865	0.997827070495576	-0.34365243878732415
0.1620689965363465	2.0493931519981374	0.9853254982340482	-0.4604738704781141
0.2870108070048883	2.102382155422737	0.9576735581571751	-0.5058898057853415
0.4039275926887083	2.186717106949486	0.9185733477357985	-0.5774579822534921
0.5616496158261183	2.2941505213254048	0.8447494377401465	-0.6613952745390572
0.7540612526290272	2.423485512973214	0.728265877529982	-0.7525114158622411
0.923466000505135	2.478029752845208	0.6022880367639661	-0.7863656564678063
1.0724036318765808	2.556282582572854	0.47712531114048573	-0.8331374390718504
1.2090605200713096	2.651368397877944	0.35319723666414	-0.8806546675559292
1.3381779890974936	2.757843430855472	0.230071050762373	-0.9253631637724817
1.4619714816891811	2.870702362861947	0.10841227945419979	-0.9616487735416828
1.581339009674954	2.964276661209196	-0.01049712188173977	-0.9834793761087988
1.6966648991286117	3.057850959516165	-0.12531964640277293	-0.9954371955056575
1.8083450916599215	3.150008746844604	-0.23511810068770356	-0.9979453927503363
1.9171820355073574	3.2389780035044624	-0.3393851119856475	-0.9936936785847521
2.024673634996665	3.3205419606804285	-0.4378855148886674	-0.9832706555234004
2.1332823328532253	3.434655512271425	-0.5322957693866991	-0.9560284523935649
2.24626339126557	3.537090227811851	-0.6239812534367903	-0.9209574149405546
2.302053994665185	3.618304233287104	-0.667570226304725	-0.8872810329250616
2.372530488005898	3.7713229748186294	-0.7170871750505199	-0.806587417898698
2.4530016297119186	3.881455434316108	-0.7714063260735994	-0.7373867635879121
2.540840910395941	4.060369934601673	-0.8239079385334651	-0.6056614112393112
2.6355083379806086	4.258412620529554	-0.8728771887247193	-0.43797602693094795
2.735708821850791	4.464787572113976	-0.9170624649153413	-0.24474864567088908
2.840007357138239	4.6263389237413355	-0.9538681777094755	-0.08591400799984543
2.946408169233818	4.769973228101981	-0.9808387449276764	0.05744339480539053
3.0528089813655495	4.90623253879098	-0.9947928832829765	0.19229432953276154
3.157606123664271	5.039442238278311	-0.9979453927503363	0.32067105429137366
3.2599871017698288	5.17137929729624	-0.991008934939398	0.4422151187084138
3.377764434591212	5.302762518543985	-0.9704492505479225	0.5556056570455598
3.5065207755076298	5.4338643622650045	-0.9324212640535611	0.6592036907757204
