0.7532551200003341	1.0807836687673884	0.7287880776573806	0.46970066533875976
0.9895167295626686	1.3690513150350805	0.5481521678754597	0.19999240044643266
1.238108795220008	1.5989552499814066	0.3259550204206634	-0.02809225097715418
1.4041541078956448	1.6055615611293932	0.16579314916718	-0.03469064515611658
1.4763534077646592	1.5445212758734068	0.09410661620027483	0.02627648973852974
1.518877500666029	1.4645868824563908	0.05180801516220815	0.10581074733302212
1.480401780732493	1.385029981027685	0.09007971047845569	0.18442502335598354
1.4611716988912717	1.3107060599424283	0.10920782125598122	0.25683585583164137
1.4573111383074555	1.2464573809041724	0.1130479105036667	0.318125502992487
1.4645657965668057	1.0876541306264689	0.10583172141077987	0.4636134909667833
1.4833004462210855	0.9663309481627219	0.08719641569944259	0.5671554769964198
1.5139221139271521	0.8470729386125926	0.05673712504688537	0.6608667004975685
1.556741634332231	0.7334680201996655	0.014070776093916788	0.7416058518907707
1.611977142005629	0.680002030265126	-0.041098537633496884	0.7762402851856632
1.679735048591293	0.5952307785609472	-0.10861825403242759	0.8264422897580689
1.7600822489071257	0.48574592882980594	-0.1878812171268426	0.8830980180640888
1.8531327373324542	0.38990026128608823	-0.27802516691231527	0.9246554098919405
1.9592963940593404	0.32727194346000843	-0.37814468881746005	0.944995633054259
2.0785863521595895	0.3273582746204168	-0.4855549350149312	0.9449684480296403
2.2110890654879753	0.3112400744441752	-0.5964996949208259	0.9500439464536848
2.3570537537319938	0.29345803045359314	-0.7063276559991707	0.9556433766173282
2.4757283299319988	0.3124765844967822	-0.7849900940434027	0.9496545788596173
2.6085493079414963	0.3464547949247646	-0.8596569810586452	0.9389550992903487
2.750837766037505	0.40010969025273335	-0.9227359696830939	0.9202287388615367
2.8553283020810105	0.4759353916476972	-0.9577517437019437	0.8873517349838717
2.962036017722116	0.5744598946526305	-0.9831930452397885	0.8377657703781645
3.068725950816414	0.6949256763599042	-0.996826905973848	0.7665729803098158
3.174316223394931	0.8348609794057034	-0.9979453927503363	0.669900752967036
3.278054516049329	0.99228367620688	-0.9887001078273446	0.5458843494442348
3.42499142159441	1.1641880443930395	-0.9584781142154417	0.395279793358125
3.57117501012359	1.3470140433770645	-0.9081752820589166	0.2214624354358231
3.7471872252102965	1.5361514620572156	-0.8210133758812472	0.03462565214443662
3.9181324944418323	1.7261722314176091	-0.7118886500850136	-0.15442879496107764
4.130154050125031	1.9125661273960388	-0.5491723512380302	-0.33496302031181496
4.353088742058402	2.0929857094275945	-0.3514622856310713	-0.4978600068792345
4.546041224930513	2.2680631275695857	-0.16525258725394248	-0.6410132992721366
4.801666645285991	2.442898443064381	0.0889687517861682	-0.7653676428575245
5.017471766690045	2.5397253850981842	0.30006658346083925	-0.8232411881182075
5.232677650329812	2.645494241981065	0.4965249702560449	-0.8777740905950012
5.43961132660348	2.7563961656435674	0.6634551279525376	-0.9248204249019693
5.636307349630559	2.8715510378110674	0.7976975421885815	-0.9618638963806052
5.824624373172414	2.9726468342714374	0.8948850660406391	-0.9845489969300032
5.952151219574604	3.07374263076218	0.9438109625283904	-0.9974679853497951
6.077946158488457	3.1693438009989743	0.9770788036992183	-0.9979453927503363
6.202626667987063	3.2531048194792507	0.9948421256399652	-0.9918884188378394
0.04401536020383621	3.3198721359038688	0.9971818578352534	-0.9833562521439528
0.1683065428985617	3.3664697916156037	0.9841339541479492	-0.9733122261359808
0.29046471289767317	3.390358908067129	0.956585949508322	-0.9672567928328917
0.40700417494630226	3.3997300509566606	0.9172393830648223	-0.9648813876622391
0.5579169262687962	3.399492626953576	0.8467843553705054	-0.9649415700979582
0.6941006085663577	3.383590886059764	0.7671074463412937	-0.9689723567359184
0.8120657756591221	3.355889197700813	0.6867639821352636	-0.9759942039683587
0.9108817175024908	3.317889234833051	0.6126022468326179	-0.9836096462202717
1.075985965804623	3.268877506104033	0.47395139187189705	-0.9898728339873532
1.2108159986542775	3.2590207394569224	0.351550903898315	-0.9911324259643773
1.3256283601805172	3.3048907563295575	0.24229765377079676	-0.9852707162062718
1.4263844998831396	3.3816098146455573	0.14381055471086493	-0.9694745203819337
1.5160905153208215	3.460950664196161	0.054580222002440795	-0.9493631351978482
1.5967787869051733	3.5458103125792118	-0.025918396162985857	-0.9176872962929971
1.6707372993828196	3.6323231704787022	-0.09974192404655885	-0.8804064064766435
1.7414590955495226	3.718907563460786	-0.16950937204097904	-0.8379161536602429
1.7336155492835201	3.7973352609142634	-0.16177166972194776	-0.7910398524683662
1.7417724390767295	3.946573832779166	-0.16981848718544265	-0.6921160600624279
1.7521347468828983	4.067085279497798	-0.1800409618701203	-0.6004147394229238
1.7622352341334009	4.250295506610386	-0.19000514911031263	-0.44539333429804934
1.7725359943882653	4.399171876732883	-0.20016690679093266	-0.30760921681310327
1.7851907490003691	4.532309363500954	-0.21265089308846655	-0.1787991454592102
1.8034253811803678	4.658154018150531	-0.2304049629421849	-0.054137040634819424
1.831155168785221	4.780610704721361	-0.25697041007140375	0.06802446423862948
1.8727612751955964	4.901950435961351	-0.2968295260461701	0.18812244750457663
1.9329931377680205	5.024062711484617	-0.354109133987109	0.3062477402566699
2.0171593597958384	5.148993299469124	-0.43101907327400635	0.422381303302796
2.1314871934413335	5.279185810077026	-0.5307617203969672	0.5362819400086429
2.1897403165269576	5.417367723475092	-0.5798200036731672	0.646999956888872
2.291976795424714	5.566315493711551	-0.6596969512814853	0.7523579109953586
2.433976432394464	5.656778878355466	-0.7598047663444184	0.8094465339138711
2.614445787275453	5.762072739128981	-0.8625485050185404	0.8668486645668928
2.7620198761614776	5.875037869593522	-0.9269293723633422	0.9167436797670072
2.8815669447669623	5.991486574664837	-0.9644027368883502	0.9561973661334274
2.984537421642464	6.109232460261079	-0.9860684899839491	0.9830553537219805
3.0875078985289686	6.227234409192303	-0.9979453927503361	0.9964176691036222
3.1860666637584774	0.0618707753312415	-0.9979453927503363	0.996038641058052
3.280181397190844	0.17898605072318993	-0.988428314599621	0.9820938724151755
3.372772476956182	0.2939058269548276	-0.971714616162097	0.9555023689110422
3.467410205835026	0.4422104883905458	-0.9470881172568335	0.9019743992620934
3.570391046227051	0.5837365765397224	-0.9084692763290961	0.8327084830700775
3.6847496186497817	0.7604282235627859	-0.854697449922539	0.724141453192833
3.8127293259362616	0.9160852499685086	-0.781838806766794	0.6083373771580977
3.954956116251896	1.0554598284204155	-0.6862886460148327	0.4921373857691889
4.113600854966286	1.2628029697605168	-0.5633180003959123	0.30279619121848145
4.2904341854292785	1.4351075966027442	-0.4087151601250779	0.13513371382410405
4.486518325360748	1.589225391826777	-0.2239303406524188	-0.01837405303408501
4.70062514099658	1.7290339167559716	-0.011716814962164802	-0.15725186357418222
4.927315078290317	1.8553151512066337	0.2128342070520967	-0.28011594384918737
5.1569829971429915	1.9679126624657302	0.42946011167372466	-0.3860181167087111
5.37693088497924	2.0662702825225074	0.6163948264961531	-0.4750301512242824
5.578009899412956	2.1502724165278084	0.7599333643758089	-0.5468147646935804
5.7587631015193	2.22188864578554	0.8650443784566729	-0.6049373633432987
5.923823676188299	2.286022155400475	0.9348908349556995	-0.6550446151058802
6.080232475917095	2.3499562262147324	0.9775155536410771	-0.7013934120438285
6.233849323875557	2.3714257700411987	0.9968411978421976	-0.7163191684557698
0.10503038543584738	2.407620829112195	0.9932752894351972	-0.7414821919171043
0.26038888587361114	2.458013601085985	0.9660565982776225	-0.7744019856087423
0.41415682487614575	2.5226290271418015	0.9141380902953147	-0.8130226804880052
0.573554209511014	2.573724817363954	0.8382595148039804	-0.8425796976166069
0.7226194404324331	2.635190672011729	0.7486333924404278	-0.8727214112330611
0.8613030175151812	2.705706213830735	0.6503397017357214	-0.9058111880551699
0.9919752103623529	2.7762694905440894	0.546137171279121	-0.93227311969565
1.1161599279901675	2.8347532833016778	0.43835758201566627	-0.9525363706603802
1.2343761730063387	2.8676950239182903	0.3294555691100247	-0.9608864707403193
1.3481360526060047	2.9476776818236483	0.22036930658677154	-0.9811605420452362
1.4548975905692898	3.0387988630733385	0.11544865995879998	-0.9930025362828067
1.5540446126428296	3.1219834744514094	0.016764565686510347	-0.9979453927503362
1.6448833323939076	3.249888897594429	-0.07396529341384182	-0.9922993801144813
1.7269553273902196	3.3769273614578625	-0.1552013235237708	-0.9706614325488387
1.8003320071262343	3.5006034853966947	-0.22744147594917247	-0.934640306786632
1.8659303697001461	3.61707095210502	-0.2902854420679605	-0.887885811113081
1.9258344530531377	3.7213618404940862	-0.3475676260813163	-0.8364492301988022
1.9801303204622278	3.8783875613598258	-0.397182445011675	-0.7395195673781725
2.0324842279451096	4.007151273720384	-0.4450227275968843	-0.6472409358163539
2.0840521707630226	4.108504652911449	-0.49022578868295796	-0.5676729956469236
2.139660369658342	4.180189104848566	-0.5377461655244848	-0.5064145438825951
2.201042409627371	4.342239348416998	-0.5886502833167854	-0.3613763127331107
2.2404799150375054	4.577418983211626	-0.6194626468431002	-0.13429825297913384
2.296053496815348	4.754528736869986	-0.6628820615953889	0.04208080084310905
2.3647067428121775	4.936110710622888	-0.7116480601846222	0.22140344088760328
2.444586165110095	5.118388673036039	-0.7663763957536551	0.3947090423065725
2.533770179932986	5.318643026110179	-0.8196817569472381	0.5686214872680777
2.630855204416768	5.430073423751379	-0.8705953784399018	0.6563992646504435
2.7333327374381002	5.586000164757204	-0.916171409592669	0.7651093334808914
2.838978081642677	5.666069744129537	-0.9536072760923511	0.81451155372723
2.945969357222889	5.772769573104595	-0.9807275144905789	0.8724015224460333
3.052960496281473	5.895922444195891	-0.994812245309017	0.9257989503092335
3.1588898249101383	6.0276368070250665	-0.9979453927503363	0.9674683243968422
3.262392163563067	6.144448220293475	-0.9907015931256502	0.9897825390874103
3.388478360482846	6.262053130570477	-0.9677334756140661	0.9986469841968982
3.513003646849231	0.09621501204626833	-0.9299901227252981	0.9938397054784173
3.6339118443688387	0.2140270809788602	-0.8796273503047114	0.9754000652757391
3.748308129151684	0.3337479870816468	-0.8203434106461359	0.9429563762615483
3.8522668636094504	0.45636066083186705	-0.7576788340623318	0.8958390748844167
4.017628983201113	0.5826595089207465	-0.6390547437617121	0.833295658578055
4.243741975146775	0.7121768339678982	-0.45138186146295545	0.7553979498247305
4.4398075968858235	0.843579950972003	-0.26867974174234044	0.6634507112271888
4.62708971011051	0.9753188195560383	-0.08516412136916296	0.5597889235264117
4.816689432903682	1.105922872881155	0.10391187829551363	0.4474275311373154
5.011858070534724	1.2340509678565268	0.294801915462289	0.3297605548267091
5.210331061910295	1.3584049221977526	0.4767260712710215	0.2103647564383815
5.405650281388339	1.4775705738879128	0.6383317338112879	0.09289590432538622
5.5918101816149735	1.5899525779373511	0.7688729716656326	-0.019100367688594962
5.7646105211033705	1.694061222452159	0.8682321649095778	-0.12275110477961451
5.925666272200345	1.7891460874763179	0.9354710544003664	-0.21655285664678195
6.079154002149415	1.8757662809570461	0.9773095352862193	-0.29970835522497047
6.229967715351978	1.9558234992767018	0.9965926726774216	-0.3749712051984111
0.098302237033468	2.032413105546888	0.9937060681137223	-0.4449577369248859
0.2507865989542843	2.1095361061379214	0.9683779793932523	-0.5120032646033702
0.4016986484159332	2.188551666443382	0.9195397879816647	-0.5788913161687264
0.5604060011222166	2.2735843592374	0.8454274082617987	-0.6453270152511897
0.7084026992546725	2.3662548936985366	0.757842775350849	-0.7127243440221132
0.8445866158907683	2.469243060444039	0.6627060097799249	-0.7811138429777839
0.9699680839904438	2.5381518996950247	0.5641744424021198	-0.8223007145600836
1.0848569381180042	2.6196322830329932	0.46609178120407013	-0.8650918662179016
1.1876250129505117	2.709271368949753	0.37330000411880326	-0.9071481567369163
1.3464305257951275	2.803313792163331	0.22203093334679552	-0.942415002188154
1.4826122511881075	2.8993231981289855	0.08788096145104352	-0.9689036069043953
1.605495889424062	2.9953326041031114	-0.034625052151416605	-0.9874480017147995
1.719968090162218	3.0891818343590987	-0.14830837486646864	-0.9979453927503361
1.8288816014964262	3.1772934831721495	-0.2547923071423128	-0.9979453927503363
1.934666312216087	3.322927828254288	-0.3556380578489244	-0.9829657665307046
2.040120113771798	3.4844824379012667	-0.45200029533347813	-0.9406858601773834
2.1489186318765183	3.6411245577785354	-0.5456578785136722	-0.876090369598294
2.265636165663227	3.7869424664836298	-0.6391171237472002	-0.7972516345016796
2.3274943560389607	3.919687781228205	-0.6857777843663121	-0.7108074053267764
2.409073026444573	4.039758305719352	-0.7424917682648992	-0.62176519354975
2.507429457919147	4.145976078741181	-0.8039378850904282	-0.5356515255833059
2.6218914261501736	4.330908446293104	-0.8661997080472692	-0.37173033568220337
2.718838082078718	4.488093604488589	-0.9107357694532465	-0.22241823935435923
2.8275676612797787	4.633936592588962	-0.9507149531549187	-0.07832544415916971
2.927798882560075	4.777067448447116	-0.9761216473112964	0.06449999673575915
3.0280301038313366	4.896529212924153	-0.9916264011637199	0.18284076608320216
3.123687887292408	5.022463064382079	-0.9979453927503362	0.30474755024340744
3.2128924025633827	5.15120342879226	-0.9970271463270235	0.42433946024340496
3.296265183560382	5.281197537975397	-0.9863729744463487	0.5379307732509031
3.375185929500904	5.411762949654746	-0.9711028521839526	0.6428537081244695
3.4564330497124685	5.5426078284694595	-0.9505082639116113	0.73700045569695
3.542969860634307	5.673580465349381	-0.9187524940657631	0.8186061077457902
3.6327263863533394	5.804583860088594	-0.8802086768999775	0.8861957692158702
3.7249307398605245	5.935544342849272	-0.8343160960248213	0.9385815835824727
3.814055927285785	6.066410955229627	-0.7810458960166258	0.9748752604424871
3.9571833413217474	6.197174250202038	-0.6847402657075533	0.9944930273163657
4.084635488880237	0.04470199840026649	-0.5867028317900518	0.9971378949085767
4.277824837695053	0.1754754451133948	-0.4202374091380627	0.9827644953027771
4.449894002734516	0.3064235682851006	-0.2590168519605812	0.951560627544159
4.614700715682143	0.43757934800791815	-0.09751961510139118	0.9039823994192508
4.781584541012779	0.5688348446942931	0.06899313658309641	0.8408323295323851
4.956353464026367	0.6998879323944137	0.24112514830215093	0.7633585083468012
5.143290342516191	0.8303861141050631	0.41732852895946737	0.6732111282503876
5.345828787464966	0.95994682313611	0.5909032218278134	0.5723879726908647
5.479280687197099	1.0881382192834892	0.692801367893367	0.4631845922803167
5.629256052848397	1.2144580654360937	0.7931298222540345	0.3481352804117044
5.784019978387419	1.3383841413645527	0.8772795468006259	0.22987020482937426
5.938068209595218	1.4595776192716905	0.939376329990352	0.1107934479737097
6.090078838694946	1.5782872870948517	0.9793964815983591	-0.007449056470153412
6.241085281610842	1.695886864688908	0.9973044896908091	-0.12455211107063935
0.08844152066908863	1.8153775680158646	0.9943374136356578	-0.24185529180807802
0.21880679910273929	1.94180426855701	0.9744870067535247	-0.3621606244508977
0.347934200479492	2.08258650540317	0.9384892457533881	-0.48897329405793194
0.4739339285529657	2.1358964863127587	0.8882195424517346	-0.5345297125818826
0.6305606941073333	2.2280503853609614	0.8071817895422387	-0.6097515055609141
0.7777835197264896	2.3487245240077845	0.7121249986290298	-0.700537125237665
0.9175094171219617	2.4969072153562015	0.6071701148523706	-0.7976487317987964
1.051710416257829	2.5862272722444777	0.49545933502008366	-0.8487106693027708
1.1820657536618624	2.702266413977301	0.3785136198298802	-0.9045212288466674
1.3095525874672722	2.8396837135947264	0.2579596380668116	-0.9537861402722312
1.4345533744738956	2.9287079882868836	0.135684997087665	-0.9763520881945043
1.557218040229599	3.0177322630041266	0.013594941118905812	-0.9903104445066322
1.6777489753983614	3.1018870845362114	-0.10665898170463849	-0.9979453927503362
1.7966998704787889	3.1792213371152327	-0.22396184835704036	-0.9979453927503364
1.9153071112792075	3.2484554307271187	-0.33758891357389015	-0.9924825622298785
2.0357637786982634	3.351423436891266	-0.4480195360936467	-0.9771261887692463
2.161351345182399	3.452296216391182	-0.5562823409705536	-0.9515568718965016
2.2285641107540313	3.546479995617296	-0.6101528771334654	-0.917436158483077
2.3124522175650517	3.7122988160476558	-0.675320398937401	-0.8411878351439221
2.407870758608161	3.8628179133843217	-0.7416559444107345	-0.7503436805955003
2.513278083625706	3.9965509109116963	-0.8074336136287017	-0.6555229564202272
2.628634114442984	4.161835770991092	-0.8695061971653582	-0.5220985142058798
2.7253819160970947	4.309552685017546	-0.9131897723925425	-0.39124493742571254
2.829918631546213	4.448325245002585	-0.9513108790726823	-0.2605197394395635
2.9383071985880482	4.583006504861731	-0.9787853040842162	-0.12878613157850438
3.0447484669585796	4.716017202013432	-0.9937628336083519	0.0036568002885761022
3.148361704791525	4.848586476903431	-0.9979453927503363	0.13563978232319873
3.2481670185534197	4.981424393340311	-0.9925194182977021	0.26555075497161934
3.3449152457857414	5.115074428926088	-0.9787758905170372	0.3916008593158525
3.4441041421230585	5.25009958041193	-0.9536334057626759	0.5119606612592732
3.547106408037531	5.387183671681867	-0.9172012475858642	0.6246706726993793
3.656359924179518	5.527169744813587	-0.868619228856305	0.7269999062030579
3.7716685842443765	5.671023473580884	-0.8063808468522169	0.817212134968121
3.8925898291512757	5.819688655508588	-0.7296460651153518	0.8927450052724912
4.018184977885052	5.898255058315232	-0.6386203473631045	0.9268103404056757
4.147391638124453	5.979833463015853	-0.5344418493724064	0.9525278900651992
4.279468118737017	6.062082067943854	-0.4187358014607331	0.9740483230948148
4.414139583781483	6.1435486547397025	-0.2932699858059519	0.9896106971557577
4.5515625999841225	6.220912710663966	-0.15980571984120917	0.9960129139205902
4.692211568734737	0.0034004615903836717	-0.020120304442636152	0.9997822809095942
4.836744600413506	0.11115202889306887	0.12386069957236479	0.9928833430450178
4.98577180279598	0.24185716509633695	0.26978626264130223	0.9700837485351224
5.139568219459512	0.3969742438607956	0.4140307576386041	0.9215882262291378
5.297824229673732	0.5323964797307735	0.5515581837984328	0.8606971133958765
5.45960594517	0.6942780197924482	0.6782465656061316	0.7669925221196845
5.623541371418013	0.8786958555145706	0.7894279408702894	0.6374729857225536
5.773516144371395	1.0805128392827248	0.8727252257020794	0.46994061810060217
5.922840210213887	1.2153915671198972	0.9345811490138047	0.3472598186294249
6.070224968888641	1.316947699480365	0.9756038426695031	0.2507548753295963
6.216255940612348	1.481517688999502	0.9957147580047186	0.08896971952131102
0.05935162453623255	1.6126943866078056	0.9961999330488909	-0.04181492269346134
0.18551489078528383	1.7284962505619736	0.980846683165858	-0.15672145286261474
0.31049951026494915	1.8376810054257318	0.9502771444710483	-0.2632222346694784
0.43213324234101214	1.9457504226744637	0.9063437575581803	-0.36576656595899815
0.547268652457865	2.057305321258002	0.8525893814188803	-0.46736908062458615
0.7047596971885272	2.1770256692445846	0.7602026551961029	-0.5696769446615207
0.8464699538503654	2.3097004121591374	0.6613127710983593	-0.6734073272152572
0.9731234354534865	2.371879310073271	0.5615882833159476	-0.7166344722226543
1.0854992374618448	2.457234334477465	0.4655227091118066	-0.7739362172968339
1.2603540827575288	2.5563203938448202	0.30509282015599093	-0.8331600389011289
1.4131528097841568	2.6632014776770054	0.15697208132718424	-0.8864573901333312
1.5556229213500914	2.774147515645754	0.01518814841621933	-0.9314773579720175
1.6947745933849334	2.886846188687602	-0.12345484920001576	-0.9657409240714987
1.799282460944815	3.0000494677123752	-0.22643599895131447	-0.9880507676898556
1.9104158676817549	3.113252746749178	-0.33290304742028437	-0.9979453927503361
2.025586782233758	3.225772048748282	-0.4387199363094317	-0.9953812618719862
2.145235512066526	3.335361709457433	-0.5425104426175231	-0.9811975289297469
2.2122527519587707	3.437175547285519	-0.5974088784555327	-0.9553896718015636
2.2923423190200993	3.5797525709306965	-0.6599825333887036	-0.9049586113161199
2.3793785095736752	3.706205569066756	-0.7218479609643016	-0.8441758503036406
2.470602056995722	3.911826029246831	-0.7819261163677197	-0.7162729427407772
2.5660837822062903	4.085954849429412	-0.838832675879492	-0.5856720207273162
2.6659258462959827	4.237488632836601	-0.8877933699089228	-0.4570960798967674
2.7690232521640454	4.378005246451322	-0.9295557081241568	-0.32788708571210995
2.874557932548646	4.51315811445308	-0.962626086584239	-0.19769195990111574
2.9812976801586815	4.64594918650329	-0.9856544848109849	-0.06632724607510017
3.088037427810447	4.777725641991114	-0.9979453927503361	0.06515470008682145
3.193932794096915	4.909073832250992	-0.9979453927503364	0.19506248844772386
3.298496690602376	5.040247957623094	-0.9860878111197326	0.32142667852412965
3.4010565836143614	5.171352030186337	-0.9645451370499833	0.44219096026666627
3.536739222532225	5.302419641547632	-0.9210890454167389	0.5553246314704556
3.6717752480082724	5.433447654235439	-0.8610598403337859	0.658895422287449
3.806265646386676	5.564409218747744	-0.7857021535079614	0.7511230558443264
3.940554252644452	5.695259732210022	-0.6963009084932614	0.8304248035335056
4.075154622986438	5.82594451076235	-0.594110193980585	0.8954574599369689
4.210724091120112	5.956414357774242	-0.48032065695044923	0.9451533922647849
4.348107485263632	6.086650955291655	-0.35601408976850313	0.9787416609429538
4.488435004808067	6.216695281342072	-0.222081446027189	0.9957428873811316
4.6332536651189775	0.06347563007287838	-0.07900755321241552	0.9959358880919338
4.784669382722412	0.19352002445916716	0.0720616203493227	0.979317480954981
4.945541416094904	0.3237346141944878	0.2305914011578652	0.9461095110875483
5.119626656846726	0.4540596168974341	0.3958700552240009	0.896836776573465
5.3117096018431615	0.5842766711676136	0.5629387801666816	0.8324140444184083
5.44046215296722	0.7140633161069362	0.6640845445663848	0.7541759161564769
5.595058574917352	0.84303243381641	0.7709772301163701	0.6638557485048084
5.709556652919168	0.9707197453758157	0.8382189304128261	0.5635583728630296
5.833963712108996	1.0965527004426563	0.8989344777412109	0.4557294291317339
5.961399616044544	1.2198519596497648	0.9467232121092903	0.34307674830227386
6.088555706276856	1.3399108981263894	0.9791055211277302	0.2283827465992626
6.215042838801025	1.4561672799847103	0.9956370875426619	0.11418570330621025
0.058237477066610616	1.5684243880888844	0.9962712678271897	0.002402022888786954
0.18443941489095148	1.6770486319519038	0.9810521288438888	-0.10596808897244892
0.30915204820359177	1.7830905793605027	0.9507014500072806	-0.21057906397678142
0.42980801370324995	1.888363601736613	0.9073519454091832	-0.3117767296354843
0.5989888906774595	1.9954422846530435	0.8243935127340716	-0.4111743078743036
0.7565606949806692	2.107474356041186	0.7266467778086758	-0.5102413815807902
0.9026855788143194	2.227228669876381	0.6193198878904231	-0.6091095025751068
1.0413112651162548	2.357985799509619	0.5046728999328466	-0.7069756198475905
1.1750341571912897	2.5028555082682957	0.38510803105077474	-0.8012040315102311
1.305658966638019	2.663910847866353	0.2617530375736457	-0.886805252100238
1.4342179992071549	2.790400545353036	0.13601859396505883	-0.9375724060068744
1.5612977634016458	2.896387514396095	0.00952010706595385	-0.9681594673260416
1.6874408960167513	3.0067764616886863	-0.11622011567408254	-0.9889104073613026
1.8134935831874854	3.1171654089491256	-0.2400504132398124	-0.9979453927503361
1.940941283457539	3.2262274447197528	-0.3613720405034814	-0.9953230670163534
2.072197610816771	3.334737344448689	-0.48009539123928596	-0.9813557934965802
2.2107533259950842	3.443433866718961	-0.5962373830124656	-0.9538033077350846
2.3068426795392214	3.5546571552065616	-0.6713116064355752	-0.9143696421853228
2.419853828996031	3.66650072777763	-0.7499866472483054	-0.8636463671000248
2.547538374762651	3.774988829873918	-0.8279110186578306	-0.8043963332273749
2.63075639108463	3.874403970618046	-0.8705469222169164	-0.7422889836982051
2.725040948473256	4.050753851879747	-0.9130619061372622	-0.6131744177909622
2.827889342812702	4.201341498550149	-0.9507964932600709	-0.48833861731479217
2.934817247195396	4.335584746035528	-0.9779006682739253	-0.36745719711649305
3.040478957149857	4.458303043539188	-0.993217234783359	-0.250960896679306
3.1431626353606377	4.638234122313398	-0.9979453927503363	-0.07403306457207151
3.241749279547156	4.803964099925486	-0.9933395384093306	0.09125402374774694
3.336901119068328	4.971703241034162	-0.9808073180885956	0.2560798239330989
3.4343070051020193	5.060722885237801	-0.9561167922835843	0.34062858992141853
3.5353859179124627	5.173486461110222	-0.921596548129267	0.4440820490297097
3.6428246323355595	5.296274155186487	-0.8752566846081791	0.550287726524058
3.75642981583445	5.423363695351916	-0.8154890716372263	0.6514356026049273
3.8759515705112535	5.552341597417658	-0.7412130829144778	0.7433058392081694
4.000322592281234	5.682126254034315	-0.6525761570155728	0.8232649404167741
4.128299669809179	5.81219714987177	-0.5507570249582256	0.8894967892277985
4.25893960869711	5.942287864442505	-0.4374944723714682	0.9407050671504094
4.3917602780602945	6.072272331649848	-0.31470961135940595	0.9759949456527199
4.526729171752889	6.20212985623997	-0.1843040358704262	0.9948103166049842
4.664191267073653	0.048743549919505774	-0.048107026719502774	0.9968791291800989
4.804778592500972	0.17860925841990247	0.09206419732578966	0.982165850179283
4.949302993278385	0.30865701355752007	0.23425615580616854	0.9508573326454479
5.098635051104855	0.43890157823666553	0.37618358984901773	0.9034090981828895
5.25352902380372	0.5691709630424441	0.5149991207330072	0.8406490908402743
5.4144345111771255	0.6991584746452503	0.6448300516873409	0.7638310396846812
5.581470418280068	0.8285067366429842	0.7621750344545904	0.6746014370710048
5.7545464831757425	0.9568162185861041	0.8627456416139673	0.574953848948086
5.933561415744739	1.0836339910853836	0.9379571749460243	0.4671753025142734
6.062531105891358	1.2084798210357646	0.9741341017776032	0.3537418310890315
6.192562708602898	1.3309569526158909	0.9941977672125102	0.2371062186509207
0.03944515754052531	1.4509639673480506	0.9974744711585857	0.11936142441576769
0.16955004164917936	1.5689840661530836	0.9838964114514579	0.0018430155398777986
0.29975781311452293	1.6863745580667866	0.9536596230581372	-0.11516816731443857
0.4300889013765979	1.8056506441166091	0.9072301562934089	-0.23253678976046835
0.5604976352133503	1.930789261249336	0.8453774529079643	-0.35209526185213524
0.6908812295525363	2.0673503444817443	0.7691929097890235	-0.4759531257556415
0.8210575253396454	2.1263729152024298	0.6801121470750597	-0.5263912780159322
0.9508120892898885	2.2155611578612224	0.579874896164483	-0.5999937226108314
1.0799088365609588	2.3220635960750173	0.4704757596913642	-0.6820022872710446
1.2080724942714394	2.440866487213525	0.35412383255860924	-0.7641531411245132
1.3349776877075339	2.569950069358589	0.23318897678721456	-0.8407286312968756
1.4602532178646452	2.7079057723313924	0.11012143186718033	-0.9066360444024746
1.5835232960480194	2.8240753006806174	-0.012678790617341864	-0.9498297066569383
1.704495189737747	2.944412465690766	-0.13304427194206664	-0.9803328723173516
1.8230967563135447	3.0659795516930743	-0.24925036066055695	-0.9964759448092679
1.9396525651676253	3.1875466377120305	-0.36019442740588486	-0.9979453927503363
2.055055297769334	3.3091454499410617	-0.465446307252892	-0.9847270107367588
2.1709066385765805	3.430978345432122	-0.5644478840369211	-0.9569605437325189
2.289542723098114	3.5522916625290066	-0.6577952204139625	-0.9152567255018161
2.413648878041469	3.670915451969448	-0.7456729279050155	-0.8614814683436673
2.5172261901807484	3.814028911052175	-0.809793400260479	-0.7810620436423357
2.631302639729574	3.9473057293767426	-0.870814792407832	-0.691607241131646
2.7304742139560627	4.071048978079416	-0.9150994348134696	-0.5973179177468204
2.83616961356128	4.183520324698497	-0.952895383244189	-0.5035678265683244
2.94488294497347	4.348405707482753	-0.9804521298010964	-0.3557415783950089
3.0515954989406193	4.491619717163742	-0.9946378128850029	-0.21893970945239943
3.1560490445169247	4.622748414370895	-0.9979453927503363	-0.08950021452247459
3.257486015284277	4.7789572715792	-0.9913285477073401	0.06637979873134688
3.3564737369421476	4.926860582055324	-0.9758460344704987	0.21239140949442908
3.4578413046234484	5.0489423051534015	-0.950151298273954	0.32958046026518406
3.5624481573669353	5.1760767190134285	-0.9114479387698744	0.44637699685834387
3.6720674740862673	5.305361681403516	-0.8609165380921648	0.5577359581306679
3.7858747646792548	5.435567949930791	-0.7978898007744389	0.660463955414532
3.9157389254186707	5.566148527664657	-0.7135526737123268	0.7522497529977091
4.046544963935494	5.696833456954073	-0.6164628049247616	0.8312827372506879
4.1782197896854125	5.827467500599942	-0.5080974359836132	0.8961178078384717
4.310781280802493	5.957953639340856	-0.39012226344852985	0.9456381003016676
4.444388996922333	6.0882463046406325	-0.2642907091907028	0.9790464168472226
4.579356569349299	6.218365599262496	-0.13238681340290764	0.995849831714616
4.716138017064351	0.0652237462983632	0.0037774705553646447	0.9958239626181651
4.855283497577615	0.19535042427316368	0.14230129080729556	0.9789678239028463
4.997349328997116	0.3256914891014429	0.2810657847385197	0.9454933060896141
5.1427850985793935	0.45627019571150923	0.41688088686396474	0.8958782993433809
5.291784343980408	0.5869898970248056	0.5466078302647039	0.8309348988727747
5.4441404182566	0.7176908830990226	0.6668056183153155	0.751826034911147
5.5814414759659154	0.8482178704707676	0.762156286075478	0.6600197131873846
5.71956356327601	0.9784692910540028	0.843674309971679	0.5572067641106961
5.855764858925957	1.108463845150899	0.9083871616630557	0.4451762499865663
5.989036646202939	1.2384884567131689	0.9554259023278274	0.32559896415077944
