1.3882055788097047	0.8691501436009604	0.18133116507124458	0.6445346259413751
1.6816782778948576	1.1604700050194596	-0.1105352606234099	0.39876666588664283
1.8661427582030827	1.4636771432110622	-0.29048891263275584	0.10671566251783456
2.022541092113932	1.6894498847813122	-0.43593682645183235	-0.11820199434162221
2.1691959862447305	1.8882615723688865	-0.5629860340746993	-0.3116789843583624
2.312722680028484	2.1039732435600307	-0.6755084260739064	-0.5072494813255369
2.4564332274518876	2.3326203527071656	-0.7734573949491528	-0.6893414081794894
2.602239564381935	2.495212317183832	-0.856562799997381	-0.796635689725686
2.75125016491796	2.6609538480993984	-0.922890623371124	-0.8853551943299487
2.8557886396200014	2.820575550851976	-0.9578684304479739	-0.9488883336388594
2.961574579180103	2.9737258805398397	-0.9831340782066611	-0.9846868877892654
3.067360517871784	3.124526673154942	-0.9966524178842143	-0.9979453927503363
3.1723293265914787	3.2762326036824208	-0.9979453927503363	-0.9889329292263245
3.2752403073419525	3.427938533795703	-0.9890597343495493	-0.9577310777393184
3.397137349278157	3.573586768140782	-0.9655385878613693	-0.9072708487792156
3.532561301982118	3.7220857810420975	-0.9226558072388322	-0.8360165303201181
3.664487943484017	3.901213207132387	-0.8646333991375266	-0.7236510407108043
3.789720699981454	4.044562574493034	-0.7955910819870193	-0.6180116377811147
3.9067485567242866	4.232668233166612	-0.7198028322751047	-0.461500894999849
4.012351941187784	4.384803847946079	-0.6431776753510038	-0.32137394932840446
4.18697690477178	4.523667975936456	-0.5006139817949212	-0.18732392268750175
4.33754882605757	4.6564093606431305	-0.36566244773116485	-0.05587960735371001
4.4727643352055155	4.785748899041099	-0.23710681728077515	0.07313541233317855
4.597062910983682	4.912427568326523	-0.11491940821658642	0.19832989976815557
4.764002743026397	5.036224392040307	0.05150456933058038	0.317653275693325
4.919024754704061	5.156372698561723	0.2047572753777746	0.4289193920016928
5.071790872968027	5.271789925935421	0.35100843222129696	0.5302201959534674
5.18650279648351	5.381288455028734	0.45561441828325755	0.6199663365194026
5.309233686402818	5.483844290304858	0.5609094939563702	0.696177388827179
5.435873533005863	5.578926598888515	0.6606900168914185	0.7605271879798714
5.564441034164682	5.666823078486178	0.7511436653745539	0.8149222424117143
5.693941423392532	5.748921957964392	0.8297061126770146	0.8596793685314597
5.823847847325	5.827600682360251	0.8945483748814826	0.8961755536577595
5.953868961783292	5.905358033287874	0.9443518664616946	0.929076144703979
6.083852582370765	5.983479086243881	0.9782070942221699	0.9536758690421442
6.2137503351425964	6.060318470318466	0.9955543332714021	0.9737114271105991
0.06041628505619887	6.130385897323528	0.9961317667385718	0.9870962459845396
0.19032708069596602	6.185034645693133	0.9799274216331513	0.99371577294036
0.32043512992492196	6.266749179464239	0.9471484935438542	0.998947654993046
0.450816277812782	0.11299632946873903	0.8982430447609133	0.992765259239894
0.581466550788124	0.24895988711061598	0.8339460131009998	0.9687269319409264
0.7123226316331175	0.37848439377346543	0.7553035043741408	0.9288692226600919
0.8433036333272079	0.5268998571832382	0.6636551229893826	0.8636936589048558
0.9743411098402841	0.6892874195033067	0.560590264643131	0.7702253550481941
1.1053881708659181	0.8221198265165712	0.44790127285520187	0.6793262875411274
1.2364154930225115	0.925646970794382	0.3275430425801072	0.6005004906866842
1.3674027258372783	1.1060455879210662	0.20159855516055622	0.4473188065913788
1.4983295900772047	1.3439967436930578	0.07224696665679832	0.22440207019616956
1.629167859005493	1.535879635277469	-0.05826865336724681	0.034896037512435675
1.7598740324018463	1.728393134224557	-0.18767581037827213	-0.15661972801825236
1.8903862256096369	1.9364947669459622	-0.3137144259614275	-0.3573088747024724
2.020638628657401	2.170431435454016	-0.434198381438951	-0.5640417958717022
2.150552687384955	2.43999479264683	-0.5470542721225906	-0.7636321285437223
2.2800429212589495	2.629697109430548	-0.6503730636458759	-0.8700274701660263
2.4090363596210653	2.7484600417043548	-0.7424662772679549	-0.9218442993739143
2.5375054951869322	2.8846399151272126	-0.8219143580381278	-0.965181675996317
2.6654984350995607	3.02505267744692	-0.8875837753957928	-0.9912459171246573
2.793137787793753	3.1657482138149677	-0.9385988991875115	-0.9979453927503363
2.9205706588205564	3.3064437501998305	-0.9742894310866707	-0.9850722597864947
3.0479067658334134	3.4467174608483773	-0.9941664312652926	-0.9529709795372023
3.1752013793249083	3.5842875550842908	-0.9979453927503364	-0.9032579470860479
3.304201629846682	3.7155913918074304	-0.9853587793835856	-0.8395732171388475
3.4332800433985873	3.884349030606353	-0.9563771073987363	-0.7353751179874383
3.5625932013189163	4.0357667617859345	-0.9113935458431148	-0.6248837706866321
3.69235246992053	4.176722151075383	-0.8509691528544416	-0.509377253574091
3.822754252415377	4.312467342157284	-0.7758468997196671	-0.38858156370810326
3.953948900424997	4.445480879668649	-0.6869888685350716	-0.26324467328945844
4.0860808619194895	4.577006258965573	-0.5855735676783027	-0.1347054077593181
4.219371343289126	4.707606336508329	-0.47293108688922897	-0.004743985678917963
4.354207943540574	4.837441559973987	-0.3504395746673401	0.12455396337594181
4.491233450947627	4.966426907466085	-0.21932076323787264	0.2509393025436867
4.6315194854177495	5.094324876829042	-0.08073965468168179	0.37214139804700136
4.7767379531188165	5.220788736953134	0.06417224861734648	0.4859914878932087
4.929397960172089	5.345414833275097	0.21486347580979065	0.5905639406409382
5.090834991393946	5.467824920243743	0.36886849412409484	0.6843267244736417
5.179023224427194	5.587781167275493	0.4489875771380173	0.7662630390981116
5.288681253756819	5.705307587553003	0.5440645050374058	0.8359025047113653
5.4088302457926325	5.8207590644829	0.6406841790490038	0.8932091202012251
5.53418173567915	5.93476484459798	0.7315421643786773	0.9383361255224711
5.662191627475677	6.048120708362461	0.8123973548820441	0.9713813167950488
5.791533745043097	6.161401245227939	0.880537414923571	0.9922026129426033
5.921486105395093	6.274713756462111	0.9341547517238697	0.9994575976621082
6.051665022354307	0.10482853476346272	0.9720583789170787	0.9932882131938168
6.181877170052406	0.2185308517688837	0.9935136113495863	0.9745397203358592
0.02888846151373543	0.33282169288802826	0.9981503777070209	0.9432480592452875
0.15911430920648456	0.4467670965568024	0.9858899253356238	0.8999987152711112
0.2894390257498051	0.5580587995187201	0.956908930576037	0.8467070115750697
0.4199166913123888	0.7119191731238135	0.911640689708503	0.7555648584956087
0.5505620173832493	0.8559451306149248	0.8507939665452476	0.6543033107326368
0.6813523764050582	0.9945358369587374	0.7753655520447309	0.5440384549186469
0.8122467819645229	1.1308751461410913	0.6866300789316422	0.4253200161804149
0.943202939173259	1.2673862882695306	0.5861114352450434	0.2984978377604491
1.0741657660626234	1.4062707930105254	0.4755640743157613	0.16373094726745083
1.2050636138518036	1.549944012734508	0.3569456376614212	0.020860251457164414
1.3358361163841006	1.7013996228664907	0.2323526439594582	-0.12999047788691365
1.4664184540927763	1.864500449348721	0.10398888794380955	-0.28891556235463256
1.5967276367504755	2.044197063681032	-0.025867307306368215	-0.455725756242146
1.7266524225328683	2.2467203388088115	-0.15490250618558132	-0.6243382647048303
1.8560491037167242	2.360115793447988	-0.2808190785749201	-0.7084564044855861
1.9847472337274232	2.5055177350644757	-0.4014013170290228	-0.8027952467210672
2.1125764411870818	2.6662106074159833	-0.5146014042685764	-0.8879330114737776
2.239412938156398	2.7946831469741578	-0.6186290221198081	-0.9391784242733148
2.365243288426633	2.92569685701366	-0.7120210699332217	-0.9755888241102569
2.490214699916478	3.056139693637863	-0.7936486096522823	-0.9952185135739414
2.6146182735301102	3.1862793792152675	-0.8626330890745246	-0.9979453927503363
2.7387886673757875	3.3164190647834064	-0.9182174376652146	-0.9837975186195779
2.862968488910995	3.465133378681372	-0.959688384676757	-0.9479419501186765
2.9872299186487985	3.622557910196185	-0.9864125630201446	-0.885195108765296
3.111518002096607	3.765928299881011	-0.9979453927503362	-0.8098118196779047
3.2358060855582536	3.8879170387617594	-0.9940990166169755	-0.7328946171890108
3.3602549434916855	3.9841268031710366	-0.9748875710584094	-0.6652298615658283
3.485231119842424	4.1693831754190915	-0.9404050969919117	-0.5156488267547703
3.611141865818421	4.307906740411375	-0.8907933249169973	-0.3927489790314812
3.7382243944811395	4.413525684240056	-0.8263704673990875	-0.29385810844298177
3.8664668704999623	4.615092456224256	-0.7478069035914852	-0.09713316086266141
3.9956804604054095	4.77471853275162	-0.6562030358814519	0.062163536599942046
4.125616645382727	4.917344881962456	-0.5530498223217951	0.203120642354427
4.256050873148591	5.052793030803616	-0.44013415929455596	0.3331917693814896
4.38681871294554	5.184949578309509	-0.3194436860902427	0.45423827937778194
4.517819322528687	5.315332253147992	-0.19309365202952927	0.5659079430944103
4.6490035896395545	5.44448500667936	-0.06327650331971627	0.6670605348146952
4.780358402612406	5.572580647057275	0.0677735000082465	0.756416379489076
4.9118955048696895	5.6997052092461	0.19781153155941983	0.8328483052625273
5.04365250556594	5.826001889665313	0.32461955076165594	0.8954823386572508
5.175676317977589	5.951715650494925	0.44602224473630836	0.9436738051439864
5.308003501093572	6.07713677705643	0.5599012212005633	0.9769241894322092
5.440638459197404	6.202474291576698	0.6642149707909728	0.9948323695369828
5.573533991750639	0.044603240088657944	0.7570339412929404	0.9971442180412462
5.706583950804993	0.17001327885959155	0.8365983284717746	0.9838079203162462
5.839634304035768	0.295933320045566	0.9013931701019193	0.9548639267851049
5.972517435729084	0.4227408014448521	0.9502241288165333	0.9104161935539297
6.105145168221468	0.5504912659761302	0.9822745677566113	0.8508325374693784
6.237589496475528	0.6789130774593374	0.9970806673832533	0.776945691806948
0.08679858112226595	0.8075805553978938	0.9944426050322426	0.6900820177174818
0.21920476675426243	0.9360713110425741	0.9744109839115136	0.5919565923077011
0.35155057816012486	1.0640511123732808	0.9373504759764836	0.48452557675650454
0.4837023345631117	1.1913007271267546	0.8839840930412329	0.36985282524412544
0.6155447872928611	1.3178023426167258	0.8153678797711075	0.24992223060270546
0.74702047171927	1.443788807464219	0.7328267854466127	0.12649853668796765
0.8781153956710056	1.569767419364321	0.6379023930432255	0.0010606010950668932
1.008805854043483	1.6965032543680352	0.5323425995517268	-0.125160182941176
1.139002850798586	1.824941403411777	0.41811893472346645	-0.2510175532427165
1.2685663299759213	1.9560616885325495	0.29739116443209285	-0.37518885927346246
1.3972723804305176	2.0906455324308935	0.17249774181170482	-0.49586019219420124
1.5468727689461688	2.228995529238513	0.023927814682873052	-0.6104899426511134
1.6947846527360853	2.3707585708994676	-0.12346477280626425	-0.7158553275866658
1.8461304847052518	2.5148531083833374	-0.27131693046261296	-0.8083750072602971
2.00561019169925	2.6596520126026446	-0.4204656018727452	-0.8847167983791604
2.0923788917880506	2.8036343843927076	-0.49734144660434587	-0.9425352274675539
2.1978916768781387	2.9461403061093057	-0.5861886285586053	-0.9807708467578913
2.312897292575477	3.0875875598246223	-0.67562981777016	-0.997945392750336
2.4334433818457653	3.2288937605916344	-0.7594341863866215	-0.9949823396560868
2.5581615211150526	3.3701999613682956	-0.8342604822298799	-0.9723666995740227
2.6866079755378207	3.509584536608897	-0.8979355019944244	-0.9312723231228013
2.7956002657346053	3.658912184954061	-0.9395223529438007	-0.8673676475713523
2.90718132531095	3.796658126706144	-0.9708954915826812	-0.7914445761580544
3.0198301668144536	3.919335704550398	-0.990578534733647	-0.7110521711575621
3.1325512012586207	4.0246440296222366	-0.9979453927503361	-0.6335739163555727
3.244707560679923	4.217609294458398	-0.9929615009337547	-0.47443685809046854
3.3566172126004004	4.377502713527533	-0.9758096661401366	-0.32836851788201543
3.4683634724596635	4.520595958245443	-0.9467306327772114	-0.1903544853444577
3.5957663011071004	4.65902396162006	-0.8983332163067065	-0.05326813970103344
3.7238738211658484	4.793158567028779	-0.834947817223781	0.08050578918665612
3.852772698247235	4.925425515577184	-0.757327174770019	0.21099328145136148
3.982377475867806	5.056836195119927	-0.6665966039150996	0.3369835524064375
4.112537762609665	5.18778537701663	-0.5642264734341973	0.45675077439895095
4.243110022245651	5.318395210716534	-0.45195933135629973	0.5684183751775627
4.373993330354927	5.448665662754361	-0.3317305462702788	0.6701532626643791
4.505138804659771	5.578547071711227	-0.20560305392419426	0.760281336201545
4.636544803576917	5.707986151386005	-0.07572035883773878	0.8373627538652562
4.7682458125780895	5.83696323264138	0.055725139221631845	0.9002350294850143
4.900296738257789	5.96551776268712	0.18651131577700497	0.9480199851091186
5.03274955340813	6.093748307047352	0.3143944830474839	0.9800974516690464
5.165629833048935	6.221784631066863	0.43712113927345986	0.9960687397877495
5.298913365171905	0.06656475433088617	0.5524508506527162	0.9957381027896368
5.432468007332573	0.1946332867061419	0.6581707079830437	0.979104817037211
5.566027736027201	0.3230463665094686	0.7521715060613825	0.9463262350395076
5.699195726177357	0.4519105680656378	0.832570554846096	0.8977685752311291
5.831538575082891	0.5810965491375332	0.8978829709573064	0.834147723655946
5.962756694988928	0.7102898508962053	0.9471505459287125	0.7566203079893349
6.092973919681227	0.8391014285020216	0.9799495222376846	0.66676379197812
6.222623006651506	0.9671434121134216	0.9961224179031626	0.5664895730383664
0.06899294924908873	1.0940737394761397	0.9955826343701686	0.45792576876275387
0.19846695399781114	1.2196507679518893	0.9783724804221068	0.3432654310282484
0.3271291693828705	1.3438204212545868	0.9450405915232929	0.2245738541167081
0.45350547449001055	1.466837641479553	0.8970770452652475	0.10357192337563914
0.5755440300207287	1.589393071679317	0.837174741807382	-0.018541531939959256
0.6906766996809591	1.7127116807793952	0.769325401045664	-0.14114988637094206
0.8551910815330349	1.8385958756236205	0.6548611343262911	-0.26409869056659674
1.0037301687294855	1.9694043218434905	0.5365026843622751	-0.38738117458889443
1.1414301007489298	2.108008495379347	0.41596841064005485	-0.5106978341028918
1.2716414463317518	2.257663012109375	0.29450724157228275	-0.6328877311120036
1.395927489948824	2.4216851571401845	0.17380801497741022	-0.7512597976240609
1.5449506522135534	2.6029807130562572	0.02584762796076272	-0.8569262455431503
1.6861054575711085	2.719900566773787	-0.11490269816836035	-0.9111342117971896
1.8247696063241845	2.8514064118709	-0.2508529697084887	-0.9567576196774091
1.9402313081749218	2.989575354056	-0.3607232748280631	-0.986712285203626
2.0597935986939175	3.1142895081853146	-0.46949545557989747	-0.9979453927503363
2.1817667239810055	3.239003662354526	-0.5735902680552177	-0.9936903996513211
2.3062098118982695	3.364242154435934	-0.6708171495064602	-0.9738768894793214
2.4341335426058803	3.4914149809003616	-0.7599139903113727	-0.9380860874984309
2.529703848223771	3.62122060908269	-0.8172513070406816	-0.8858508963958903
2.6309667837044186	3.7531213509878567	-0.8706500948503896	-0.8174665438781221
2.735904744304327	3.8860905628482945	-0.9171359377869792	-0.7341643942647141
2.843187947849432	4.0192565605094215	-0.9546743965143919	-0.6377831241912231
2.9516257751965282	4.152141404872125	-0.9818627248179339	-0.5303829028457688
3.0581959684469444	4.284542910801966	-0.9954812840487639	-0.4140985260763174
3.1636746582750055	4.41647827338621	-0.9979453927503363	-0.2910294949687572
3.266982807306724	4.548059357164756	-0.9901149567330172	-0.16326168850235384
3.3983226264254567	4.679404898372179	-0.9652381428145334	-0.032911627357837564
3.5295520628515886	4.810604488863649	-0.9237843018874778	0.09785920079607102
3.660688744147932	4.941711277711991	-0.8664964559357491	0.22685985006699158
3.7918164695714998	5.072745502771048	-0.7943384387280479	0.3519037084947848
3.9230234900527448	5.203699299448561	-0.7084884004248246	0.4708503826599648
4.054378223301959	5.3345397011857285	-0.6103427110525614	0.5816505685504892
4.185943302110252	5.465210771733584	-0.50149725420719	0.6823928533884489
4.317802676054604	5.595638090112064	-0.3837062087707913	0.771352631009147
4.450087341848824	5.72578667303934	-0.25883163092346617	0.847066908144816
4.582997343527718	5.855651640214105	-0.12879516928581625	0.9083380715529729
4.71682094435842	5.985254953603788	0.00445957943290597	0.9542350761426867
4.851949364732092	6.114652179538662	0.13898483781750967	0.9840906701875447
4.988886413507177	6.243920623254321	0.2728207036549388	0.9974860262226004
5.128255412861825	0.08995722606007439	0.40396232356255896	0.9942403685756629
5.270763371747818	0.21923633811600018	0.5293788213963658	0.9744049529071436
5.41713936102258	0.34866834235377075	0.6468310209840681	0.9382580700709184
5.568043840756721	0.4782346225973756	0.7534775072194193	0.8863548193806189
5.723973843412412	0.6077586715452258	0.84607862371558	0.8196125682091796
5.846461099220821	0.7369419403684448	0.9043531766385143	0.7393555006580586
5.972146455414545	0.8654163138611027	0.9501073099421424	0.6472968046557377
6.098487618194723	0.9927712564301517	0.981002791339793	0.5454847235897393
6.2246720519718215	1.1185766798156522	0.9962536107637439	0.4362163591870911
0.06760101260274942	1.242436825416212	0.9956717549711482	0.32189608287928706
0.19366724098018528	1.3640876075917192	0.979289358522728	0.20482834266922134
0.3191031287616385	1.4835390678552316	0.9475679305610862	0.08695905940062136
0.4425899414165416	1.6012142150521727	0.9018098735356239	-0.030348508915892792
0.5620981378662601	1.7180650376133841	0.8445049209130511	-0.1464310028690372
0.6748502640066706	1.8356028965010283	0.7795775189121463	-0.2612313830425331
0.8434982632434386	1.9558349355672875	0.6635111414344521	-0.37498165552389107
0.996495889319411	2.08112858506196	0.5424319754879716	-0.4877274179929716
1.1388203520690596	2.214171727600976	0.4182806271412511	-0.598908166366136
1.2746949222837416	2.357623680560336	0.2916436136373178	-0.7067238725690812
1.4066444381708139	2.513725855909675	0.16336691968774397	-0.8077012475020684
1.5376931180901736	2.6231538347838694	0.0330921710275727	-0.8668187697966232
1.6834159161931255	2.7454153742836938	-0.1122494505362588	-0.920702518763572
1.8283005549466993	2.875054169750149	-0.25423565803932135	-0.9627518732068757
1.9775617260129992	3.0075844408365655	-0.3948352986341467	-0.9890136586696382
2.0537748804460905	3.140705577453295	-0.46435211763834455	-0.9979453927503363
2.1458804489020182	3.273825528841256	-0.5430615779189787	-0.9892405282866022
2.2442267074188593	3.407348249551744	-0.6223900005819153	-0.962950320283677
2.345344944973489	3.5418054734926074	-0.6981876215011852	-0.9191891508422316
2.448464024363743	3.6770867572025723	-0.7686941955138934	-0.8584551748667038
2.5522627313110378	3.8126177004710358	-0.8307347705680707	-0.7819055254019001
2.656982746431693	3.9478714808958544	-0.8834078398207549	-0.6912139272619056
2.7628330349185632	4.082659978566553	-0.9272343149970335	-0.5882462900109053
2.869653879417838	4.2171654560399565	-0.9613830030776276	-0.4748161433275389
2.9770589334365583	4.351831296382733	-0.9851128171876178	-0.3526113222426978
3.0844639874296775	4.487353007534131	-0.9979453927503362	-0.22313070578097016
3.1911769652245554	4.624742908369028	-0.9979453927503364	-0.08750811071560617
3.296233033330117	4.765456283412667	-0.9863770829104679	0.052950402050260977
3.3979231475756166	4.9017290440460775	-0.9653394030489212	0.18790675419003883
3.5297025086690668	5.04640818482796	-0.9237278832073494	0.3272038973353961
3.6577466123414752	5.1538654251502996	-0.8679392227343279	0.426697967770455
3.780028769915886	5.27416036412363	-0.8013839567957397	0.5321630319038991
3.89413178287772	5.400015382349088	-0.7285740895808264	0.6341631992855562
4.060354270905186	5.528318350422608	-0.6056736492220466	0.727743954978672
4.209781842378667	5.657670179753636	-0.4811258622288333	0.8099324368804179
4.347917031230721	5.787404877840365	-0.3561881240515587	0.8787471936590489
4.4783669641191315	5.917242434287906	-0.23173943602599595	0.9328184520265599
4.603916391099651	6.047062029502	-0.10815841169940768	0.971179079815633
4.755202207411634	6.176833571765797	0.042750700182717344	0.9931906882398418
4.8980982236811235	0.023394628396238154	0.18436939069579708	0.9985021277025407
5.037600149781247	0.15317649760145566	0.31894349653037934	0.9870242117828077
5.175915097318415	0.28307487401092	0.44623380132651236	0.9589129534674207
5.313814157005338	0.41311629824664065	0.5646636956059797	0.9145892486414126
5.451129247164082	0.543229142751754	0.6719757508043517	0.8547915654989483
5.587056299501483	0.6732594693317807	0.7657934810744538	0.780608010858911
5.720532062073565	0.8030114143543997	0.8442022979674288	0.6934621354551858
5.850789643651573	0.9322813669357813	0.9062299752624166	0.5950628701669719
5.977654707479011	1.0609019964847433	0.9518418165475168	0.4873156682997323
6.101988665081804	1.188837531313885	0.9816715882466547	0.3721628733499327
6.225216880442146	1.3163669376562182	0.9962884941334964	0.2513206884156459
0.06525645382202891	1.4443776106521098	0.9958218684753222	0.1259128557378224
0.18799561950677054	1.5747613574955237	0.9803727952834032	-0.003927352326574367
0.325434663812166	1.710913892173407	0.9455741784163458	-0.1393763578426566
0.4754357434209012	1.8582938148137826	0.887568375732162	-0.28296953694910687
0.6144896347830183	2.024972991630952	0.8159431080112338	-0.4381590628751808
0.7370940549170143	2.1004779939352063	0.7392569632290862	-0.5042625912153298
0.9221139408147664	2.2219549786520134	0.6033961990382004	-0.6049891889436825
1.0827298454800085	2.377840599543616	0.46797636830438477	-0.7207787966319021
1.2274152084276493	2.4545409195744043	0.33598373993411357	-0.7723263609281007
1.3627553271013026	2.5631904609253326	0.2061263304232781	-0.8372662838137189
1.4923173515692538	2.6938204562283574	0.07822732415868222	-0.9013539105615652
1.6176830188894427	2.7994989087661026	-0.0467975766240395	-0.9409843829145631
1.739409025202333	2.9130127327455413	-0.16748696616209968	-0.9723736416371194
1.857592172251563	3.0288898921432605	-0.2822973555153409	-0.9917362731428803
1.9722468075074018	3.144767051543275	-0.38997859900177867	-0.9979453927503362
2.083607711798662	3.2602362445797	-0.4898459731540147	-0.9909770970867143
2.1922710955764075	3.3752365945683764	-0.5817972911122555	-0.9710900095600952
2.2991950253740243	3.488344999136699	-0.6653365251567013	-0.9392373612395524
2.405558556774301	3.6234416457759324	-0.74004848774438	-0.8847617412491349
2.512752893249852	3.7867479874064203	-0.8071197068962466	-0.7973678748108406
2.621840883919154	3.9365256234060824	-0.8661749230758138	-0.6991016358478784
2.7334131310475116	4.076996661984536	-0.9162015579969901	-0.5926710163589584
2.8302223656056555	4.212909337047796	-0.9513878698371823	-0.4784532396983564
2.9283703714345877	4.3460363803376065	-0.976266508791213	-0.35790663704316567
3.0265183772554196	4.47733570332832	-0.9914332182737672	-0.23272739541483534
3.1233004521523555	4.607224230729669	-0.9979453927503361	-0.10489520937890749
3.2170425518711014	4.765561292189032	-0.9964968005291968	0.053054853998178136
3.3051035711012617	4.922109588860364	-0.9852435206979852	0.2077627062813861
3.4372129279208097	5.085879943140808	-0.9553801965267333	0.36422152299352584
3.5665204549187792	5.175221895316588	-0.9099207866242287	0.44561962988554127
3.7010950153647486	5.287499058801229	-0.8466819709293139	0.5430955656777706
3.8272936821009425	5.409679321693636	-0.7731336787519579	0.6413123007213967
3.995598047473726	5.5361998177556355	-0.6562674247717707	0.7328494464311976
4.148164596917722	5.664631064278124	-0.5337813120079744	0.8137272412498265
4.291620389233222	5.79388837799962	-0.40763122335869906	0.8815583520915484
4.4307198799034335	5.923450134612279	-0.27738587640378054	0.9347732095595839
4.568385936322583	6.0530677752580555	-0.1432094043245679	0.9723263435669041
4.706541546258533	6.182648343824885	-0.00580749988959961	0.9935629867793113
4.8466767784111	0.02901377178116433	0.1337402103601362	0.998142354549953
4.990147783390254	0.15860779468213165	0.274049606031989	0.985986683636239
5.138318980496676	0.2883376673619065	0.4129239418880737	0.957255739940666
5.292614258138867	0.4182235779826354	0.5472880365956878	0.9123748008671677
5.454502198857481	0.5481628816169445	0.6744709624291956	0.8521018823505953
5.625377853959959	0.6779483116120258	0.7906175855803964	0.7775706520559738
5.806435401592692	0.8073086132681181	0.8869985726992538	0.6902831926008425
5.948511804615135	0.9359314579988106	0.9426649384879112	0.5920712173262115
6.071799921203249	1.0634693412741338	0.9759047021753702	0.48504102130706306
6.196744621605339	1.1895954573583989	0.9944655197722281	0.3714520708979622
0.03863088097459239	1.3141826353861088	0.9975266063021717	0.25344876701332447
0.16377025950291652	1.4375171454127038	0.985000509895846	0.1327369420921209
0.2893287051697709	1.5605821471603871	0.9569436696861102	0.0102348657164197
0.4156963792101092	1.6853904658864334	0.9134705602510631	-0.11419735486713206
0.5430563332165602	1.8153982562641087	0.8548857745577141	-0.2418751113816267
0.6713131720007494	1.9558281100646848	0.781868791874397	-0.37497541847322957
0.8001790520001021	2.0221833246972576	0.6955574347996869	-0.43560990349352063
0.9292902363783978	2.116914798824892	0.5975144320799656	-0.5183087782515055
1.0582726285738868	2.228196658510724	0.4896452672829954	-0.6098657881814232
1.1867534701129454	2.351937253155084	0.3741173593085656	-0.7027706339259596
1.314346444602938	2.487081270651869	0.25328917422563796	-0.7917757563269836
1.4406251219258532	2.633272795528553	0.1296454461989503	-0.8717809202232332
1.5651623879870495	2.7895759695754787	0.0056601138266141465	-0.9372631818767825
1.6875722172599463	2.913659213708355	-0.11634966481595638	-0.9725375121745661
1.8076025910529392	3.02401744842747	-0.23440677678940042	-0.9911136256528221
1.9252760495748955	3.1343756831155556	-0.3470573646418162	-0.9979453927503363
2.041051059806689	3.244171689512859	-0.45285098105154636	-0.9930299796800737
2.155993079999801	3.353601612962356	-0.5517033978335315	-0.976574062869252
2.2717557270179167	3.4615836443669163	-0.6438983122914896	-0.9492026868525122
2.3903721701383898	3.5913686038810564	-0.7294908201228748	-0.9004897653552618
2.497570238318465	3.751889022069511	-0.7980450211848853	-0.8182031079163321
2.611601117837422	3.9010113548104908	-0.8611535319554314	-0.7237913696629312
2.700553370140481	4.042501519268248	-0.9038788203444202	-0.6196219318951434
2.7942747103437053	4.179294554741842	-0.9390252564685031	-0.5071789879577422
2.8903393203123553	4.313426400135873	-0.9666263660096936	-0.3877051896814597
2.986405512802369	4.446090058564847	-0.9863072125510555	-0.2626610730834346
3.0802159984709956	4.577986717640647	-0.9979453927503361	-0.13373817978531968
3.169503558687948	4.709516528287741	-0.9979453927503363	-0.002836083063429109
3.2995871623563016	4.840901802034201	-0.9859484602025818	0.12799585686299655
3.429682975388358	4.972277680009325	-0.95728889521922	0.2566394769195219
3.5598650852448923	5.103753626811736	-0.9124166165453355	0.3809839212129851
3.690287633168685	5.235441412466342	-0.8519817104507769	0.498973641450615
3.821109111920867	5.367471920861702	-0.7768302015865788	0.6086421604984456
3.9524523762697523	5.500002727847777	-0.6880292611575842	0.7081309312616308
4.084433658549036	5.633212901678723	-0.5868605210117944	0.7956930071317428
4.217225026440763	5.767278627002112	-0.4747652370232317	0.8696867128031638
4.351110029248124	5.902323728625879	-0.3532704062575902	0.9281206652855801
4.486534315161434	6.030213379133405	-0.22391502224425913	0.967960521020293
4.624207806435534	6.158514932606925	-0.08804257138571843	0.9920178129259669
4.765167852969162	0.003689747128005111	0.05266350106249969	0.9997637590170674
4.910846816065961	0.1320599355032053	0.19678983587683083	0.9910580599060589
5.033069584234161	0.26060902662925206	0.31469461615083283	0.9659872776310177
5.163760752575547	0.3894899840896267	0.43546514889171684	0.9248333005639795
5.2985824424423935	0.5187118611910984	0.5521796229198406	0.8681574368713434
5.434673315140044	0.6481204196860639	0.6598021305997177	0.7968926946198881
5.569680956479528	0.7774622660772914	0.7545380052176234	0.7123626527411748
5.701493686878754	0.9064493616662668	0.8338233139286111	0.6162350520694537
5.828789251114378	1.0348081685197579	0.896690901077162	0.5104345916142237
5.951311315059675	1.1623542654559083	0.9435464829962306	0.3969995582010403
6.0702784286971205	1.2891462351488536	0.9756140549733383	0.27784073338030113
6.187663310381117	1.4157527964708458	0.9938840767043162	0.15438588155051594
0.021836536254608945	1.543642154157714	0.9986018866308001	0.027154557919316855
0.13855889042882355	1.6756485239072185	0.9898165795453913	-0.10458687454509055
0.2700629479373385	1.7878520047158213	0.963010309844567	-0.2152762367560681
0.41963464609021434	1.9161337349500849	0.9117629807218732	-0.3383808283096745
0.5781029438508847	2.0484157277632615	0.8357797211962146	-0.4595807136183824
0.7174367672941295	2.1061828844145136	0.7519906471610001	-0.5091377454336251
0.8801696654703599	2.1977439361038673	0.6363827039548982	-0.586073199289001
1.0086618249719075	2.308503626707461	0.5324606472863423	-0.6725753147480404
1.2011608106854845	2.4321910355068592	0.36060578640582447	-0.7585635476553573
1.3564319334019197	2.566806511629691	0.21228696074468448	-0.8391870889666794
1.4947905530029766	2.694253057113839	0.07576723733273974	-0.9015161402027102
1.6241428875013406	2.8289126716652273	-0.05324970376288917	-0.9510558875171238
1.7477989983307702	2.928021856348108	-0.1757637216411752	-0.9761781668943672
1.8673184586976512	3.0244903930734406	-0.29161524687567625	-0.9911740630460332
1.9836894785764991	3.119014471014287	-0.40043475488000435	-0.9979453927503363
2.09795544417023	3.20914819161524	-0.5021069286005627	-0.9975056174362031
2.2115672519543406	3.320458362856149	-0.5968733000736312	-0.9832813384534654
2.3263592229196615	3.4443035003172238	-0.6849886329725642	-0.9535828722801738
2.44435933354473	3.555903673545698	-0.7662408183349226	-0.9139021853917157
2.567575684194841	3.6465260062265	-0.8395642769080695	-0.8734415995915066
2.6972332024332655	3.7049593934242946	-0.9026337243823921	-0.8447869516955618
