2.084473076268201	5.896511537107598	-0.490585476437967	0.9260543730694082
2.4454806118307255	5.990305378943635	-0.7669110073161229	0.9558254166008557
2.626382625433406	6.086634125414769	-0.8684021087682117	0.9787384459704135
2.7930889804221586	6.180426761512283	-0.9385805959369988	0.9934207470075906
2.9550394205575685	6.268476046932575	-0.9822989530926931	0.9990582199867871
3.0975048552073594	0.06520912506014814	-0.9979453927503362	0.9958248987624503
3.2399852760040257	0.19079471716347027	-0.9935649596645879	0.9798380901180104
3.382465600343715	0.3160129543503368	-0.9692575951043729	0.9485410029378458
3.5246651467410297	0.4393470363258331	-0.9256169441069667	0.9032159535491378
3.666520532127457	0.5575941569410102	-0.8636366554146628	0.8469603166942545
3.8293747911259515	0.6651529579092278	-0.7718897981251256	0.785859282358091
3.989205391251936	0.8568366771126009	-0.66126198123157	0.6536437705472722
4.154016790563408	1.0144774796120408	-0.5287802788345011	0.5276940758708346
4.330905543025899	1.1424190844229312	-0.37173298864795434	0.4150921789982581
4.521764743293048	1.3616530340210722	-0.18920147234923917	0.2072002506148687
4.726480262569734	1.5380619857575504	0.014107321967362038	0.03272525934918839
4.965256843724736	1.6996296499802015	0.24979935609948029	-0.12824438972189253
5.205644678029162	1.8574211046360665	0.4725739725557407	-0.282133470823552
5.433959514632007	2.021183690319232	0.6592740817311382	-0.4346964513096075
5.649954788143305	2.1394709973308856	0.8057263045000309	-0.5375843360723025
5.813480792495205	2.244991728659155	0.8900533593976985	-0.6229877085838844
5.965297845943382	2.2812463145922646	0.947950735002155	-0.6513132699917297
6.09977239290581	2.3567364036809875	0.9812482188877529	-0.7061070323288718
6.232386313666453	2.382994946992795	0.9967475266615318	-0.7243621300790766
0.08210036713674793	2.440096442261448	0.9947434144512788	-0.7636928846044712
0.21407109015081247	2.476176907010232	0.9753916583051887	-0.7852582089429827
0.34163072504417236	2.53045649767928	0.9404741621390976	-0.8177011662576921
0.50437284346488	2.6014559482395234	0.8750216385064981	-0.8561785291939382
0.675264250362958	2.687347507507926	0.7793093450158173	-0.89829815473847
0.8264616852231066	2.786157816740015	0.6761143066701361	-0.9359813405156423
0.9573123927670248	2.895783550165776	0.5745471793959483	-0.9680063739656585
1.070252050068391	3.003304411144485	0.4790315954501373	-0.9884667155132685
1.1652777507812144	3.101513596816021	0.3942578388043143	-0.9979453927503361
1.333515871261931	3.185774782613731	0.23461316625686437	-0.9979453927503364
1.4713087046440927	3.256491302588519	0.09912456885001751	-0.9914556616155699
1.592008516375708	3.3161101888826416	-0.021153842300987987	-0.9838369897382954
1.702624499051203	3.3754092197871333	-0.13119882510302622	-0.9710462523746533
1.8074591877385815	3.4390217140846184	-0.2342693948079727	-0.9549217038906946
1.9102894781386366	3.5427540784466283	-0.33278196482227673	-0.9188334145355251
2.015535291099846	3.647793665668296	-0.42953502157491436	-0.8728199629433745
2.1288743971075834	3.7501900457373556	-0.5285289369431515	-0.8192185875090006
2.220975493169291	3.9135720421064035	-0.6042239208962101	-0.7150591040656412
2.337360668502361	4.06192133782613	-0.6926369043226139	-0.6044493061725549
2.4825523052308394	4.201310096334857	-0.7890687898590505	-0.48836545229837336
2.5848300541254114	4.336435105093871	-0.8480254994853829	-0.36668015067228416
2.719675043277135	4.469556951291162	-0.9110496382395303	-0.24017952699691264
2.826754380211328	4.602382159004996	-0.9505088019865964	-0.10967194025322015
2.926792013788304	4.736176350821581	-0.9758664253693383	0.023791790477324572
3.026829507031667	4.872230184035366	-0.9914729774142648	0.1591581143274635
3.1140746713664664	5.0121316602503825	-0.9979453927503362	0.2950584949031614
3.211897918484993	5.158013334050507	-0.9971542310203378	0.43037298195036255
3.2860182818100916	5.312790726535348	-0.9876824216206718	0.5638248812805293
3.341679309725085	5.480371837738511	-0.9795961383076209	0.6936085693486127
3.3855554281822378	5.665715681365693	-0.9684743829486546	0.8143185324353882
3.4304410372324674	5.812426921414391	-0.9570967410662636	0.8895964150770652
3.483883287930188	5.897532148420218	-0.9409105473846043	0.9264968964020686
3.550124265084088	5.99147311625562	-0.9160695211328662	0.9561931281829106
3.6310376825885853	6.077793356743725	-0.881036785864734	0.9770496143345695
3.726677687455062	6.162374064161917	-0.833271943967998	0.9922648989728393
3.835218760067796	6.242284303910469	-0.7683968529390657	0.9973812586933437
3.9555046071094426	0.03021846545666371	-0.6859073318611605	0.9980652224300111
4.085932381217388	0.12393794856505533	-0.585689575050529	0.992064707478347
4.225414066032714	0.23547224258425878	-0.46776723573726586	0.971303445547004
4.374411509657648	0.3639806024487038	-0.33132992581420934	0.9334363560376762
4.534281486801575	0.5060322359612968	-0.17685363477831184	0.8743021482474487
4.707200535185864	0.6843613510239848	-0.0051493006911823465	0.7734163852781035
4.8957372319882495	0.8360523872149723	0.18206917063941702	0.669019384099099
5.102426265724631	1.0151450715142303	0.3797390879971407	0.5271469105601159
5.292242364179215	1.1472042931589728	0.5469832284137428	0.4108525222502781
5.502677908037853	1.3019354789208284	0.7101099518096846	0.2653806831738472
5.645635648713304	1.4368765240202366	0.8033716771357361	0.13337416647123396
5.795350006210667	1.5610184640628784	0.8821920944174122	0.009799071693841987
5.9431882919898005	1.6787367148802266	0.9409886049243106	-0.10763339223531312
6.087677654143201	1.7934401156777484	0.9789377888550723	-0.22078893951610998
6.218978317023476	1.9096442322861138	0.9958890617867842	-0.33216381206810486
0.06705359356233616	2.033862286691249	0.9957068042056072	-0.4462819787780093
0.19784864697835708	2.076510887212702	0.9784905941850581	-0.483781331870849
0.32574659390213107	2.150840333859738	0.9454759540077444	-0.547300082437443
0.4466359202811793	2.2463310568749395	0.9000555915392232	-0.6240341203038103
0.5871153850729391	2.3607738855289777	0.8308664876541013	-0.7089139140711122
0.7443147342862892	2.4970153751186728	0.7345795198998755	-0.7977133789804309
0.9258556352787877	2.65789671456849	0.6003294670911743	-0.8838560328214342
1.076770164497702	2.7529984729625467	0.47325659808874854	-0.9235462563025467
1.2129517491869772	2.866032739781733	0.34954794236080233	-0.9604651135611983
1.3404736874689358	2.9692330361310577	0.2278344433853422	-0.9841127491316379
1.4617558422151933	3.072433332480594	0.10862677546001524	-0.9973006706846458
1.5775596256780804	3.170927156500713	-0.0067222670790508705	-0.9979453927503363
1.6879798083752706	3.2644179914177207	-0.11675175573392946	-0.9904427134540592
1.7929969589993084	3.3554722737175235	-0.22035176297093903	-0.9760998862098258
1.8928582159300347	3.45135588816872	-0.3160826203773478	-0.9517952270841322
1.9883550245636559	3.553644012004822	-0.40469806681164666	-0.9147495809777824
2.0810884697724226	3.6643973382648727	-0.4876931371906117	-0.8646778302543353
2.173417015278273	3.782260878769257	-0.5665931440749811	-0.8000498234436066
2.2667053262826165	3.905769931904558	-0.6399524546163831	-0.7204831781546452
2.364013366419701	4.03303389052094	-0.711166020732851	-0.6270189519566419
2.4683260515409944	4.162313768491261	-0.780565745979778	-0.5216900380856572
2.546234115281075	4.292487336838565	-0.8271314616610567	-0.40683901852776505
2.634668153455809	4.4229678239272285	-0.8724651778371036	-0.28481243286044
2.730964934930778	4.553504223768197	-0.915283460067005	-0.15789029710419544
2.833327349218759	4.684009548325946	-0.9521749236913708	-0.028312495592698918
2.938702274819821	4.814448934714784	-0.9788854483392784	0.1016832607624247
3.0440772003980547	4.944777810999742	-0.9936770527428458	0.2298474511641629
3.1472748418599834	5.074905436039783	-0.9979453927503363	0.3539293492213735
3.2473962839553248	5.20468012806063	-0.9926179101410146	0.4717193889819774
3.344402253738861	5.333879326199078	-0.9789059241719529	0.5811093182992858
3.4425643587150314	5.462208202647261	-0.9540237113542381	0.6801716400508104
3.5412776724369155	5.589341729425064	-0.9193870814954839	0.7672739468871195
3.6413466037046613	5.714984403597372	-0.8759814823998106	0.8411779296488069
3.7394463954561306	5.8389202041989225	-0.8256400763813679	0.9010835460209929
3.8302732729433404	5.9611394323042965	-0.7713527747819076	0.9466412822319374
3.9831823814984904	6.081952657275073	-0.6659677344001771	0.9778441559159288
4.115337452757713	6.2019799925567884	-0.5618339785590221	0.9948007213827124
4.305767186266091	0.03867869044348233	-0.39470407426387066	0.9975235452371362
4.472734290293093	0.15845539803227332	-0.23713560064341194	0.9860157956165491
4.62976402806873	0.27678242100886713	-0.08249300829971652	0.960894398972879
4.785387972572251	0.3904646165093956	0.07277639974364986	0.924410713060606
4.943980161926805	0.4944553352716769	0.22907033348049605	0.879321736617379
5.107918866701687	0.5817392726116117	0.38489018983675516	0.8337973357362535
5.277412685248975	0.7358244505509943	0.5348286683402755	0.7400793931098321
5.451681849483175	0.9446468374230075	0.6723845499381238	0.5849280011262672
5.629315262642581	1.1092345815263598	0.7931681774340206	0.44449338370938085
5.80918196454673	1.2491891696733428	0.8881894454406718	0.3155635615346798
5.946399727196847	1.3761669462223458	0.9419998614017127	0.1930599247328788
6.0832211666767995	1.4949170632286992	0.97808647633938	0.07564139795087477
6.219273347855	1.6077121202436149	0.9959079515294187	-0.03683862705144701
0.07202199504566946	1.716322527323404	0.9953886956715243	-0.14471200670907863
0.2077999225584925	1.8229586429805251	0.9765896249772811	-0.24911804654050468
0.342394456391893	1.9307524747815932	0.9402336689568959	-0.35206164688246544
0.474138370575605	2.0439589108267753	0.888130899141519	-0.45550813543036917
0.6011277653511079	2.1680077032411194	0.8232274811861233	-0.561970578489952
0.721342250918677	2.2404143991746053	0.7494607358614189	-0.6194114595643048
0.8810770782743226	2.3370137015208594	0.6357114263373115	-0.6923956907835311
1.0263498443708798	2.4185132644122898	0.5179285993017667	-0.7490546786609368
1.1627319013299087	2.517070691618034	0.3966454016086729	-0.8097004586378458
1.2933263870881817	2.6271332732068955	0.27376817803900966	-0.8687702124958017
1.4198218734074033	2.7449770317262128	0.15033838164659444	-0.920538135938235
1.5430505176092943	2.868053898104493	0.027745485453564787	-0.9609774384704639
1.6634016778927887	2.993643899702732	-0.0924614466234998	-0.9872322029046586
1.7813049614019143	3.119903721369288	-0.2088175418603172	-0.9979453927503361
1.8976149150386974	3.2461635430389157	-0.3206395914036483	-0.9927754415733442
2.0139156088653847	3.372872538034185	-0.4280549781642062	-0.9716892525960014
2.090809114549667	3.5008647559278177	-0.49599998244245724	-0.9345423277349741
2.1736975543206105	3.630559493392258	-0.5668328806835293	-0.8812712809660025
2.2602462366148	3.761695240212592	-0.634905993973802	-0.8123419230268866
2.3484647060415957	3.893651232447034	-0.7003564982198706	-0.7289081711398037
2.4392507867018116	4.02585775463261	-0.7631874355602529	-0.6326256379122055
2.533832067945297	4.157912760320968	-0.8197187474646122	-0.5254509505210461
2.6317161371961104	4.289650817462891	-0.8710175638862225	-0.4094309910282904
2.733054068996533	4.421077980985419	-0.9160669061512958	-0.28662292356698954
2.837209651849789	4.552272206608971	-0.9531590130231096	-0.15910568893165863
2.9429272627946323	4.683318824505533	-0.9799564018397873	-0.02900239165326716
3.048644873785995	4.8142803779453365	-0.9942607537635859	0.10151559779640505
3.15300697038269	4.945184124345885	-0.9979453927503363	0.2302433060546283
3.2549467966902297	5.076021084144993	-0.991653033361052	0.35497563258168224
3.382201206721187	5.2067479696359475	-0.969324613821881	0.47355148011365905
3.5099116182440246	5.337287088979575	-0.9311496642516045	0.5839023563432324
3.6384199651645543	5.467525550510866	-0.8774166515883022	0.6841052594467155
3.767946458481105	5.59734411269429	-0.8086055645733594	0.7724577657947563
3.8985643247157524	5.726649963938438	-0.7254925597497801	0.8475375408732346
4.030295479568134	5.855366738687507	-0.6291584613623411	0.9082145420844365
4.163192395645697	5.983481250575436	-0.5209392010811966	0.9536765505736597
4.297458634854766	6.111087484704824	-0.4022963145855982	0.9834097147603054
4.433515132653791	6.2383917324508	-0.2747079929590683	0.997132031611957
4.572018239744238	0.0824422665494026	-0.13962611665646496	0.9947215238852027
4.7138474117877776	0.20967157227851557	0.0014896103282774527	0.976232088050798
4.860047334428969	0.33652535236276576	0.1470398665331372	0.9420818050964568
5.011704951529228	0.46202976660804324	0.29465831653817526	0.8933810268986105
5.16976672743749	0.5846015646267367	0.44078639468395364	0.8322369251006068
5.334940320913748	0.702042587317041	0.5819789206728602	0.7619627565374246
5.5075447320257025	0.8112014974656595	0.7137102867371949	0.6874033500217492
5.644860164772257	0.9751553698510548	0.8029489133565727	0.5599228886154441
5.787378206287182	1.1184591303371143	0.8787356292324588	0.43632050708687886
5.930301899172988	1.249415874983398	0.9369307780132291	0.31535095148990255
6.07199367742347	1.3724309347865067	0.975941714978954	0.19669977169274744
6.203975745725166	1.4895589924923371	0.9949285021421603	0.08097105652670342
0.05263535819114553	1.6020029940815619	0.9966299509628442	-0.03113634267658324
0.1843377915295389	1.7109977673603958	0.9810715417200853	-0.13945910118436222
0.3147596284239452	1.8183321863419153	0.9489356657224408	-0.24468584925937215
0.44180659477942086	1.9266058827986428	0.9021495220974227	-0.348272548002028
0.5627524325572918	2.0392858617769063	0.8441482248144916	-0.4512379673029305
0.6743391519546255	2.1606610992090785	0.7799086093173636	-0.5556924864272104
0.8352261341637889	2.285176424080265	0.6696306220905621	-0.6543838486447945
0.9764843311831964	2.3581016050257793	0.5588336579973832	-0.7070561285411769
1.1008375192534023	2.454622405106874	0.45193311386380713	-0.7723750648998715
1.2098042108318934	2.565879776425702	0.35249978442594726	-0.8387326352333506
1.3920874756408095	2.686703462713079	0.17754918778828513	-0.8979823271318469
1.5503648023499883	2.8137758367691204	0.020439966113777498	-0.9463383731265909
1.6997789999857167	2.9056687798784067	-0.1283917243387649	-0.9705120902960223
1.8496211168889571	2.99756170301272	-0.2746609951934782	-0.9877328573072124
1.9280053387813778	3.0871905785968883	-0.3495513516844752	-0.9979453927503361
2.022566417845108	3.1713770369095853	-0.43595996875762	-0.9979453927503363
2.124932508697465	3.300749569498829	-0.5251603685227157	-0.9857999166930129
2.2329974433546154	3.427785939900825	-0.6136166219697996	-0.9577697573679587
2.3346654603272965	3.56794573828678	-0.6907631793368556	-0.9093862911641388
2.4189995529656647	3.735211536881766	-0.7493927493974302	-0.8281712549379571
2.513075291622914	3.8813732006465598	-0.8073124046768791	-0.7374439329311667
2.61454362434086	4.001710986973555	-0.8625964824984512	-0.6514914098559108
2.7221938394237872	4.095684990722687	-0.911994211883974	-0.5780699006750233
2.808093080507983	4.158494971056995	-0.9442072829233595	-0.5249534182483448
2.896374905093931	4.310457825818989	-0.9681562711095383	-0.390417832176031
2.984600974745784	4.540659859361859	-0.9860766114077307	-0.17056133452564737
3.0705971462324646	4.701135791132976	-0.9970660252325142	-0.011206776786244793
3.1519588941091916	4.876493993942851	-0.9979453927503363	0.16332125118026738
3.225435310371579	5.019283124687127	-0.9954242935245388	0.30176532137206646
3.3206893320820248	5.155441606597395	-0.9832518229952764	0.42809445195261586
3.4497280919123225	5.288775514945391	-0.9522078422464231	0.5441417624941919
3.5901840479162166	5.420836570492614	-0.9010467035397648	0.6495661090872161
3.721957713319628	5.552270055820947	-0.8360930765063045	0.7432594956790937
3.877012630077334	5.683330857830071	-0.7404754279018755	0.8239216437037573
4.014983228234562	5.814106817983016	-0.6411218614199696	0.8903247956259385
4.188128213746384	5.944623486053184	-0.4996301226262901	0.9414405365995134
4.341866710511609	6.07490428210158	-0.3617168241400497	0.9764977210733026
4.489067383620632	6.205008846578212	-0.22145760078696922	0.9949946478026963
4.63530183533443	0.051860750272161214	-0.07696183751352872	0.9966795462683813
4.784353179140203	0.1819667209009123	0.07174709349505982	0.9815244818701383
4.939456369196171	0.3122449360754648	0.22466298261970427	0.949727523182462
5.066245808428998	0.4426605895402663	0.3458081287098842	0.901779241459759
5.205066291079304	0.5729911009945273	0.47206152633444226	0.8385664997354639
5.350813555335907	0.7029138797707394	0.5949887897503994	0.7613983468929963
5.500172290890052	0.8320508413559605	0.7082563690718003	0.6719796114169974
5.650488673061381	0.9599582546449977	0.806017357858659	0.5723786033065267
5.799798946124347	1.0860964539791196	0.884121094902771	0.4649935800440611
5.947112065703631	1.209832542668141	0.9422241713698872	0.3524732141044502
6.092572931659695	1.3305203570339215	0.9798729224213614	0.2375315763161781
6.222866069185794	1.4476733831270954	0.9961379803062277	0.12263455970561789
0.06988167418684788	1.5611916107197166	0.9955257325702433	0.00962613253505952
0.1998939165857353	1.6715701078356267	0.9780998910521864	-0.10056349424937969
0.32847623969769535	1.780046659554503	0.9446164093450589	-0.2075762200407523
0.4533693005542597	1.8887543810193526	0.8971360884515465	-0.31215110056550166
0.5715733599390328	2.0007016147358696	0.8393393971931298	-0.41598021156837955
0.7160050842587241	2.0995729674654227	0.7529180690725721	-0.5034891944905656
0.8446119291539406	2.210300430857017	0.6626872837635833	-0.5958835378722037
0.9567514022237008	2.3317592590857847	0.5750069731171445	-0.6887427706982048
1.1309883710641615	2.4647457090399554	0.42521969980225593	-0.7784257722345544
1.2794156222245605	2.610465321432769	0.2872164203547549	-0.860596558491842
1.4127829241969878	2.711994436473634	0.15734000552765293	-0.9081693341825453
1.5722826376162957	2.822898456140691	-0.0014516029323968019	-0.949531399114502
1.723498816204709	2.9390609554645755	-0.15179145588114454	-0.978976367010374
1.8456280453777496	3.056764753100743	-0.27083558795899915	-0.9952983896542824
1.97642185062073	3.1744684280982574	-0.39379369613492704	-0.9979453927503363
2.116860189497841	3.2921440609058186	-0.5182621114676125	-0.9868996109406338
2.270534317682609	3.4099031617668514	-0.6429440301161201	-0.9623026989894685
2.4427501455062086	3.526671375109692	-0.7652790052814049	-0.9248645884849002
2.577027804139304	3.639615076041813	-0.8441994209903734	-0.8768305914088959
2.7167682708111642	3.7898766598950777	-0.9099595696107534	-0.7954978646145571
2.824559360056617	3.9292944172493085	-0.949952406434138	-0.704128814000005
2.9259109997067925	4.057072407778697	-0.975643105179975	-0.6082377556138011
3.0273605309131413	4.173053502535146	-0.9915408367280398	-0.5125123229450548
3.122085221371121	4.274771715150439	-0.9979453927503363	-0.4230273106434921
3.2065100880943107	4.469992658130649	-0.9978427395522569	-0.2397621149642939
3.2813082948386794	4.632608940856119	-0.9882843088331299	-0.07965150484106087
3.348968590456755	4.784607807208114	-0.9777484453053417	0.0720003713505716
3.418690456144431	4.936596753077164	-0.9600752882300119	0.22187697266874104
3.495979613826768	5.04503469024134	-0.9363743046832265	0.32591579894241407
3.581398463512605	5.166176653620403	-0.9043413852033508	0.4376056179354457
3.677144886513594	5.292693843133974	-0.8584266693321176	0.5473532652906936
3.783147524737173	5.421529900475838	-0.799519874397643	0.6500790144565343
3.897564619657301	5.551360711860215	-0.7261875607384755	0.742670436862664
4.018701952397044	5.681578089931231	-0.6382164372670758	0.8229661026000835
4.144807598832229	5.811877568064772	-0.5366500582944562	0.8893582228563093
4.274424641570596	5.942097648628404	-0.42334446172038054	0.9406451696398845
4.4066861728219555	6.072167059046932	-0.3004104369914856	0.9759748356703408
4.541304171056573	6.202094504206353	-0.16992571743035764	0.9948080531438632
4.678441189968104	0.04877628005824752	-0.03387418085875867	0.9968770335892956
4.818602925642195	0.17870949304346218	0.10581522438506652	0.9821467025904735
4.96250372573484	0.3088184983457106	0.24711710302885148	0.9508064823160685
5.110899915309985	0.43911124464692597	0.3876858935542341	0.9033181896484964
5.264401274123762	0.5694078656484708	0.5241643795916168	0.8405199407241775
5.423291584916355	0.69940332153397	0.6513822574006555	0.7636724316939715
5.587616474422908	0.8287442560427595	0.7661563536402349	0.6744257271227702
5.757111602698976	0.9570349002761335	0.8641440453284059	0.5747746151459967
5.931700154532357	1.08382600028134	0.9373710779719895	0.46700518389913764
6.062672273943838	1.2086417102466442	0.9741610687848703	0.35359000724173956
6.194405436411215	1.3310912792622944	0.9943157503191058	0.23697534955591446
0.04295871497715917	1.4510800047452848	0.9972495109557251	0.11924600232828217
0.17472769756624582	1.5690913656238252	0.9829073357910014	0.0017358446562655352
0.3065052025939522	1.6864743509505176	0.9515349215223083	-0.11526661355312717
0.4381942290209636	1.8057181334827832	0.9037157952853188	-0.23260144532921737
0.5696270511782074	1.930745687878789	0.8404004492711832	-0.35205544510377035
0.7006395129501953	2.0670231152790195	0.7628716462002886	-0.4756734897426804
0.8310845214902315	2.1265869026340725	0.672694466766691	-0.5265741424782421
0.9608032291419505	2.2158470323736794	0.5716860533644765	-0.6002170752115887
1.0895840724041845	2.3219232732538573	0.4619035779551579	-0.6819047339990888
1.2171262917020427	2.4397132746112065	0.3456329494969973	-0.7634638649754
1.343017386375257	2.567112308733384	0.22535621897677188	-0.8393370461872707
1.4667240090317348	2.702605916510669	0.10368495326639746	-0.9046485456784273
1.5876098605192352	2.786047834761645	-0.016760457770885324	-0.9359400961782354
1.7049943022495155	2.8725792402128207	-0.13353664923019573	-0.9621245259890099
1.818249003674991	2.959110645724222	-0.24460615933272237	-0.9828192132084257
1.9269278332800168	3.0431115807401015	-0.34856674193611814	-0.9935536566214237
2.0309106648328723	3.1200004399475447	-0.44358482720750636	-0.9979453927503362
2.130487999525441	3.24669557242771	-0.5299078522198959	-0.9927074537662206
2.2264966979106675	3.370182871110393	-0.6085376158377465	-0.9723710316269503
2.3201758041405456	3.482610154540039	-0.6806898829275663	-0.9413879850874507
2.413062806579076	3.6522815943217837	-0.7452654874880986	-0.8706191660785187
2.50439648652756	3.796402016945349	-0.8021250755209169	-0.7915976531789923
2.5953018438626345	3.9792765960931775	-0.8531606706974296	-0.6690193087457834
2.686495320700614	4.1099917803133925	-0.8978802581544085	-0.5664021604831246
2.7784264516672352	4.333068641563947	-0.9330820016020801	-0.3697563788723864
2.871024500116397	4.499363937211483	-0.9617304291635105	-0.21129999300395702
2.9636225486038357	4.644969769558272	-0.9833957873398564	-0.06730548929192995
3.0545392031258545	4.782107156861918	-0.9950139875787135	0.06951298116508833
3.1405308732739585	4.91574288060687	-0.9979453927503363	0.20155987631717706
3.264960236120358	5.047916818235378	-0.9903734202363663	0.3286187323748827
3.3878484095087615	5.179473522702799	-0.9678931561160857	0.4493865378162408
3.5271188485422145	5.310754748564938	-0.924696781490471	0.562156172425401
3.6896365513601865	5.44188550657197	-0.8523009888782078	0.6651375001921014
3.8393803901407524	5.572891507605674	-0.7659094431197886	0.7566177500975831
3.9718073640452034	5.703748711480713	-0.6745735568712005	0.835052665914344
4.101805904087589	5.834409980227718	-0.5732876558106214	0.8991279735928783
4.288010495265146	5.964829565854308	-0.41092989495435495	0.9478032771701319
4.450412222333318	6.094992782469951	-0.2585203917803061	0.9803351809369323
4.603338574219846	6.224948655089562	-0.10872843128738727	0.9962713206474163
4.755287818048769	0.07164562104157421	0.042835856853623545	0.9954127935193153
4.911506385296873	0.20159942363793557	0.1974324278766646	0.9777740919761011
5.076456591414063	0.3317172702846619	0.3553840624501985	0.9435958335080199
5.254691099234028	0.4619612698967458	0.5160287102893958	0.8934107261509947
5.451297614933827	0.5921505664398111	0.6721003043866454	0.8281215019867552
5.586069602836991	0.7220106128091345	0.765154314384555	0.7490277814666675
5.743508501644106	0.8512174008323882	0.8567281620252238	0.6578007478099573
5.8523843123125285	0.9794050042393735	0.9069214021372798	0.5564398437898569
5.968671097014008	1.1061705243519866	0.949012946062054	0.44720811391073756
6.080438895783457	1.2311285889780363	0.9775549855517571	0.33250123656927966
6.192503952929995	1.3540583552280323	0.9941940053021576	0.214599443307601
0.021204870579863373	1.4751506082392594	0.9986423298684284	0.09530303765885048
0.1318700602461061	1.595327974816611	0.9910943313382143	-0.024469322720107583
0.23874394146520755	1.7165717026145428	0.9706784604604473	-0.14495781952928827
0.33743205394028136	1.8422589079026734	0.9417962916782437	-0.2676079165198735
0.4824950520397718	1.9774451639615462	0.8845075544991696	-0.3947287858302639
0.671014467281344	2.129148318668831	0.7820622881267207	-0.5287630185367671
0.8424694969225027	2.306272373461168	0.6642721928566442	-0.6708660286026089
0.9966172912998258	2.4343689889393034	0.5423324731541092	-0.760077674023014
1.1405297174950757	2.5014105561581546	0.4167661430167471	-0.8003403824102051
1.2802132330108318	2.6028907159689454	0.2864684005357983	-0.8568821126428985
1.4189724055943014	2.7296895507496886	0.15118334499959096	-0.9148051782951362
1.559543664664039	2.8755170415452356	0.01127210370072898	-0.9628692023382697
1.7049121368888276	2.989507528096118	-0.13345559264171167	-0.9867036177533394
1.854116156980977	3.0902557616216684	-0.2789672939509693	-0.9979453927503361
1.9675971849340907	3.1883374179223822	-0.3857298376673071	-0.9979453927503364
2.101429838319566	3.284313256549679	-0.5050759965177462	-0.9879003060665077
2.2538251280730233	3.3792022965102917	-0.6298892078314333	-0.9700847801009846
2.360664667711438	3.476559644961745	-0.7088379851853557	-0.9436569864477657
2.4225993275320388	3.5736424609342436	-0.7518953343964354	-0.9072499634269177
2.4887170260572997	3.7053816539470987	-0.7927534487182042	-0.8445798829771192
2.5704596378328954	3.827774678661632	-0.8409785142133099	-0.7728461867002563
2.662302652895397	4.000537262326956	-0.8860166231528042	-0.6524084361767876
2.76131785766872	4.152379574942676	-0.9266661084358299	-0.5301793729395711
2.8653026078370356	4.293133468621084	-0.9602800391026037	-0.40624859216707565
2.9715354980692066	4.428654432063828	-0.9844069797539633	-0.2793645985693839
3.0777699453517027	4.561664051020783	-0.997945392750336	-0.14984058182057475
3.182613406602533	4.693455303590772	-0.9979453927503363	-0.01887806007200328
3.2857640774182553	4.824617244808868	-0.9877149062907411	0.11179765151259512
3.387565726791001	4.95537469457892	-0.9679648107688146	0.2401715722601916
3.4925884445903446	5.085753327931441	-0.9376460269259457	0.3641027800080765
3.5996067830916996	5.215652557800338	-0.8964499152643264	0.48144087415718206
3.729773881725583	5.344901823547977	-0.8314213460302017	0.590143472498918
3.8603192716855954	5.473278605738896	-0.7520807513808577	0.6883612024865878
3.991302218047478	5.600510958834738	-0.6596237389339383	0.7745091992675268
4.122774872103433	5.726325802504034	-0.5554782796322799	0.8473608206269294
4.254830124805919	5.850533682955065	-0.4412496623866215	0.9061189941484039
4.387635628803194	5.973144350328566	-0.31866107154826434	0.95042153944718
4.521452810936557	6.094465572393295	-0.18950919536588792	0.9802344692127235
4.656638066046041	6.21508036212836	-0.05565117603016875	0.9956394900237602
4.793616185507792	0.052386753340888666	0.08096098105909284	0.996645868220084
4.932814010638024	0.18528292306016253	0.21819159755586315	0.9808909954250354
5.074560971757512	0.3168359867803883	0.35360630179712005	0.9482818362966584
5.218924471570302	0.4449091963676875	0.4843397636432681	0.9008042757947612
5.365535698156426	0.5668403325727792	0.6070552121027598	0.8419196602138428
5.513490973524304	0.6794568044505437	0.7181091433649002	0.7765934739534934
5.661662703056612	0.7784526561365707	0.8121090057951581	0.711629990961915
5.808822711808842	0.9642018058175933	0.8880336782873277	0.5689005443482191
5.95442788656843	1.1166927244513811	0.9445278676178477	0.4378855286034356
6.084816280827836	1.2509251295436012	0.9783911873143288	0.31393553391742907
6.214359479607387	1.3746271344549168	0.9955933345585141	0.1945601019343406
0.06060675723140267	1.4911773353727025	0.996119571503416	0.07936129520861628
0.18984834531365438	1.6072258589788202	0.980018873348373	-0.036352948519630675
0.31757776193729886	1.7187463916528412	0.9480482569516492	-0.14710316244487087
0.44134429597651864	1.828346284573291	0.9023499686380552	-0.25427946753381775
0.5578502757935035	1.938644053947156	0.8468206906255974	-0.35927286368509903
0.6998532602124052	2.052500923876684	0.7633809684448267	-0.46326344910635514
0.8250567713795769	2.173197313397841	0.6771536210964706	-0.566405396290332
0.9314068404669749	2.3040692655645767	0.5957796412144738	-0.6691447493104348
1.069610642132529	2.3983023305945945	0.47959987776204616	-0.7350039155213438
1.2628637260854043	2.505866927310498	0.30273921238127777	-0.8030039592222612
1.4224179732695228	2.624794869122665	0.1477560480838899	-0.8676235025601746
1.5676983399608255	2.7508297905430705	0.0031272009245339252	-0.9227329787932379
1.707643617294165	2.880792576035871	-0.13615021335917687	-0.9642064492519851
1.8477004971828401	3.012452199293504	-0.27282102000198927	-0.9896357074324795
1.9924057890316769	3.144467861527586	-0.408399599823287	-0.9979453927503363
2.146768617855555	3.276481774172174	-0.5438205689348622	-0.9889010878364406
2.316871309189379	3.408864957873197	-0.678392578098723	-0.9625658637844408
2.509807160887929	3.542096411057207	-0.8053590401686523	-0.91908004635751
2.663800001662244	3.676081450395044	-0.8867508951803045	-0.8589481586552288
2.787138917641391	3.8103101441579508	-0.9363492631262955	-0.7832847537646039
2.8959898192271876	3.9442457875346104	-0.9680586592205946	-0.6937345311634944
3.013780071177221	4.077580771939223	-0.9898053956102691	-0.5922146536129889
3.1315703236827215	4.210263032595682	-0.9979453927503362	-0.4807146577500106
3.243712412585749	4.342393967512015	-0.9930886704813608	-0.36123502392479945
3.349644501069312	4.4741145558372875	-0.9775771149155598	-0.23581329079159857
3.454316896900961	4.60559984294496	-0.951044668103672	-0.10649767702587323
3.5666507335502384	4.737020386680795	-0.9098719308397405	0.02463481484834156
