1.7827643974547518	6.06046177599246	-0.21025728369998303	0.9737388024627707
2.1069241894937516	6.1788318547377745	-0.5097712328944624	0.9933186309733409
2.278445124479772	0.013735770650561904	-0.6491247114823908	0.9991205489570828
2.4273827181613	0.13177383966782202	-0.7552207764241092	0.9911127121332188
2.5727874811903	0.2507267053342035	-0.8421200453646285	0.9683894207332694
2.717681464459665	0.3717408685661274	-0.9103020263251618	0.9309927073660826
2.8634762601985186	0.4950098786788087	-0.959817094969206	0.8790812940575188
3.0105936206610133	0.6189961761677489	-0.9893982004671665	0.8134863163667905
3.1587716049037575	0.8053091817523821	-0.9979453927503363	0.6917623139208742
3.299452422282125	0.9789543552405966	-0.9859656785787991	0.5568092004261973
3.440669640174355	1.1436213933684949	-0.9545039862013416	0.4140269428684686
3.584183094759782	1.4091869632089147	-0.9032971207482564	0.16088983893217004
3.732868103380179	1.6430081654013495	-0.8295719271266145	-0.07209237361168438
3.890092762480351	1.8683072325095391	-0.7313820409318783	-0.29256250326280653
4.058696045226572	2.091487480161655	-0.6069692142403396	-0.49657968453960133
4.239925778238513	2.3168124452601635	-0.45486904985575566	-0.6783516555399569
4.432505345885751	2.4524892884264378	-0.2756753799935601	-0.7711000992533427
4.632140988058175	2.549364870102752	-0.08011889684679747	-0.8290027164695496
4.834228385456327	2.617029078739562	0.12135782731012525	-0.863815303177375
5.032737926784676	2.676380523405396	0.31438357930229766	-0.8929201494060959
5.219612081313207	2.735763699498133	0.4849489803874673	-0.9170830445797247
5.391573039773218	2.788018594501706	0.6279177996323534	-0.9366791507112774
5.548270176138012	2.8210180136763094	0.7406684360870837	-0.9490542616053076
5.691232357769537	2.817135959872286	0.8282292351297731	-0.9475984527600915
5.823628290741537	2.8554689340883086	0.8944531781010626	-0.9577873912212733
5.948184721142091	2.8803964045401322	0.9425619423944385	-0.9641060273684926
6.068029261374994	2.8755017913840097	0.9751844017305887	-0.9628653367145933
6.186169208402706	2.9095444917929196	0.993788414831636	-0.9714945090074025
0.021123442148358793	2.913993023857521	0.9986475434324018	-0.9726221266515505
0.13856752714427564	2.9608453169927413	0.9898149296935708	-0.9830408861049067
0.25164636439699684	3.0210973727711172	0.9682137403849619	-0.9907404704386704
0.3794897177066925	3.056022131426021	0.9285526538135112	-0.9952034903493752
0.4870045673087551	3.1170940899689055	0.8825522893548026	-0.9979453927503361
0.6346907722806792	3.162452802544852	0.8049302310451718	-0.9979453927503363
0.8179330765037551	3.1861712544660366	0.6824235235088817	-0.9979453927503363
0.9638899296655132	3.1966397296951987	0.5691561613068714	-0.9979453927503364
1.0766039957095346	3.1981199307239687	0.47340382230882305	-0.9979453927503364
1.2013399564104377	3.253443095352251	0.36043777895776474	-0.9918451907092951
1.3022192763168225	3.377027829481438	0.26510419068800556	-0.9706359658298376
1.385031078953374	3.499882180921408	0.18442395369076706	-0.9349108031496983
1.4550542946484384	3.622432406674239	0.11529278683199823	-0.8852566533616906
1.5144229857287141	3.7449870795835336	0.05623890921063866	-0.8223284047857653
1.5670982379529004	3.867631300828338	0.003726583773324476	-0.7469973846012127
1.560477377978598	3.9901421895298683	0.010339509343364538	-0.6605300645246106
1.561863824328819	4.11211829435115	0.008954724503260642	-0.5645849329799776
1.5669691921968754	4.233086546832325	0.003855474881584605	-0.46111864570960187
1.5767106170889604	4.352654974174081	-0.00587427593742177	-0.3518586567743155
1.5955848560541053	4.470675981475418	-0.024725896112458914	-0.23910748354604064
1.631052067718805	4.587468343908796	-0.06015060405460689	-0.124384502370137
1.5981674566561501	4.704119528211601	-0.027305401739333768	-0.008226615402663093
1.5148461861505351	4.814377555259188	0.05581795288728413	0.1016122598095867
1.4919808182201562	4.93089889011316	0.07856207297748719	0.21632577199833422
1.4983746400243676	5.056412235432198	0.07220215559530782	0.3365859521553898
1.5196848223080932	5.19706011366294	0.051004974492386466	0.4649681170431911
1.5547567872626658	5.361788598189716	0.016053244533045744	0.6039840497491503
1.6033416014539916	5.486066562836523	-0.032473345868878914	0.6978213614537166
1.6654934188855701	5.551488658379605	-0.09455068088472171	0.7427533186197689
1.7414636930139407	5.5852975875446615	-0.16951390746537545	0.7646542149348381
1.831690909715746	5.650713373006351	-0.2574836558837277	0.8061398555570445
1.9371725605057788	5.7381400618192115	-0.35792823316099176	0.8538014967669869
2.0585551685373953	5.839860727180862	-0.46843714639350154	0.9014913441310717
2.19690258371906	5.95029744994084	-0.5854158540724408	0.943227224595381
2.28515576492075	6.06489819155059	-0.6543677077269928	0.9745862806881495
2.392493627119378	6.173882732314157	-0.730965669816589	0.9930017568067796
2.5118881385333327	6.28211997975765	-0.8066028422697833	0.9999317909903924
2.639299176161994	0.1055500706245753	-0.8747361453679551	0.9932420158975965
2.771475774195961	0.20956885870325667	-0.9304754283154248	0.9762517091880296
2.906387470459362	0.33398391262394056	-0.9706942645881258	0.9428820851058975
3.042623540431341	0.4760584636590639	-0.9934912901599473	0.8872983726156971
3.1792134126661185	0.6321110928784976	-0.9979453927503364	0.8063365722411268
3.315805103499382	0.8578875922676807	-0.9838759764684087	0.6528663340613565
3.4529726582321785	1.0597174129185356	-0.9513854068504886	0.48836519988488375
3.5923884064979865	1.2411821002140984	-0.8999896730910125	0.3230727963022748
3.736602424326571	1.4231554735112881	-0.8273399203341922	0.14702245857348545
3.888388880540649	1.6052181283888698	-0.7325665899373095	-0.03434762398360862
4.049804117571014	1.7819919948773195	-0.6139164413664836	-0.20949530423152132
4.221278026521878	1.947728918627744	-0.4713017173441307	-0.3675744884245671
4.399853909340962	2.0987150242060504	-0.3069558219350567	-0.5027560330538723
4.657405928172395	2.2290959744614987	-0.05488423410580536	-0.6105684200977202
4.894938476658625	2.3454393282123323	0.1812909751739744	-0.6982532372983222
5.119255713811725	2.4484280930362465	0.39552217534742423	-0.7686727193290169
5.327355767477254	2.5399056661661006	0.5757625412887926	-0.8233489422651892
5.51739504087031	2.623003304947417	0.7206680056413136	-0.8667449527603666
5.690740342233223	2.7021430486064264	0.8279610073348064	-0.9044749656037606
5.8510526293354985	2.7815666391686125	0.9063440023164515	-0.9342596031941559
6.003185629432318	2.8633963702467997	0.9598813093396104	-0.959796844397143
6.151530711285057	2.9452261130495496	0.991135490996031	-0.980539116333255
0.015777976584917263	3.019060874730403	0.998989793997313	-0.9904802272285849
0.1634110954209133	3.0724871467416146	0.9850691201815254	-0.997307547585952
0.3104254283199483	3.1445105466045304	0.950300472311067	-0.9979453927503363
0.45476114779324334	3.236777958782818	0.896532602216255	-0.9939748213549617
0.5941602394527172	3.3042171870495998	0.8270259061750977	-0.9853567913353055
0.7275479228534212	3.3467857174601447	0.7454407984968059	-0.9783017617859621
0.8550797894385869	3.3668512658017558	0.6549434649829571	-0.9732155297388669
0.9769517234439671	3.377240304949218	0.558450578408261	-0.9705821073698022
1.0930493963368568	3.386426028896515	0.45883332860857584	-0.9682537023483644
1.2028385330357199	3.400824321218504	0.35903237542607913	-0.9646040111171672
1.3054023459497937	3.425260131455214	0.26200305287684206	-0.9584100014142302
1.3996013385574702	3.4634649476370956	0.17022873078118972	-0.9485676283793368
1.4843149565671339	3.5176314273238787	0.0861872849820391	-0.9282546589504973
1.558712703200356	3.5885245197567595	0.012102069344502666	-0.901669043129937
1.6225844272990257	3.675448321459061	-0.0516931112111997	-0.8592586333273871
1.6767132326297225	3.7762437745586452	-0.10563721566272005	-0.8036462517264447
1.721260443901993	3.887125232554563	-0.14958328906855714	-0.7334450856418855
1.7589970995507254	4.005305312842612	-0.18681071120939696	-0.6486831775867128
1.7781028934067797	4.127986157392764	-0.20565868385000088	-0.551024939195128
1.7976028967263349	4.253116601158162	-0.2248269576170652	-0.4428154567936947
1.8185351350517727	4.3796297938869255	-0.2448802763966617	-0.32633075107210463
1.8439399364114588	4.507363489136466	-0.26921836066063676	-0.20340839022863502
1.8142784548712156	4.637022814129759	-0.24080232910424215	-0.07524292113026432
1.8159207621905646	4.770300555315982	-0.242375677911806	0.057768986306332155
1.8372547230972276	4.910153212105264	-0.2628138514239459	0.19611408519698115
1.8709614004768578	5.061184225391083	-0.2951052259050647	0.34106124653022485
1.9175934859968051	5.1301307836553995	-0.3397792861632313	0.4056692648391008
1.9774864788015107	5.226960745134411	-0.3947665387643598	0.49145983788121494
2.0503980757624585	5.336903208718111	-0.46139215603067635	0.583587724062862
2.1354588403186656	5.45449942540351	-0.5341557191245214	0.6744689107085605
2.2313502368045017	5.5768475992172135	-0.6123296661520521	0.7591804444607866
2.336919732815843	5.7026300149099285	-0.6923303631728116	0.8344427959157943
2.4499945461237647	5.8309499692273015	-0.7696089896661259	0.8976277593781108
2.5684619915799494	5.960994710024423	-0.8399989055898176	0.946595710288706
2.690454871800353	6.091998807012333	-0.8998219484795813	0.9797632487149834
2.814463262650692	6.2233327974050585	-0.9465961646795531	0.9961678632032004
2.9394021422515624	0.07148140047155623	-0.9790628513237092	0.9954233079604227
3.0646179341379667	0.20293839844523326	-0.9963019442866228	0.977518310708849
3.1898337260298475	0.3350577256084714	-0.9979453927503364	0.9425439495789087
3.3150117855639887	0.4683340730254168	-0.9839773542266966	0.8906475644615095
3.440116008747921	0.602516717554797	-0.9546443211603205	0.8224702782943188
3.5648481913311616	0.7360581991341824	-0.9105479021268175	0.7399279744281222
3.6883822723075457	0.8655909735914658	-0.8529160640319898	0.6471675964638602
3.8665290811401323	0.9849027157191226	-0.74776365437907	0.5519338619165108
4.037881912424438	1.1904345904203093	-0.6232312120445804	0.3706651104256934
4.26261850904423	1.374669007584529	-0.4341327436931157	0.1945193066139471
4.474892629135165	1.533834659919941	-0.23506788785696509	0.03693016901011117
4.693451478108979	1.6767564460190925	-0.018881880969359294	-0.10567984591334922
4.91949032349214	1.806317725839182	0.2052108604823712	-0.23317586152273373
5.153687304460273	1.9235023777951823	0.4265401542607246	-0.3454366076967374
5.374908890585217	2.0284528486908626	0.6147375787265973	-0.4413389085277081
5.5754904084385535	2.121783566216935	0.7583012774697799	-0.5224694176144015
5.754529503173667	2.206232700005392	0.86273638477515	-0.5927054362041588
5.916911356401751	2.287766639342816	0.9327141981228333	-0.6564075733568706
6.070068382332756	2.293397447629061	0.9755739303011144	-0.6608069011048723
6.220134516583086	2.3171714189024324	0.9959630890062527	-0.6786012161820517
0.08764853714452696	2.356295732001587	0.9943881854638597	-0.7058006747184105
0.23934653569129977	2.409495199928798	0.9705633482761487	-0.7427852658184595
0.38936459550343655	2.476332671728929	0.9248876673678277	-0.7853513096472722
0.550294548589288	2.5567980988893964	0.8509397801619559	-0.8334455636108618
0.6993524153681242	2.6511003692630744	0.7637054079131986	-0.8805232313008456
0.8344005774601505	2.7263325130031695	0.6702413449443514	-0.9135462557011109
0.9558822642186612	2.8093889484692265	0.5757193277233421	-0.9446932463168228
1.063966524638498	2.892445383916456	0.4846005208144025	-0.9671602127809868
1.1564372444324136	2.966937978269049	0.40254869202788857	-0.9838194646730228
1.316420346714746	3.0250308188368513	0.25126865409973165	-0.9912431238222634
1.4474137897208401	3.0599758092714047	0.12289277656984993	-0.9957087291434014
1.5604642712759855	3.152077309105564	0.010352600338972652	-0.9979453927503363
1.6612308649260286	3.241210350459832	-0.09029323514774275	-0.9934084079259664
1.7527403307939402	3.3518143482749774	-0.18063837378992342	-0.9770271002233686
1.837256544528912	3.4555370543184405	-0.2628155963759015	-0.9507353815766542
1.91745698153727	3.6280400005795346	-0.3396485133619982	-0.8825067934510238
1.997010123141265	3.7886582929222317	-0.41260697718077327	-0.7962260835861168
2.078841526223015	3.9341156391609426	-0.48577299580263966	-0.7007770714365578
2.168637481387953	4.066796744071175	-0.5625087598275715	-0.6006401709851601
2.1948198667942966	4.188976733948784	-0.5837886357598007	-0.4989050137291005
2.2454219498929637	4.3004154782989366	-0.6233238386944226	-0.39959439160161464
2.2742112667586047	4.4801337445417735	-0.6458168155628439	-0.2300468405912433
2.3261517808271064	4.638061873767366	-0.6848444179781477	-0.07420510669633981
2.39800498082841	4.792135129781154	-0.7347971961697315	0.07948777890422201
2.4491192438176865	4.952528245680511	-0.7690858207364502	0.237398390607184
2.5156331767255855	5.039813529446696	-0.8088412547691336	0.3210192606563525
2.5940489464869634	5.151170253208863	-0.8525462730923741	0.42431006694129936
2.6809066696947843	5.272915846714123	-0.895139687489845	0.531143012408704
2.7720362576756825	5.39950627357712	-0.9306856152032343	0.6337865754137673
2.8654870388271645	5.528582739718455	-0.9603267888248891	0.7279152222355225
2.9589378012599026	5.659054592951786	-0.9827971254885552	0.8106871652823793
3.050169669248141	5.790347396073108	-0.9944556067208977	0.880023029972703
3.136188797058181	5.922127632901716	-0.9979453927503361	0.9343567638476329
3.212199407416743	6.054165684837229	-0.9971157038792184	0.9725360746999759
3.308184464750986	6.1862808223723595	-0.9848498146215209	0.9937955610649645
3.4271658387009145	0.035199299711766205	-0.9579269411409477	0.9977463178711273
3.5337302141651383	0.16735801396937616	-0.9222174535267951	0.9843151494402056
3.6193451237349263	0.29978943759135673	-0.886770599580172	0.9536496647513426
3.732248194659838	0.43273339504820924	-0.829942447093791	0.9060835394194924
3.8944662949387228	0.5662622945240577	-0.7283415347776252	0.8422347841474831
4.089298942214863	0.7001808100622738	-0.5830592945546168	0.7631687867674667
4.308079368075375	0.8339268856971344	-0.39259123423983444	0.6705917683423455
4.566622651399135	0.9667917112355539	-0.14494889477679027	0.5667778307591198
4.74580752750921	1.0980170497685144	0.033405837307107444	0.45443202731642457
5.008060006925802	1.226809882053373	0.29123999415676954	0.33655143050787395
5.232021794283624	1.3523146584316799	0.49594388703370185	0.21629825756235732
5.438211193352337	1.4735637213156558	0.6624193500694986	0.09688150982120128
5.628967958082604	1.5895643986741412	0.7929431989639639	-0.018712653617401286
5.804907467897755	1.6997331362143513	0.8863360812077264	-0.12834647947145383
5.969453937922043	1.8046480215980971	0.9492594566991948	-0.23157626615727156
6.127738479430685	1.9066829821261095	0.9865905158543785	-0.32932690124559943
0.0016992227049382942	2.0102343782662535	0.9998912049991205	-0.4246911201335265
0.151211199350377	2.1215488624305996	0.9873996381720496	-0.5222688498457209
0.3000216634123295	2.162546067302226	0.9535765386097461	-0.5573032991472778
0.44563263393387487	2.2329224415695057	0.9004906030000328	-0.6135580233783349
0.5850386496364547	2.324428903914437	0.8319986432990848	-0.6836466635528969
0.7154608112896302	2.434449183573153	0.7532706406019756	-0.7601334258163476
0.8358010966327879	2.5639661792324295	0.6692052815678079	-0.8377299313028613
0.9442443383874836	2.65121329179978	0.5852578935487398	-0.8805786064157242
1.107141134889079	2.754709289611191	0.4463481607216008	-0.9241878295870432
1.2471023393186504	2.8707163696954856	0.3175206444766089	-0.9616523240056128
1.3724310671056825	2.9786325129576694	0.19669964277945096	-0.9853139042388754
1.4867376332402484	3.086548656223715	0.08377745499982205	-0.9979453927503361
1.6077572929418293	3.191594415626816	-0.03688374561493418	-0.9979453927503363
1.7176848243769163	3.294047546698926	-0.14605592038188522	-0.98665636530855
1.8190345422316083	3.3959087192248765	-0.24535871406884763	-0.9658500220392263
1.913275208119276	3.502625869266562	-0.33564232758715135	-0.9338818926906904
2.0017883216223806	3.615066122695615	-0.4169732294162829	-0.8888689422230999
2.0862748562720617	3.7339277554793844	-0.4921252001921955	-0.8289385721694527
2.169068341837593	3.857956812198309	-0.5628769546502731	-0.7537231474711206
2.2531735839508746	3.9853293017117	-0.6293801590430705	-0.6642903543178554
2.339563560269144	4.114505658701158	-0.6941683679707771	-0.5625447940108311
2.4311642371111324	4.244495599463849	-0.7578497112151111	-0.45069320989852935
2.530342000184521	4.374784870693964	-0.8176327310081014	-0.3309722417593689
2.637741046287032	4.505167993086316	-0.8739720674138214	-0.20557425937793838
2.7532874838159094	4.635602388051232	-0.9236546382513626	-0.07666164497754469
2.855169491614638	4.766111363153025	-0.9577114882915394	0.053602008109202855
2.9604180986084137	4.896727197999598	-0.9829862920510346	0.1830336550470971
3.0656667056090603	5.027464710391519	-0.9964359663425378	0.3094382219430173
3.1687952652672733	5.158308539127737	-0.9979453927503363	0.4306345312926703
3.26940078834341	5.289250356021021	-0.9898059639746972	0.544530947209939
3.368261218766764	5.420267916046909	-0.9728581336770483	0.6491454350567469
3.4697674619547803	5.5513287791184664	-0.946204122731559	0.7426497513312567
3.5744936765555684	5.682390870570475	-0.9069307490900564	0.8234091990931114
3.683604480723136	5.813402985420455	-0.855259004295029	0.8900196232969941
3.7957886018007683	5.944311323298122	-0.7919642919304372	0.9413422389264459
3.908549688015529	6.075077631436311	-0.7185506749336958	0.9765308355966476
4.065499848540759	6.205707884606414	-0.6016534302195681	0.9950394046451465
4.215699429307771	0.0530909882227232	-0.4760689467658292	0.9966007786421459
4.365064057753428	0.1837306575438217	-0.34028488944007595	0.9811875211241878
4.517646251912697	0.31457012488999936	-0.19326438716148156	0.9489953389413719
4.677220885328992	0.4456032608419801	-0.035093023091118926	0.9005033387774586
4.847748454963283	0.5766196294387481	0.1348062041492996	0.836588366705644
5.0336391454206995	0.7072841949374461	0.3152287652157308	0.7585673249797337
5.171830905078173	0.8371943471120521	0.4426152395987927	0.6681745953593506
5.33360153386167	0.9658813015816347	0.5808816367918941	0.5675240120407294
5.510501020641416	1.0927624559143139	0.7158972631278613	0.45908755553279335
5.69698019717677	1.2170937314757877	0.8313627343309873	0.34566348531091506
5.824629203612683	1.3379792995222664	0.8948871604545454	0.23026462609231207
5.9539864138894485	1.454512536909827	0.9443888512350053	0.11583167180005519
6.08193328245263	1.5660725797066872	0.9778404547883123	0.004751012876013677
6.208736063470968	1.6726882351445047	0.9952332878373111	-0.10166653310163691
0.05226897083545501	1.775303500581571	0.9966534094021462	-0.20289706714999034
0.1786260115532331	1.875870627571369	0.982162649866887	-0.2998083204502873
0.30247575840816643	1.9774451783821503	0.9528037627943553	-0.39472879900761404
0.41990276568272356	2.062618972139208	0.9116467276741541	-0.47190989829707636
0.5545575894201443	2.157890224870722	0.8486157355789736	-0.5533246163045495
0.7444987982302808	2.262236301192984	0.7344602861515062	-0.6364608233826643
0.9124703544233116	2.3775051196924357	0.6113001833840512	-0.7205455690151301
1.0611309168672833	2.4730136824042317	0.48711284666788235	-0.7833675469168997
1.1981826405768516	2.5822291306729026	0.3633987905926107	-0.8467500549268864
1.3280152052481484	2.701998633643707	0.23997224580235366	-0.9044208085542393
1.4527698304020107	2.8291323499424648	0.11756513728446986	-0.9511115717513503
1.5732628075578021	2.960607150885795	-0.002430598243327753	-0.9830104509603761
1.6897492836787777	3.075451066673941	-0.11849735303074936	-0.9976863056413022
1.802409542904853	3.1902949824636826	-0.2294317784957486	-0.9979453927503363
1.9117151463174396	3.3052871213416877	-0.3341477709066036	-0.9852200648915835
2.0187160832061637	3.4214688154190886	-0.4324415857747461	-0.9593710273874709
2.1252769581618254	3.539105283069545	-0.5254547202311767	-0.9202017491471773
2.2339764022347013	3.6569209569936616	-0.6143814785847612	-0.8683441087833759
2.332693650798602	3.8042613036405752	-0.689392365454925	-0.7869001508648734
2.4403283216443072	3.9453878082080633	-0.7638314791079952	-0.6929405915005404
2.5574174660022764	4.083754927559748	-0.8338157598588	-0.5873908107895336
2.6849228434241525	4.221145591318765	-0.8971091445010301	-0.4714148907768979
2.7805063334423523	4.359275081560056	-0.9338619779852206	-0.34580929344469186
2.8670350907494737	4.499877175299761	-0.9607191903263964	-0.21079368075549165
2.953562576573502	4.645284069265052	-0.9821102278341731	-0.06699156624028905
3.0355390940759492	4.7988187453838576	-0.9925859718024791	0.08613595339970795
3.109425959679149	4.9627033187746	-0.9979453927503362	0.24731155856825687
3.1724122503800616	5.0415118112076405	-0.9979453927503363	0.32261195277790444
3.2847961596473554	5.149965487015915	-0.9878385960870296	0.4232426537099388
3.397500148707563	5.270844922069894	-0.9654466251572807	0.5294456608939262
3.5105549230025503	5.397103460670503	-0.9309084185592702	0.632009044265412
3.6231143427828756	5.525784158398667	-0.8849222445584772	0.7261023449623405
3.766522694162282	5.655565241024489	-0.8094565497125698	0.8087849058937158
3.9062944010463796	5.785806166050484	-0.720118564042688	0.8780540137378842
4.043922852833062	5.9161991999736605	-0.618511449727578	0.932489945489852
4.180749203742088	6.046605067211561	-0.5059359074401744	0.9710917873639021
4.318035133298742	6.176970122656985	-0.3834937925294213	0.9931994310928439
4.457032971065195	0.02412343321994703	-0.25217764033558376	0.9984554650012916
4.599093056439556	0.1544955872380941	-0.11291665835457834	0.9867722291338142
4.745755865447527	0.2849603367096224	0.033354449193056565	0.9583192356297452
4.898790192812618	0.4155124754556768	0.18504354862674802	0.91355029844453
5.060167131242159	0.5460509697203891	0.3401073895936904	0.8532532148378189
5.232009828470296	0.6763949764861424	0.49593328541859527	0.7785768782919023
5.416495057433756	0.8063103897322451	0.6463543839163302	0.6910216493583992
5.5341467154851705	0.935516264474933	0.731519478843932	0.5924115142842121
5.664331312261907	1.063681593060514	0.813563828071964	0.484852967918374
5.797646553942804	1.1904130493135257	0.8831878466136422	0.37068531222721585
5.929617245397245	1.3154453741457943	0.9367151857559175	0.2522185309943822
6.059177051033706	1.438886722441437	0.9734933844188842	0.13137462749875256
6.1873016233768245	1.5616126494522704	0.9938609192112838	0.009205598373139574
0.03210384760573812	1.6857468415368104	0.9979445083223368	-0.11454892144210353
0.15975041807205623	1.8151812144994453	0.9857684109270932	-0.24166718293997544
0.28487564152543	1.9560917608709745	0.9583459054979185	-0.3752163389638508
0.4034808039238257	2.010730490112144	0.9187670693326357	-0.42514446033375936
0.5101789499366859	2.0991899590459355	0.8725041888624334	-0.5031618919562438
0.6661391386966556	2.20931580940823	0.7852204498452974	-0.5951142571152106
0.8402674893017718	2.3384642571309144	0.665901174091091	-0.6934041257960611
0.9847741396832944	2.4878745962532194	0.5520392441812809	-0.7922499277108139
1.104199005926594	2.5609709355020756	0.44895486350036923	-0.8359396715884225
1.243387700217424	2.6550110410687595	0.32100432814264634	-0.8824409521279679
1.3566678817364262	2.7630380893056086	0.21205708569135864	-0.9273112124346996
1.5260343676855455	2.87828949565523	0.04468909875302879	-0.9635719663347118
1.6680477084003853	2.982507680675879	-0.09708862747938836	-0.9858091102574649
1.79534824185272	3.0867326783931603	-0.22266697299355628	-0.9979453927503361
1.914615677859244	3.189830110001792	-0.3369265126127591	-0.9979453927503364
2.0296720565375197	3.290845002488281	-0.442453003935644	-0.9870656170579537
2.1436318428838406	3.386994497949614	-0.5411400158566455	-0.9681096063353162
2.259599726271253	3.5259277367324118	-0.6344008780563084	-0.9251434602836797
2.339171167908644	3.673886397211773	-0.693895574434125	-0.8600245719712429
2.4278268894083497	3.8091073840438185	-0.7555295669551162	-0.7840036445034921
2.523927636771609	3.9284404697398316	-0.8137988605635919	-0.7047224834611756
2.6255302678725827	4.11085457585932	-0.8679841284497996	-0.5656648524908833
2.732356410723027	4.26609826934603	-0.9158052773494345	-0.4309529864568222
2.8432307432891464	4.408014721260812	-0.9546852443383953	-0.29913767270587455
2.9459258452824444	4.5438307152758375	-0.9807164850473685	-0.16743326740819392
3.0486213511865174	4.676937870715199	-0.9942577478207001	-0.03537569854166571
3.14964697547144	4.808868585728468	-0.9979453927503363	0.09613250260815082
3.2481017088172224	4.940307214839854	-0.9925277642008445	0.2254919276009128
3.343359329105843	5.071547279860012	-0.9791702855839041	0.3507799843671651
3.4388579816988227	5.20270351075176	-0.9549632069133683	0.46996812182227976
3.5327621717631232	5.333805682040313	-0.9225804790701136	0.5810489587759287
3.6518964428653775	5.464836936675623	-0.8708080371999646	0.6821163010784285
3.796785724133058	5.595748261025277	-0.7913683110679202	0.7714239980061746
3.9322887025164293	5.72649869470436	-0.702047168815266	0.8474550747515204
4.0587098496093414	5.857072774062643	-0.6069584289318947	0.9089542560681111
4.175709262798533	5.987458027115486	-0.5102428243634797	0.9549288072053619
4.348406506538479	6.117665951945255	-0.3557408482288457	0.9846663841749672
4.504505356149172	6.247746035408965	-0.20622795442751557	0.9977309533398752
4.6540935771260745	0.09459571146746834	-0.05819261564780712	0.993943383358534
4.803093910794081	0.22467026571373191	0.09038844895506747	0.9733669222589725
4.945844651594291	0.35480766566140287	0.23088683141270314	0.9363248439394725
5.094683673247038	0.4849047328312309	0.37247788651512614	0.8834627493306414
5.249497637589704	0.6147206628892107	0.511427344723063	0.8158171604446923
5.4101107127842365	0.7439071754145757	0.6416314313114454	0.7348435301720763
5.576091009641152	0.8720192123288854	0.7586903375491629	0.642412172288569
5.746882048349724	0.9984420936135535	0.8585672888967937	0.5408368460775729
5.922105932711416	1.1223801386583203	0.9343499306230505	0.4328465250090065
6.057729926939258	1.2428616505687116	0.9732169436429027	0.3214976709732162
6.190742081412713	1.3679292240650567	0.9940811991274785	0.20108560893256242
0.040562639217475	1.487249047983502	0.997402922903214	0.08326875212778088
0.17358995814978156	1.6026588248176934	0.9831246755259686	-0.031791387468561236
0.3065485843476435	1.7159633073190703	0.951521260938615	-0.14435763416299927
0.4392402893261416	1.829618566692494	0.9032622376119057	-0.2554983280549572
0.5714482866511245	1.9470516706360483	0.8394075823006086	-0.36695562849871377
0.7030250814928803	2.072823434142896	0.7613263121540439	-0.4806301929570984
0.8338843940945734	2.212603891753004	0.6706232023948626	-0.5976832225570663
0.9639476402686197	2.276236586915465	0.5691088610925086	-0.6473991900127836
1.0930912176013106	2.3676627945007653	0.4587962753020576	-0.7137031251548701
1.2211152262879121	2.476871844113538	0.34189202450186185	-0.7856735734382021
1.347735298580245	2.598933876856171	0.22075974525307834	-0.8549417522257681
1.4726055380604475	2.7302350092838155	0.09783461213257612	-0.9150097306786857
1.5953727699978213	2.8678849790547916	-0.024514064219005056	-0.960934620727867
1.7157790216142512	3.009068741242443	-0.1441758352831069	-0.9892033367810993
1.8338183370508485	3.130044738437084	-0.25952175510025494	-0.9979453927503363
1.9499292243598685	3.2510207356855063	-0.36958509762375835	-0.9921547430108698
2.0651687865716166	3.3726314202761487	-0.4740888601248479	-0.9717503713278282
2.181288113203065	3.4963603441325604	-0.5732163313894945	-0.9362315270261419
2.3008089530011357	3.623013300960706	-0.6665974802864579	-0.8849717935915881
2.426610878146567	3.75229627618767	-0.7546841885887081	-0.8179596917849866
2.51553730492496	3.883286180528002	-0.8087839521127017	-0.7361140177749745
2.6154060417630003	4.015061671083677	-0.8630193959860282	-0.64106057433911
2.723718320251498	4.147010125848849	-0.9125659073795501	-0.5347678733664664
2.8162139794643277	4.278839336850295	-0.9472527009233626	-0.41931037372461033
2.911876091700064	4.4104316689575125	-0.9720855249102238	-0.2968222097399931
3.007538203939765	4.541810225573711	-0.9890077500764516	-0.16942649181505307
3.100646587484304	4.673043386714687	-0.9979453927503361	-0.03926551541274585
3.1894165567618824	4.804197346464255	-0.9979453927503363	0.09148603345362753
3.27234199243898	4.935318324643495	-0.9894301087663713	0.22063145082609845
3.3989008475476137	5.066430718458703	-0.9650915748388292	0.34598154207054066
3.525981416192307	5.197539916252344	-0.9251233299515237	0.4653932183079581
3.6539279628485684	5.328634199509272	-0.8698118175282405	0.5768103575635822
3.782906735295809	5.459684234893485	-0.7996637944506817	0.6783044820680035
3.9128859177245925	5.590641500232115	-0.7155361018758406	0.7681159181172527
4.043741745699391	5.721439077243273	-0.6186529479988772	0.844696767472995
4.175377669321916	5.852032297543465	-0.5105261898973403	0.90676877326983
4.307797122007747	5.982416343884045	-0.39284914682521876	0.95334121957052
4.441130994475733	6.112607014183665	-0.2674119120277152	0.9836999869697647
4.575634028281334	6.24265763532434	-0.13605912101447026	0.997405161735236
4.711653124450747	0.08947200493537194	-0.0007020473861866945	0.9942714355055806
4.849557205871497	0.2195203640464794	0.13660536382146973	0.9743506960891404
4.989612685552613	0.3496689637276785	0.27352828154703507	0.9379429820244365
5.131828096568482	0.4798539763270054	0.40717307053333995	0.8856526893921203
5.2757778115661775	0.6098831416519187	0.5334887087576327	0.8184543894726706
5.420439293505586	0.739471216253497	0.649272215119433	0.737717075239723
5.541902810814404	0.8682669902166592	0.7365437562703496	0.6451879571454184
5.660429505446322	0.9958474812165986	0.8114367142690727	0.5429634175559239
5.772447026433182	1.1216989015875694	0.872261670549227	0.43345009561653924
5.87699748596121	1.2452587552447465	0.9175933430570785	0.3192496048278596
5.975718681350697	1.366082822323028	0.9512321766711213	0.20288448452029467
6.071701697432649	1.4840434725740845	0.9758859387151606	0.08645732938103072
6.167510116722218	1.5995656966015641	0.9925937415908141	-0.028701966041247435
6.262417447663308	1.7138601649743475	0.9986703100848585	-0.14228287246132462
0.09554098212838173	1.829155765884293	0.9938828611432375	-0.2550549596968284
0.2019577277589926	1.948793774873705	0.9777056459667766	-0.3685475394568335
0.2744257305062712	2.0773244459928986	0.9616365028555146	-0.48447656423919916
0.38542479945986036	2.220409166495754	0.9265959099217234	-0.6037814521559034
