2.033771643527959	1.439455787204028	-0.4461991502986332	0.13080858030725848
2.401663539317539	1.8572913790484726	-0.737340648106529	-0.2820091922575695
2.554333556281299	2.225134845320313	-0.8319725044066704	-0.6074736059150379
2.669282624092888	2.4095418380415716	-0.889439471400689	-0.7428176889158665
2.7791084599036586	2.586926310829485	-0.9333377614841472	-0.8490534648427805
2.8963562630195634	2.711579140720976	-0.9681515457008698	-0.9080135941385836
3.0238438934085847	2.8271872797795656	-0.9910914471314889	-0.9506185337327545
3.168426347113257	2.937394349330355	-0.9979453927503363	-0.9785539142876554
3.3105457651207675	3.0463208253128573	-0.9845480650612842	-0.9939637646072241
3.4206896969861207	3.1552452562885485	-0.9595685189822571	-0.9979453927503363
3.5473890588522536	3.2602550907848697	-0.91709525071489	-0.9909746887382489
3.9842926427590717	3.4605975062972427	-0.6651002917662061	-0.9494526539586905
4.420663319499224	3.660849007497476	-0.28702017391542367	-0.8664178657654366
4.75311124805943	3.8439356674995624	0.04067082852899807	-0.7631867499843592
4.983179148204743	4.003001604478699	0.26726034266113996	-0.6504830556172652
5.16022541148539	4.141275382781851	0.4323328649024312	-0.5396685383231953
5.311719731299269	4.266312774372121	0.5629470823749325	-0.43075697470607577
5.444789605079204	4.384000548795453	0.6672858678574676	-0.32214351891252835
5.570034156514436	4.497583984844489	0.7547668026842695	-0.2130559259825834
5.689223142962394	4.60930644509278	0.8271338891141332	-0.10284109324829975
5.8033776335829055	4.721901078677245	0.8856727656329781	0.009533625745105117
5.913468328874942	4.840264647865224	0.9316300149885393	0.12736208132177984
6.020747482386361	4.879282630297686	0.9654114030235772	0.16603810837747954
6.126672635226978	4.9499112558529275	0.986386910095979	0.23484876177667258
6.232390174914138	4.930974698550672	0.9967477738830666	0.21639962913596622
0.054753922421155045	4.953788892100194	0.9964943070613137	0.2386265881426991
0.15845843152193304	4.999935994538313	0.9860152161360203	0.2835858698260561
0.25699931366613327	4.965291607014363	0.9671239487391584	0.24983322458629703
0.34614028070897773	4.979152081080091	0.9390541374204818	0.26333693175017725
0.4217400000000129	4.914284688834959	0.9108501275944652	0.2001392182225632
0.47947521170146046	4.903716426042634	0.8858169166374167	0.18984298121784504
0.5871224502103407	4.9119615915613934	0.8308626360151052	0.1978759171877878
0.6756608142079796	4.92599056998294	0.7790524571501968	0.21154379142604177
0.7491027856119865	4.945318046053668	0.731477895026654	0.23037378063408437
0.8108021395384168	4.970050576270634	0.687698783408619	0.2544696985578115
0.8628698703607574	5.000663750262377	0.6491805895425784	0.28429489320707446
0.9092078173423157	5.038050313916379	0.6139741929246098	0.3193656719831918
0.9494318080183166	5.0838385109016775	0.5810061891420667	0.3623070155668327
0.9848579406198545	5.140485641579078	0.5519705600565319	0.41484358631432505
1.0499541411519349	5.211803192214851	0.4970153807465597	0.47803036697135504
1.108433147935522	5.211033511684524	0.4452034474743868	0.4773484361645309
1.1644830112831215	5.248102175268539	0.39500316585569517	0.5101909762441044
1.2216614040099427	5.308510714962988	0.34137980504873555	0.5603169389969442
1.2815014446688788	5.388421094835328	0.2852602826569831	0.6255860823814716
1.34566399240576	5.487832251156301	0.22277773626076997	0.6991275663513387
1.4237625245721721	5.609595292812003	0.14641862651306684	0.7803938889468784
1.5077022597400427	5.6907775318984966	0.06292399730741083	0.8279812816984711
1.5998775181348976	5.750807431208654	-0.02901341388927231	0.8607072554444741
1.7021772232982462	5.827693399313403	-0.13075758506777568	0.8962157544811242
1.8161600233274233	5.917299817310352	-0.24260489276090147	0.9328365215031023
1.9434502733462755	6.010974526804745	-0.3636647210511527	0.9623339737752503
2.085916275869937	6.102798289980354	-0.4918187727916422	0.981826249022512
2.2326019960072947	6.204561441212255	-0.6133076605561797	0.9949660020771882
2.321910448598547	0.01884282604850249	-0.6818958182213352	0.9987935629211175
2.432502675612777	0.10956780928760398	-0.7587802017373777	0.9929847748190099
2.555573021705299	0.21937340803111535	-0.8327133339403541	0.9743787687575993
2.685869684613603	0.3459200003672309	-0.8975734578362341	0.9391235020216879
2.817573248490477	0.48738002283050164	-0.9477624403476965	0.8823894968923887
2.945598552708343	0.6445375530684225	-0.9806335226507855	0.7992136196607436
3.0745621071714555	0.7940039794724132	-0.9975727058882271	0.7001255739715273
3.2036310897763367	0.9364472949540443	-0.9979453927503364	0.5916484319584367
3.338115917836743	1.1512454096478792	-0.9804993898764435	0.4072721252944415
3.473027907343137	1.3338834062728357	-0.9449814232339903	0.23425509155204582
3.609719745837189	1.6007977151843293	-0.8914907061451305	-0.02993250817933143
3.7494966467646615	1.825148388781711	-0.8196330326622505	-0.25121584754557447
3.8930026001248126	2.0233488694783257	-0.7293591042439551	-0.43667496232815006
4.03847959400305	2.198111722015937	-0.6227642458437102	-0.5863605489350981
4.222631591097505	2.3505733781598823	-0.47014501923142565	-0.7018224597998926
4.388865206893222	2.4836455272558076	-0.3174831219654063	-0.7897222095892726
4.534450464341585	2.6013409625447728	-0.17668693748873654	-0.8561221423446701
4.741099307247659	2.7071526962156613	0.02870884725794799	-0.9063536333577679
4.981275821191293	2.8048516814250717	0.26540600705148787	-0.9429917259800511
5.19639128431751	2.862169840049446	0.4643755395812632	-0.95948594249253
5.378149691148801	2.9242577962559273	0.617393772789969	-0.9752240497806904
5.539185769342199	2.9843669131655317	0.7347836992370135	-0.9860467007789038
5.685832482771756	3.035981378013321	0.8252854326340195	-0.9926424910769049
5.819353581228352	3.0691329169663404	0.8925997215730599	-0.996878912003383
5.946519543305547	3.121489158964303	0.942037590581412	-0.9979453927503362
6.069881385683663	3.14698620895669	0.9755382087628032	-0.9979453927503362
6.191739872057736	3.154141287305556	0.9941450840048327	-0.9979453927503363
0.030312844162959828	3.1470932561663143	0.9980591797074153	-0.9979453927503363
0.15167088614687912	3.127070417946084	0.9873118252642132	-0.9979453927503362
0.2702333777235952	3.13757453770526	0.9629566428034522	-0.9979453927503362
0.38171234672217075	3.1848815434734	0.9278527648716972	-0.9979453927503364
0.5133776713726248	3.216125973620549	0.8710654303539516	-0.9966139296702268
0.6684083999460326	3.2379484135344714	0.7837504578472729	-0.9938252494448786
0.8024824821442222	3.254170931411586	0.6938534241303755	-0.9917521808518286
0.9157813632433967	3.337715420622787	0.6085864458987817	-0.9806009082466228
1.0126058304365304	3.4226109946884438	0.529228099125634	-0.9590815068269352
1.0947925922225372	3.509406043300762	0.4572888709668201	-0.931339259891304
1.1629112282410712	3.601732106934722	0.3964772242395467	-0.8954076959218036
1.2169905462618344	3.6992200269111115	0.34576025504671715	-0.8476014304459437
1.2572615237895195	3.8027788827573903	0.3079931011441372	-0.7877861950822818
1.2850781080432685	3.9106441339086575	0.28180414739332527	-0.7170946035112424
1.3020200724649853	4.020555655063069	0.26529826705713777	-0.6367681468688557
1.310766123565013	4.13173445373741	0.25677733823933246	-0.5478218062336268
1.2926335669886568	4.242392922111172	0.27444316503417804	-0.452614607623627
1.2755762422093766	4.351141587841115	0.29081708924401284	-0.35324156844816507
1.2599322714223518	4.45713557002585	0.3054884056270049	-0.2520793493820569
1.247703704898036	4.560355822425176	0.316956668437717	-0.1511311566568478
1.2273112547477925	4.661852386237511	0.3360812303569173	-0.05044310465297825
1.2160116440787916	4.740021763698293	0.3466782945797068	0.027632595031184225
1.2123872716123514	4.823390356057493	0.3500773238842777	0.11057726856561743
1.2165071604379505	4.910233765898921	0.34621358664991453	0.19619256554587275
1.228436589959887	5.003308813593202	0.3350258621797244	0.2867842033905823
1.248234505135668	5.107050252051076	0.31645887038321496	0.3840755807756986
1.275987611655617	5.228942351929435	0.2904312964438182	0.49321552568582167
1.311848869709594	5.270059889591469	0.255722461847666	0.5288022400576746
1.356107610017133	5.355367586692045	0.21260293608533948	0.5987213215169349
1.409175076765862	5.3808301784128005	0.160901419419637	0.619590728208202
1.47160055937973	5.445815641246101	0.09883426172806595	0.6680448995910565
1.5374819695246678	5.538061580851437	0.03330219993877857	0.734055467489283
1.6143268886467737	5.651672188914722	-0.04344546835045084	0.8066625648170164
1.7011634482768403	5.785139780295367	-0.12975749033153258	0.8777650778407948
1.7976146216015336	5.877494756729723	-0.22483819017883697	0.9178089529714462
1.9026908377441152	5.980721189156435	-0.32550238221129146	0.9528074282629038
2.0155017199459198	6.091480341673913	-0.42950434471490995	0.9796642074779381
2.135082124616465	6.204165275456495	-0.5338337940759436	0.9949406370360896
2.2602143965012806	0.03243320815172041	-0.6348811174218427	0.9979234205739296
2.38979853927905	0.14239238604866017	-0.7290920284882653	0.989084275724361
2.5229892954995203	0.2528583952657803	-0.8132380131905412	0.9679822089253134
2.6587786405550164	0.38029125558011095	-0.884288512946686	0.9283002556444312
2.796549302947246	0.5152476516978228	-0.9398782513517955	0.8700459895797502
2.935734301528425	0.6588457693579843	-0.9781331239765141	0.7899449806014752
3.075703496405962	0.8134762532368778	-0.9977185635283558	0.6857205518200636
3.2158909175044665	0.9804163681879152	-0.9966439673903604	0.555610919311686
3.3560783386317925	1.159826804879271	-0.9759462603663107	0.39936987544787
3.4968169791224315	1.3502507235789802	-0.9360602843564497	0.21830906698518188
3.63967826139412	1.5505604176050976	-0.8767996064855605	0.020244585282975652
3.7869982966419715	1.7549221653166938	-0.7972182647687536	-0.18279076576593922
3.9410145488666006	1.9577455593515753	-0.6959809077822703	-0.37672755733235186
4.102345465564066	2.155339682422816	-0.5728660986105626	-0.5511450323460229
4.319567940121149	2.347324266556281	-0.38209313467868733	-0.699563657808451
4.530034621960765	2.4423415774834107	-0.18104319072825012	-0.765034803828144
4.738933863578089	2.5028232139651716	0.026545998644843898	-0.8011847291779024
4.945411811023482	2.563219982600122	0.2304651321050801	-0.8372839289437436
5.14554388235556	2.621614860695082	0.4193251472709869	-0.8660640854842812
5.336214262669347	2.6795707783321787	0.583023056670097	-0.8944845911749055
5.5168498828908765	2.737526695959271	0.7203148608160332	-0.9177441858136637
5.69026547973096	2.790580540386848	0.8277021307089814	-0.9376399059374644
5.858454885744769	2.8265901920721404	0.9095535210969428	-0.9504671834391701
6.024565161442971	2.906184789567836	0.9666135610699755	-0.9706428888655059
6.149810413230678	2.9829620257800076	0.9908068664289352	-0.9858671708232111
6.275039700557747	3.049566781363971	0.9994784666677237	-0.994378563937079
0.11706068613846125	3.096267283302049	0.9925050333812285	-0.9979453927503362
0.24188189789409903	3.1283439416488554	0.970079023885846	-0.9979453927503362
0.36547487707987897	3.1352395165818687	0.9329658203418358	-0.9979453927503361
0.48658315320583795	3.1212017714527707	0.882735008839632	-0.9979453927503361
0.6036444929791741	3.1708292920673915	0.8218554588567771	-0.9979453927503363
0.7147639588709139	3.211147949516629	0.7537220507159932	-0.9972500692327444
0.8174882753141289	3.2372109916930856	0.6827525745004128	-0.9939194842653167
0.908440432030111	3.2558694707080664	0.6146031499587143	-0.9915351252445384
0.9828382616193593	3.2716378296975015	0.553625910105317	-0.9895200934207149
1.03390163510064	3.328826408234194	0.5112377729882533	-0.9822119895281107
1.1440288840095605	3.3860797511861924	0.41366590941278664	-0.9683414771132228
1.210000775605738	3.4463739956912174	0.3523154409478056	-0.9530580413737226
1.312697537215324	3.5380127269031756	0.25489563893940664	-0.9206114685923967
1.4117192776843013	3.62937508351041	0.158398011858088	-0.881852093575991
1.4774045033113758	3.715507984328997	0.09306109428199248	-0.8396141186172832
1.5041694458166284	3.788714718413615	0.06643807783194602	-0.7961923580221277
1.5217296644172855	3.9389133679563417	0.04897097553647274	-0.6974416614292707
1.5322611072241294	4.0552833171792555	0.03849537765187778	-0.6096355648656341
1.5393245373753175	4.237808031956567	0.03146700049214948	-0.45680421736173765
1.5478595020394466	4.3814891425804765	0.022942264085417764	-0.3245494741969559
1.538505912977491	4.5058642010475785	0.03228368613539269	-0.20488744632505498
1.5477517935713003	4.619809500322794	0.02304984347629426	-0.09243560659121908
1.4876931857496054	4.727497074441273	0.0828269694842824	0.015122915296826429
1.4641417020043506	4.831396704383731	0.1062535671334226	0.11854116174986046
1.4622801148418667	4.933848487304018	0.10810528288585797	0.2191994469193986
1.4750131515322729	5.037782229783814	0.09543976547623895	0.31911425581912023
1.5011327112000068	5.146221205868126	0.06945870960191437	0.41992525049720264
1.5402385509087282	5.263615433644129	0.030554082307817813	0.5235202965091176
1.5922640112074966	5.395361413963911	-0.02140903094909493	0.6307203287460592
1.6572759285772911	5.453418108390447	-0.0863430383742182	0.6736689838117668
1.7354571347549979	5.538609878706185	-0.16358840410332215	0.7344106462767562
1.8271171340459837	5.642203930923226	-0.25310192756083516	0.8015008376442098
1.9331696144115853	5.759359577327827	-0.3542703959234905	0.865369553942128
2.05397364941578	5.886724965886613	-0.46452197705712955	0.9218110474679029
2.190364754653305	5.993192267150913	-0.5803078746566033	0.9567344757008929
2.2846290116686836	6.103640820108356	-0.6539561575408808	0.9819871956084102
2.3965690630702055	6.214965961771113	-0.7337989374801306	0.9956321653882483
2.5195881882955744	0.042632302261192453	-0.8112051685341927	0.9972704099653826
2.650264264343277	0.15294517910485722	-0.8801132209757594	0.987068400021359
2.785635182955107	0.2627584646309053	-0.9357853476404048	0.9653104359817836
2.92386337396347	0.4188371246049371	-0.975124071286715	0.9121087753071077
3.063549614413655	0.5970154550254413	-0.9961654241678235	0.8254693533414945
3.2036416425853416	0.7677635829498463	-0.9979453927503364	0.7193897219390724
3.3437336707388203	0.9349380349472575	-0.9790753971523597	0.5928854372574232
3.484537911122902	1.1076663246084444	-0.9406650571667077	0.445882846821936
3.6281882991500067	1.289549056219964	-0.8824340705861662	0.2774482808741371
3.7780713569219406	1.476853845119382	-0.8025539042000416	0.09360883250713263
3.938031364764856	1.666294988411699	-0.6980548353698572	-0.09535128981408694
4.111613368771674	1.8523225297585555	-0.5650164206794589	-0.2772489789813146
4.301088926286282	2.0310635606668823	-0.3989790040676163	-0.443724541323545
4.506282670619725	2.2022972956561793	-0.2044746237485024	-0.5896307206974367
4.72713264276875	2.3681612305374022	0.014758920357330238	-0.7140496408950231
4.956377182387182	2.534025312264684	0.2411482561552686	-0.8198342497579771
5.187142163517513	2.616409003694634	0.45618089237240844	-0.863511229890962
5.413584447321123	2.7062679476628757	0.6442011991545558	-0.906021843837591
5.566009132702685	2.8005667617434673	0.7521594551182911	-0.9413848384178398
5.715158412990326	2.8978810883712525	0.8412727928235052	-0.9685380597117479
5.857479814364658	2.992648227147135	0.9091307432662712	-0.9871049663363525
5.993831090345448	3.081325245063268	0.9569356362573851	-0.9979453927503361
6.126630485744079	3.1554636862528964	0.9863788583775366	-0.9979453927503363
6.258375858557939	3.206149077303869	0.9984115419498785	-0.9978888729661378
0.1070807431314539	3.224947015771387	0.9931440125480369	-0.9954866924818082
0.23830496275566562	3.2887989055480658	0.9707623175502231	-0.9873270869072845
0.36606514456150563	3.3272756788229207	0.9327799496093718	-0.9824101565736446
0.5128272300280717	3.337746980889924	0.8713559302478495	-0.9805929083236009
0.6773502243783466	3.329555758243994	0.777958083625552	-0.9821187862035646
0.8247492517093303	3.307664893689121	0.6773811152101779	-0.9849162103843963
0.9572371280022861	3.3418382898055894	0.5746088671849245	-0.9795558399032843
1.0783570518152983	3.3655536679714357	0.47185062859077076	-0.9735444459267755
1.1900760733223512	3.38926695881766	0.37100133694033366	-0.9675335810457977
1.292730932219281	3.4199865514755876	0.27434830597264387	-0.9597467528968533
1.385793816046987	3.4624940341763653	0.18368084935636003	-0.948931730598272
1.4683733325275012	3.519791504019259	0.10204437561334928	-0.9274446086734454
1.5396001901199723	3.592958794164626	0.031191678088314544	-0.8997099655721515
1.5990676677160875	3.681470384817284	-0.02820453399100481	-0.8563055252942545
1.6472631041657761	3.783237879323603	-0.07634221327955873	-0.7994658693848085
1.683647801389145	3.894592043678201	-0.1124782065808003	-0.7282541134951923
1.7103665773907002	4.012718557127033	-0.13883642874429106	-0.6428912397999417
1.7277381336582485	4.134891675312175	-0.1559735662912717	-0.5451237803671992
1.7402110644269468	4.259067079254595	-0.16827818234898537	-0.43737799152439205
1.749034499563364	4.384087117482426	-0.17698255052652823	-0.32206058514074515
1.756469889268529	4.509592459117221	-0.184317604112421	-0.20120949885931966
1.7653143359358614	4.635968313878897	-0.19304270028288636	-0.07629615767349353
1.7785837064012346	4.764423552979795	-0.20613300856181396	0.05192314786141241
1.7991621381217255	4.897208442167744	-0.2263207283390483	0.1835025120494009
1.8295083175070799	5.037909005200983	-0.25539270810041975	0.31923314905154737
1.8714479022716644	5.191742380309697	-0.29557130007383847	0.4602566477346057
1.9260988561026897	5.254998416576572	-0.3478092339615131	0.5163009910020997
1.9937247433490581	5.349096751673723	-0.4096048421880739	0.5935816794990902
2.075449931428632	5.458477717086672	-0.4828746846556405	0.6774119352630692
2.1695324810620837	5.577118310259425	-0.5632735880837033	0.7593558068462047
2.274281253213217	5.701717118944166	-0.6458714956968685	0.8339451204282173
2.3880388669268546	5.830504975609034	-0.7278686936514385	0.8974348161326917
2.5090997587771424	5.962197481904719	-0.8049362253279045	0.9469744539893785
2.6356593377516147	6.095630849564862	-0.8729512362081537	0.9804570694214942
2.765935564091417	6.229776506637974	-0.9283977943408026	0.9965804302843864
2.8984848202606974	0.08080272046690141	-0.968691094178171	0.9948264980107069
3.032141043935872	0.2151745197180394	-0.9921517364343098	0.9751808727015384
3.1660748604762565	0.3507349491224713	-0.9979453927503363	0.9376073113458145
3.3000086769680506	0.48917055530763676	-0.9858945950313582	0.8816131461022096
3.434411428653532	0.6320843019911092	-0.9560903229140393	0.8063511775942488
3.570589158404945	0.7802411078901724	-0.9083949822890124	0.7103069463375901
3.7105401407456347	0.9334975075251667	-0.8420502568510898	0.5940661086105685
3.856644050457489	1.090637920360094	-0.7546357873543325	0.4609698770772914
4.011235597117088	1.2494373165881631	-0.644049870459924	0.3153308430039208
4.1762847190021395	1.4080338513936175	-0.5097510642238882	0.16201326979082198
4.352686125915791	1.5633906628862055	-0.3518301907400104	0.00742971570128418
4.538410469532887	1.713352940440397	-0.1727803701895895	-0.141782492617882
4.801895256353865	1.848214461029527	0.08919615060159584	-0.27331340312406915
5.048923190893382	1.9784378048635949	0.329562534422699	-0.3956358474717502
5.282711822111874	2.1039334506516267	0.5391718963791705	-0.5072154760162383
5.497123339046378	2.2268938156112297	0.7060008431184308	-0.6088478822916006
5.690127158553618	2.3523526404585935	0.8276267233658035	-0.7030594136857398
5.865370652364322	2.4888194782754196	0.912552104450412	-0.792814684495746
6.029404649982072	2.647028974053259	0.9678060313569591	-0.8785266947011858
6.180287647518674	2.759330322506922	0.9934118400485363	-0.9259207629525382
0.047561969654437264	2.8492599063823567	0.9969547814330988	-0.9562135216632794
0.1986302071821081	2.955728069095115	0.9783412945430784	-0.9823869551935784
0.34851338362071493	3.060482820813582	0.9383068653952609	-0.9957735199306492
0.49353217964586327	3.1465337324515685	0.8797220044755222	-0.9979453927503363
0.6546250193932283	3.2349429712772553	0.7926791165126919	-0.9942093136202954
0.8024372782348396	3.2801262656839745	0.6938868646686437	-0.9884353598312087
0.9389622525854749	3.26626683962981	0.5895871463596558	-0.9902064499349906
1.0673726653406477	3.318613229766828	0.4815827073377047	-0.9835171272185909
1.18900943204538	3.3521984492909054	0.37200166044225325	-0.976929737975237
1.3043668546916067	3.3726769536104966	0.2630118907170923	-0.9717388294999934
1.413138597317618	3.3931127335130595	0.15698621842949195	-0.9665587508458631
1.5145965643242492	3.421384083442592	0.05606625104769293	-0.9593925053200414
1.6079206964460142	3.4620318541737403	-0.03704695329720692	-0.9490890742542178
1.692519680108005	3.516888564771633	-0.1212303646237303	-0.9285332398071608
1.7683440114193147	3.585404422760699	-0.1960314921149484	-0.9028391105823999
1.8362204026835145	3.6648352926153995	-0.26182296088209556	-0.8644630655742327
1.8956562794538656	3.7979638048154163	-0.3187631965745314	-0.7906641712463051
1.948814843524366	3.9298843942456285	-0.3685667917008353	-0.7037186584323369
1.9990502420353935	4.060753147305905	-0.41447120984448516	-0.60536200870287
2.0466676346020365	4.190746170331269	-0.45798333006404846	-0.4973929294436322
2.0964809455322766	4.3200224024567815	-0.5008468854357091	-0.3816778532296743
2.149524272970963	4.448717131623964	-0.5461754333636848	-0.26014430766672575
2.207528689303514	4.576959572182342	-0.5937179874029398	-0.13475146453244424
2.2749720716959474	4.704880325641976	-0.6464112293843629	-0.0074667297079840066
2.352852659259972	4.832618189279475	-0.7034070297734912	0.11975616949615014
2.44215248769997	4.960298053380824	-0.7649217847044327	0.24496820441060402
2.5435905027548587	5.087987123563749	-0.8255513722151432	0.3661976907505408
2.6567435194424704	5.215656161389602	-0.8832905273480041	0.48144406690850894
2.779389985354	5.343148887055992	-0.933443336332269	0.5887067474021015
2.883679302225451	5.470172490958627	-0.9649381790311401	0.6860633890542185
2.9907375868972808	5.596332045353676	-0.9868608064393134	0.771802164377082
3.0977958715499825	5.721211540844897	-0.9979453927503362	0.8445727234501816
3.203728566763138	5.844488825398861	-0.9979453927503364	0.9034980252465791
3.308656524924251	5.966076231061655	-0.984789490254697	0.9481958425450506
3.412980613998896	6.086242818950107	-0.961522623812875	0.9786636955995553
3.5434383973098407	6.205605874297944	-0.9185767881453961	0.995032873299039
3.675854031951451	0.04164127345578328	-0.8590596804365033	0.9973338619069336
3.811201003978232	0.1607275951016428	-0.7827522860955127	0.9855817430543333
3.950525325843613	0.3133581226399246	-0.6893689582413494	0.9493769892151576
4.095138799477062	0.4619039554922809	-0.578496637686913	0.8934355769055959
4.246784714845872	0.60263581879441	-0.4486014476593507	0.8224053489160343
4.407668425630013	0.7330228833157039	-0.29946942779906705	0.7418942046124456
4.580257673154427	0.8512437476762204	-0.13149786945253567	0.6577812571806855
4.766692776116385	1.0250455989881062	0.05418033802284877	0.5190323346137105
4.968127331216031	1.1732132455614406	0.2525959575949415	0.38681572860344104
5.18384008941534	1.307440979825215	0.45325528107270396	0.26001689318724497
5.410908641566876	1.4322201616964478	0.6422217158323108	0.13800583757305968
5.575063684662523	1.5487409554454517	0.7580248524718634	0.022061867008603846
5.741593790339109	1.656562064567423	0.855684335655055	-0.08563002985527797
5.903154102288815	1.7550512364284772	0.9283821436250671	-0.18291809514057367
6.058998741715469	1.8444606634730065	0.9734593224013368	-0.26971722301830875
6.212020436713508	1.9265112220688239	0.9954435742163549	-0.3481860483254616
0.08186660263423415	2.0042920888752023	0.9947583815354537	-0.4192611375908875
0.235477138044159	2.079185118259636	0.9713025103785973	-0.48606661479020513
0.38806610945287756	2.155061971333423	0.9254506734480082	-0.5509077123845207
0.536841471090517	2.2361398485813795	0.858273876438763	-0.6160717704683446
0.6800123990829462	2.323443137979899	0.7762335684274102	-0.6829613531272529
0.8175056939795325	2.420180104377485	0.6827396886780367	-0.7502134758621855
0.9504609807152974	2.5272928270132256	0.580162668427271	-0.8158102376211367
1.0799232201471638	2.6456496303895976	0.47046301594878615	-0.8778502901847758
1.2064262811174713	2.7399574362922707	0.3556676934072719	-0.9186557376508734
1.3301200262113382	2.8424404269906405	0.23792160267250648	-0.9544849142992474
1.4509434866397213	2.948463558826559	0.11938179652135515	-0.9813597468080081
1.5688406124101688	3.0544866906427246	0.001986297368570932	-0.995007277031045
1.6840344700112537	3.158320468961597	-0.11285965734204027	-0.9979453927503363
1.797332625174404	3.2588929675091536	-0.22456803444298012	-0.9911487538867134
1.91046808712167	3.3794907708088204	-0.3329530742286375	-0.9700116573934982
2.0264399380552605	3.512988793418073	-0.43949953839745626	-0.9299956929099358
2.149590672839372	3.6465601357100312	-0.5462321758374873	-0.8734248631266128
2.211231122521687	3.7799564137493378	-0.5966106835069112	-0.8014272041377671
2.293716426100238	3.912891274628889	-0.6610561176947342	-0.7155323777236509
2.393510904548249	4.045220392299668	-0.7316728872232288	-0.6174976873884286
2.5106263977993337	4.176947138558169	-0.8058486987644473	-0.5091849889408357
2.600697071615271	4.308175071017799	-0.8558063901907548	-0.392503782203684
2.7091682402999298	4.439054003952513	-0.9071094824659796	-0.2694016922135124
2.8044111593051597	4.569740671897306	-0.9428265257970921	-0.1418729500929349
2.906750052733463	4.7003763162629815	-0.9707861722475051	-0.011965341505493065
3.0090889462026085	4.8310752046671	-0.9892059187642821	0.11822136684490767
3.1056158477455242	4.961922521992725	-0.9979453927503361	0.2465508593997479
3.1934121635029045	5.092975235901725	-0.9979453927503364	0.37087567022650947
3.272744543631005	5.224282408285759	-0.9893786669224107	0.4890868528098999
3.3452110693045456	5.355915348273988	-0.9787009049230224	0.5991702726429152
3.418801405578782	5.487959536767533	-0.9600471646742039	0.6992217285468548
3.4974602651772373	5.620513755345612	-0.9358190456781965	0.7874666984612269
3.57918660336358	5.753672920791458	-0.9051708547913287	0.8622694092700501
3.6639059320841754	5.887492923034315	-0.8649188067192817	0.9221440233541573
3.7811133493851643	6.021944769204786	-0.8007357027283729	0.9657884195200591
3.9284453896069125	6.156881422519333	-0.7047190631398954	0.9919132252630906
4.0763307315229635	0.008874789546757663	-0.5931913051361472	0.9994317797580402
4.215573700125914	0.13527637850306315	-0.4761763895210442	0.9904436302229432
4.348845509711849	0.26205818903348754	-0.35533969315027486	0.9655309474317115
4.477048459253799	0.38969811204537874	-0.23300257845567215	0.924743059082761
4.677256367368122	0.5183521413041333	-0.03505758357348068	0.8683535422073845
4.867214185815639	0.6478200684087326	0.1541687143655178	0.7970872574867218
5.062075432874982	0.7776980156554444	0.34189704372885077	0.7121882520555349
5.199205208037972	0.9075362331392597	0.46686865353884266	0.6153442408339055
5.354605092124933	1.0369176155358473	0.5980963729886992	0.5085656383940832
5.5176003141170025	1.1654868582833997	0.7208009784447442	0.3940617324343662
5.681346618587197	1.2930097461682222	0.822839913397455	0.27407666866053954
5.84206863899181	1.4195679174231357	0.9024486649844847	0.150590990982311
5.999020271658095	1.545987142013699	0.958569669914148	0.024812380284619143
6.138757952488772	1.6745059552135315	0.9886955403611026	-0.1034597241298358
6.277604425847043	1.8095578876758422	0.9996426766263673	-0.23627997285558955
0.13340133221833922	1.8553324122986494	0.9908018159873424	-0.2801324801686814
0.27181946216259517	1.9278904365150196	0.9624571968986662	-0.3494463555694468
0.4074766394014216	2.012453346081968	0.9170345288341689	-0.42671878248873774
0.5680685283924217	2.104146972111002	0.8412500954700989	-0.507397942278675
0.7192053441374197	2.2035586056955325	0.750844990701991	-0.5906161771315538
0.8610076789170319	2.3116812220415697	0.6505581846463452	-0.674784398197413
0.9958879858646964	2.4306567549218046	0.5429302195223809	-0.7574969065350243
1.1255175558713528	2.5621965929214796	0.4300667983989056	-0.8366722480660646
1.2506256330460683	2.644580908697448	0.31421640940171136	-0.8773262089145313
1.3711400261599476	2.737856213376054	0.1979574524896463	-0.9178677581272436
1.496755204446286	2.8374151641016483	0.07381300381687965	-0.9532111064413248
1.6156997419828496	2.939317029248221	-0.044816676466207475	-0.9790412768081341
1.7288871028989572	3.041218894434293	-0.1571070308820095	-0.9933117910511844
1.8366705370902832	3.141502507659857	-0.2622541946857747	-0.9979453927503363
1.93938682912877	3.2378499095616804	-0.35995160145834554	-0.9938378372252608
2.037738175979028	3.3832335017618917	-0.449823713248487	-0.9690629468079175
2.132888111008631	3.5261884484087447	-0.5319588843412124	-0.9250456908081348
2.2266185487591894	3.662545754584569	-0.6086328174130389	-0.8655858125047802
2.3211136177448477	3.787208066844022	-0.6813418566038939	-0.7970928849413241
2.4188846653815386	3.896852735676936	-0.7493128788557324	-0.7266824667770191
2.520584298476164	4.0685851790475365	-0.8118005444327815	-0.599242873968989
2.627637315796987	4.209792642719583	-0.8690173856212402	-0.4811166327216647
2.7403876519315613	4.329722149215675	-0.9188170728009377	-0.3728143576806142
2.84050535453626	4.441315597827282	-0.9539944105082042	-0.26723505994917285
2.942480651857542	4.625569933222129	-0.979843194524336	-0.08668207696480072
3.0445801342517935	4.778625714260299	-0.9937413224440391	0.06604999955641828
3.1448173721123336	4.918934129732433	-0.9979453927503362	0.20466898308179676
3.2422252857589324	5.053998183304612	-0.9932787097799399	0.33432199225601306
3.3362823889294955	5.18689890531577	-0.980964154323871	0.4559653675471792
3.43073730504401	5.318914115868571	-0.9570216428525523	0.5688436752715524
3.524007474711018	5.450570788007601	-0.9258635776692192	0.6715626189525146
3.6630977853568236	5.582075480066193	-0.8653151068660135	0.7625669840303204
3.7980803434630612	5.713490170041117	-0.7905945159979059	0.8403633314453396
3.9284783097945475	5.844803229810919	-0.7046961768268164	0.9036343467692847
4.053779245208899	5.975968567762434	-0.610810690214928	0.9513108639981858
4.172915585008921	6.106981182569056	-0.5126301813355344	0.9826252973401401
4.283787424500209	6.237868972362305	-0.41478887909680817	0.9970985611997961
4.382675669290391	0.08551662211302441	-0.32341276831846866	0.9945246841682689
