1.5565437169162806	1.2080356169981057	0.014268456326662092	0.3541584170098197
1.8872244289582485	1.542261106162615	-0.31068538935383744	0.028533950873659723
2.255343491369158	1.798946185271008	-0.6310754989357763	-0.22611384308915422
2.622569320753577	1.7900059194559255	-0.8665321349713722	-0.2174010857101362
2.803942894324978	1.7093914234686722	-0.9426509217651884	-0.13787443393888094
2.9807764273826356	1.6057457813460267	-0.9855878741425766	-0.034874644604197744
3.1569584873234087	1.497718716687872	-0.9979453927503363	0.07285460077706242
3.3146526398283727	1.3862987368299318	-0.9840232493060224	0.1831889251724172
3.4723464802985973	1.2727860450533117	-0.945236965163312	0.2934338075826526
3.625918421270006	1.1584271506543924	-0.8835471765438621	0.40068250701945396
3.7924466405741004	1.0443923276091671	-0.7939617849860734	0.5019431031549887
3.9447100751847524	0.9318840538142978	-0.6934117555876784	0.595388512160016
4.08405311899175	0.8223012340945985	-0.5871578350293348	0.6791920874876803
4.213814446883313	0.7174222570746097	-0.47767977173281934	0.7520000466545973
4.335157128893986	0.6195944186390695	-0.3678479477953485	0.8131601777652742
4.49123130631537	0.5319029689137302	-0.2193228789296048	0.8609661563599247
4.635211603763858	0.45825960997522613	-0.07705196095105417	0.8950157160865271
4.773272842450422	0.39627872731759073	0.060725512338806006	0.9218897928439828
4.907213403884926	0.3512495744572199	0.19324994727953615	0.9374452597490526
5.040295891586111	0.3276726340217661	0.32147163222204267	0.944869458649394
5.17300196690933	0.3227298719218231	0.4436527910346097	0.9464258967736496
5.30539755706528	0.3400552307826971	0.5577653621985603	0.9409702732776724
5.4372387813870615	0.37634249263723774	0.6616999879616332	0.92954369100783
5.568022223352306	0.4272719275523795	0.7534635038024402	0.9084515582407473
5.697090385374355	0.48725202045998284	0.8314228046643165	0.8824449969979529
5.823843828334343	0.5489025079746244	0.8945466323012099	0.8516986667356861
5.948162174288024	0.640049131827159	0.9425548425618867	0.8020090611639145
6.070478709439244	0.7797758845042303	0.9756523141412834	0.7106511050763659
6.191728167955505	0.8846963589369363	0.9941443346340713	0.6330339877008201
0.029654276172367242	0.9507382416453152	0.9981013454017102	0.5799354224669384
0.15054316453562208	1.1022931085187673	0.9875272513209714	0.45064347339217814
0.26946121700720815	1.3262593149457338	0.9631997903296201	0.2416829397038222
0.38280757031650725	1.479332208744872	0.9275078873068172	0.09114361086289909
0.5326302744601283	1.6264994277467453	0.8605696575736489	-0.05560341994268303
0.6984672119658011	1.756036929664066	0.7642788288528972	-0.1838904870378369
0.8443634181522606	1.8787832133833422	0.6628711249794261	-0.30259861028228535
0.9710115021488226	2.000104959859575	0.563319245958055	-0.41543499652598526
1.0795559780164632	2.1227745693985116	0.4707883895455199	-0.5233162863419489
1.261263082985981	2.2482717881194976	0.3042403364659232	-0.6255504057785715
1.4153842276838728	2.37709699041515	0.15475249593336507	-0.7202618350789747
1.5548853823281534	2.508954937476288	0.015924803575217743	-0.804849665513728
1.6862871126128771	2.6428865750397628	-0.11508190188442041	-0.876495339154836
1.812687278448349	2.777593142184911	-0.23927796426822998	-0.9327695022457051
1.935523637417688	2.9120352766094717	-0.35642146985929685	-0.9721258752347631
2.0556246294131753	3.0458948028460253	-0.4659328336069297	-0.9939093233791354
2.173775300172982	3.179461929913285	-0.5668993189475975	-0.9979453927503364
2.2910240559729362	3.3130290569525056	-0.6589525797998527	-0.9842307262645111
2.4086878763163333	3.445689518554923	-0.7422240095718129	-0.953231543213137
2.5281182778790536	3.5746811606574673	-0.8163036103027536	-0.906860440684336
2.644731552821376	3.7236518734346165	-0.8774000819952437	-0.8350804755707157
2.764467907473802	3.898770025535339	-0.9278474084900323	-0.7253495552988378
2.868527063148455	4.051160183853078	-0.9610973767432283	-0.6128569522630478
2.9739751740974696	4.192485263986797	-0.9847187449059404	-0.4959067747485487
3.079435370197938	4.329064659214724	-0.9979453927503361	-0.37341516302551997
3.18397002800148	4.463471095183319	-0.9979453927503364	-0.24600984531643127
3.286942552879269	4.59714506579555	-0.9875643094176532	-0.11483836203457218
3.387492516472473	4.731040059351959	-0.9679833681818459	0.018661654312766646
3.522309921524673	4.865982271284552	-0.9265001770232377	0.15294333228895457
3.6563463084421595	5.002902730487211	-0.8686259057610433	0.28640336825563506
3.789611577907008	5.143019416103058	-0.7956563043433362	0.41708849031977435
3.922292879636968	5.2880037782170755	-0.7089963251942588	0.5435092389938961
4.054647229672188	5.423459762230084	-0.6101325374631268	0.6515066700891241
4.186939678865452	5.567607531418386	-0.5006457934545708	0.7531948728439405
4.319436362459971	5.719778069725635	-0.38221336854078675	0.8437912505716041
4.4524299109150345	5.820132702277085	-0.256587423518716	0.8929375379765896
4.586279003737221	5.927159617576862	-0.12555779311027054	0.9359412974809953
4.721452149912771	6.022112295438773	0.00908523497453486	0.9658411722546878
4.858568674002093	6.1177428539877425	0.14556904697650958	0.9846810745946635
4.998436036540163	6.2127178050050365	0.28212452056274184	0.9954882241516867
5.142077491194138	0.021653614400116015	0.41625395236825047	0.9986135984465982
5.290713691075577	0.10616666513140036	0.5457303119373811	0.993202537611603
5.445697679812088	0.2224119028109068	0.6679576351508311	0.9737983321122807
5.608408724815098	0.3283862125955579	0.7796252487292564	0.944644758193567
5.722054775181574	0.4148185438752463	0.8450324221183609	0.9138511778408419
5.842051397520974	0.5535351688768706	0.9024411893147172	0.8491731196199441
5.9643904029577826	0.718261308826851	0.9476649881201856	0.751456522033066
6.086747698068706	0.9325757237891021	0.9787601414923836	0.5948216122089571
6.20867529522153	1.0901044717571462	0.9952293970690606	0.46144250828189365
0.04731455684147918	1.210350375085176	0.9969706223685602	0.3519875776041576
0.16903333060265474	1.3041293730766685	0.9839951175701711	0.26324325958439965
0.2895888031409561	1.4793365190675878	0.9568617668167815	0.09113932339646619
0.4065857209237573	1.618041601490275	0.9174208190986306	-0.047155729501342336
0.5652605502646213	1.7409680090073125	0.8427808962801245	-0.1690249124167687
0.7129986713069267	1.8574282691244635	0.754865576431239	-0.28214033448368636
0.8484249212359738	1.9721141965061493	0.6598665430494053	-0.38985742088769226
0.9722332868964894	2.087789350396205	0.5623178583904469	-0.493419421780617
1.0841911402263515	2.206176820939841	0.46668167282214634	-0.5926617781161699
1.263091022475677	2.3282231576229964	0.3025260480063373	-0.6862844516250056
1.4213936113422156	2.4542400317362154	0.14877497814272145	-0.7721465200123798
1.571515307564613	2.5838219336147836	-0.0006851924450693124	-0.847531135909112
1.7211942217762242	2.7159496972339983	-0.14951796057061056	-0.9096525963655956
1.8299705408300908	2.849337868556112	-0.255835523221268	-0.956233283580565
1.9501444780885744	2.9830088320179686	-0.3697817935286854	-0.9858731521722601
2.077951195346905	3.1165983277162783	-0.4850121573006403	-0.9979453927503361
2.2132837770468288	3.2501878234185138	-0.5982144141882728	-0.9922611805117898
2.3580982436343354	3.3836588463983133	-0.707053791681563	-0.9689551300922217
2.444171166429354	3.5158245187312605	-0.7661283506906953	-0.9289322676711452
2.5453416836287714	3.644298063720466	-0.8265980545066345	-0.8745341412206049
2.6575427975522508	3.765862648845759	-0.8836824784893809	-0.8098510593572774
2.7777273286219564	3.8764997088156146	-0.9328198234962133	-0.7408320138579074
2.8776112606346085	3.9707090133670735	-0.9634000467520213	-0.6753371368899082
2.980065333078526	4.104177965333708	-0.985497003706821	-0.5713703968980749
3.0825194054910194	4.31218857525378	-0.9979453927503361	-0.3888362970810305
3.183566720364277	4.477249969700983	-0.9979453927503363	-0.232809529190134
3.2830322850934013	4.622952286186525	-0.9880640008588154	-0.089296587025771
3.381377612120182	4.760328198085551	-0.9695333792730976	0.04784950934353239
3.4952622142207868	4.893714689516436	-0.9366433366814072	0.18009868816267322
3.6114661466726647	5.025739758467628	-0.8906343036084035	0.30782051785973896
3.7315154965975874	5.157151247244878	-0.830380381346153	0.42960917992114256
3.855173995727902	5.288258881415521	-0.7556577782724156	0.543718324245507
3.981712529447108	5.419173861563632	-0.6671161238651319	0.6483360853497147
4.110326651885443	5.549917420044672	-0.5661159936297923	0.7417354949646142
4.240382770279935	5.68047100267591	-0.45445145679628873	0.8223625615502312
4.371495586692187	5.810805186185126	-0.3341234126766286	0.8888932525023682
4.50351378502885	5.940903313175717	-0.20720614489098746	0.9402690825059856
4.636472888369844	6.070781970824342	-0.07579218786200047	0.9757102454637894
4.7705399715852	6.20050181354201	0.05800713302652575	0.9947060789990239
4.905949470504409	0.04697684712283618	0.19201854738915633	0.9969922446838869
5.042917932597983	0.17670212903947607	0.3239306494228583	0.9825301647034104
5.181542941807261	0.30660821558781975	0.4512200266261539	0.9515024835154395
5.321708127808413	0.43671645995140324	0.5711336767023685	0.904356536070256
5.462954162250944	0.5669017433730938	0.6807234792836154	0.8418861814264067
5.604455989421338	0.6968804429590256	0.7770647284715164	0.7653067130347267
5.745202980286844	0.8263327603915758	0.857651926086344	0.6762096815131842
5.884451068793097	0.9549314529521395	0.9208251162838107	0.5764986225895243
6.021884935330589	1.0823618834880988	0.9657695782889745	0.4683023796924043
6.158010395910874	1.2083872320393403	0.9919855092908219	0.3538286634207085
0.010485742647872318	1.3329923166427924	0.9993286363363196	0.2351232446443437
0.14625565841083626	1.4566155932199094	0.9883462837209627	0.11373976733481271
0.2816373027744625	1.5804383903405994	0.9593656336963117	-0.009597581844925516
0.43097174597291427	1.7067243153517988	0.9068473667552643	-0.13524331684450103
0.5763386238715135	1.8391639050454631	0.8367415600463206	-0.264642869115269
0.716755718717848	1.9832386164041753	0.7524318197926989	-0.40002276321084373
0.8532126323200543	2.146438684450682	0.6563247335486142	-0.5435386220269669
0.9867416617000117	2.2225295914466563	0.5504266425423274	-0.6054381315969077
1.1181108837049998	2.3390308944248637	0.436629050823474	-0.6937980554618131
1.247757650149466	2.484934296107205	0.3169060771996058	-0.790492507823269
1.3758202551980887	2.5923682918027526	0.19339769197270862	-0.8517221112472337
1.5022010643016366	2.6722437999226787	0.06839602164009392	-0.890891577034638
1.6266867703823487	2.76463749224451	-0.05579053806784333	-0.9279110044682628
1.749065262606684	2.8616709618156917	-0.17701289844105128	-0.9593594864188201
1.8692636326680365	2.952425352211861	-0.2934787453273687	-0.9819649024213595
1.9875165621290656	3.0399136363675487	-0.40393189133905183	-0.9931449926833545
2.10454766582163	3.1199355304480494	-0.5077403579027256	-0.9979453927503363
2.2216580346470662	3.241746703408111	-0.6047571877931979	-0.993339867613033
2.340632050609467	3.3612074171867667	-0.6949111889024688	-0.974646137226178
2.463472211821805	3.4717365572267087	-0.7776646018686839	-0.9454656923906463
2.592161385823288	3.6491080883518694	-0.851620648397424	-0.8721753944699306
2.7278335075474223	3.80421303778386	-0.9141091436064459	-0.7869289994083106
2.870380928661425	3.924114202899712	-0.9615672961305552	-0.7077301302724266
2.963298350353603	4.125636271613696	-0.9833543581846803	-0.5530330505883068
3.0562226052154093	4.327114696197852	-0.9952291088088312	-0.37519701248514964
3.1491476000625616	4.503180431366963	-0.9979453927503363	-0.20753500014537915
3.241738977897099	4.668183901598055	-0.9933408548527676	-0.04411917694761179
3.3347998269498964	4.836065170475613	-0.9813399553796939	0.12318487243731177
3.4293696868421	5.0181258140957	-0.9573683078630629	0.300679965865375
3.5255016098726477	5.161984560938666	-0.9253032621006936	0.43389145727774603
3.6246854075833843	5.218707597432778	-0.8841518235570743	0.4841476148883578
3.724457237354751	5.315980641431415	-0.8345991088735524	0.5664393689181839
3.875209290966075	5.431300432664222	-0.7417291201330815	0.6573069701800258
4.019132845537444	5.554513285917841	-0.6378797821986342	0.7447126251030716
4.157993208090448	5.681244962528392	-0.5253822033147396	0.8227844944553975
4.294346966062046	5.809548776749341	-0.40513971484954137	0.8883484902762058
4.429833183369275	5.938487121868142	-0.2782353416154698	0.9395082422732242
4.565662451119805	6.067598477353672	-0.14589613772993135	0.9751021100531911
4.702859841906373	6.196687759701745	-0.009484792106354615	0.9944618791129822
4.842430476941774	0.04255185346148875	0.12951642568929234	0.9972755608071227
4.985455062799036	0.17166519133720753	0.2694776754930178	0.9834923592880541
5.13311433363696	0.30098944763375285	0.40831266631017665	0.9532717907323813
5.286650141823684	0.4305840470313271	0.5423997844373611	0.9070154677997839
5.447353981951799	0.5603472569342386	0.6691829193318487	0.8454594333155735
5.616418287569661	0.6900409709852752	0.7848137183953716	0.7697372161664777
5.794823507644376	0.8192846690617223	0.8819638117231929	0.6814236546197743
5.918546632634903	0.9476684365917435	0.9332291341487847	0.582451466820494
6.0465944917064745	1.0747790270971394	0.9710897671495724	0.47502072993379607
6.1757964961565	1.200246252986264	0.9931242880902338	0.361463482034283
0.021889744600904225	1.323862639993606	0.998598479895435	0.24401792453674104
0.15119557789230856	1.4457896491730466	0.9874026223031319	0.12450830481216196
0.28062422738246695	1.566821167945615	0.9596846434181967	0.004003321741349812
0.4102599699795765	1.6886817348175918	0.9158277141456483	-0.1174442101004039
0.5401150372695217	1.8143428713613432	0.8564892550740595	-0.24086404082331905
0.6701165441542994	1.9483249401709302	0.7826439487054482	-0.3681191247358533
0.8001305811361971	2.096828922196287	0.6955932921359538	-0.5011442513373983
0.9299881419858264	2.1527232954265534	0.5969424213391394	-0.5489091804663435
1.0594942968451972	2.2417873475003622	0.48856287894510675	-0.620484138540222
1.1884246986566884	2.349798671739161	0.372550038386829	-0.7012838792217528
1.3165154758714577	2.4705737280061255	0.2511759735558418	-0.7819091841066449
1.4434652343923586	2.600827994259535	0.126820393953801	-0.8558705922240939
1.5689976795769232	2.7383522859254574	0.0018294184302947956	-0.9180537902745936
1.6929287504752173	2.880920794139029	-0.1216339148319755	-0.9642389500844666
1.8152882430975827	3.026209596865825	-0.24176971753582782	-0.991393759360381
1.9364872183713144	3.151270075616572	-0.3573019769184936	-0.9979453927503363
2.057496794505986	3.2763305543427093	-0.4675327054331579	-0.9889204121535093
2.180026474978315	3.4020481811005423	-0.5722306185454539	-0.9642937860863232
2.306463035665721	3.5295437544220674	-0.6710149922121557	-0.9237874176313077
2.439553476005595	3.6593334649049316	-0.7633683532134854	-0.8671610597071753
2.521359393938858	3.7909867503957093	-0.8122638196472965	-0.7948343625821441
2.6142769710275386	3.9235855900588055	-0.8624657206657056	-0.7080976251089899
2.715008337705945	4.056381695805153	-0.9092995771657977	-0.6087774060860984
2.8208419975142958	4.188984593341188	-0.948988253791275	-0.49889829743013336
2.916411701333966	4.32131092731609	-0.9732352150497764	-0.3805004168863116
3.0119814051611575	4.453468663571491	-0.989575544852481	-0.25559228683867147
3.1054226651586907	4.585665564308257	-0.9979453927503361	-0.1261629545424992
3.1950056976694574	4.718169354816655	-0.9979453927503364	0.005806373963039346
3.2788585840645608	4.851315320702784	-0.9885973563209706	0.13835415592387182
3.398471436386724	4.9855643699752	-0.9652004223405628	0.2695841691158785
3.516507640650196	5.12156843282652	-0.9286760901470428	0.39769110245889416
3.6605249754815317	5.260239854949098	-0.8665767650483496	0.520753636878489
3.8007027414788643	5.402813178763718	-0.7890271064828338	0.6362329277525817
3.937895964438023	5.55086131356678	-0.6981489664940554	0.742346934447339
4.073009581984905	5.7062043858229385	-0.5957861058424216	0.8363914043592846
4.206916025174318	5.870629850715406	-0.48357486644430764	0.9148324220920694
4.340347004793382	5.967552281627017	-0.36310551038147515	0.9486606396214232
4.473887472743672	6.068540030308017	-0.23603083893885957	0.9752819727410735
4.608036412588478	6.1703781145907035	-0.10409398742658399	0.9927773689809833
4.743272717006255	6.271655164961834	0.03087965241355982	0.9992617672603632
4.880061396522236	0.08817927721832576	0.16679682925495992	0.9943542041224922
5.018811853934614	0.18413525346097162	0.3013233515930188	0.9811102320998913
5.153693575758495	0.3175425390979453	0.4265457105808963	0.9480593483553836
5.2904549165983985	0.4459280103018973	0.5455182176672928	0.9003625317811956
5.427237347160733	0.5658056637199945	0.6543012176218493	0.8424837215582919
5.56213967464016	0.6731766610217765	0.749652880615173	0.7806616527889044
5.693222124178333	0.8240518317897408	0.829313978632648	0.6778970461955409
5.819253764998364	0.9472044311178348	0.8925564425987808	0.5828317705636546
5.940069318878648	1.0450070047011826	0.9400064640563975	0.5013985041573809
6.056999923318609	1.2339898655235393	0.973077492736007	0.32981785815916875
6.172187847197782	1.3836371675840793	0.9928932395257956	0.18578198595244133
0.0041376572362731255	1.5147814181082095	0.9997350809747594	0.055882377485092734
0.11861460237171662	1.637829626163387	0.9924055418210745	-0.06692004030829235
0.2286533099221041	1.7432009507795092	0.9726060505162137	-0.17122772198058528
0.35460718394539603	1.8514916148688725	0.9363879741042871	-0.27645295320984814
0.5205101452830073	1.9624465498216308	0.8671770821038699	-0.38102325794631964
0.6699113218108425	2.078228436397466	0.782776888534558	-0.4852490755871577
0.8349453440331575	2.2013279657931006	0.6698383424677807	-0.5888733871945317
1.015690886040821	2.334593036947754	0.5266995552610818	-0.6907128301664067
1.2190569381549907	2.480565679171323	0.3438223398173631	-0.7878813817807149
1.365758777038748	2.572806194841191	0.20320018891871577	-0.8421292221914881
1.4992537595231412	2.679435393900877	0.07132769779018408	-0.8944182011640646
1.6263588740713488	2.794009797316213	-0.05546303470608237	-0.9389259114444242
1.749217451013911	2.9119298862530263	-0.1771630331571086	-0.9720991607986917
1.8688142715570266	3.0307534453550593	-0.2930482523496881	-0.9919744158075467
1.9859248321500815	3.1495770047432208	-0.4024773903160127	-0.9979453927503363
2.101599724733083	3.2680372738813466	-0.5052211741453434	-0.9899802069022678
2.217410352726388	3.384926274104962	-0.6014384910824659	-0.968633861452602
2.335378669508627	3.497120704382559	-0.6912590066631064	-0.9359463843585283
2.4577529424629874	3.672154787452235	-0.7742461897290129	-0.8608737212390198
2.5866959376183716	3.835304069365942	-0.8489404940983881	-0.7683458634993114
2.7234747703607938	3.985140652859317	-0.9124745737445625	-0.6644377449034921
2.8229624152620674	4.126499953096022	-0.9495476115263091	-0.5522949855128955
2.9261357634638387	4.262687232680771	-0.9757000784858947	-0.4340699449766397
3.0272868652865683	4.396267105921058	-0.9915314230292543	-0.3103920197874229
3.125674492800441	4.528557873193477	-0.9979453927503361	-0.1825000116576813
3.2199153940730114	4.66020569804127	-0.9961296812579047	-0.052087819466623754
3.309768913677735	4.79154381934801	-0.9846473385735846	0.078899604003955
3.4003231254406345	4.922738622671701	-0.9647310546439061	0.20837554883959813
3.491240821597073	5.053868107019865	-0.9381513989719458	0.334200003385449
3.5843159117776424	5.184962254977438	-0.9032473130435832	0.4542495108043906
3.6762365970802464	5.3160219304835215	-0.8588720776020862	0.5664732098574625
3.798441725026214	5.447026323858544	-0.7903785179315391	0.6689405273981415
3.911939735882014	5.577935562323392	-0.7161938932019107	0.7598852099701205
4.087769225986249	5.708693879638015	-0.5842544556592043	0.8377485798696431
4.244566404230112	5.839238416335408	-0.45062850947425764	0.9012215185217768
4.390459469541205	5.969517517858871	-0.3159558004911634	0.9492794775368594
4.530963980458323	6.09951982822406	-0.18012637336555593	0.9811999720394857
4.669747301253145	6.229332212877323	-0.04255765086256144	0.9965519837835597
4.808988332368172	0.07589157144197023	0.09625161426916277	0.9951409408797511
4.950133515521265	0.20570280245628203	0.23506530050841704	0.976990232990516
5.094217743827165	0.3356645667649817	0.3720409259745976	0.9423528599225057
5.241941332497794	0.46572887867518864	0.504732518720716	0.891777141678453
5.393627020959882	0.5956992342738362	0.6294372752134016	0.8261869058654197
5.5492534909815765	0.7252760845248775	0.7413054120862002	0.746912459886468
5.708527536182188	0.8540968724304451	0.8376578958666582	0.6556705984161965
5.870980822708645	0.9817390544564036	0.9149845988259524	0.5545268318014764
6.036424716995689	1.1077181182072224	0.9691470585571359	0.4458369581067986
6.170246581216758	1.231528466843328	0.9927689473812175	0.3321262208679518
0.015986352820290456	1.3527606608871126	0.9989764524308163	0.21586373515540538
0.14493527741628606	1.4712915497615016	0.9885985130550778	0.09914163276567259
0.2740169562133502	1.58751163284323	0.9617652227657294	-0.016662347810417602
0.40334310497588743	1.7025486451189011	0.9188267737436999	-0.1311239947739921
0.5329502685254027	1.8184487236208953	0.8603952092154242	-0.24479749327797917
0.66277720406149	1.9382528018935674	0.787398258598226	-0.3589153429248416
0.7926911921392573	2.0661164616803647	0.7010967358832288	-0.47489870254351385
0.9225231711419383	2.2071218298190787	0.6030607895786366	-0.5934001097327326
1.0520861366900844	2.275330707832245	0.4951264497158402	-0.6466914303476429
1.1811798223386687	2.3704133028270378	0.379344468909895	-0.7156152951394205
1.3095952709494212	2.4810067201749733	0.2579180532522561	-0.788144992362134
1.4371323600033874	2.6016741692900056	0.1331196871056758	-0.856285540744439
1.5636536672182173	2.7287979233440027	0.00716702655230015	-0.9144708091366023
1.689186072459121	2.859744549140571	-0.1179417420083051	-0.958871177715897
1.8140816967340199	2.9924121898953815	-0.24061383260490354	-0.9870748032373128
1.9392274504835483	3.125447678487133	-0.3598059634383382	-0.9979453927503362
2.0662615235782185	3.258483167105068	-0.47502266620693573	-0.9912011221043702
2.1977161831438594	3.3918169625303762	-0.5860515160135554	-0.9668872039628982
2.3369218431911976	3.525839828405806	-0.6923318303184918	-0.9251764267818019
2.4301922643558442	3.6605554403254374	-0.7571739898909072	-0.8665618256546709
2.5388648448649804	3.7954209241997945	-0.8227268424919915	-0.7921840531439418
2.6599053527890306	3.9298974154933206	-0.8848410317016993	-0.7037096059823733
2.7545948795468065	4.063704405508573	-0.9241449246732729	-0.6030562026014211
2.8565094159177833	4.19684053052898	-0.9580511334293305	-0.4921849511426555
2.9617004643861393	4.329491695188181	-0.9831501650230814	-0.3730249434100904
3.066891512781068	4.461940568043743	-0.9965924839250775	-0.24747610745971327
3.1699961516379376	4.594517705560924	-0.9979453927503363	-0.1174302676205074
3.2705804541651333	4.7275917967561645	-0.9896552149859253	0.015217524096986705
3.3695436397416416	4.861647058181638	-0.9725330645312049	0.14863110745489444
3.4715552913556054	4.99735247390059	-0.9455336688978792	0.2810688486925646
3.577824277371326	5.135654659695553	-0.9056817406084021	0.41056337492300377
3.6900617281180517	5.2778835322958875	-0.8520924900922497	0.5352145795082809
3.8080267897655617	5.425843248461304	-0.7846495166188101	0.6532699039247689
3.930619903460459	5.5382499154200024	-0.7032073279882423	0.7341774676815563
4.057018293294169	5.659495743810516	-0.6082800350417714	0.8109276636271497
4.186339360776172	5.785012232743312	-0.5011587994931419	0.8777097749383969
4.317929945904451	5.912538158674024	-0.3835899113276011	0.9313371114796343
4.451533986820875	6.040900814655614	-0.2574457288362445	0.9700021171628391
4.587307936173316	6.169498304731262	-0.12454274549954845	0.9927210379808422
4.725788022906299	0.014925030985337125	0.013415911880349567	0.9990444049773728
4.867848527332361	0.1435711284048494	0.1547996921690879	0.9888591032924479
5.014652147117223	0.2723996260765972	0.2974222720263754	0.9622745077026637
5.1676129679705465	0.4015257767913013	0.43887818098602704	0.9196147427920891
5.328303702664767	0.5309134740714455	0.5765394788905156	0.8615055905852448
5.498349004977753	0.6603697279712918	0.706907555149358	0.7889577840116169
5.67932710197641	0.7896044837815935	0.8217389512378692	0.7033801930082205
5.803024578948365	0.9182791895230892	0.8855196858938492	0.6065392013351991
5.933920436714329	1.0460362025754633	0.938070227913814	0.5004866430550979
6.067264803402152	1.1725533437954623	0.9750383690883098	0.387434601376995
6.2009752036690085	1.2976724166003406	0.994736388433528	0.2695340147932599
0.05146507831906006	1.4216362781180492	0.9967048796931057	0.1485335981523244
0.1851589704517363	1.545425099680925	0.9809146738057561	0.025373749068776017
0.3187263132666072	1.671157790210634	0.9476865868893531	-0.10015674060314808
0.4519005762640856	1.8025294037276096	0.8977729075418408	-0.22954660650652098
0.5844434245736264	1.8813999294946255	0.8323231369264761	-0.3051054536269602
0.7162193366400854	1.9797727011434374	0.7527792797259311	-0.3968556573831783
0.8471698587971429	2.090952675535432	0.6607950017621121	-0.4961226634909147
0.9772397995037406	2.213364818866529	0.5582144682543786	-0.5982777318343427
1.1063099440907376	2.34856148439374	0.44708458913495397	-0.7004237791142262
1.2341560024417557	2.498815979045587	0.3296620507031698	-0.7987896014725596
1.3604280205697545	2.6051330926624687	0.20839373237025183	-0.8579817325294794
1.484651674026031	2.7275955570209605	0.08585235302971096	-0.9140199097888237
1.6062574900373487	2.860922750631778	-0.03538574006647742	-0.9591698292194837
1.7246424314369602	2.999689929117983	-0.15291963871255404	-0.9880048224072756
1.839273696831702	3.1164993609315332	-0.2647480508762733	-0.9979453927503362
1.949823663790026	3.235750966972438	-0.36948863782287766	-0.9941060601973872
2.056300716064511	3.3555739503832513	-0.4665105882022455	-0.9760741131231967
2.159144263362803	3.4775952889353605	-0.5543962637036974	-0.9432686096417251
2.259191657640157	3.60292321834457	-0.6340820556847041	-0.89482359700694
2.3577574012877403	3.731427697577138	-0.7068168360256221	-0.8304328588950366
2.4562557261494558	3.862036805472512	-0.7733513022703555	-0.7508867115288701
2.556100751872	3.9936563629726067	-0.8330287587079495	-0.6577844550220291
2.6565940326087496	4.125541024527974	-0.8832172217809171	-0.5531144446542262
2.758232364763421	4.25732089445634	-0.92550901786209	-0.4389736312428183
2.8609072964472215	4.388886896714807	-0.9591659118798019	-0.31746234287337827
2.964220066292098	4.520259557239475	-0.9834721438686465	-0.19068634682085195
3.067532836152365	4.6514996516072795	-0.9966744383632907	-0.06078343261971061
3.170041828088321	4.782656121639993	-0.9979453927503363	0.07005903495595038
3.2704900732732565	4.913762053729	-0.9896667647212859	0.19963003568010707
3.366541938837562	5.04483869105111	-0.9732939381975608	0.32573198588306873
3.4809265422243154	5.175892487313453	-0.9420193564761226	0.44621376904257265
3.64041258546529	5.306915068055572	-0.8764395075984351	0.5590091300899902
3.7919474762891507	5.437882945301864	-0.7942601359019523	0.662176521702589
3.933662013567604	5.568757146215992	-0.7010924346861509	0.7539395753561589
4.066565911012836	5.699485197777099	-0.6008205199203549	0.8327283635394677
4.191616390091722	5.830009173474336	-0.4966492770367357	0.8972198429981852
4.3083936866861645	5.9602828828620655	-0.3923040142044076	0.946371561338995
4.48946581978287	6.090297324964032	-0.22106454128148742	0.9794382185261039
4.65504013363258	6.220105654462783	-0.057247193489710704	0.995961241070491
4.81824279764867	0.06664848928905626	0.105457006036798	0.9957327415472161
4.98771349703471	0.19645287099974068	0.2716779779085625	0.9787572260489772
5.0942264587498425	0.32642582489852684	0.3720490990522388	0.9452620693423306
5.220844128756694	0.45651135698126494	0.48604056458906464	0.8957737350616792
5.358584752600626	0.5864925216833453	0.6013581443696816	0.8312060486257078
5.502377456739373	0.716043182303535	0.7098876866719611	0.7528933897541252
5.649079505330233	0.8447689357682276	0.8052491342450395	0.6625711348338749
5.796639989321951	0.9722022038051091	0.8827514137375319	0.5623433344174888
5.943761220703719	1.0977835810619307	0.9411690158109348	0.45463887872707553
6.090187155406545	1.2208793947277297	0.9794171730897946	0.3421131933776949
6.225003534102866	1.3408658818963755	0.9962748343494656	0.22745234399434477
0.07654032191543596	1.4572798221810555	0.9950994037650891	0.11307906057051767
0.21118565294799455	1.5699893777624023	0.9759428567148158	0.0008389086907788675
0.3451447295434898	1.6793356819098673	0.9393676288969643	-0.10822427656455622
0.47737511704433705	1.7862099750822278	0.886727489423629	-0.2136563653263749
0.60668685789774	1.8920348868370436	0.8201968794555969	-0.3152938618840814
0.7318495385423398	1.9987093126862643	0.7426542790323665	-0.4141596732813496
0.8602879071987226	2.1083423647472923	0.6510906508427257	-0.5109831445156685
0.9809813875450908	2.2222821296505924	0.5551478235324876	-0.605244790696161
1.133520236774954	2.3420642198478827	0.4229764869900558	-0.6959068415984947
1.2736283466276725	2.4687199482664806	0.292643875598275	-0.7808011783862099
1.4060868937287603	2.602634067416373	0.1639101130042667	-0.8567562569590225
1.5334884288580406	2.74321797757605	0.037274564117804165	-0.9198784731101806
1.6645227926812802	2.8889373759253285	-0.09358121787384208	-0.9662709999689483
1.7845295998783166	3.003132320490968	-0.21199866577680967	-0.9884447241225567
1.9036674739985509	3.1149776408859378	-0.3264380106824287	-0.9979453927503362
2.02243706640847	3.2260620516967773	-0.4358417691889708	-0.9953442025197345
2.1403262151706937	3.3360017110388807	-0.5383151684825696	-0.9810353007913312
2.2451890366097498	3.468990521995897	-0.6231418644879443	-0.946495482955153
2.3559247021893537	3.5997758783405356	-0.7055427325542114	-0.8963669940946213
2.4721866012308507	3.755964980415035	-0.7828731997990777	-0.8157669041611004
2.5954278932020767	3.901861043029532	-0.8532224829525878	-0.7232006612861712
2.7262881229023233	4.041038615761911	-0.9135296089711287	-0.6207648924899476
2.8643824458817786	4.176604248590101	-0.9600467956773224	-0.5094780079707892
3.0077901936377867	4.31003613961647	-0.9890399517317494	-0.3908031632441541
3.1385656952309713	4.442208622217747	-0.9979453927503363	-0.2663795325802639
3.2693412532744954	4.573620107341233	-0.9898135719355876	-0.1380458653008027
