0.8654139885356322	0.40603676643640096	0.647298524863933	0.9176588383780762
1.0909001601390143	0.6050506992565272	0.4607375347261806	0.821088849712951
1.2664357599149196	0.7881182874751926	0.2993892675905961	0.7044796378380378
1.4128413985687513	0.9510728030055474	0.1572818412270548	0.5796612124742386
1.546869265456297	1.1093861053043943	0.02393131397418073	0.44435913485139794
1.6908822782037516	1.270374963778777	-0.11961505847494863	0.2956949813399667
1.8281310089876075	1.441443068228671	-0.2540732311114124	0.12883183720760286
1.962126137152328	1.6274768794632979	-0.38073046924380805	-0.056579700286166906
2.0944947964002054	1.833114858997176	-0.49914960774834555	-0.2588478152451176
2.22598592596613	2.0624739796197162	-0.6081385517825924	-0.47178599392142095
2.3569267693174596	2.2126413587890945	-0.706239375667983	-0.5977124954008801
2.4874448248102667	2.3886183808278023	-0.7919930529553685	-0.7282715752120711
2.6175841922480863	2.5675894499750225	-0.8640875205327578	-0.8395710273910216
2.747375969544537	2.7398644847924	-0.92143776151566	-0.9186208799125423
2.876878511872982	2.9031924020328237	-0.9632143089804734	-0.9698843759597635
3.0061803914153016	3.0619281218926666	-0.9888342357970383	-0.9959582143348871
3.1353799424509945	3.210995310020639	-0.9979453927503362	-0.9972695749683889
3.264579493491645	3.360062498146759	-0.9904220751733865	-0.9749363522660801
3.3938998775027893	3.504856449691775	-0.9663592249262081	-0.9330454028126713
3.5234728100206034	3.6372199279918043	-0.9260640822538604	-0.8780051275315295
3.653389903419279	3.7438809155201977	-0.8700756718798835	-0.822989559983281
3.7836742565535424	3.9259614661203397	-0.7992050463448862	-0.7064459017353565
3.9142788138685107	4.1468756989183655	-0.7145677520720769	-0.5348827488438447
4.045117032557504	4.317802518367125	-0.6175784419370856	-0.3837063528634469
4.176098135837338	4.467893484988311	-0.5099105101775384	-0.24177314634767522
4.3071485143132	4.610910156868008	-0.39344183564036067	-0.10125902260048211
4.438218209073045	4.7531329157377264	-0.2702023930698536	0.04069238131042461
4.56927720020071	4.898660512477116	-0.1423301675172909	0.1849172062471708
4.700307001128469	5.051366030004742	-0.012034573573107412	0.33185349149257704
4.8312915479813325	5.216042739930223	0.11843656295872447	0.48178657241010214
4.9622091451718875	5.3107914297504735	0.24683010493344587	0.5621862367090076
5.093025603160441	5.430415508761498	0.37092290593143523	0.6566523291979149
5.223709933812263	5.565327669643638	0.48857964499546885	0.7517180139911301
5.354230937339551	5.712441552625713	0.5977897118103224	0.8397916658853357
5.484548274570524	5.871619106011867	0.6966981759249706	0.9152613498780233
5.614615632623086	5.998336788046377	0.7836459866732564	0.9583544461325717
5.7443898768622	6.083847533896244	0.8572086536232303	0.9782061298237333
5.8738467387587185	6.166347334963515	0.916227221463896	0.9925192929372663
6.003000623385216	6.240596045216745	0.9598230523450179	0.997273165677911
6.131917658493225	0.019232536162322875	0.9873888547856741	0.9987686112111077
6.260705897702816	0.06504675342451069	0.9985607258149946	0.9958352948230671
0.10002249412939943	0.103369144754162	0.9935959263578944	0.9933816525863601
0.2222939821962748	0.1772060170390863	0.973820858215148	0.9824339081417552
0.3437241508537452	0.25167650461820457	0.9398149583023689	0.9682079827680643
0.46303946213911096	0.3547598434702184	0.8929432365019578	0.9363399027830988
0.5781879738774147	0.48457377936447243	0.8357333661223627	0.883606246300795
0.7269898298333375	0.6140748818367479	0.7458023224394112	0.8161692152375778
0.866564547942837	0.7429088537888073	0.6464473744565468	0.7354902273303419
0.9980171433068985	0.8705919766656132	0.541185139796862	0.6434679997483448
1.1218901527477667	0.996353175061502	0.4332806486150359	0.5425489455875439
1.2375170084795444	1.1189060299127547	0.32651001317913897	0.43592455762969795
1.4226620087472683	1.2360130887083522	0.14751330664937573	0.3279204276498753
1.5920210480534178	1.4270005489415742	-0.021166358960800158	0.14319777236644102
1.7603654453528266	1.6004150900233787	-0.18816059200656238	-0.029550341554389636
1.9378593355047913	1.7724150013781566	-0.3585557987354612	-0.20004754650884157
2.075920246338178	1.9415849787000352	-0.48327659556409996	-0.361960240387317
2.151255941729264	2.117307131562771	-0.5476552430607053	-0.5186440489475836
2.252645916514561	2.295839090259855	-0.6289678946085022	-0.662714546620454
2.366905750601686	2.47231343905892	-0.7131768236683489	-0.7829490108763395
2.4875454417156564	2.6406812179113976	-0.7920531917649367	-0.875413872975506
2.6111852432939524	2.7995981481423278	-0.8609495948026582	-0.9410215986691599
2.736221024935117	2.9513320926333555	-0.9172545461739617	-0.9818251952493027
2.8618755223457693	3.1000777602044436	-0.9594113385937986	-0.9979453927503361
2.987759438373835	3.2492542246170575	-0.9864802301184143	-0.9923804847017107
3.1136784952049648	3.398430689058729	-0.9979453927503361	-0.9652107510074874
3.2395975499206133	3.542023318887718	-0.9936145070142852	-0.9191074566491313
3.3656611091069695	3.7077930590769266	-0.9735172116574984	-0.8433973746844576
3.492157070354757	3.850444175192228	-0.9378077965611621	-0.7589459780477944
3.6193837412971432	3.9587452167128094	-0.8867516622448405	-0.6836544405115815
3.7475038791711515	4.028401083560043	-0.8208241115406556	-0.6306385453041897
3.876497159873583	4.176592799902819	-0.7408337858977878	-0.5094877915268975
4.006216443690059	4.405550247271412	-0.647971314739415	-0.30149866639250744
4.13647262410273	4.560095392650801	-0.543772769476957	-0.15138807208780042
4.267094155466731	4.784027121135351	-0.4300429593790421	0.07142276447305052
4.397952235042897	4.976808736525232	-0.30877764721342227	0.2610539045966448
4.528961966633432	5.170691255375607	-0.1821013712160487	0.4416055190581968
4.660056696172219	5.277512403309478	-0.052236642772606715	0.5349103983064127
4.791209253164123	5.419148342542492	0.07856681191910359	0.6483172071196092
4.9224165570949445	5.4998563829395835	0.20806177319127198	0.7080226695521982
5.05368784288993	5.60562768953065	0.3340309470685594	0.7778237375037488
5.185036056117221	5.724293726382999	0.4543148980252102	0.8462530115092886
5.316469826353725	5.814717467073827	0.566840310000807	0.8905895648553306
5.447984811025883	5.910428468335434	0.6696495883452309	0.9306727860666444
5.5795555870598985	6.008467047069139	0.7609346366943108	0.9615443875120677
5.711131950169559	6.107285808976899	0.8390777213994992	0.9826834894197907
5.842643840027183	6.2051620306971405	0.9026980644139986	0.9950044556202974
5.974019887516135	0.016494777923968095	0.9506972394364538	0.998943899835185
6.105238141731316	0.10464683838116913	0.9822923282716263	0.9932998465471223
6.23633678333149	0.23784718855186732	0.997000460752768	0.9708497650998893
0.08420689523697918	0.36940629033125866	0.9946085411790169	0.9317278482640937
0.215298904308534	0.49718171308996467	0.9751571118002804	0.8781396158792281
0.3464765565968117	0.6528983948792297	0.9389482467056326	0.7937975969079603
0.47776099225413965	0.7971438688179595	0.8865601791246724	0.6978027750974544
0.6091613207914253	0.9347120197905556	0.8188478982208325	0.5930706816455564
0.7406977669920898	1.068889299583636	0.736922534826451	0.48023898150311917
0.8724224603037025	1.201742488264848	0.6421138611575712	0.36006027427748344
1.0044358661796369	1.3346790843133074	0.5359242873455962	0.23347989416671064
1.1369050100774198	1.468900351503453	0.41997760485893837	0.10152015125293827
1.2700786050053536	1.6055918726739598	0.29597291418623445	-0.0347209203754853
1.4043326979643012	1.7459395122553842	0.16561915598497878	-0.17392932821379334
1.5402652662744738	1.8909785838313584	0.03052739895762798	-0.31428191177289294
1.6787866646689849	2.041300367284298	-0.10768266798166595	-0.4530787948051489
1.8212481457890468	2.1966783228471622	-0.24747937107164025	-0.5852406399599411
1.969607457259984	2.3559706290936027	-0.38756679694633334	-0.705574661215161
2.0695070281434975	2.517143190658856	-0.47779613492282214	-0.809743791375948
2.1807618444665553	2.678262486408858	-0.5728051597534278	-0.8938430291124331
2.296651629462589	2.8364980880393484	-0.6633493802143553	-0.9529786452307821
2.413991820043966	2.9920850243510198	-0.7459113432544082	-0.9870329948928942
2.531397956300617	3.1466291464627143	-0.8182638768730287	-0.9979453927503362
2.64844759335404	3.3016041897893884	-0.8792223592606383	-0.9856907051330834
2.7651982363146543	3.4565792330901206	-0.9281212890800765	-0.9504712092262615
2.85711468846037	3.6084008272999024	-0.9582045584218062	-0.8921374793017414
2.949107468681745	3.773602520472323	-0.9815229656189337	-0.805224931530836
3.041100248915295	3.92578055546933	-0.9932966293912617	-0.7065716719115241
3.1435045171509706	4.0688110118120155	-0.9979453927503363	-0.5990664317431709
3.2422103898077625	4.207471221182664	-0.9932806133271432	-0.4831004197968416
3.3321257026651536	4.3442474492998135	-0.9817903741096007	-0.35954133768898566
3.443099884749944	4.480954943799172	-0.9538879657651091	-0.22926012250433123
3.5703827943152393	4.6192242407651625	-0.9084723708782219	-0.09302016477683138
3.731455809228716	4.760889042042282	-0.8304160565370793	0.04840737932150958
3.9154097673930788	4.9083776795078355	-0.713781506357805	0.1943842545907622
4.07210467721062	5.0651681988000545	-0.5964931042839301	0.34479751880663007
4.269287890067431	5.227718684447701	-0.42803835478961905	0.49213136606345376
4.422668200352841	5.410595251305771	-0.2850994756008132	0.6419898788261201
4.5642676486729234	5.512343341962597	-0.14727211815534266	0.7172601588925129
4.700921729379618	5.645986679884213	-0.011420582009107224	0.8035630457206446
4.835567908950284	5.721241260235174	0.12269024773314127	0.8445889253095404
4.969657784961899	5.811472189206831	0.2540870176491694	0.8891824560379447
5.104065334151289	5.908950767988929	0.38127624833758433	0.9302074694867604
5.239436030007581	6.00928550270235	0.50251284070994	0.9618021129548027
5.376331481340791	6.1103897172562744	0.6159035490001225	0.9832764218549688
5.515280815797577	6.210672338490627	0.7192984436573004	0.9953572604289287
5.656761392589387	0.02464905064418514	0.8094370013521278	0.9984218116443973
5.801121615814952	0.17258149167700693	0.8846945866838809	0.9833173205488486
5.948456596560951	0.31981330906880884	0.9426475538923024	0.9473443001935253
6.098484317573866	0.4641994468948802	0.9810021608298078	0.8924402827196405
6.216123476269785	0.6037906523495052	0.9957062767984448	0.8217757784346682
0.05028252228510437	0.7394642088363234	0.9967805944210104	0.7377216145351324
0.17351507263765525	0.8721058130577247	0.9831389807325237	0.6423481075865032
0.29731779111923656	1.002501753699675	0.9544279673928827	0.5375095061785274
0.42225018816882026	1.1312094137223874	0.9106289168691354	0.42502385777127405
0.5486162368881288	1.2586779951714313	0.8518547306333197	0.3066646980120681
0.6763602128449541	1.3853868266741067	0.7785993976357561	0.18407736287271764
0.805181259472259	1.5119862281486427	0.6918569471055308	0.05866274543320055
0.934700174893318	1.6393948413689536	0.5930803898473129	-0.06848337976807281
1.0645610618094843	1.7688293593169064	0.48407376562608395	-0.19651029053410357
1.194457187431737	1.901761810270002	0.3668926159459106	-0.3246123634849733
1.3240917199761697	2.0398249631774084	0.24379474104482168	-0.4517305907685339
1.453168379103576	2.1846304846126285	0.11716870196106731	-0.575827712658173
1.5813659198631662	2.3375824733666652	-0.010523999820921975	-0.6927911044026133
1.7083098892827089	2.4997347075578125	-0.1368074944073181	-0.7993387262824292
1.833569409099119	2.671643376898383	-0.25928327933423434	-0.8905971407341788
1.9566861585838773	2.8532901009674765	-0.3757594914412962	-0.9572350987717583
2.0772375481484486	2.9857541489582813	-0.4844023050760361	-0.9862239750451358
2.194939005225833	3.1195247824457217	-0.5838817181346688	-0.9979453927503362
2.309724082683746	3.2532954159176617	-0.6734237831067893	-0.9918640626008229
2.4217920811753144	3.3875086117927493	-0.7513341318584457	-0.9679792883265435
2.5315583149058005	3.5227583288889823	-0.8183597233471618	-0.9263320197950855
2.639606510248984	3.658981519897469	-0.8748868562966114	-0.8673336470027473
2.746625702940878	3.7954038596185162	-0.9211564040659654	-0.7921942526586245
2.8532236826298947	3.931211951097814	-0.957218262995762	-0.7027957328984324
2.959810186379868	4.066027261022554	-0.9829086072084057	-0.6012413649799347
3.0663966900944315	4.199892215528911	-0.9965292507464447	-0.48957711229731954
3.172247859256415	4.333106324687871	-0.9979453927503363	-0.36972194455059626
3.27538690900895	4.46608391211432	-0.989041000185479	-0.24350673743014184
3.3721980002083525	4.599277901781998	-0.9718602350106516	-0.11273430738903653
3.487185206240116	4.733211881085341	-0.9396722951283393	0.020830873346245237
3.653802202492403	4.868568663588657	-0.8698734880713667	0.15551600976976518
3.8090653988483885	5.006294273613455	-0.7840287390903599	0.28958404424315093
3.948080827882481	5.147735487014791	-0.6910683879736368	0.42126689150722674
4.0702685554322064	5.294793345439859	-0.5979276588057415	0.5490740393560869
4.248205574960639	5.436405544542402	-0.4473030851746268	0.6610835835627468
4.402889393232296	5.588310212946012	-0.30404779436643914	0.766605746621305
4.545912935493763	5.750508199346323	-0.16537914550177896	0.8605441258343445
4.683494126850259	5.8426931238792745	-0.028827299389962344	0.9027194332291434
4.818701789031574	5.9434272531959875	0.1059135635330482	0.9410638519873915
4.953186003956396	6.0474817267310454	0.23803921826575114	0.9712592536086889
5.087868164115508	6.152293447669723	0.3660861275339098	0.9912811947672938
5.223298570422954	6.256486741241825	0.48821518031575317	0.9982905886931508
5.359806425498539	0.07547333527161272	0.6023594402640612	0.9951677190085917
5.497592736108287	0.1730622729735342	0.7063480894213755	0.9832254780073558
5.636709375412571	0.29601591356628176	0.7979579682116847	0.9548379187147469
5.77704239685169	0.4136145385661426	0.8742541613312327	0.9143732183427811
5.918348952280101	0.5209535329436247	0.9331668861112687	0.8669353643414311
6.060329813908356	0.668295786552881	0.9737135940503963	0.7838234070446598
6.20277908667171	0.7905936209355201	0.994851884449615	0.7026484580919238
0.048521723367861556	0.8853243775516465	0.9968933319210409	0.6325693977835942
0.1775020321307527	0.9482235860217817	0.9823773610619599	0.5819964605368858
0.30668955737719983	1.0983485272029716	0.9514768696057414	0.4541383409551141
0.43622159521193893	1.3284727748234486	0.9045711027628018	0.2395264540117804
0.5661422662251735	1.4913505203629702	0.8423002189225403	0.07918902856377313
0.6963700983376161	1.627758301465561	0.7656373063103632	-0.05686078503376175
0.82672454622445	1.7537202381853723	0.6759198497416381	-0.18160505791952236
0.9570104836467966	1.8761947160566654	0.57479462727097	-0.30011880084934467
1.0870310442505824	1.9987344925852168	0.46416554052278386	-0.41418268232765143
1.2165744283340976	2.1234165307970505	0.3461505010944486	-0.5238648789628627
1.3453911355682981	2.251404335601566	0.22304356979671366	-0.6279978524610417
1.4731727837006323	2.3830884424207026	0.09727037441725525	-0.7244271286646945
1.599542285439802	2.518112891953595	-0.02867858293530022	-0.8103233826610969
1.724065685289271	2.6554845865449463	-0.1523506754078038	-0.8826731700351195
1.8462961984596005	2.7938769416205274	-0.2714756860954532	-0.9388760892351812
1.9658546414375655	2.9323168590963595	-0.3841375253204581	-0.9772668677984545
2.082551198117126	3.070410264991575	-0.48894312196871836	-0.9970421437589937
2.1964845528197605	3.208344024156406	-0.585089248220968	-0.9976083816504324
2.3080787609500453	3.346277783314874	-0.6722773518442247	-0.9784305133597295
2.4180293631069523	3.4833489407617604	-0.7487182675536833	-0.9411109328953376
2.527179659409639	3.617204780958679	-0.8157425972486265	-0.8878201839286266
2.6363971402202564	3.7830103074888077	-0.8733130408368008	-0.7996018892632064
2.7462348933967773	3.935616088309213	-0.9210098465941172	-0.6997339501352109
2.8568463989139223	4.079428705796334	-0.9581365521622306	-0.5907708703618487
2.9545806609494702	4.219802994604822	-0.9822403283993801	-0.4725622162263858
3.0523149229578186	4.359478467947102	-0.9947297477712171	-0.34562344175380433
3.1491831087831406	4.500834320289491	-0.9979453927503363	-0.20984945186265203
3.2434999563037286	4.646496527664023	-0.9931158201784047	-0.06578056084517646
3.332018582256537	4.799892780791221	-0.9818040629806168	0.08720429353578535
3.4670137636664142	4.963593373052546	-0.9472367870189794	0.24817870295829306
3.5969868527614066	5.043410011313958	-0.8977346804427052	0.324392133442849
3.7671631588656167	5.152199313475882	-0.8090737434169484	0.42522180612464655
3.9238175669011524	5.273093245508835	-0.7079363534084793	0.5312884103176829
4.067189212151145	5.399148183370673	-0.6003335372610763	0.6335216706872577
4.20019182299179	5.527436731126293	-0.4893210806361015	0.727172855766872
4.324627841623598	5.656646329470621	-0.3774694660860493	0.809374273400771
4.440346851220506	5.786155651706838	-0.26816313004947934	0.8782055460160928
4.633483070734896	5.915719823652803	-0.07877842251499743	0.9323389935389869
4.8104516149432035	6.045248804047488	0.09770713751784807	0.9708327035417544
4.98833771673648	6.174732343237387	0.27228613027179804	0.9930561542797367
5.178931876147785	0.021009300345027012	0.4489066432915382	0.9986548515136544
5.29996373386498	0.15050596236539227	0.5533117438277694	0.9875343579656926
5.452898326600816	0.2801296901283715	0.673284464351732	0.9598403694314208
5.544362963565383	0.4099229816646096	0.7381374048019361	0.9159738277447851
5.656772434672052	0.5398199904997997	0.8094430210674957	0.856650103133955
5.780806220304334	0.6696587321249853	0.87588610453744	0.7829405121883333
5.910215222988746	0.7992272744524401	0.9306056367317798	0.6962615321651602
6.0416951968969945	0.9283054365246729	0.9701538661690756	0.5983215843479781
6.173636033684377	1.0567126740294683	0.9929859615978492	0.49102737455889595
0.022393115171036922	1.1843992592240782	0.9985662509230577	0.37632519856197966
0.15434762263247725	1.3116119953671928	0.9868004944709415	0.255953239073557
0.286264616027213	1.4391463229875456	0.9579085280104973	0.13111640353252754
0.4180423462909625	1.5686924151667427	0.9124533804901751	0.0021343170131889293
0.5495843597486344	1.703257130826748	0.8513269475838743	-0.13182291989264258
0.680828782013697	1.8476176671365807	0.775704728314419	-0.2727416678898862
0.8117382411350805	2.0087600944481623	0.6870062826560583	-0.4233439398014501
0.9422694490261124	2.078007029250378	0.5868765335404857	-0.4850598705549136
1.07230804317514	2.187428330509134	0.47721000196704094	-0.5780136583450819
1.2016863733892493	2.3228540766354357	0.3601129002446952	-0.6825518341262803
1.3301817600454542	2.406091287830583	0.23786145785970625	-0.740418845589121
1.4575093930739471	2.5118857248033692	0.11285070701972236	-0.8066013995813399
1.5833343692390387	2.6297207097678936	-0.012490090217269361	-0.870039043333171
1.7073143562980264	2.75391797053568	-0.1358253955424668	-0.923891077051485
1.8291841141429601	2.880600280287672	-0.25508211764616284	-0.9641577059642185
1.948881258550371	3.007758654600521	-0.3686274808406674	-0.989035921371721
2.066686673219371	3.1347641764923027	-0.4753859808181435	-0.9979453927503362
2.183323505684753	3.2617696984027575	-0.5748065753060982	-0.9907811376811799
2.2999861734126683	3.3884244326823905	-0.6659546459205862	-0.9677471452782207
2.418294965338083	3.512771357282779	-0.7489029158273668	-0.9300772336265284
2.5398446738459044	3.6307779240625764	-0.8233124871037507	-0.881164166621827
2.6657762206874964	3.736734853311431	-0.887719996289268	-0.8272607674177814
2.7883883185955853	3.879857930215961	-0.9368178009292628	-0.7384973580774177
2.88955859086652	3.9933611390226305	-0.9664284660540126	-0.6580151123005191
2.99283483804671	4.073290595264189	-0.9871288132630724	-0.5955665513034875
3.095751892296866	4.242990236589242	-0.9979453927503361	-0.45206878984617727
3.1976617224337702	4.472169420849084	-0.9979453927503363	-0.2376767518979245
3.298629793472641	4.639282498822481	-0.9860708019611	-0.07298594443196135
3.398583678900755	4.785314075726347	-0.9651719710138313	0.07270289474943065
3.5220946461199802	4.9218783839461	-0.9265809074443319	0.20753745255324804
3.6470707560105198	5.05528732002525	-0.8731744644141525	0.3355309776822125
3.773791130062739	5.187348446321471	-0.8051121994189024	0.45636365729031203
3.902188810025605	5.318795620310609	-0.7229727956928079	0.5687465550719536
4.031978017880667	5.449909675295273	-0.6278439009814659	0.6710735469837811
4.162855488102081	5.580774628086814	-0.5212271077883269	0.7617243124336383
4.294645342472989	5.7113874029899625	-0.4048670625776759	0.8392169843732828
4.427345952590293	5.841713003423556	-0.28061813656142354	0.9022944661872245
4.5611416386627885	5.971722831125944	-0.15035594453749562	0.9499739138814365
4.6964048203197555	6.10145705910969	-0.015932078028573986	0.9815700367846817
4.833695977015544	6.231008696005644	0.12082824206351647	0.9966593228527058
4.973755372564333	0.0773102933863242	0.25807913384946823	0.9950501053143277
5.117474299911819	0.20686532845821967	0.39385151977727534	0.9767681583313302
5.265833233619353	0.33658646598743613	0.5253380285825223	0.9420625608816989
5.419846406464237	0.46644309508629644	0.6488336145190484	0.8914674670524951
5.580473371479349	0.5962488556694708	0.7615291631080829	0.8258872735893292
5.748468862464136	0.7257062988731974	0.8594323584312225	0.7466337737503348
5.924258902909869	0.8544560881650994	0.9350278845341434	0.6554048610566338
6.061965570925152	0.982094217846614	0.9740260689381928	0.554235736169365
6.184428446181584	1.1081851067628092	0.9936769602078087	0.4454232099737211
0.02395236345927851	1.2323154569866388	0.9984664179709689	0.3313881613599152
0.14670584497372938	1.3542109019297242	0.9882602856208275	0.21445082313929403
0.2699778859656078	1.473909968500193	0.9630370952113415	0.09653709867636476
0.39438604141071065	1.5919674849111785	0.922710435986808	-0.021112860008352708
0.5202764029108934	1.70965974079933	0.8673045093829597	-0.13813913048828047
0.647614707682122	1.8291224836974165	0.7972202869582774	-0.25502307498900406
0.7761073070068164	1.9533975400264494	0.7133650120783847	-0.37275439690935974
0.9053791230728393	2.0865203542073574	0.6171122308228137	-0.49233499217666576
1.0350925534960125	2.2333719174866986	0.510182628795022	-0.613909197095152
1.1649967457445156	2.3080937345716834	0.3945213725231347	-0.6722890506742704
1.2949432893861383	2.4074506707700594	0.2721928946078175	-0.7413638968109435
1.424908614672985	2.521327288868511	0.14527861376687135	-0.8122446304195592
1.5550485633459898	2.6440233393471417	0.01576181811266697	-0.877052787259947
1.6858071154001222	2.772118587203663	-0.11460838194582312	-0.9307164895963023
1.8180924592975798	2.9027738061890234	-0.2444561880656952	-0.9697782699336899
1.9535106229918482	3.0342100615341665	-0.3728577305721245	-0.9924161353046936
2.094602998849082	3.165651098181192	-0.4992420729108206	-0.9979453927503363
2.244976805137837	3.2970921347917526	-0.6229760488970164	-0.986267298703611
2.331045270971187	3.428492898934158	-0.6882464018528466	-0.9575905567984
2.4359249187243095	3.559041143689099	-0.7611593657977808	-0.9127256028359484
2.5549433180925463	3.686754944277985	-0.8323369595576875	-0.8537140754760368
2.685531129531873	3.8270228406713387	-0.8974074367115726	-0.7732955609038199
2.778655884830384	3.9580985362815455	-0.9331680413236192	-0.6841040166493622
2.8763512381438248	4.079199159251216	-0.9630806551927389	-0.5909502141494652
2.962215280643035	4.230872171492804	-0.9832159531714716	-0.4631029733900442
3.0442790747383897	4.366275513169063	-0.9937028501781058	-0.33912430158228024
3.1194131425469522	4.5162409151421254	-0.9979453927503362	-0.19465075975621013
3.184790517385528	4.655451242402206	-0.9979453927503364	-0.0568365773907026
3.271599304747346	4.7899815195672115	-0.9895250165075513	0.07734558860653977
3.3781356941593317	4.922525947006227	-0.9703551433607669	0.20816834741965917
3.4825903791739052	5.054227672233294	-0.941395401046731	0.33453721284961535
3.581864465045021	5.185560341301182	-0.9041666299869051	0.45477941051372545
3.670982718960117	5.316708177073478	-0.8614484818606809	0.5670356647455336
3.813268851078354	5.447725314437497	-0.7815163321324173	0.6694576203116489
3.934627364575745	5.578602335987673	-0.7004213168405181	0.7603171355367584
4.092614365655498	5.709296318784046	-0.5804689676251082	0.8380770063355067
4.219585295032315	5.839751924572743	-0.4727482529247373	0.9014441687841483
4.417605739882957	5.969924980602213	-0.2899493694360235	0.9494077844501051
4.583327704348113	6.099818961503535	-0.12846926648631773	0.981257114779502
4.734756917210488	6.229524157635472	0.02237405790811085	0.9965642733028034
4.881288971595863	0.0759769096829413	0.1679928066968085	0.99513547698501
5.027802201963011	0.20568282690415002	0.3097547301805588	0.9769940488741388
5.177286189000652	0.3355477832964536	0.4474485776138897	0.9423896341469221
5.309460017507837	0.4655328409263558	0.5610949972990511	0.891862141008627
5.447221319612785	0.5954483608653601	0.6690847795893988	0.8263236723213643
5.587554727926003	0.7249996460266585	0.7661163552238422	0.7470915324284415
5.728249852329219	0.8538315320626905	0.8484097379962502	0.6558668895079003
5.867782076997427	0.9815391213145742	0.9135976657252143	0.5546906990972199
6.0055441291592455	1.1076751325558245	0.9606239829332026	0.445875043050856
6.141803745387461	1.2318005546566706	0.9892773711492311	0.3318710499495289
6.277461322260079	1.3536080533431711	0.9996335142282753	0.21503815447719538
0.12997914693139562	1.4731120533936046	0.9914555481447326	0.09733078269060376
0.2653470378020924	1.59087313481003	0.9644953140136218	-0.020019821370690975
0.39896572755382037	1.7082242702892199	0.9207247456955805	-0.13672303079073378
0.5515654804630384	1.8274499290936372	0.8502469173783884	-0.25342074894415356
0.6969727891403733	1.9518666296955214	0.7652468926206308	-0.37135547204652775
0.8361860035401688	2.0859639616728867	0.6689205386253996	-0.49185952302939784
0.9711275441098889	2.2352367154215695	0.563224136752154	-0.615366156182062
1.1030966216830347	2.3133805808865073	0.44993156714171123	-0.6759658027200723
1.2328050304481817	2.4204716773192967	0.3309290268316809	-0.7504161791306371
1.3605112230667853	2.546317318552779	0.20831267149528615	-0.8271811923270227
1.486139840154939	2.6410507882261083	0.0843720781767929	-0.8755951033944269
1.6093982906915993	2.7457379157989177	-0.03852277680150988	-0.9208234750445812
1.7299034738883687	2.854592688349255	-0.15810968655522883	-0.9575652797153613
1.8473309497991064	2.964713699569442	-0.27246698946903986	-0.9835352250531764
1.9615828316504231	3.072402745818307	-0.380234004128005	-0.9972967620282069
2.072941326666358	3.1790562964137887	-0.4807309388408532	-0.9979453927503363
2.182152328162493	3.281911346156056	-0.5738915390431696	-0.9882072451642518
2.2903922911996	3.427638637318088	-0.6584589845367469	-0.9578070957503533
2.3992312571094185	3.5896003737214865	-0.7356497108394431	-0.9012655871767025
2.5102921901260355	3.7629244201072307	-0.8056489425550616	-0.8116072411628136
2.6248441891463	3.9174069955994693	-0.8676476881838266	-0.7123930212577679
2.7139704585090154	4.060333316975493	-0.9089103621287495	-0.6056900204425962
2.8067252467196635	4.189143271300244	-0.9436943316278992	-0.4987626980660005
2.901236435701355	4.305961794486995	-0.9693885759712069	-0.3945262439408043
2.995763773756641	4.40911883428358	-0.9875031006996662	-0.2980799200627959
3.088428609374608	4.612397164191824	-0.9979453927503361	-0.0997920815475834
3.1770599099133587	4.785634637322429	-0.9979453927503363	0.0730217565083936
3.2583976360389695	4.9537926790829285	-0.9912120520825771	0.23863027764896266
3.33499004433669	5.130902277890604	-0.9812917389167218	0.4063528025739701
3.4004031927355935	5.214390378856939	-0.9647107591187296	0.48032259368715013
3.5187024049970343	5.328707497154062	-0.9278530316551741	0.5768704330804579
3.660306155808703	5.439815744557043	-0.8666840701521318	0.6636063504129885
3.8175792414473744	5.560791699332574	-0.778940008158191	0.748779683262409
3.944633620993171	5.68652797142134	-0.6934649070029781	0.8256645860816926
4.121741391485555	5.814215621001599	-0.5563614477512907	0.8903719711508336
4.258496027940025	5.9428373692154945	-0.43789981038325426	0.9408781020165122
4.4645582581572025	6.071696692388683	-0.24496833101004373	0.9758849826131626
4.633393325098224	6.200572869243379	-0.07886806060096421	0.9947106284351105
4.7860009212439945	0.04622606402856437	0.07338609814175594	0.9970403145732334
4.932302546832103	0.17513527990332792	0.21769329876555263	0.9828294762777976
5.077131941912105	0.3042849034181339	0.3560174234402617	0.9522340768153654
5.2228369933012555	0.43375617250167214	0.4878062266699105	0.9056400768773085
5.370362853268892	0.5634555985086587	0.611011598958767	0.843764885999535
5.519737359295254	0.6931028353822961	0.7221853229367278	0.7677537882275868
5.670533435994562	0.822301533628268	0.8169449854748051	0.679191865901378
5.822034539505529	0.9506305564418207	0.8937621490093124	0.5800236823868635
5.973821305502289	1.077659980344334	0.9506347074733749	0.47246822835051344
6.099128437391199	1.202995361435489	0.9811252055519654	0.35888529773703365
6.224099111506865	1.3263980335794352	0.9962169274860266	0.24154779167073226
0.06579503532424073	1.447992109038699	0.9957873850760384	0.12231752389707796
0.19057642647496012	1.568537800191846	0.9798797896844489	0.002288746698301508
0.314324187480805	1.6897304421113597	0.9490727827576251	-0.11847876571896965
0.4350406982712281	1.8145142622187984	0.9050831237871328	-0.24102823518452512
0.5871247939405515	1.9473909695314597	0.8308613583042607	-0.3672656751756049
0.729423277359954	2.0945574145795955	0.7442259731351074	-0.49920311855324234
0.8615537746123232	2.151557127094298	0.6501541989237407	-0.5479126231292907
0.98396896692339	2.2420640379026917	0.5526991722030415	-0.620700315632869
1.0957927203671483	2.351975298576944	0.4564027654130104	-0.7027970833327966
1.268438485522031	2.475628022665189	0.29751106023453144	-0.7849301403050759
1.4217568519418557	2.610108834096584	0.14841366369350692	-0.8604217437226218
1.5667512489698419	2.7534018155853257	0.004073156926584928	-0.9236975138037399
1.7101248778740776	2.903193376436283	-0.13859799081750973	-0.969884622952371
1.855482842949902	3.0294378554709507	-0.2802765944175682	-0.9918062971412128
2.009232042856544	3.1569178689914192	-0.423775199783907	-0.9979453927503363
2.1770097141729448	3.28440870442123	-0.5696633101430159	-0.9878881088239906
2.3659803263549346	3.4127290610804817	-0.7125334631481457	-0.9615863876579192
