1.7287813459059334	6.0075666686817515	-0.15700270101610161	0.9612608652182469
2.052324296156739	6.105917108700351	-0.46311251064801323	0.9824220297647503
2.391052581929269	6.204864113865097	-0.7299638465053895	0.9949853810976288
2.5652075206872764	6.261168821992604	-0.8384029735039114	0.9985903651603072
2.72066906002522	0.059650939397783875	-0.911422404421353	0.9961807690155178
2.8688717126032492	0.0889418340776168	-0.9611847387765076	0.9943053804021311
3.0146989501248997	0.15977468561610259	-0.9899228187563971	0.9857637751541604
3.151439257932087	0.2078696359963636	-0.9979453927503363	0.9765763077801344
3.2881795917737002	0.2539232257463737	-0.9874062287485577	0.9677787968161009
3.4247088323321937	0.30868660567425965	-0.9585497451789807	0.9508480143133616
3.560504303620153	0.3776894260380067	-0.9121769032874294	0.9291195519427888
3.695017158863968	0.4630322782031688	-0.8496624388834035	0.8929463513599213
3.827789689064765	0.564166641561954	-0.7728372149695908	0.8433772528940021
3.9582807267343205	0.6783574534364247	-0.6839773567472851	0.7773056163717446
4.085412397119186	0.8024410006280613	-0.5860958365240951	0.6938841109503331
4.278087546259153	0.9327438189047599	-0.4199973496554308	0.5946838396927124
4.45743000960084	1.0657711043643998	-0.2517972729711731	0.48300167758013296
4.632030525247709	1.198784518862185	-0.08022922727920488	0.3628343337249526
4.8684455938938305	1.3297167079947934	0.15539359267474553	0.23831453952764237
5.092556090118452	1.4571166168441372	0.37048258457832556	0.11324140048096797
5.30778363108497	1.579928426628719	0.5597210134401335	-0.009088229270913135
5.509869317233603	1.6973858616339494	0.7154299473077997	-0.1260308799520243
5.694829172676035	1.8094081491737641	0.8301900791683597	-0.2361365216933647
5.863739150077821	1.9175903044339395	0.9118447070111149	-0.33977623819036906
6.021804396755849	2.0261440468415395	0.9657442173054467	-0.4392291570647254
6.175348350542626	2.1421639849731844	0.9930955949693652	-0.5398856475719342
0.04528123208328758	2.1703243692019436	0.9971008086991762	-0.5639503016541845
0.19903862936551306	2.2295185154914017	0.9782632745959698	-0.6108985496959987
0.3514913575534926	2.3117676962755533	0.937369124094285	-0.6748445156066502
0.4986518116531886	2.414932403381585	0.8775022009226304	-0.7465652424660499
0.666160587805116	2.5408520172281808	0.78520655544781	-0.8239145770965015
0.8189057925042282	2.6070516922369276	0.6817039364846139	-0.8589225781298437
0.9598086223408593	2.6934699045936488	0.5725012435091998	-0.9012224502067435
1.0925229766907216	2.796493267750696	0.45929973221354226	-0.9398572375949288
1.2194359883272765	2.8776310470385065	0.3434668568598492	-0.9634050622263003
1.341576055451006	2.9587688263310215	0.2267604502198759	-0.9827755322549567
1.45920579867645	3.0333721261509887	0.11116329692151196	-0.9923090559019135
1.5722491167469206	3.1220277696349377	-0.0014181222342577113	-0.9979453927503363
1.680656556088701	3.195251713635244	-0.10952732633950445	-0.9979453927503363
1.7847470495368947	3.2621460922745023	-0.21221318108281928	-0.9907330384699451
1.8855125638091896	3.3994689428902416	-0.3090454033662882	-0.964947573554225
1.9849873203086632	3.535340409344884	-0.4016207048539945	-0.9216136142954148
2.0863089982575445	3.668324220625749	-0.49215437646563154	-0.862752160071999
2.1343219097926336	3.7969384614296544	-0.5331841471600818	-0.7912770198563843
2.1979370922557258	3.91957270509147	-0.5862241114094943	-0.7108874069513853
2.2720978258383133	4.033965154736756	-0.6441655927167185	-0.6262913589900394
2.3550056210385644	4.136529166189238	-0.7049037817925945	-0.5437244510398984
2.4470130450101304	4.327224391099682	-0.7678269439253397	-0.3750967747884047
2.5498887677694824	4.489584586123619	-0.8293158505486669	-0.2209473776211904
2.6647274860286845	4.641866505260994	-0.8872057162889866	-0.07040503465336506
2.7907540978903174	4.794512912945172	-0.9377049917300525	0.08185295343347332
2.883264022309706	4.954968487503259	-0.9648329135292949	0.2397758209048192
2.975443327316334	5.043919141367147	-0.9849063595753073	0.3248696086434942
3.0628776473890578	5.156705210141438	-0.9960795537903143	0.4292139946074479
3.142567094963844	5.279518481896901	-0.9979453927503362	0.5365546013142887
3.2129472370780703	5.406747234182245	-0.9970201390479394	0.6391432276042813
3.306250597292452	5.536004726400752	-0.9850969427135826	0.732723069298269
3.3993753446966006	5.66622147921923	-0.9649712989029642	0.8145942738153646
3.490971538318774	5.79690449911797	-0.9382523828836087	0.8828661016260628
3.582081762921779	5.927786979725147	-0.9040851411186409	0.9361388490413498
3.6678451951830673	6.058710377273233	-0.8629870652529494	0.9734042368074454
3.8033754867200016	6.189594269142749	-0.7874296043885385	0.9940077089154202
3.9230876800585004	0.03725781180050689	-0.708443775145511	0.9976145188880665
4.080644605944427	0.1681589088498476	-0.5898208924921763	0.9841621563395542
4.293094134809051	0.2992311328449213	-0.4062845348650192	0.9538254706620328
4.476876489373225	0.4305284385677888	-0.23316732752751165	0.9070395788813532
4.653351815422708	0.561965937481874	-0.05893348842779475	0.8445769914372123
4.834455499816409	0.6933239230834338	0.12158373735433027	0.7676105710675425
5.027615886435779	0.824205495616338	0.3095799987083322	0.6777833701630043
5.238707945840355	0.9541736663919458	0.501867763948831	0.5771197123860108
5.379476007491613	1.0827523344096972	0.6184808355470903	0.4679564432921714
5.544197703592639	1.2093928191269938	0.7380303519724773	0.3528855981008824
5.719096763326384	1.3334833589089923	0.8434198287369667	0.23464484174582761
5.897424739747059	1.4544928932558718	0.926450325446588	0.11585121128990414
6.077126020342435	1.572335764917338	0.9769221346019598	-0.0015046665659569428
6.213750121450316	1.6879218510473428	0.9955543195894687	-0.11669458050533987
0.06712371344097563	1.8037053724674708	0.9957023146868196	-0.2306731977314364
0.20364732013936176	1.9241236638075436	0.9773828870337219	-0.34600433033343503
0.3397645096132406	2.0557938266989892	0.9410618191588054	-0.46607742233560945
0.4749462181162029	2.102779328069635	0.8877806273176363	-0.5062292124596571
0.6087826453240601	2.184307545503312	0.8190543374044003	-0.5755754016377458
0.7410976943361294	2.289210519381775	0.7366634681386948	-0.657535670993527
0.8718750236527	2.4149499618354073	0.6425188388802348	-0.7465774492090922
1.0010961267741094	2.477574345473856	0.5386615727194174	-0.7860934590962442
1.1286290035599698	2.5630091474106673	0.42731008058016656	-0.837157912572441
1.2542113927150331	2.6641454795977118	0.31085359216733066	-0.8869203111438724
1.377452249657661	2.7758083761477983	0.19180770485028886	-0.9321001972039313
1.4978715410199004	2.893251110257745	0.07270258682430464	-0.9673644489707227
1.6149894147352284	2.9898292962774593	-0.04410720047107656	-0.9867447363710553
1.7284743288255053	3.0876439402865468	-0.15669982694681653	-0.997945392750336
1.8383201877115343	3.184496021357473	-0.26383457845881375	-0.9979453927503363
1.9450945091847216	3.2792518925768603	-0.36516720120841145	-0.988547095595083
2.050082774870551	3.3684707584136233	-0.46110403840023684	-0.9728050193913659
2.1553352289989873	3.524481973796488	-0.5511412266414184	-0.9256856357857353
2.263805445327033	3.672650669537823	-0.6376867893503566	-0.8606305498734386
2.378890043872486	3.8082379623108795	-0.7215083766615111	-0.784523298609622
2.4487025595100422	3.9280969034577544	-0.7688367681728625	-0.7049613328134996
2.5319957984451196	4.1089529528190685	-0.8186212076291373	-0.567289897812948
2.625795073262237	4.263290190257676	-0.8681139840950971	-0.43351897061287437
2.728172097172386	4.404696913626234	-0.9142361180884608	-0.3023161695828529
2.836641014369199	4.540179140893061	-0.9530148743169194	-0.17103556598737035
2.931689238126775	4.673052220032858	-0.9771077779079326	-0.03925669268037742
3.0267374618876217	4.804816433200658	-0.9914612150048343	0.09210183736817122
3.11940856203725	4.936144114778861	-0.9979453927503362	0.22143598522469993
3.2083459546204476	5.067325386143263	-0.9976081349572614	0.34682058433394836
3.292549604483941	5.1984746000238395	-0.9868477867009389	0.46622134066951804
3.395931633431674	5.329624044875498	-0.9658442137268411	0.5776216451864518
3.5293966109093584	5.460763323747273	-0.9238425979142537	0.6791027606373287
3.662792367403131	5.591853519995709	-0.865464878158486	0.7689010455918526
3.7963008563182004	5.7228322728977545	-0.7916581169715167	0.845456283729653
3.9302479103619166	5.85366474209447	-0.7034659398348956	0.9074765792623376
4.065104596976137	5.984337150919247	-0.6019622386689576	0.9539460670704554
4.201527352871643	6.114849513295599	-0.48817979419930824	0.9841283663997109
4.3404370186956305	6.245237280265034	-0.363023256912208	0.9975703269444669
4.483125250744421	0.09239206255496009	-0.22718094414098508	0.9940844749203861
4.631374263130083	0.22277800628432892	-0.0808847029357116	0.9737283962106739
4.7875733661146205	0.3532584310305817	0.07495020483278478	0.9368126861204374
4.954811432756563	0.4837705819301123	0.23962280872803357	0.883954501901181
5.136981260566105	0.6141243242688055	0.41173873270632283	0.816142261140502
5.338843074113718	0.7440352842840805	0.5851776580456716	0.7347605432471025
5.473696733473964	0.8731506619894769	0.688670521231725	0.6415751587162849
5.634458604848908	1.0010182246225816	0.7964999541910947	0.5387254221382113
5.810222815724422	1.1270465312341158	0.8886407445064963	0.42871213843069794
5.9398325710137945	1.250572359874036	0.9399319139576383	0.31426637034655414
6.073242405272583	1.3709558882965651	0.9761802565780626	0.19813685066701797
6.207251469538387	1.4878019830039366	0.9951382347299514	0.08271874914750374
0.05804480851461517	1.6012672330710305	0.9962836036883	-0.030401463398231722
0.19203045072633457	1.7123467192440027	0.9796020307874145	-0.1407898497723178
0.3258367446669929	1.8231220747383534	0.9454475662187867	-0.24927461599511755
0.45914777199021656	1.936906773058046	0.894630620987192	-0.35768536023672537
0.5916833851088433	2.058370876512814	0.8283761911357888	-0.4682796583498143
0.7232777306253474	2.1934575217667507	0.7482069623340538	-0.5827242410979054
0.8538449218007528	2.260609819038423	0.6558569841688668	-0.6351900594513706
0.9832933469958355	2.3581328949683082	0.5532529173673787	-0.7070778814980214
1.1114494086517859	2.476756743144525	0.4425310645534375	-0.7856047774915389
1.2380150642011885	2.613029293032477	0.3260429237701853	-0.8618538825479701
1.3625488655350708	2.7644810244287075	0.2063274776941268	-0.9278523274787782
1.484484736438801	2.881523438020366	0.08601840539952577	-0.9643917087616807
1.603177044704956	2.9861632044588613	-0.03230898632379809	-0.9862762480718936
1.7179901955884518	3.090802970911191	-0.14635717079229021	-0.9979453927503361
1.8284348253405824	3.193536674754609	-0.2543642905806358	-0.9979453927503364
1.9343284425936311	3.2945143039126203	-0.3553293172220565	-0.9865967186046525
2.035932474378071	3.3938382843994037	-0.4481736878920685	-0.9663748375977876
2.1340100359547547	3.49440388478947	-0.5329176331819736	-0.9369652187678754
2.2299384010329453	3.592675377527438	-0.6112266045719583	-0.8998489478276039
2.3255146448043105	3.6820703889546595	-0.6844014771707234	-0.8560112944081617
2.4228368013977066	3.8280768463533934	-0.7520604276607268	-0.772665580814971
2.5220132248306575	3.950537293043307	-0.812654614925084	-0.6893606385719138
2.6243037386997683	4.1505296069017055	-0.8673826613217324	-0.5317602761192839
2.730195209533778	4.314860101158021	-0.9149948053759809	-0.38639509335169275
2.8391510580621455	4.46154004181287	-0.9536511223004444	-0.2478598160752189
2.940724536291465	4.601271491298372	-0.9793980528756494	-0.11076762016607636
3.0422980145206067	4.739040192453721	-0.9934496913436058	0.02665220009650202
3.142381444706589	4.877732410202305	-0.9979453927503363	0.1645277907571502
3.2398042805893636	5.019602670574861	-0.9935880889909023	0.3020649996878635
3.3331832646530684	5.167067029150544	-0.9816552287173158	0.43839448354880217
3.425362729997487	5.276241289195048	-0.9583839946495603	0.5338685798734751
3.5131170191495	5.3969164314895	-0.9299476069834085	0.6318706855134806
3.6603346487869386	5.5228170383685535	-0.8666700977247577	0.7241802909446979
3.8007555875081627	5.651152367875798	-0.7889955203663646	0.8063791785400455
3.9292775487562954	5.780619297262464	-0.7041405410781296	0.8758050572215653
4.044704713142166	5.910563610703952	-0.6179005854292313	0.9307153413687832
4.2085364208357054	6.040651035097933	-0.48219014595360365	0.9699544023503953
4.349628582446569	6.170751952815649	-0.35462413202571014	0.9928013044721308
4.475187868741538	0.017653313739479135	-0.23478504500705483	0.998869723033815
4.653545686123336	0.1477668901084172	-0.05873985006080872	0.9880575966175071
4.815734260206503	0.2779683296285384	0.10296177057812808	0.9605209653844891
4.9731909426840515	0.40826771855949956	0.25752923232505287	0.9166915275553255
5.131884577346368	0.5385830455294346	0.40722311205175793	0.8573244375754683
5.294983188708762	0.6687501021919778	0.5492296368863687	0.783529108468754
5.4641503316056435	0.798550237935472	0.6816083706044631	0.6967623841017263
5.640140679383118	0.9277227824827491	0.8001807133367245	0.5987991336993785
5.8234606173388626	1.055974049745639	0.894380477169736	0.491681789779192
5.955399970224213	1.1830234364642103	0.9448339693543331	0.377615480375449
6.089725048795816	1.3087406381487867	0.9793288979304311	0.258750687909461
6.224328857770863	1.433417688190395	0.9962316372971192	0.1368146611847126
0.0756866618755855	1.5581821418814095	0.9951540604881404	0.012631994841515726
0.21021297722261326	1.6855088259995477	0.9761286647138216	-0.1143141177815927
0.3444665273981994	1.8197364489269632	0.9395811895850044	-0.2460311485451157
0.478059341136272	1.9676056493419367	0.8864308190637128	-0.38573757232710115
0.610659958654053	2.020581098758867	0.8180308989602852	-0.4341458114067355
0.7420702265871054	2.1114421629379825	0.7360334769346639	-0.5136320988260136
0.8721671156007876	2.2262448153541134	0.6423027577469598	-0.6083408210147025
1.0007613222727825	2.3619016511691084	0.5389359819931034	-0.7096979435488879
1.1274981415159955	2.519251179246491	0.42831201532538643	-0.8110037379401275
1.2518012235533282	2.6362538147201056	0.31311391052187726	-0.8732427566732723
1.3727988460657938	2.732333361228938	0.19634133040464846	-0.9157966335595576
1.501383295570494	2.8422090256538075	0.06920945400137289	-0.9544262584940282
1.6237342423843897	2.941083290922861	-0.05284154836412744	-0.979488990300941
1.7408395953474658	3.0399575561848335	-0.16889823162215184	-0.9931506051779448
1.8529886879772226	3.136139924243799	-0.277887166016494	-0.9979453927503363
1.9603009183475093	3.2283367451637615	-0.37906260933419356	-0.9950535204184145
2.063094399312585	3.314314520479498	-0.4723161779264908	-0.9840664574324158
2.162077427833842	3.3968243211539138	-0.5569028199988284	-0.9656179344932212
2.2582990321425838	3.4681532098527326	-0.6333846509924435	-0.946809483349213
2.3532131208981033	3.5985704690368108	-0.7036576248792878	-0.8969581044311111
2.4483732575362103	3.7909173557228923	-0.7686399441042027	-0.7948758398368603
2.545320794099978	3.9987453789712992	-0.8265855688175823	-0.6538084273977602
2.6434034389543113	4.168452018248458	-0.876748799619679	-0.516444553653433
2.743069489391437	4.315004146497112	-0.9198227885618764	-0.38626346669651973
2.844176715681523	4.453495305758966	-0.9549250302149566	-0.2555667633246491
2.946136840905253	4.588724356385526	-0.9807699683950576	-0.12314543902757119
3.048096966170344	4.722996547206825	-0.994190736884671	0.010627781470879442
3.1490181066365137	4.857663929778101	-0.9979453927503363	0.14466910032600971
3.247407070556675	4.993795661734192	-0.9926165317258602	0.27760358843492866
3.340745353354353	5.132537854547599	-0.9798328783529233	0.4078019104380516
3.477166228568687	5.275345211189978	-0.9434295115530504	0.5331341449612718
3.6099918405156926	5.424129446036125	-0.8913572759679531	0.6520020827038597
3.773979819214804	5.581305751421776	-0.8049994197529037	0.7620683658354108
3.927465138015971	5.749661039304047	-0.7054005399605988	0.8600822870236718
4.072868746373106	5.84214712910494	-0.5958961401365044	0.9024826972414406
4.214267113380706	5.943417637614728	-0.4772929423988903	0.9410608241141181
4.35446747198285	6.048114138217993	-0.35020242113641376	0.9713800617155139
4.495739743776659	6.153570647807796	-0.21487528012463183	0.9915251753620522
4.640266599782435	6.25843291002598	-0.07200302281349488	0.998415194746241
4.790474059917023	0.07811562097175341	0.07783551717009898	0.9949985431411585
4.949325829884503	0.17624252793628772	0.23427840460084712	0.9826179612414507
5.118640086034655	0.3041150441769628	0.3949448238543464	0.95228756419618
5.2282694952684166	0.42627944796147943	0.4926193800544255	0.9088818840373867
5.358034231317549	0.5377557744626981	0.6009069313637658	0.8577754336877718
5.498462746620546	0.7077153897256662	0.7069916979106913	0.7582880037299449
5.643556515282429	0.8527912610845715	0.8022382141971813	0.6566364517410831
5.7897572136782705	0.9764989095414077	0.8797671348273018	0.5588217094224015
5.935043120689062	1.0814874603528208	0.9384237525432483	0.46907711161123344
6.078976063463695	1.2590637483581046	0.9772755440697465	0.3063029287960244
6.209980332170111	1.4069331699456447	0.995312953800945	0.16308561983337153
0.05767744535854169	1.5424666120178285	0.9963071246045236	0.0283286912955975
0.18843985756446335	1.6756091873223395	0.9802879335124879	-0.1045480687838037
0.31806765679131976	1.7527964785971042	0.9478939927948362	-0.1806937639121993
0.44464485691371414	1.8437109815653008	0.9009188898252735	-0.26899901935347414
0.5656225839166057	1.940841931736247	0.8425835295690995	-0.3612812542632473
0.6779035620403265	2.0413707382620627	0.7775996401296612	-0.45314309883944004
0.8378133320859563	2.1454614086825066	0.667716688267022	-0.542703484156934
0.9787082998026678	2.254115893858379	0.5570108700385858	-0.6301163819639304
1.1038357690067557	2.368341529812546	0.44927668851224567	-0.7141749860389999
1.2145982146342775	2.487989896072878	0.3480038449049926	-0.7923188425106764
1.39615870034975	2.6127141273482506	0.1735827559038359	-0.8616993311494723
1.555383207019196	2.741550565942556	0.015427575474703598	-0.919253177138718
1.7069535379902718	2.873096479512518	-0.13546944626111138	-0.962255636241137
1.8600886692974172	3.0059129601881898	-0.2846890276487504	-0.9888000608753693
1.9396221354568355	3.1390011890215055	-0.36016662115353115	-0.9979453927503362
2.036662855678911	3.2720894178077655	-0.44884110030705526	-0.9894623851700306
2.1425273853416074	3.405498182561689	-0.5401961939085332	-0.963419276818225
2.2547705948528916	3.5396482030097998	-0.6306278972039074	-0.9199981487616166
2.337904704969175	3.6744531312311492	-0.6930151217569719	-0.8597466561331464
2.42966846615615	3.809502670989274	-0.7568098422219656	-0.7837673811614072
2.5209018748447733	3.944430460835995	-0.8119903600972689	-0.6936061451700828
2.617449972950786	4.079162630965157	-0.8640217018819929	-0.590978753551675
2.718346203276886	4.213969260904199	-0.9105513100030093	-0.4775474743241813
2.822501472829549	4.349443875273013	-0.9494307714513595	-0.3547929149075099
2.925427939016521	4.486477030163658	-0.9755206585504724	-0.22396990191378238
3.0283544051498468	4.626407571244459	-0.9916678434899471	-0.08584544276353347
3.129619679790969	4.771237493548095	-0.9979453927503362	0.05870095625027353
3.2277946609698476	4.9239720463094185	-0.9951227931247666	0.20957722430421538
3.3550262539207183	5.088345884735989	-0.9762129436825411	0.3665341461642926
3.482608716620858	5.1709065878925236	-0.9413885243214664	0.4417963019495532
3.6107959577632998	5.280136997065209	-0.8909629518032552	0.5370615428202313
3.7398162800926387	5.400948438130302	-0.8254189960208551	0.6348534468323769
3.869740664336645	5.526893866088545	-0.7455309423626768	0.7268211962734068
4.000548516920801	5.655191004711656	-0.6523996430081205	0.8085808867650929
4.13223138522322	5.784545385311826	-0.5473971499430215	0.8775073561736128
4.264874666679311	5.914308218275354	-0.432071097791053	0.9318944897612528
4.39870900219769	6.044195012908193	-0.30805265580251573	0.9706314002524329
4.534140978331329	6.174081715584452	-0.17699224717112472	0.9930144969761546
4.6717683369325576	0.020764380581445804	-0.040539037181827664	0.998670532828303
4.812368366961102	0.15066378736878028	0.09961372560385458	0.9875042090195356
4.956878148462997	0.2806628086093058	0.2416363274257584	0.9596724944838321
5.106308282283549	0.4107701111025138	0.38337974252886187	0.9156065238187747
5.261602606752901	0.540891411361328	0.5218705625208089	0.8560660060192133
5.42347767177884	0.670841783115583	0.6515199190527363	0.7821741502324715
5.592425156740986	0.8003754345507433	0.7692713429481242	0.6954121566967613
5.76871360543901	0.9291985383035369	0.8704690074128778	0.5975895887819253
5.952533307879086	1.0569787727382178	0.9439312792241776	0.4907916132267557
6.097739105387979	1.183393277810835	0.9808598046657944	0.37726863369044095
6.221147168665921	1.308261237334078	0.9960279254069919	0.25921774900601885
0.061484363161119354	1.4317902640291664	0.9960633816128162	0.13843345562849255
0.18510280972993196	1.5549345546797881	0.9809254020588305	0.01587569015147426
0.30927739262119613	1.6798058438890338	0.9506619800052295	-0.10868809399013649
0.43451332682784594	1.8101295094071959	0.9053117849491146	-0.2368275928770112
0.5610506592781647	1.9516657488795333	0.8450759656285585	-0.371171909912107
0.6887765820439199	1.9978912199471908	0.7705562675765756	-0.4134121113571325
0.8173397911155774	2.076821450091272	0.6828624187946718	-0.4840467255594745
0.9462804830999602	2.1718332708227224	0.5835890480300682	-0.565239744129586
1.0751313433551373	2.276201896089026	0.47470858054114917	-0.6473720862103458
1.2034746472296958	2.387686866907656	0.3584358112466527	-0.7276239811141798
1.3309309975319137	2.5053243672641714	0.23713150565422086	-0.8026796706230535
1.457157166007596	2.627659393014737	0.11320106633694409	-0.8690282118788215
1.5818792280765506	2.7532235441231365	-0.011036692888405055	-0.9236306602296767
1.704976851820801	2.8805273889947274	-0.13351943428453814	-0.9641392294180599
1.826629692804657	3.00837653665713	-0.25263495339177233	-0.9891148802543968
1.94750936758342	3.13620229889642	-0.3673738656915692	-0.9979453927503362
2.0689630989378345	3.2640280611151398	-0.47733131640070314	-0.9904925424799775
2.193163314655932	3.391808056716917	-0.582494378271738	-0.9668894614159739
2.323076563285922	3.5185339517100034	-0.6827065081881472	-0.9279162033157553
2.4620129957877155	3.6418471550265807	-0.7767924272092331	-0.8757360213274463
2.5631741660944116	3.7582057758418075	-0.8372565443794766	-0.8144275788366884
2.644331281041849	3.8628386141022433	-0.8772037961481438	-0.7503292893314963
2.7352665574718302	3.9491152388156494	-0.9168966113678846	-0.6903492592514284
2.8310340260822415	4.115765781954358	-0.9515936102165174	-0.5614679468363424
2.9300566045959457	4.327646084759826	-0.9766939365892557	-0.37471143690560565
3.0290791830584696	4.490647837221373	-0.9917604625476473	-0.21989847445853974
3.1257264338959474	4.638702160956341	-0.9979453927503363	-0.07356558682421155
3.2186910057613063	4.782762890752777	-0.9962861453144661	0.07016523790577713
3.3072709660644635	4.903660623393512	-0.9849665502263861	0.18978861492206484
3.4121562017567784	5.030355285686496	-0.9617315965204476	0.3121490774706075
3.515198581157654	5.159462386394181	-0.9291670004961425	0.4316568307615467
3.6186377275866293	5.289577161772491	-0.887117493514008	0.5447988006245197
3.719538677137335	5.420096332445403	-0.8375389364812511	0.649018502495587
3.8518223277446126	5.550739562046743	-0.7579878780778251	0.7422680657140668
4.017147983071537	5.681356138812077	-0.6394305472182079	0.8228451034549604
4.167764062224007	5.811851164152393	-0.5170324513048898	0.8893467744751706
4.310838950843282	5.942166001434834	-0.3900695653562442	0.9406666934178202
4.451266710120931	6.072284432598422	-0.25770178290858037	0.9759972572689986
4.591882248283268	6.202245506536719	-0.12003016098473977	0.9948177212695405
4.734884362935572	0.04895904623029276	0.022501350902899134	0.9968653317412739
4.882333446678116	0.17892387988864153	0.16901039711859558	0.9821057487662168
5.0364304818491075	0.30906135570771054	0.31784655199314615	0.9507300083832086
5.199690735066424	0.439376685650663	0.4672988266109179	0.9032030980008281
5.374988429943242	0.5696869363334883	0.6148027700169733	0.8403678022062702
5.565516605918701	0.6996938206827096	0.7518404039594755	0.7634842508821775
5.692887773644989	0.8290550088518799	0.8291317036846317	0.6741958412268981
5.834785089263276	0.9573916712226079	0.8992906158235432	0.574482201943945
5.983818513880967	1.0842822570280275	0.9537827522188184	0.4666009440630914
6.100118503478482	1.2092983990312887	0.9813143355916706	0.35297414768435204
6.216845946006215	1.332125061049288	0.9957525338872784	0.23596817718527868
0.050220454343394456	1.4527777927668508	0.9967845684037929	0.11755721714154116
0.16608670746211912	1.5718902826252956	0.9845580041882709	-0.0010597181375834458
0.279888875801893	1.691000000250588	0.9599162000279616	-0.11973119193345272
0.4313424279969507	1.8128400377786618	0.9066866440172293	-0.2394243094177402
0.5784399070464002	1.941643469769039	0.8355960219260754	-0.3620136887239243
0.7200508710800887	2.0832763435941772	0.7502972715532243	-0.4895628001280359
0.857082577534234	2.1434800414103905	0.6534618605626692	-0.541010292841573
0.9906736610383488	2.235488687374796	0.547203934728391	-0.6155630208503646
1.1216675582833115	2.3461898222377315	0.4334778655339515	-0.6987749852731404
1.25051651309313	2.470726969497568	0.31431874488769834	-0.782000776675867
1.3773027214971787	2.606827708478177	0.19195338417426672	-0.8588127406542292
1.5018529721591758	2.752810564550613	0.06874226795962356	-0.9234757887763367
1.6238372225941387	2.864355752306152	-0.052944405162927026	-0.9600400293673521
1.742892926060291	2.965667708299114	-0.17092385386999043	-0.9836571374190594
1.858777086241565	3.0669796643215705	-0.2834325163900877	-0.9966037487725832
1.9715295002293427	3.1668941217936166	-0.3893231334494893	-0.9979453927503363
2.0816722790571855	3.2639732922766442	-0.48819203551435963	-0.9904995413663293
2.1902605572668303	3.35459498519907	-0.5802264656598334	-0.9763222620403361
2.2988023914252462	3.5028558963608334	-0.6650297618399877	-0.9337956302390642
2.4091739486699364	3.6430911401228756	-0.7425619300049203	-0.875125994138684
2.5232432417665915	3.8023888055846187	-0.8133897970894481	-0.7880193445388213
2.6424052012742205	3.9408356399902247	-0.8762592823999662	-0.6961052863126344
2.7340129009683363	4.058855864504457	-0.916426477691541	-0.606844348084697
2.830249367201139	4.243710741590126	-0.9513947142242847	-0.4514104022586295
2.928638991298042	4.398195420191064	-0.9763345987798208	-0.30854467311754086
3.027028615385417	4.5393174778274155	-0.991498421385287	-0.17188560142735593
3.123639448727202	4.674693158163143	-0.9979453927503362	-0.03761772104183937
3.2170531621352776	4.807606168781261	-0.996495444648094	0.09487677986016749
3.3056462153084336	4.939473221349287	-0.9851741764277794	0.22467940100046638
3.3925955544475936	5.070898631576354	-0.9666898458297666	0.3501716653974867
3.4742932901630095	5.202128225811746	-0.9445068920722003	0.4694584239569456
3.579585752901094	5.333246752876859	-0.9050211697388767	0.5805908545832501
3.7102448813528977	5.464260216177534	-0.8421950465739279	0.6816896600168519
3.885665110543938	5.595129276549455	-0.7344601712738138	0.7710230295294911
4.04012515091061	5.725812135110081	-0.6214785788850199	0.84708078907862
4.175833944378253	5.856298305193809	-0.5101362768440274	0.9086184567871897
4.295726793376977	5.986581638687921	-0.40387884757451237	0.9546528391670996
4.399962602051529	6.11668080037615	-0.30685169310085686	0.9844781929443274
4.552849800676944	6.246650228447711	-0.15853588914880012	0.9976607928370954
4.737003440992529	0.0933883808557337	0.024617889467700577	0.9940206843118369
4.8984887943603805	0.22335489539157122	0.18474990813369094	0.973618194415905
5.050818969227242	0.35340299758356336	0.33134044388742057	0.9367671632144178
5.20048506779092	0.48345395504883554	0.46800259906501906	0.884091787056636
5.349793810008192	0.6132982443464866	0.5941529958061307	0.8165926078870496
5.499302321072561	0.7426276856627664	0.7076127906872908	0.7356723636513552
5.648529530269199	0.8710567615891432	0.804949309164285	0.6431241653713171
5.796637899385422	0.9981019863829329	0.8827505075691731	0.5411156015236918
5.943107775203741	1.123141429403466	0.9409632508018722	0.4321720274848918
6.088106495106421	1.2455067139424028	0.9790197093545652	0.31901706281197656
6.221544423532235	1.3645708933306846	0.9960533601798468	0.20435749664588043
0.07168603507486697	1.479891859775817	0.995410205956911	0.09058692748499854
0.20489838960728493	1.5913619481279735	0.977143898120576	-0.020508048897288866
0.33712221137007053	1.6993236577898951	0.9418938587427803	-0.12794252671245235
0.46682288884413287	1.8046691749228057	0.8913027935892843	-0.2315965312792826
0.5921026895713035	1.9087476659900755	0.8281476025992803	-0.3313048915139829
0.7107938963290417	2.0132515475981076	0.7562937952296807	-0.42744816808626096
0.8661814647356374	2.120049746764648	0.6467307682785685	-0.5209877700267331
1.0068704609685832	2.230905111012758	0.5339288679736731	-0.6119818911706603
1.1370459728745865	2.3462723323012025	0.4198527129457141	-0.6988323467671179
1.2584587251923887	2.466676409057177	0.30687033501303296	-0.7795797532700441
1.4108195271493267	2.5919793523771144	0.15929299129952956	-0.8515313825760242
1.5519124881848236	2.721406045341885	0.018894135017621452	-0.9116987812561312
1.6881498637180579	2.853621310250288	-0.11691951628198054	-0.9573190539789549
1.8028114191236904	2.987167151616438	-0.22981678041484538	-0.9864045420480334
1.9204258864302923	3.120996153703109	-0.3424927575044763	-0.9979453927503363
2.04016555158727	3.254825155836455	-0.4520418157860431	-0.9916685777935195
2.163053310588401	3.3889032494721913	-0.5577367674592932	-0.9676257743961739
2.291349201505559	3.5235271660747696	-0.6592066146898881	-0.9260436981921135
2.4159568027146445	3.658642725022416	-0.7472774110634541	-0.867499785717601
2.508227923178252	3.793702488218811	-0.804415128452051	-0.7932111637851962
2.613349566666093	3.928192444593888	-0.8620109387899875	-0.7048949120391796
2.7280949412430626	4.061852387099291	-0.9142071838464231	-0.6045031770966576
2.8512668875022253	4.194671382213697	-0.9567222529232482	-0.4940386120670357
2.9798791516737193	4.326784856430377	-0.985473211665053	-0.3754984155406713
3.110855107486733	4.458368749968839	-0.9979453927503361	-0.2508979491837169
3.2418310632975587	4.589571792156823	-0.9933290872989873	-0.12230943889313953
