0.9690389964264218	1.6500663720966116	0.5649359322943512	-0.07914212178864155
1.2444891052292235	2.032662244147352	0.319971402320046	-0.44518539636086907
1.4863877792345908	2.0947103851256013	0.08412545383994327	-0.4993338406074763
1.7198123726995926	1.9713291304472573	-0.14815475871749617	-0.38914003829083976
1.8315433893172397	1.8530706986018644	-0.2573423296895697	-0.277965733113509
1.9177448836883082	1.742302953925971	-0.33992432684750995	-0.17034184305535682
1.927804953504281	1.6452250710446674	-0.34936824236669667	-0.07430662252677459
1.9492065165634642	1.5686784460895655	-0.36892469715187726	0.002148269349896488
1.9771930557093693	1.5210843125016216	-0.39449841276727615	0.04961290535430883
2.010274535297003	1.5215930706083958	-0.42472781507744195	0.049106845031441124
2.0488160659268413	1.4185757796820992	-0.45994653714132694	0.15157786772957627
2.0939518438714257	1.2509580761703945	-0.4986856238523154	0.31390463572719235
2.147122669352794	1.0787975402628684	-0.5441231261279441	0.4714603593418909
2.2095594658664015	1.0087991065731512	-0.5953046249208473	0.5323481298490366
2.2840855854782594	0.9059328587530209	-0.6535315808554404	0.6166583832633858
2.369796999540739	0.7817233246837466	-0.7151868373761106	0.7092104454356938
2.4654081080512387	0.6408759398846942	-0.7788216886846138	0.8015583174662767
2.5695990015711865	0.4813037894186983	-0.8405564741737299	0.8850240699430341
2.6801630351575794	0.41158671342877196	-0.8947750229230838	0.9152524560376268
2.794700162018554	0.3925137516419229	-0.9391848050844482	0.9235222356385899
2.911281933898485	0.3620268129789327	-0.9719349172916343	0.9340515894549501
3.028558500248525	0.33433635079317736	-0.9916939247149622	0.9427711050117819
3.145835066583405	0.31659513973565356	-0.9979453927503362	0.9483576771959288
3.262878072281715	0.31168861643676476	-0.9906394990591589	0.9499027039978514
3.379471879690339	0.3268765727284304	-0.9700164459300777	0.9451201322851344
3.494845684965645	0.36033480837613574	-0.9367995393010872	0.9345843888122649
3.630111684866552	0.4086107032255344	-0.8814908779506079	0.9165428140190475
3.7982471772881286	0.466395141574357	-0.7904947992793641	0.8914882590500497
3.959403857174013	0.5258442036336712	-0.6831965496888218	0.8642691602924144
4.11904347205055	0.6607928965536123	-0.5586669737490102	0.7886836620126636
4.293346964483716	0.8382145454635094	-0.40605350257605705	0.6674198822719428
4.475434273803227	0.9806584062542181	-0.23454898619795236	0.555412542379132
4.669648541220256	1.0922545252663365	-0.042656292541939575	0.45953757803295797
4.877959429887188	1.2910554276787278	0.1647489669831982	0.27598068323189845
5.0995627183233445	1.4446702076841844	0.3770535799203284	0.1256218102555977
5.32928543526949	1.5751853035972099	0.5773441172091414	-0.004350790373450552
5.559629915367063	1.6906299454166722	0.7480270977532689	-0.11936613076731026
5.723658238403275	1.7934336017049524	0.8459065681005982	-0.2207825134454653
5.882478992622185	1.8846383339476636	0.9199700505907102	-0.3082078813666213
6.031019393473554	1.9661136457359032	0.9681144920795114	-0.3843741998958431
6.176015182256895	2.0413761618032638	0.9931382897595946	-0.4531480547970016
0.03739481328134684	2.1153604082258988	0.9976057471854607	-0.5169804628503516
0.1824455780151035	2.1907634342626987	0.9814330069007564	-0.5806193614235126
0.3264476894828572	2.273091861829471	0.9452551843513206	-0.6449422290176016
0.4660217164124798	2.365887251321983	0.8916501711757432	-0.7124687568236381
0.5957758135534321	2.473632461010644	0.8261451578111609	-0.7837373914140237
0.7125984187533205	2.6005388007169032	0.7551248537846735	-0.8557287770814967
0.8426262319751305	2.7482511991337417	0.6641562448203582	-0.9217659813296768
0.9512331871531188	2.8514606686438673	0.5795297599481483	-0.9567713727297924
1.1287147014308887	2.963332227165918	0.4272341529505122	-0.9833586872879784
1.2745374588366267	3.0581259015442406	0.29179128689002515	-0.9954723302293563
1.3999970296160897	3.1470812905435346	0.1698432247618699	-0.9979453927503363
1.5344658476701916	3.2286949440508113	0.03630232824958313	-0.9950077463364604
1.6560849597333414	3.3047013366279203	-0.08515349678115552	-0.9852949220686011
1.7706625668025813	3.3768060857796445	-0.1983187599855627	-0.9706921736096153
1.8824296757858467	3.4522181783261137	-0.3060919621082281	-0.9515766530507809
1.9956335108776064	3.532919694674798	-0.4113490477754998	-0.9225214064091674
2.038818922959155	3.613361963353447	-0.45081128501568124	-0.8897046303159896
2.0983102099663493	3.690079848745169	-0.5024100962027683	-0.8520836040732356
2.166748907089658	3.751353525205718	-0.560894865399573	-0.8185231748453574
2.2414016367036047	3.894042912042501	-0.6201827842541908	-0.7286358731217031
2.2964795512824767	4.064217435363632	-0.6632149362279667	-0.6026553744499058
2.361382587842756	4.28559027717425	-0.709337087592463	-0.4131414570507309
2.436465214137147	4.449530571185024	-0.7615224964791264	-0.2593650234558233
2.5197594661040728	4.594678691481994	-0.811307541425395	-0.11727145410777322
2.611133533362542	4.7336487435729655	-0.8609242372126169	0.021267212300129408
2.7092125783342733	4.871601405561564	-0.9071261096705047	0.15853267006775054
2.81223786155526	5.011557059348031	-0.9457616171017927	0.29451961946372757
2.9177911137795287	5.156016167337431	-0.9735848696750743	0.4286035081825502
3.020726660076139	5.307738505649859	-0.990693097222575	0.5596840281611891
3.1216565446526725	5.413211300450834	-0.9979453927503362	0.6439251559457717
3.2191747060994067	5.531747572039117	-0.9962243334559766	0.7299653511872859
3.3474943357108766	5.656512930460048	-0.9781221406365836	0.8093015494320834
3.4762402466211433	5.78433139198973	-0.9437767640069827	0.8774145715484674
3.6058163372571985	5.913624482535651	-0.8934048652212598	0.9316791865864951
3.7365785145539703	6.0435395350524725	-0.827354211225526	0.9705061858304154
3.8688221750772676	6.173629337088372	-0.7461694816378128	0.992985532839355
4.002880623334681	0.02053948618440835	-0.6505775776959453	0.9986849319921397
4.1392486692281985	0.15067257844443624	-0.5414004806218605	0.9875025296806419
4.2786674337234345	0.2809918051240101	-0.4194674564441565	0.9595688959881167
4.422148098795445	0.41161124689575757	-0.28559773871850164	0.9152418186564437
4.570887601845355	0.5424762422120855	-0.14074149727582727	0.855202017683238
4.726021881803931	0.6733371395216252	0.013649490522691106	0.7805576973229142
4.888223836326622	0.8038033210701039	0.1747491688602677	0.6928763058844024
5.057200588100587	0.9333875418648325	0.33732528947433316	0.594156237616789
5.231254598521662	1.0615055202827655	0.4952641577118177	0.48678095103158475
5.407318637691036	1.1873855855279156	0.6395659353117179	0.3735245452864833
5.580330912886254	1.3101031002269232	0.7614368806562685	0.2574232954380491
5.747149886832704	1.4286277046833422	0.8587133040536223	0.1415792449187779
5.907202020605169	1.542048077985015	0.9296568022600677	0.028746723759396346
6.061647404020555	1.6499840583360974	0.9739652902486968	-0.07905990667251116
6.21345447524833	1.7530251822121714	0.9955353904469193	-0.180919381309313
0.08211175251830967	1.853044758277514	0.9947426854870334	-0.2779408819922215
0.23451106566166707	1.9531729411517806	0.9714870569562508	-0.3725491615382275
0.38593539490504675	2.0568114833547066	0.9263745226068356	-0.4669470679766419
0.5337491599535116	2.169060462280336	0.8599596845818226	-0.5628702211192896
0.6763543652445256	2.295817763608237	0.7786031856199911	-0.6626978841937712
0.8136633535862585	2.373242047596713	0.685582140419835	-0.7175818555714908
0.9466863234127714	2.4789653763442945	0.5832564170617578	-0.7869248794256316
1.0763561085784477	2.6072100647917718	0.4736234483285062	-0.85900024108955
1.2030735612384684	2.7559324037028357	0.35881195995941834	-0.9246465095547136
1.3267914216346077	2.8635719588793154	0.24116452937583333	-0.9598413527511935
1.4471234484223863	2.977772304899046	0.12318157827989835	-0.9852039786204646
1.5634740518604189	3.0854348681821313	0.007346426659985139	-0.9979453927503361
1.6751880603267213	3.189854305706669	-0.1041326246441132	-0.9979453927503363
1.7817311910812204	3.291381041634032	-0.20923801982604318	-0.9869971168457106
1.8828830443979157	3.392280795856999	-0.30652629431681144	-0.9667696311016827
1.9789752619619239	3.4982192339702762	-0.3961269683965807	-0.9355344248208031
2.071018253445382	3.6101449046061886	-0.47908756311622924	-0.891282216180578
2.1607307666293774	3.728786801834994	-0.5557520212104249	-0.832011324516809
2.2484167885942052	3.8529049157474033	-0.6256636940632061	-0.7572352563661228
2.3363619753744795	3.98053567880655	-0.6919426068341568	-0.6680355925124499
2.4268599219256575	4.110040613482289	-0.754857325326622	-0.5663604297557424
2.5218950228701487	4.240377752723999	-0.8125839655131772	-0.45445604177008364
2.6212922015935045	4.371011545509756	-0.8659058594530771	-0.3345871295511849
2.725402774942171	4.501727049031162	-0.9131975946672188	-0.2089687699592847
2.8334219110064214	4.632473607755925	-0.952198893292732	-0.0797866757587692
2.933879590261238	4.763263115607412	-0.9776629902066976	0.05076886392270621
3.034337269516756	4.894114990808076	-0.9924323911581616	0.1804886857481808
3.133036457664511	5.025034225986474	-0.9979453927503363	0.30715885143307464
3.2287570173125437	5.156001589543758	-0.9949998140209999	0.4285905923737051
3.3202013241105965	5.2869962893231275	-0.983314185324379	0.5426834905510306
3.410538257097492	5.418002492664964	-0.9621417144916282	0.6474695406853914
3.4966071367456304	5.548993165097777	-0.9361389773379667	0.7411367770442148
3.606959321726229	5.6799306110047425	-0.8928443668643917	0.8220679609620841
3.7740860422738858	5.8107690388630875	-0.8049359301405254	0.8888775795099002
3.926938789118331	5.941464094746417	-0.7057664608901428	0.9404456683497646
4.065288603943595	6.071992272095338	-0.6018184747692448	0.9759414465223641
4.1911550770702695	6.202376060272602	-0.49704349531851477	0.9948260801466725
4.30496026432997	0.04951370381836235	-0.39544142846156566	0.9968298190491433
4.494285654683998	0.17990263387641953	-0.2163097471581381	0.981918779650773
4.662071474292715	0.3104655127629789	-0.05022427915176314	0.9502878500253771
4.822986796759966	0.44121159574894037	0.11017584921586472	0.90240750567123
4.984721945137614	0.5719412224716929	0.26876342819025106	0.8391388528023458
5.151282908083348	0.7023492851108464	0.4244098782609615	0.7617640824963332
5.32469942427356	0.8320825493403112	0.573585374595102	0.6719561547717963
5.505843545080331	0.9607391387420274	0.712451798081567	0.5717385825270876
5.694991161615408	1.0878359371257083	0.8302783892577984	0.46345241185950814
5.823338327883447	1.2128009782757174	0.8943274541072925	0.34968933918201595
5.955218304379129	1.3350502082231528	0.9447767641639059	0.23311832294076978
6.086923562392694	1.4541984286590934	0.9787937364483221	0.11614411443372555
6.2179384512291085	1.5703974037280886	0.995822482991854	0.0004313717012941892
0.06565837823088143	1.6847163652285047	0.995796134728776	-0.11353235079279848
0.19639475055431105	1.79945083504311	0.9787683286635329	-0.226597303223454
0.32578630482030774	1.9184346050172265	0.9454634493421852	-0.34058508760624245
0.4516957596346664	2.0472444472700864	0.8978617132765159	-0.45851041356869915
0.5713184690867968	2.092706138628276	0.8394783538036559	-0.4976210976895571
0.7287034785201839	2.1677308714064814	0.7446922475823268	-0.5617340099017751
0.8715143184751454	2.258906184460224	0.6427856780863631	-0.6338590166434253
1.0017369819767012	2.3601858895586605	0.538136321087542	-0.7085051357246743
1.1207428044440306	2.4701235623328723	0.4342971900548231	-0.7816401197024759
1.2796542743394455	2.5868955522744677	0.2869926062904989	-0.8490383814186274
1.4234243785619924	2.7092427270969703	0.14675497944152033	-0.9071374157568244
1.559559960020269	2.835543842009947	0.011255827872769457	-0.9527367621457586
1.7008852739756322	2.963997278138471	-0.1294830698254813	-0.9834436738661667
1.8048170957031353	3.093121284474868	-0.23173824104371196	-0.9979453927503361
1.915158554999276	3.2222452908139103	-0.33744659499372387	-0.9958319447539172
2.0294819583501846	3.351604324563947	-0.44227929481939476	-0.9770803372100438
2.148367019507009	3.48187106106074	-0.5451864942899378	-0.941665152504216
2.208068085357122	3.6133089851433478	-0.5941394153587799	-0.8897306098463464
2.280515669883502	3.7456421342293633	-0.6507424202348585	-0.8219368780691576
2.359416460949979	3.87833832186455	-0.7079702243133101	-0.7395537989723915
2.439160878854863	4.010943355950544	-0.7631336975639846	-0.6442781973017787
2.521881710414859	4.143218316087316	-0.8125760086473758	-0.5380081910239152
2.6077311676024086	4.275119561214985	-0.8592557802303127	-0.4227094536806765
2.6948639957509775	4.406688368213184	-0.9017452482771292	-0.3004083337820977
2.7832319419595555	4.5380082560386645	-0.9348841083286559	-0.17317715605422845
2.872422246765857	4.669177969162184	-0.9620847311582115	-0.04312630066889722
2.961612551586561	4.800277029017901	-0.9831389306841758	0.08758650421521454
3.0490897372239827	4.9313584694284875	-0.9943176026712878	0.216773521798473
3.1315855093216944	5.062449775793108	-0.9979453927503362	0.34224811210287953
3.2034573633217738	5.1935580979123115	-0.9979453927503364	0.46186535903874787
3.314457495533005	5.324674081727074	-0.9840481867117263	0.5735646035787414
3.452410662458102	5.45577244815033	-0.9515278620113331	0.6754106559350848
3.5804216686093175	5.58681033618064	-0.9047076930218292	0.7656341498764501
3.75210450072069	5.717726732344189	-0.8180743161440239	0.8426729409615454
3.93593608835707	5.848448191387578	-0.6995114841711116	0.9052147530653709
4.089668855242677	5.978952127737258	-0.5827702830015888	0.9522503643012395
4.215372642278896	6.109253697871803	-0.4763482049160223	0.9830594106937434
4.416087078099802	6.2394058486348625	-0.2914042644349485	0.9971969617537308
4.5885779610706185	0.08631752611200054	-0.12328985882561092	0.9944734052211246
4.750919101237371	0.21646699118156504	0.038490305970686936	0.9749339748607233
4.913609396420539	0.3467255145872336	0.1994813077520357	0.9388698517313661
5.083206541469852	0.4770292983869659	0.3617143384514813	0.8868774317404186
5.264938075309469	0.6071810416196249	0.5246043474621196	0.8199274696499175
5.4636914307160565	0.7368876281075806	0.6812688890647217	0.7393906832924454
5.6055530341598745	0.8657878257065966	0.7777753769204624	0.6470219709907736
5.767663266132973	0.9934406749763901	0.8698964031448587	0.5449360611424388
5.941639361680209	1.1193052299170632	0.940500858571782	0.4355708696120128
6.086365479210712	1.2427427735892487	0.9786871271060541	0.3216091568485159
6.208123849950705	1.3631669715968855	0.9951940900498277	0.205725281606505
0.046905223316314436	1.4802586433499834	0.9969968304936639	0.09022208884853519
0.16896526306017892	1.594208810959109	0.9840081203557189	-0.02335150006276936
0.29165013027567965	1.7059843384569604	0.9562126706081893	-0.13451332549351758
0.4155703837012287	1.8175418297140518	0.9135251902084234	-0.2439286787570254
0.5410335846948041	1.9319343357901773	0.8559884986298592	-0.35314161526200977
0.6679282160457508	2.05343350373177	0.7840615134787866	-0.4640603917700069
0.795854565696973	2.187378237785903	0.698756564071583	-0.5779745211029523
0.9243108581772138	2.2528021196345795	0.6015955825728054	-0.6290899354746246
1.0528073625207943	2.3459627628803927	0.49448744938614586	-0.6986171322378787
1.180901748128881	2.45650321415519	0.3796052540241915	-0.7734992260609916
1.308201461711973	2.579689045488723	0.25927598601094504	-0.8455044443253309
1.4343690355539698	2.7125677604523437	0.13586835851639237	-0.9083843363853779
1.5591619143193318	2.852620215099619	0.011653396557802585	-0.957065295539323
1.682541893993295	2.9637619355543796	-0.11138722274118265	-0.9834135995384093
1.8048462604944246	3.076450034051926	-0.2317661812404445	-0.9978139632535464
1.9270135573700626	3.1891381325361463	-0.34864507543383255	-0.9979453927503363
2.0508087995073074	3.3019781457633703	-0.4617674697553388	-0.985642917459757
2.1789632498162232	3.415229236650368	-0.5713327177445227	-0.9609526410545159
2.290278721412565	3.527672886526026	-0.6583702529213128	-0.9244890117278308
2.4137401069020887	3.6359410611738054	-0.7457363507593786	-0.8786322600688155
2.4963967189174303	3.734499214185308	-0.7973436076449806	-0.828597010816928
2.591216218281512	3.908587132338112	-0.8511571557879578	-0.7185246434147032
2.6970188121548366	4.059156886329538	-0.9025533258924636	-0.6066091609498285
2.7885181694397287	4.190239144310154	-0.9368664962892465	-0.4978262120902649
2.8840663064471412	4.3050431901384405	-0.9650362771863068	-0.3953656519951741
2.9796102626590253	4.485263619859416	-0.9854388504533348	-0.2251323625767609
3.071676934391486	4.640804605088969	-0.99720401089766	-0.07146566224973006
3.157723706231603	4.788001528153994	-0.9979453927503363	0.07537609646379743
3.2358847867910674	4.910337321849677	-0.9940889594202309	0.19629345597916187
3.3572464815178895	5.037644471614221	-0.9756501585263957	0.3189850626802451
3.4795112897124225	5.167037709642702	-0.9425500902652556	0.43836850669886174
3.6033617123031716	5.297308673496114	-0.8946085677130587	0.551135628558931
3.7291506724778953	5.427933915827395	-0.8317938387253685	0.654816518875039
3.8568262520621976	5.558665457813205	-0.7545091196993637	0.7474023372119272
3.9861082230105707	5.68936358112165	-0.6636817862563212	0.827210450553775
4.11670453010393	5.819933440193693	-0.5606657330133245	0.8928511406183348
4.248447645854834	5.950310675936129	-0.44708188411169264	0.9432313893605231
4.381348498188298	6.080472504107198	-0.32468421310003326	0.9775614056722775
4.515599624026328	6.210457021054348	-0.19528339703348171	0.9953434744427826
4.651546538878999	0.057184481741702785	-0.0607366015374545	0.9963386872578308
4.789625346642224	0.18717403898318255	0.0769913043543268	0.9805297399147195
4.930250961782838	0.31735376675234306	0.21569452126373767	0.9481187913286766
5.073662638349702	0.4476708125881278	0.35276382172458476	0.8996068761595752
5.219725707310292	0.5779099918818805	0.48504965211400153	0.8358849111289721
5.36772462445792	0.7077530796241608	0.6088492790109545	0.7582635888023077
5.51632524882569	0.8368234691075384	0.7199750110618778	0.6684489601271807
5.663940247245587	0.964679602299987	0.8133506345866487	0.5685089373501537
5.809126022958632	1.0907900668026569	0.8881651899207758	0.4608350765435061
5.951288672702648	1.2145447136818843	0.9435393530905247	0.34805401946809034
6.091060358479701	1.3353437692199277	0.9795839790576164	0.23283231816803357
6.229670935504198	1.4527760091494981	0.9965736709516876	0.11755899130093314
0.08502171657554902	1.56685384857506	0.9945563711556358	0.003970680276201621
0.22327443023203364	1.6782187008617973	0.973633565489628	-0.10712236850500573
0.35977109960914666	1.7883035695894511	0.9347618964078519	-0.21572170803288376
0.49228341823932686	1.8994727581180326	0.8802634506191077	-0.3224194258835138
0.6183688356604039	2.0150321428394546	0.813828318089417	-0.4290752515956202
0.7809992641547924	2.127585958764519	0.7097460843695311	-0.5274278929097933
0.9296931596272758	2.2536064589842857	0.5971841919677876	-0.6297183625565083
1.069290674589459	2.3951898284486175	0.4798833664514516	-0.7328400852491221
1.20325498276967	2.5554003949437343	0.3586418182019847	-0.8326101547787613
1.3336980737759618	2.736665763140624	0.23443565361318952	-0.9174213274310148
1.4616783510827376	2.8789151991326696	0.10870385568141666	-0.9637305701777144
1.5877400347912158	2.986386105773419	-0.016890476042693368	-0.9863047325351598
1.712315312242103	3.0938570572706636	-0.14075886658904954	-0.9979453927503362
1.8360559417933815	3.19787708467626	-0.2616654055072074	-0.9979453927503364
1.960138787006747	3.2992385240310744	-0.3789144559387565	-0.985993012544446
2.086521723097809	3.400665049279044	-0.49233616197161345	-0.9646443835021572
2.218116537472915	3.507621341421948	-0.6019902303697365	-0.9320085408730767
2.3587183241274716	3.6210455880471164	-0.7074848753818574	-0.8859367234613619
2.5124365904775545	3.7412114622311057	-0.8069306524613533	-0.824585094475051
2.6280883462621163	3.8666271546346698	-0.8692385625851029	-0.7476954730939078
2.725977193726179	3.995299917029878	-0.9134130074329435	-0.6565003528821717
2.835757450784476	4.125623536997941	-0.9527909078773408	-0.5530439330436213
2.9349139058265394	4.256613778679184	-0.977925169384933	-0.4396197839413665
3.034070360878849	4.387787444333944	-0.9923982830179425	-0.3185156305693066
3.1291386925810145	4.518962799037637	-0.9979453927503361	-0.19196560604943297
3.218421729103993	4.650099619368759	-0.9963205560628681	-0.062181787066856106
3.3024892295906754	4.781202411777843	-0.9855776062769414	0.06861303365906653
3.3827030226907753	4.912280904811236	-0.9691974130884242	0.1981870113537571
3.465705518737201	5.0433461964435	-0.947727391898717	0.32433228622329224
3.5545233521995088	5.174400785609264	-0.9144198196457645	0.44489213323836985
3.647596086204173	5.305435492760455	-0.8729168522432664	0.5577964546913983
3.744447965493569	5.436427832139436	-0.8226506337339369	0.6611000712792229
3.8405389748178167	5.567340717952937	-0.76521695607705	0.7530220352478798
4.002715213421538	5.698123404660673	-0.6507068117923118	0.8319859667290818
4.153325636291554	5.828718258278129	-0.5293709095707337	0.8966601195385848
4.296458906934389	5.959076922454506	-0.40320985224722894	0.9459918135953822
4.436296539703853	6.0891858578991025	-0.2720433738503261	0.979225897537817
4.575596371301628	6.219093103774127	-0.1360962698358474	0.9958964111616493
4.71636298469297	0.06573349394149253	0.004002168583944265	0.9957913253451807
4.860275869698753	0.19563581690575538	0.14726718995240776	0.9789133060068929
5.008915225167299	0.3257051576776059	0.2920420397223315	0.9454890019591271
5.16384175276196	0.4558826614425501	0.4355369144103929	0.8960463289880649
5.32663192584664	0.5859503570092658	0.5751692731118914	0.8315016157863033
5.498787350426247	0.7155836023426106	0.7072318303712419	0.7531910984754973
5.681672400073551	0.8443904155633378	0.8230175168332741	0.6628511530794157
5.822673064423944	0.9719030543665911	0.8940390048224806	0.5625885204284954
5.970591605543105	1.097553720773432	0.9496176995646917	0.45484253310810313
6.100887409947368	1.2206865323438678	0.9814612180198822	0.3422940646597074
6.231893785745249	1.3406408162015624	0.996715991904219	0.22767161652578766
0.07969959850120598	1.4569103340643594	0.994897126866406	0.11344658940817401
0.2107233343508653	1.5693365250659483	0.976031172369452	0.001490979011946645
0.34178496194787866	1.6782526335203856	0.9404255941133175	-0.10715584326274226
0.4728185551629366	1.7845742004816416	0.8887031533461202	-0.21204266452177456
0.6037145522364668	1.889809264773986	0.821817265265897	-0.3131616910182853
0.7343490571350045	1.9960160936802525	0.7410351299233163	-0.4116986466931509
0.864593091030882	2.105541321249403	0.6479058009778087	-0.5085894931258839
0.994299570660543	2.220051468549278	0.5442321012496463	-0.6035019841965377
1.1232831324108672	2.341466114696557	0.43204647975130767	-0.6954910352884227
1.2513029270178448	2.471345278315161	0.3135812257722157	-0.7823703403798159
1.3780454962891453	2.61046701363736	0.19122972831431095	-0.860597388317547
1.5031750233636727	2.758454495017999	0.06742722717602323	-0.9255923189201717
1.6263885245178697	2.876899180800399	-0.05549264961966194	-0.9632195481575554
1.747513497194744	2.9999547879011375	-0.175482073171542	-0.9880386685974362
1.866657683918261	3.1241967765320937	-0.2909822172356244	-0.9979453927503362
1.9843920113404663	3.248438765127665	-0.4010767196839599	-0.9924846919196759
2.1019618807075546	3.3732392377696514	-0.5055306570763531	-0.9715963012390568
2.22132257801548	3.4997893091807755	-0.6044950968832317	-0.9349456309775207
2.3450147710517144	3.6286568162428083	-0.697958082598551	-0.8822043185048429
2.4759639173965113	3.759499004964083	-0.7851309048704715	-0.8136546146950107
2.6167728277923374	3.891501810880398	-0.8636896424717775	-0.7304024619821938
2.768986889554944	4.023914255828472	-0.9295420717835396	-0.634144085670077
2.8876923867378737	4.156247412006187	-0.9659554190640205	-0.5268740856173607
2.9831669707623605	4.2882657771689585	-0.985893360654496	-0.4106966218520317
3.07864155482047	4.419950042118173	-0.9979453927503362	-0.2877035016359525
3.17134973185336	4.551373560553244	-0.9979453927503363	-0.15999220829848254
3.260870890952573	4.682627765559309	-0.9908959958992622	-0.029692622438033004
3.3486327108948886	4.813785864725403	-0.9778335843387957	0.10102370682423197
3.4363510225837275	4.944892862680958	-0.9555986730155088	0.22995954142922048
3.529423223826575	5.075966929915878	-0.9238326178052092	0.35492484535894686
3.630081559822584	5.207002449072156	-0.8815056507127077	0.4737769468630645
3.7379504848734215	5.337971201570254	-0.8265341834036068	0.5844630621831596
3.852434823959149	5.46882147992418	-0.7575620670137756	0.6850639503593083
3.971807293029498	5.599498069172333	-0.6745736062417472	0.7738530651626391
4.093915941020425	5.729977197583557	-0.5794520520549179	0.8493514196597776
4.216666933002953	5.860232204149724	-0.47524215968939193	0.9103241424432218
4.338060725188617	5.990253736885832	-0.36519468132628985	0.9558091549103367
4.464529834511486	6.120068281814517	-0.24499556118101556	0.9851252957056162
4.585010639711987	6.249745041625295	-0.12680904132461102	0.9978589423800589
4.753999687878503	0.09619291036972863	0.04155455723169943	0.993841120567747
4.911818643502519	0.2258575922886393	0.19773664859440993	0.9731401100035688
5.067562794049826	0.3555327011106385	0.3470432315477801	0.936096535800863
5.2053051653928915	0.48502565920956753	0.4722731670697547	0.8834103172800788
5.348524918021175	0.6139613093762776	0.5931129986520796	0.8162311305398243
5.494777154173837	0.74180643112838	0.7042652037437394	0.7362043595131014
5.642001806576728	0.8678368197111282	0.8013863224673006	0.6455061847821102
5.788596575645363	0.9910150449212324	0.8792638977928071	0.5469241329247146
5.933557079292511	1.1225729277481433	0.9379558094302587	0.4326757154141295
6.076877326021181	1.2478823827006507	0.9768746270997261	0.31678909981920794
6.208102972366701	1.3681290060623736	0.9951927533346558	0.20089096929934425
0.056017562983965936	1.4838003272157236	0.9964134007882616	0.08669918541618284
0.18699407504830928	1.5952392557229713	0.9805641180098641	-0.024380709946969753
0.3168091528337467	1.7029972789954455	0.9482902861019966	-0.13156657460576793
0.4435113490313452	1.8080583503799714	0.9014103635915349	-0.23484339932969728
0.5645163102907899	1.9118239033117475	0.8431866270596898	-0.3342519613253472
0.6766946281778116	2.015996576766858	0.778382768605735	-0.4299565380905554
0.8401042846853725	2.122463141049876	0.6660219081226113	-0.5230501530598017
0.9843569279906729	2.23297191035187	0.5523811952515082	-0.6135966731379876
1.1133335941114577	2.348046173175446	0.44086169127440444	-0.7000655316459632
1.2292177844106629	2.468205501312879	0.33429323802055144	-0.780493693006334
1.402174994282296	2.5932917300619978	0.16772132063894743	-0.8521749482200887
1.5566038125886106	2.7225315024491636	0.014208432672674196	-0.9121208388819143
1.7048049152396967	2.854585647039704	-0.13334981788435138	-0.9575634948783022
1.8546026275581067	2.9879869064100135	-0.279433338212859	-0.9865092981610755
1.9445001056023283	3.121677948056677	-0.3646240433675062	-0.9979453927503361
2.0499518924247067	3.255368989742428	-0.46098443981637394	-0.9915990814922149
2.164497660996558	3.3893175864770115	-0.5589710472426762	-0.9675207479041821
2.287003944689621	3.523844577625353	-0.6558116831079966	-0.9259246656989435
2.350929184277872	3.658932457233695	-0.7020698183599959	-0.8673577064219029
2.4276665426501136	3.794067071884092	-0.7554180929212838	-0.7929932518196754
2.511835883885068	3.928769642223925	-0.8065716096222586	-0.70449364076406
2.601568418748256	4.062830913939363	-0.8562336826426934	-0.6037386580328121
2.694432883055759	4.19632501806503	-0.9015835767221565	-0.49262548593860356
2.7895956208986927	4.329531725638345	-0.9372705513187323	-0.3729883641337775
2.8861198034305726	4.462864449971979	-0.965556799326441	-0.2465910182239807
2.982643985979349	4.596854637465986	-0.9858265286536614	-0.11512487120822447
3.077350431004083	4.732185879150064	-0.9979290245934034	0.019806100966367125
3.167683205719518	4.869818666887772	-0.9979453927503363	0.15675938469532052
3.29952031659308	5.011149831764497	-0.9859570023939581	0.2941377110084351
3.4306528547497788	5.1582064098419504	-0.9570430493840656	0.4305440455605871
3.5595646467848976	5.313866415697133	-0.9125292839604676	0.5647065273767661
3.68420202593156	5.4820495819323	-0.8549659792220285	0.6948497157380044
3.8448612560342976	5.667762532889197	-0.7626335249332256	0.8154343965296136
3.9945430483662943	5.782316602291393	-0.6570916913089178	0.8765409858445928
4.136864333131241	5.915045144842102	-0.5434380317760991	0.9321265423221632
4.2746959831385265	6.006616777322227	-0.42309651351725686	0.9609617516667609
4.410624500005786	6.100403242050168	-0.29663747543582936	0.9813687285438788
4.546174143268145	6.192525849456073	-0.16512146256946258	0.9941954072564552
4.682397058985783	6.280539598942637	-0.02992305253399765	0.9998306050000809
4.820092566926304	0.07845693895491307	0.10729696657090208	0.9949766898018817
4.959875447267761	0.20104134169612392	0.24455647612703957	0.9778807010814621
5.102128726926507	0.3335857203774549	0.37946004849349274	0.943007472810319
5.246876080189045	0.46154748731512824	0.5091046657894971	0.8935901367108718
5.393691928757269	0.58176688564736	0.6294852921153037	0.8337822821797203
5.541723673575474	0.7494036568589363	0.7364277139645777	0.7312829953316217
5.689752824381705	0.89912953367819	0.8274226508882043	0.6222344597051177
5.836840135853526	1.0377728570808937	0.9001816563740883	0.5078079012111053
5.981906443851171	1.169854094520515	0.9531806559353142	0.38996602646391476
6.12531682121031	1.2982262916080725	0.9861279120734238	0.2689943964602697
6.267976153888403	1.4248548850544918	0.9990262136676494	0.14533205847413047
0.12743922606655447	1.551762346732465	0.991840533514718	0.019044096541242058
0.2698588102905413	1.6819483790787455	0.9630745912341316	-0.11080171695401148
0.4111401628153482	1.8201402448194042	0.915446074375196	-0.24641798953302718
0.5502980367664045	1.8905055265412454	0.8509378785430285	-0.31382871759020864
0.6867769903061338	1.9874729559324518	0.7718515718764523	-0.4038920445946774
0.8211517561074453	2.100646890796929	0.6800424378919449	-0.5044069232144927
0.9539981149774996	2.228264428751798	0.5772635961627873	-0.6099187367967711
1.085804596779402	2.3722854649866303	0.465252163193613	-0.7169168335690952
1.2169541082464954	2.535799654702485	0.3457944275505325	-0.8208947757358209
1.347779692981616	2.6465702956080417	0.22071649355815184	-0.878301767309921
