0.8309263167584136	0.591106914391778	0.6728115020289243	0.8286904606209755
1.059400650244564	0.813087263509345	0.4886458490858468	0.6860083151141494
1.2983203279619329	0.9453011845621477	0.2689027805906199	0.5843916913619767
1.4383225978121004	0.9459503979783992	0.13193576075296218	0.5838595892507004
1.5281500616134656	0.8898413644489505	0.04258462368325322	0.6292278621673337
1.582985242023259	0.8059797801809567	-0.012141381393734812	0.6912662246949727
1.6469713102372356	0.7054636720969725	-0.07605076903534916	0.7597466312444715
1.7238131568625894	0.5863814724376856	-0.15210155470060205	0.8312665883690646
1.8162653099367316	0.5564662646163314	-0.24270575851194331	0.8475751998613084
1.9274242842176725	0.4989205160608127	-0.34902039199375534	0.8773856943069462
2.0599957408375382	0.4273271203893286	-0.4696681975681516	0.9084276273692748
2.127636100102553	0.35388322697797836	-0.527470741542298	0.9366159426371895
2.2253700757969597	0.2776650394436593	-0.6076573905353766	0.96061646915281
2.3423094741809636	0.28827327506240236	-0.6960773438906778	0.9572760165851476
2.4725537897488366	0.30535079957221195	-0.7830926686872662	0.9518984342379644
2.61248283955032	0.33665313700809985	-0.8615859119086895	0.9420415666852868
2.759775699506017	0.3865387858656497	-0.9260877837635497	0.926112900405042
2.8875757723909508	0.4570813267673869	-0.9659258595614157	0.8955266038314532
3.018508391102525	0.5486380455222383	-0.9904096255830324	0.8518428414115233
3.15033008049787	0.6599940378886269	-0.9979453927503363	0.7892011501799707
3.282151769894099	0.7877980079344543	-0.9881765215180129	0.7047165713330574
3.414590423019258	0.9274905907332947	-0.9611145680702823	0.5989894404875823
3.5497606096338186	1.135371308617845	-0.9162058955490489	0.4213364521112011
3.6908624383439794	1.3348026678231395	-0.8516998366677104	0.23335949168125858
3.8415311619427412	1.5350854598470787	-0.7646239249921548	0.03568600168080095
4.00511326597218	1.7389267841836544	-0.6488332230301126	-0.16701123269639226
4.184331923183856	1.962555589511372	-0.5028742693836931	-0.381122896919245
4.380343451073622	2.1927500338606962	-0.3256470594935131	-0.5821714836573646
4.5915211785134815	2.3325250657722	-0.12038635833479772	-0.6892751641273553
4.812401790647897	2.410437900449552	0.09964697205537205	-0.7434406369085914
5.035875679231467	2.5109460743087495	0.31732624389206854	-0.8060397696848736
5.252208239361584	2.6220500758438514	0.5138289162588424	-0.8662775069107126
5.441310240158364	2.7008728716560197	0.6647119348199613	-0.9039986365952664
5.615135369695207	2.7854283096905736	0.7839826642317811	-0.935707768105563
5.774945888488476	2.8738653844506095	0.8733451435138055	-0.9624505389106633
5.924187602022792	2.962257239867873	0.9350054324280751	-0.9832213151227949
6.066951451191791	3.042688276583619	0.9749785101387421	-0.9934995627650471
6.177567204775205	3.1038018209041827	0.9932376600721224	-0.9979453927503361
0.0040719504820099	3.167761481515986	0.9997392879373707	-0.9979453927503363
0.11823163616496021	3.1857342267481865	0.9924300617434365	-0.9979453927503363
0.2284421433612349	3.264169055890053	0.9726463891769906	-0.9904745248182389
0.35516588581936737	3.3217326579250184	0.9362120431411619	-0.9831184968338376
0.4979932189230609	3.3570255103407662	0.877787757868941	-0.9757061704859711
0.6555184340471649	3.3706628300063035	0.7921003764524341	-0.9722493712428877
0.8270973519609839	3.37368492142029	0.6756440588936908	-0.9714833289729541
1.0087276521183088	3.3735392399644475	0.5324066946681391	-0.9715202564307419
1.147778127424117	3.3757648411278245	0.41034410967129964	-0.9709561091785213
1.2666215678898627	3.3845734423031986	0.29921501211390256	-0.9687232975540636
1.372157813205044	3.4026995884463576	0.19696586315821374	-0.9641286668051756
1.4671630510290707	3.431379261101527	0.10324823937041053	-0.956858919291901
1.5528409076611298	3.469724003896717	0.017966828154401572	-0.9462204199362135
1.6304329031610034	3.51461371342464	-0.059532181500400884	-0.9293863317218253
1.6730890159693332	3.560310212660194	-0.10206190562989505	-0.9122496893307324
1.7138069394744366	3.6838589688449823	-0.14223036520757426	-0.855134208046259
1.7490520119092652	3.8708809919512	-0.1769998265538373	-0.7447381797244843
1.7781843566023097	4.033170945195028	-0.2057390477486241	-0.6269118716939057
1.8050491513576288	4.1771594209732985	-0.2319605529599923	-0.5090035815123595
1.8315788948541607	4.310698558909378	-0.25737634439164064	-0.39019785357986625
1.861355492243314	4.438442992978096	-0.2859026582207138	-0.26998704757099035
1.832034362889562	4.562688215321232	-0.25781268787129213	-0.14883023800237072
1.8326883887015464	4.684591575419193	-0.2584392519249734	-0.027731165997702208
1.852002064792545	4.804851369370567	-0.2769419699543205	0.09213658828258126
1.883021810275636	4.924081945907995	-0.30665923358199626	0.20968429510060832
1.9264357801214922	5.042976854273915	-0.3481171105087321	0.3239859076792937
1.9828609100904513	5.162315800177099	-0.39967762036188476	0.43418493259928087
2.0522744437593405	5.282896589462528	-0.46306990893175737	0.5393233336337264
2.1340711339568332	5.405377115908145	-0.5329698449086743	0.6381296539288455
2.227121849407474	5.530183129637738	-0.609026044174638	0.7289519298317552
2.3303271770280936	5.657478801601691	-0.6877471786107445	0.809828104931704
2.441551224502724	5.787081552671816	-0.7645624091822022	0.8786070042163586
2.558615146162001	5.9185261548375	-0.8345316143046362	0.9332226858464117
2.6795583737590714	6.051166474095892	-0.8944785082026232	0.9719631423938606
2.802767896205013	6.1843307557506195	-0.9422102857661757	0.9936707054476221
2.92706275067664	0.03437203103736384	-0.9759350519831911	0.9977992848517928
3.050228290313958	0.16767617571180235	-0.9944630978817248	0.9842543717368274
3.173393829946343	0.3016333830246436	-0.9979453927503363	0.9530690203842087
3.296438385636232	0.4371478837464762	-0.9863508410274542	0.9041694765175899
3.419165206903212	0.5749084929960426	-0.9599549480089232	0.8375212119534842
3.540983826481401	0.7148420609536641	-0.9194972766557689	0.7536714574065171
3.7000163888635558	0.8555767634010232	-0.8472109093339676	0.6545758180905504
3.855136276353512	0.9941654831415334	-0.7556840010090843	0.5443420007837205
4.061510101240005	1.1257651484394502	-0.6047706036546145	0.4298474333596802
4.259054946621198	1.2430077521825111	-0.43738907815838185	0.32136065313872253
4.459768426944825	1.4578617195010881	-0.24955704296281878	0.11250024886858975
4.6727770902413965	1.63107235114189	-0.03953149275772334	-0.06017086317014299
4.89881278822563	1.7854598306966574	0.18506556243660116	-0.2129163436888414
5.129731314727833	1.9315582047894855	0.4053153385575551	-0.3527979119124931
5.354481090780064	2.076284601836164	0.5979947401885228	-0.48358795811337385
5.562823075977935	2.2267186430156296	0.7500955773290238	-0.6087110206509023
5.751876130607862	2.3490184020626734	0.8612898689234698	-0.7007414310346367
5.925533920844385	2.4983000963636566	0.9354293779668164	-0.7984812579566457
6.075943903839104	2.6037697522220493	0.9766963176145051	-0.8573131756965463
6.223414557426237	2.6765502725322885	0.9961730979976451	-0.8930033912254565
0.07914146397830764	2.7556891333029596	0.9949328621739282	-0.9245552807315707
0.21751599747807532	2.853866238061243	0.9747335856088759	-0.9573811384861957
0.3522441486503562	2.970825348633832	0.9371320759137196	-0.9843162300625776
0.4784886772243104	3.0804238442568397	0.8862446647127264	-0.9979453927503361
0.6237334596269686	3.171325842420472	0.8109037330892009	-0.9979453927503363
0.8059042119753275	3.21049740059043	0.6913221278570381	-0.9973332026006569
0.9625953540158547	3.176344324027809	0.5702172090596543	-0.9979453927503363
1.1011285360014607	3.209274014969965	0.4516752753477174	-0.9974895385237355
1.2277486312740549	3.2125899216128544	0.33567104745114174	-0.9970658002377966
1.3456019537612192	3.2688883919335665	0.2228381780382122	-0.9898714428918719
1.4557582028939193	3.314299260832754	0.1145926111901083	-0.9840684074561203
1.558289652846287	3.36009905851111	0.01252461271722096	-0.9749270849142164
1.6529172270132544	3.412573971974193	-0.08198956025553474	-0.9616256997748436
1.7394789199103626	3.5013987621737424	-0.1675559176830147	-0.9343420700735754
1.8182759155967019	3.5991412987709857	-0.2446319412551642	-0.8966781801305405
1.8904566179695812	3.703601022168701	-0.31378186263072516	-0.8454530717325408
1.958279872970008	3.813754587811077	-0.3772158057883682	-0.7812260068758765
2.022463015030119	3.925630067476637	-0.4358654806835292	-0.7066762920720647
2.086874075081407	4.034548577142351	-0.4926372668333797	-0.6258355334233957
2.13067225422683	4.192639419348673	-0.5300653083687867	-0.4957750402015936
2.185953710270734	4.334920933619674	-0.5768615435148886	-0.3680637797974211
2.251426581186633	4.470545665956294	-0.6280152328467129	-0.23923232727303706
2.3275732403776384	4.603572701660349	-0.6858326252345363	-0.10849746325610482
2.415976466373315	4.736252115629052	-0.7472910813576094	0.023867464488642673
2.518717620167624	4.870161205217608	-0.8106848292267934	0.15710010665234309
2.6366818838501085	5.006782769341019	-0.8734526738248117	0.29004216804486316
2.7342133644578257	5.1478542873344075	-0.9165016534968942	0.42137214764222664
2.842111902001427	5.295609019192108	-0.9544016395090467	0.5497425741010868
2.9547348308765495	5.44462361037381	-0.9822600297081561	0.6671630697992056
3.0631435660997215	5.597758845847812	-0.9961135354281561	0.772726423454671
3.1688461168279463	5.763908867477941	-0.9979453927503363	0.8678496505560894
3.2714486970080325	5.871183794115174	-0.9895442626058824	0.91507260449681
3.372375279005945	5.988040145197333	-0.9718152982321376	0.9551121117539292
3.476683025529233	6.1089480449568185	-0.9436107175059776	0.9830010225228025
3.585961250371962	6.223643116809326	-0.9026302946816782	0.9961877318171037
3.702082829159671	0.054722996349837634	-0.8461975653893022	0.9964962871442932
3.825369688760158	0.1686297673370069	-0.7742836512012611	0.9840722093294345
3.955547988620054	0.2825542545378705	-0.6858771727732264	0.9590768925726618
4.09236934310973	0.41440887185651704	-0.5806604027494612	0.914028806115959
4.2364484916630785	0.5469118808838718	-0.45804654663482497	0.8527838794489953
4.388841471330475	0.6798243424945674	-0.31750586090038146	0.7763553885484601
4.551016972130603	0.8126488077181331	-0.16034398477448344	0.6863326719643685
4.7243919369057314	0.9447204347554723	0.012021498942006274	0.5848676799822358
4.909671200906764	1.0751656009800121	0.1956444809075898	0.4746782285589302
5.09185383186968	1.2030472250465762	0.36982398881062906	0.3588366587145383
5.281697788135381	1.3273122586469355	0.5383407835181442	0.24065709864429907
5.471523006900731	1.4466956419251562	0.6870624614942029	0.12360711625409565
5.653701731216908	1.5597339904911336	0.8077689925948575	0.011082005959118728
5.826171770155155	1.6650833958749955	0.8955559965518767	-0.09414114924359693
5.9896277368974	1.7621140715047825	0.9556120322837406	-0.18988562149861177
6.1482678305466925	1.8513978310460693	0.9905121904189009	-0.2763631072571218
0.002626901989738404	1.9349254495780879	0.9998318090951509	-0.3558748540160598
0.14038824186856685	2.0158369707814354	0.9894671227617708	-0.4298106923301905
0.2774415643112242	2.0957432333915142	0.9606868397692613	-0.5002164683456755
0.41109195643252433	2.1785046995856194	0.9154669760141637	-0.5709408604250636
0.5662332991107731	2.2682664413848044	0.8422505913226543	-0.6411721475339445
0.7097918934241171	2.3666363665237795	0.7569428770630928	-0.7129895462319679
0.8398987059507476	2.476598905681749	0.6661739892951524	-0.785510437906358
0.9564043312751088	2.6001380351676686	0.5752914360994019	-0.8555322490989024
1.0580977649382917	2.7375432812007587	0.4898001950684948	-0.9177504054444252
1.2334980206281607	2.8873202100486046	0.3302791228962164	-0.9658610794042257
1.3818102792748193	2.9917163378410137	0.18756185038077017	-0.9869858806021061
1.5153370586638772	3.0961124656153376	0.05532968331618311	-0.9979453927503361
1.6409056878655826	3.197794996170543	-0.06999241567409434	-0.9979453927503364
1.7626615735653772	3.2972584195144647	-0.19042573534766252	-0.9862460492503036
1.8412546192602008	3.396704841238875	-0.26664579675126004	-0.9656482203624387
1.9236670618976561	3.5014145427499943	-0.34558709377081354	-0.9343361522002924
2.0061418581495785	3.6123499422134837	-0.42095143138285573	-0.8902009066884466
2.0861321704731415	3.7301197237127073	-0.492003267040802	-0.8312146359815885
2.1645588570486423	3.8534933713621515	-0.5590233427586978	-0.7568261584721031
2.2435550876644674	3.980514990619905	-0.6218652667832492	-0.6680517561090304
2.323304732328178	4.109522667844419	-0.6828651326830589	-0.5668030438375494
2.4062775358528468	4.239440633387168	-0.7405483263379895	-0.45531236856679386
2.494646971686513	4.3697041839588335	-0.7962977822431219	-0.3358395965608392
2.588191895953556	4.50008137624626	-0.849674084284023	-0.2105922353781475
2.6872420384652314	4.630516878928822	-0.8982464346786332	-0.0817410596521915
2.7909064413386373	4.761028273648516	-0.9377621220406487	0.04854587262641383
2.8979092702524225	4.891647042166315	-0.9685452032786572	0.17808426180165507
3.00637073785074	5.022391028465679	-0.9888585600862823	0.30467999311645866
3.114832205472857	5.153249490996035	-0.9979453927503362	0.4261522550257273
3.222646356489089	5.284184616623608	-0.9957806927435165	0.5403790141767275
3.3298847144177506	5.415180704004551	-0.9820767490353844	0.6453820634522917
3.4366343704080036	5.546209390849227	-0.9555268497710216	0.7393334915605367
3.5617231388859336	5.677232239668256	-0.9117198279220787	0.8205969135252298
3.6958154047456544	5.808202307817246	-0.8492709939275142	0.8877646794642087
3.830400717628229	5.939070900083126	-0.7712766009858112	0.939692069585067
3.966050411987484	6.0698046873507705	-0.6785758246782516	0.9755235572572807
4.103575523744047	6.200411808094564	-0.5718852175888074	0.994700316280161
4.244105023608777	0.04777704677777021	-0.4510501127578563	0.9969410108333097
4.3891836233896155	0.17839141624345628	-0.31717807539525	0.9822074640674973
4.540964687974642	0.3091784209376193	-0.17026061939194995	0.9506931454342803
4.702395295055207	0.4401478974685162	-0.009948782246983139	0.9028687109333879
4.889447474929489	0.5711051463791065	0.1759413111556306	0.8395946490733719
5.095037000054766	0.7017043656830878	0.3728092454426854	0.7621818512298522
5.250822604285172	0.8315315465115268	0.5126012546403002	0.6723637706491286
5.441038151188134	0.960102465991347	0.6645106513083003	0.5722604061775988
5.572329060734744	1.086812210368069	0.7562534057983942	0.4643594255961133
5.725459775589438	1.2108800534127682	0.8468886963289364	0.3514908317056187
5.849948185451846	1.3313501287045064	0.9058651303089725	0.2367231628665856
5.977658568431962	1.4472155906420199	0.9518430323321829	0.12308992466141708
6.104665791576475	1.5576868987173846	0.9821829935424594	0.013126644508700757
6.2308255887222606	1.662515646496373	0.9966475991645753	-0.0915764770425153
0.07376109477180649	1.7622113514479267	0.9952773474911567	-0.18998158870733786
0.19953222318429456	1.8581120698570424	0.9781689845079206	-0.2827954232448086
0.32299259721391393	1.9524010838846764	0.9463431665809865	-0.3718438489541422
0.4598082513809939	2.039349323335613	0.8943442460102091	-0.45129595760485436
0.6347770197534918	2.1288717371978505	0.8048832122668071	-0.5285266638986116
0.7956003383590396	2.222484190157828	0.6989446340668355	-0.6054026597535089
0.9422927980175001	2.321597420706211	0.5868573964627504	-0.681678199341823
1.0798653425252374	2.4257791318583974	0.47051429505987485	-0.7541059535505489
1.211740578658758	2.5353123342651953	0.3506838090953527	-0.8206035038977193
1.3397156178602705	2.649714127657112	0.22857300037529146	-0.8798434441616352
1.464596967536628	2.767928809059586	0.1058007157307872	-0.929145281058358
1.5867373974641081	2.868635464873342	-0.01588904027095952	-0.9611248545035014
1.706429040748417	2.970327419996024	-0.1349520267945856	-0.9842525999757786
1.8242519519922302	3.072019378692711	-0.25035705106018524	-0.9972477717078571
1.9413925477350444	3.172744862493487	-0.3617843996108418	-0.9979453927503363
2.0598878905667624	3.2697297449298075	-0.46957603336194564	-0.989763926753786
2.1828805559526456	3.3567466019923975	-0.5744605004713024	-0.9757768684083764
2.3144037184073865	3.5090593947130335	-0.6766770940980351	-0.9314692565646302
2.38881543423762	3.648097703924754	-0.7284085679315652	-0.8726708682288031
2.481080855154512	3.8380083933559126	-0.7881893029021925	-0.7667294867600929
2.5878770699607143	4.040430962570475	-0.8495196994638716	-0.6212396494716013
2.6711364288842594	4.203752011725856	-0.8903485428427527	-0.48627869635409493
2.764000109036995	4.351889852995124	-0.9276719794165412	-0.3525578140134423
2.861705553101479	4.496272814484818	-0.9593682546469953	-0.2143494028855821
2.956986554556276	4.642274106398193	-0.9825477765102264	-0.06999792198325562
3.047811005298665	4.794347376511303	-0.9941541940676797	0.08168829478714491
3.130833379972752	4.956394458757869	-0.9979453927503363	0.24116508783429463
3.203809656674337	5.040199575654689	-0.9979453927503364	0.32138130467529263
3.303691339105977	5.150821723975528	-0.9854239892182051	0.4240012728222783
3.402559522540048	5.2726718044095895	-0.9641641708287512	0.5309429927815176
3.533428033192343	5.399384599948944	-0.9223307744015844	0.6336965648001985
3.664574219950288	5.528275913439226	-0.864591090760736	0.7277164649635808
3.7961511044823473	5.658137509638187	-0.7917476237706376	0.8101872070151053
3.9283146824329185	5.788381118533361	-0.7048099315559222	0.879170478488054
4.0612632445435315	5.9187478610749436	-0.6049634717934977	0.9332924994513081
4.1952993957845015	6.04910702531054	-0.4935019386602524	0.9715697306453444
4.330892756479005	6.1794130455991185	-0.37174467281912926	0.9933558424936951
4.468735589675151	0.026503499585127786	-0.24096640062519437	0.9983030780766464
4.609784767628475	0.15681572940073965	-0.10236922538800083	0.9863290177310813
4.755275723241655	0.2872245598593811	0.04282382618145997	0.9576062490119697
4.90668770545875	0.41771716437793927	0.19273778026634952	0.9125943749922862
5.06568358972251	0.5481765559069228	0.34528086561078897	0.852094427657851
5.233987449977991	0.6783993360932702	0.4976854422904366	0.7772784854407264
5.372753991427671	0.8081215993336056	0.6129714008217443	0.6896817691397801
5.522100057750339	0.9370201181207304	0.7237158420973898	0.591178940095281
5.6758500304802935	1.0646687113920583	0.8198433866641729	0.48397838895510625
5.83029595800405	1.1905808461143108	0.8973441889115367	0.370527948090841
5.983839034544423	1.3143361213291618	0.9537892140193849	0.25329923177961383
6.120729316449167	1.435795118803454	0.9852515716262884	0.134449837336954
6.256917387067129	1.5554427412791076	0.998318161366707	0.015368112560340296
0.10990227214159509	1.6747927924248875	0.9929633603885245	-0.10374269064526442
0.24581508191449564	1.7967985028153413	0.9693276768197252	-0.22405633924024695
0.3802565737468223	1.9262572658818966	0.9283111766894782	-0.34795398664504484
0.511421477233912	1.998595021446909	0.8719654457447639	-0.41405523551441586
0.6639228633596931	2.0947439851807124	0.7866561183967471	-0.499362553770508
0.8072213324866896	2.2086796489477747	0.6903477603860474	-0.5946172275195308
0.944070706968161	2.339771858666068	0.5854002036774166	-0.6943131782731575
1.0765357287440538	2.490211056130202	0.4734643062953804	-0.7936464317581392
1.2058046689842414	2.5664612227054304	0.3562506571827915	-0.8390177656906973
1.3323267458161028	2.6629203041212888	0.23577168375961619	-0.8863195078433755
1.4560696221657836	2.7730859116441584	0.11428284327649976	-0.9310792458968995
1.5767146538119037	2.8903500344848885	-0.005878307822777165	-0.9666290818471464
1.6938318258413205	2.99475450515387	-0.12252480373829139	-0.98737412669833
1.8070659323705187	3.0991589758627205	-0.23389265176048088	-0.9979453927503361
1.9163310396745943	3.2026247372081214	-0.3385698484457819	-0.9979453927503364
2.0219791876280824	3.3044687203698926	-0.43542336583959956	-0.9853246480003217
2.1249913862351506	3.402147899720286	-0.5252106827359776	-0.9642685093268348
2.226979340725093	3.522937573191821	-0.6089147027172737	-0.9262648013960886
2.3300148844755086	3.663484757860334	-0.6875300709438643	-0.865125342736887
2.4351328289722702	3.8226854254845746	-0.7606087002228207	-0.7758880376345002
2.5442485631223364	4.001483748756249	-0.8259446954541254	-0.6516689501563404
2.65858834803189	4.148943594088759	-0.8841951970273305	-0.5331156145054201
2.778438935039793	4.287069772060913	-0.9330866829911348	-0.4117895149156673
2.8756757000004556	4.421353676479444	-0.9629094192167593	-0.28635880419562404
2.975196747130069	4.553845635689078	-0.9848748491991938	-0.15755349233217578
3.0747177943015616	4.685493204511327	-0.9975926010797264	-0.026830617413197266
3.172896813444473	4.816745745944259	-0.9979453927503363	0.10396789272578365
3.269311357800197	4.947801598654457	-0.9898173922654101	0.23279340689564723
3.3637528074075065	5.078727190728144	-0.9740009295750998	0.35751348862782345
3.4875971626848696	5.209513635311647	-0.9395178073581043	0.47600183782874084
3.612789590919013	5.340100728219112	-0.8899853111281172	0.586208444514318
3.739628361295351	5.470385880567469	-0.8255313152451507	0.686221248484475
3.8680794491737047	5.600291789563328	-0.7466858291674585	0.7743672248363
3.9979303479510393	5.729732769666472	-0.6544452078386199	0.8492181670358478
4.128973464561731	5.858640562636945	-0.5501812289211094	0.9096340280990773
4.261121568617987	5.987005365780624	-0.43550062732296907	0.954786267600034
4.394454448171579	6.114913996956047	-0.3121285662151614	0.984140684564546
4.5292206582112575	6.2425525398277975	-0.1818461705257267	0.9973984328558456
4.665805458389861	0.08694424122871658	-0.04649476984179789	0.9944332789495793
4.804655274458269	0.21451750543545478	0.09194153319980405	0.975306380623634
4.946162187261797	0.34176743798405573	0.23119619375108807	0.9404311122760027
5.090488298722469	0.4678423011125924	0.36854335685938433	0.8908607901460388
5.23733078179152	0.5913542000202187	0.5006476075931124	0.8285556500836082
5.385715863809742	0.7280518182716792	0.6235848310987628	0.7451143829142528
5.5341726960615665	0.8574718125686532	0.7315363086555795	0.653173915797679
5.680841230408581	0.9796278517468752	0.8225643953563623	0.5562571956401637
5.824387665400443	1.0933840371050665	0.8947824327356542	0.4585368395588081
5.964318102579461	1.2378603202500202	0.9476422212819396	0.3261880466099586
6.101398158926684	1.366491086115174	0.9815587852186562	0.20248672938806672
6.237282157722709	1.4854918556520418	0.9970609896095359	0.08501662662208188
0.08995946701960231	1.5979166309371267	0.9942402250952391	-0.027054876608551385
0.22540094953013887	1.705580443385165	0.9732273414158509	-0.13411488074318523
0.35837401558658966	1.8101000160923406	0.935201827521575	-0.23679933795102265
0.48565822670213377	1.9133268893405089	0.883136044526601	-0.3356918387759782
0.6327572727886505	2.0174166751128113	0.8059843000064926	-0.4312542044813859
0.8039583926268449	2.1248151436481693	0.6927615884540224	-0.5250600733957138
0.9553040419600606	2.237987158855765	0.5761932447387432	-0.6175150665168221
1.0953230863336911	2.3584510907457656	0.4568188574183666	-0.7072990931224522
1.2287987827197695	2.4876129839310352	0.3346861885352126	-0.7920935618042733
1.3580442990486346	2.626310418965629	0.21071609719188766	-0.8683667000573844
1.4840600295839208	2.774171260793024	0.08644086016779973	-0.9314862626387665
1.607194350204898	2.9294662262719755	-0.03632147750565975	-0.976544286995825
1.727545508567131	3.0460909347114637	-0.15578354056009142	-0.9939343869859946
1.845284634970126	3.162715643209039	-0.2705065969419257	-0.9979453927503363
1.9609365218420562	3.2789040409790275	-0.3796434150897375	-0.9885915474013915
2.075594713124984	3.3961107470753746	-0.48299840887090173	-0.9657988118499947
2.1910123071888408	3.5158232210426648	-0.580813804834484	-0.9289327543172947
2.3096024350488435	3.639353469637355	-0.6733392129370028	-0.8769588783312624
2.434201204027224	3.7665143102187586	-0.7599610289397489	-0.8094615608027145
2.5674420222859013	3.8962395424726126	-0.8394987315902053	-0.7271087623925739
2.6524310351551947	4.027364019202223	-0.881175765142103	-0.6314487994939771
2.7463413322534778	4.158994135087801	-0.9210497622256055	-0.5245268541207366
2.8468728448065606	4.29063783841429	-0.955608447290105	-0.4085290648206258
2.9504818556083223	4.422115680083684	-0.9817165438249926	-0.28562879620749293
3.054090866341339	4.553411822614392	-0.9949566948135504	-0.15798145135991465
3.1556049824200003	4.684566967476974	-0.9979453927503363	-0.027755744449890898
3.2542930201572973	4.815623680948973	-0.9917365791834429	0.1028517776875518
3.3504313204540055	4.9466024967694855	-0.977377671277062	0.2316251697460719
3.4484359170381027	5.077494767744262	-0.9525353838188644	0.3563576907961624
3.548357452715925	5.208260765108597	-0.9167320933699493	0.4748918048283627
3.6513718964450974	5.338827717394145	-0.8710652650229441	0.5851650715175712
3.755182980511526	5.469087801426347	-0.8162343061657384	0.6852609672657328
3.855832977130851	5.598946096673969	-0.7551996504248977	0.7734955059984187
4.0228175861066955	5.728315850139025	-0.6350009092897319	0.848445717443423
4.176748358361975	5.857128356107679	-0.5093548579533091	0.9089783556949731
4.322609848642754	5.985375936066865	-0.37931348039367474	0.9542731725984925
4.465743128972404	6.113150819783477	-0.24383321149723924	0.9838038688984617
4.609608289890572	6.2406465234720505	-0.10254332166480229	0.9972763976155579
4.757062613119031	0.08489294344133777	0.04460124074494917	0.9945646160273698
4.91092114994491	0.21232278517091027	0.1968622564108561	0.9757256329706308
5.074351223692636	0.3394303444660508	0.3534095946910787	0.9411670452175083
5.251116911913725	0.4653534963804148	0.5128620088502428	0.8919399023906369
5.445705127562141	0.58868354024615	0.667963144779844	0.8300115902510088
5.575534072928084	0.7074635109888859	0.7583295626441844	0.7584511668420111
5.72688617792417	0.818897015526565	0.8476663155802446	0.6817104294375782
5.890934584151934	0.9776915578067417	0.9236362813066448	0.557844202420685
6.007581689059661	1.1180468987034244	0.961265595020804	0.43668574102418667
6.126755774447629	1.24730454853359	0.9864027919894252	0.317331007497077
6.246234722681406	1.3691745780282203	0.9976341895260172	0.1998723102276126
0.082445082976987	1.4853409204534371	0.9947213435596689	0.08516676145889514
0.20145628413042088	1.5966983878585792	0.9778014355858735	-0.025838093466192334
0.31916884355933745	1.7040359209588145	0.947547237472	-0.13259120071952446
0.4337872833367538	1.8084346503768443	0.9056265876378184	-0.23520389894167054
0.5424987157977325	1.9113508793330338	0.8551897659556438	-0.33379879905535664
0.6963503568227535	2.014525617538672	0.7656500945553858	-0.42861239572313514
0.837621238775773	2.1198936328739593	0.6678587933145275	-0.5208543618052279
0.9668975147922138	2.229266512558509	0.5666911130566354	-0.6107016608234079
1.0849581319898913	2.343172636531625	0.4660021242412361	-0.6966774195650409
1.1905269703285537	2.4621772769123624	0.3705784741822653	-0.7768906181765718
1.279914991244615	2.5862250036470216	0.28674809930092365	-0.8487095568247094
1.4104658229360734	2.714582353548663	0.15964389689747938	-0.909139828863636
1.5890747674656236	2.8459253289726605	-0.018223609180385066	-0.95536827018069
1.735060264155825	2.978762334018319	-0.16319688903457252	-0.9853304940164666
1.8642438977721039	3.111968305096083	-0.2886697830705768	-0.9979453927503361
1.9842922635482108	3.2451742762331635	-0.40098557151951175	-0.9929018595536286
2.0994906484413445	3.3786235485830844	-0.5034188481905032	-0.9702314816116753
2.2129619683251374	3.5126438936290314	-0.5979629863351271	-0.9301250337663349
2.327500949619994	3.6472179150265505	-0.6857823682636309	-0.87310230036563
2.4457230491904536	3.7819664594269384	-0.7670559123313635	-0.8002257981338674
2.56999602538159	3.9163299933278126	-0.8407511672770906	-0.7131417597354825
2.701770277097557	4.049992749945494	-0.904335172574799	-0.6137690636549664
2.802711404971573	4.1829044411209235	-0.9421891009909328	-0.5040941342042164
2.896203296855445	4.315187545010593	-0.9681127717091096	-0.38609587965034764
2.9896951887412566	4.447035393756272	-0.9867275988265941	-0.26175543138126794
3.0799341398134796	4.578644531020464	-0.9979453927503361	-0.13308924320205967
3.164610770242886	4.710187745957269	-0.9979453927503363	-0.0021656697776764426
3.2419995380364366	4.841814625560451	-0.9933075579844545	0.12890383997376015
3.3628078479667334	4.97367236359956	-0.9742404586878376	0.25799826152526373
3.484574150229717	5.105947559837736	-0.9406514671406783	0.38304144778253313
3.608011394498723	5.238885976690822	-0.8923284499151538	0.5020254978614285
3.7334825688075366	5.372811337727184	-0.8292046606202647	0.6130184024490685
3.860921408923117	5.508131519431883	-0.7516621419401333	0.7141443750047733
3.990016533902965	5.645316240786434	-0.660628238757869	0.8031975483174448
4.1204375837699825	5.784825826993282	-0.5574756257898482	0.8776289519133038
4.251977091401711	5.926974950813216	-0.4438567251799183	0.9358831473241781
4.384606266130765	6.0670863322088575	-0.3215632349206065	0.9750042761481439
4.5184800486874135	6.189018016187957	-0.192441841973562	0.9939708135511214
4.65391489412532	0.02791291234211541	-0.05837108451578016	0.9982128385443649
4.791341554207511	0.1500839998448154	0.07869841141175306	0.9876149644921617
4.931220069248971	0.2729841617465621	0.216638684022596	0.9620904418740187
5.0739284925806825	0.3972709606967069	0.35301314662985184	0.9214595738014602
5.219590097628105	0.5231320531409748	0.4849295030179247	0.8657477195910167
5.367891024117695	0.6502183860606136	0.608985661913811	0.7955336647666443
5.517972518223223	0.7778798152558491	0.7210420864519981	0.7120537619953274
5.668763420646249	0.9053843674212684	0.8159800417303613	0.6171079324999488
5.819093814722363	1.0320092076045722	0.8924870903112638	0.5129144486457512
5.968470660349459	1.157069137784978	0.9489498300836001	0.40195608626161655
6.1021026144733295	1.279972325788341	0.9816933557359369	0.28669432949771123
6.235066408220545	1.4003621539386994	0.996919123291286	0.16948749869452542
0.08476824224513084	1.518345438394162	0.9945726001878401	0.0523372560755254
0.2174877460360685	1.6347598146152347	0.9747389824166417	-0.06385390760638163
0.34901634265098186	1.73700558055892	0.9381484874288896	-0.16511595456093026
0.4776183606826317	1.8425772816886177	0.8866220222549472	-0.2679129221729406
0.6011460243457856	1.9510082969400866	0.8232175270901259	-0.37057113934728136
0.7535306923126279	2.0640377998086645	0.7286095662171221	-0.47312236744488473
0.8937674416858792	2.184425697536133	0.6263234643424878	-0.5756677133432859
