2.2638115789948636	5.750933543663749	-0.6376915815602334	0.8607760070656152
2.6597055646601198	5.802998369366473	-0.8847430593136132	0.885508321771795
2.875594763311625	5.874723866599466	-0.9628889033168943	0.9166075322937459
3.0954207060419217	5.947137637930306	-0.9979453927503362	0.9422322238692215
3.3392774744760065	6.027027898360353	-0.9802049575239079	0.9673520059799069
3.5748376771586083	6.07151330716077	-0.9068017454373646	0.9758499509563047
3.83024880120864	6.16776751927981	-0.7713674015584643	0.9926102221330045
4.081932270471401	6.249350092212848	-0.5888148454034352	0.9978336552169639
4.308791249469761	0.031145025411142724	-0.39194072678562564	0.9980058981926587
4.484591152949152	0.08005040638289196	-0.22577659340915437	0.994874665923714
4.644723242844635	0.12314776405987572	-0.06755172056923153	0.9921153000955985
4.805725935582428	0.23028659395971962	0.0930065169454379	0.9722940480359229
4.97434377864047	0.33797360799268256	0.2586523944253994	0.9416257604334743
5.156545744244346	0.444352077196559	0.429072709095368	0.9010458351712329
5.27719194006306	0.5454322329926861	0.5346477432753596	0.8535905261133531
5.421511056824435	0.6349537891621286	0.6500650744709339	0.8047868444385644
5.538437432241591	0.703837604826774	0.7342989381501089	0.7607999722276209
5.663991107942428	0.8573937568928177	0.8133783618666981	0.6532316591179024
5.790469125390627	1.0712382695414921	0.8800758101668911	0.4781578128682762
5.9142876237984945	1.2318844985093425	0.9318880047174077	0.3317923252550301
6.034955877966521	1.3663021796610455	0.9688664696272903	0.20267077341324374
6.15387147959988	1.4872243362431856	0.9915826425650119	0.0832933328295263
6.272613851994861	1.5998420453659834	0.9993231484767854	-0.028977983630740386
0.10773200119466317	1.7067427137311173	0.9931023148815958	-0.1352614669487385
0.2226114918881776	1.8097949975110594	0.9737602050714762	-0.23650712673361554
0.3282293263823568	1.9108904698065923	0.944694160466721	-0.3333577215719384
0.4737066076380223	2.0121031045848037	0.888318105741814	-0.4263987366124509
0.6002035283114473	2.115744731629037	0.8237313393874963	-0.5173088891131862
0.7740047307435967	2.224101562393575	0.7149204368846082	-0.6066663061420658
0.9914715238939109	2.338182109654715	0.5465499979807421	-0.6932079751681746
1.166404668589683	2.4591190310962836	0.393200986427718	-0.7750627020621359
1.3154729670110406	2.5874762811485406	0.2521916483661019	-0.8493231600735639
1.4514041628105205	2.722797060043869	0.11892356317110879	-0.9122204256251185
1.5799682891516456	2.8636111927219443	-0.009128044022798897	-0.9598512977785765
1.7039183091537404	2.9868909375201844	-0.13247517601513636	-0.9863692447672883
1.824797801149902	3.111326432569433	-0.2508799806673388	-0.9979453927503363
1.943950557131817	3.235761927620511	-0.36412187351261754	-0.9941046595408768
2.063082775146602	3.3606458720115038	-0.47230624441382607	-0.9747884781688569
2.1846004218319304	3.4871248155371863	-0.5758042247291609	-0.9396949422434832
2.3116322738814303	3.615825682780279	-0.6747503691411388	-0.8884964680636235
2.4476323734521954	3.746449556214072	-0.7681971170596991	-0.8214542812650556
2.524900810562952	3.878219652561148	-0.8143805273629022	-0.7396362985881482
2.6156583167892804	4.010398282303594	-0.8631431069738326	-0.6447040611383416
2.7168728176061445	4.142523531908954	-0.90999877570025	-0.5386019237222438
2.8250967966227942	4.27440827403249	-0.9500886363063366	-0.4233594181522091
2.922468661087805	4.406021922261169	-0.9747705382955436	-0.30104679646904786
3.0198405255501206	4.537404375807639	-0.9905798584720296	-0.1737728872841542
3.1144708719892935	4.668633861946016	-0.9979453927503362	-0.04366975582979876
3.204825826151706	4.799781235155728	-0.9979453927503364	0.08709333939164429
3.2901144664477324	4.9308955472119775	-0.9871589719448599	0.21632251514301798
3.406524163956806	5.0620034430078285	-0.9631592101924482	0.34182952978806413
3.524477404307795	5.193112431939119	-0.9256873493895115	0.46147050254349026
3.644553947806496	5.324213417769642	-0.8744086604169241	0.573187038577461
3.767729294815204	5.455280686867136	-0.8087353634803941	0.6750468652312702
3.893875742049356	5.586270441074395	-0.7287520907096142	0.7652844142582303
4.022509269741443	5.717121125997504	-0.6352417956193432	0.8423427878606776
4.153137556676265	5.84776044609355	-0.5295316343266565	0.9049165559596053
4.285473705216553	5.978164097568418	-0.4132479789068032	0.9520022196054103
4.4194811118870145	6.108353492917148	-0.2881527420499307	0.9828874466188158
4.555433468214156	6.238388063115812	-0.15598708665356287	0.9971317966778885
4.69388445724586	0.08518092935090824	-0.018449420712430924	0.9945461773452631
4.835613681637174	0.2152130477395253	0.12273577770189749	0.9751735127825119
4.981540113181163	0.345358581146187	0.2656634961979659	0.9393002886567017
5.13258791937786	0.47555529514582484	0.4078462674780807	0.8875165397128231
5.289514271242199	0.6056060485631656	0.5447472548876172	0.8207860948018524
5.452878966347177	0.7352174765191888	0.673270142198813	0.7404725814084503
5.62293826632572	0.864028880130278	0.7890372588102658	0.6483231878027685
5.799856706546221	0.9916050016393754	0.8841461390445197	0.5464405982234479
5.932384882223898	1.1174236632476207	0.9375866935048232	0.4372379226638041
6.067282161434626	1.2409069495300782	0.9750416849531933	0.3233308396592469
6.20245959901556	1.3615353140761106	0.9948314288261522	0.20731494046289056
0.05439851483283626	1.4790781319583999	0.9965170625063602	0.09139634036024408
0.18952013999915834	1.5938181641995948	0.9800815696521445	-0.02296132145230607
0.3243963008811099	1.7067945824437192	0.9459011509916045	-0.1353126357242099
0.45865233412001366	1.8199900826372006	0.8948454361815146	-0.2462741324804965
0.5919932958530771	1.9364093111511058	0.8282072398132653	-0.35723078636922223
0.7242956383835071	2.0601810388518973	0.7475475775851042	-0.4698265452874673
0.8555580816556101	2.1964061447288805	0.654589638302805	-0.5850279882965768
0.9857967004988892	2.2661201280003502	0.5512011426336758	-0.6394952415644761
1.1149620892329621	2.362577518153367	0.43941885759424815	-0.7101678103544173
1.2428984778470098	2.4753660105245063	0.3214631334086302	-0.78477353542668
1.3693374325342602	2.599853886522556	0.19971364757657675	-0.8553929078803579
1.4939258744572856	2.732900329464806	0.07662733076060399	-0.9160092522955159
1.6162842112484301	2.8718690434969143	-0.045400445306850765	-0.9619445047289532
1.7361146708625408	3.0141211935929753	-0.16423706715593073	-0.9898489874972896
1.8533506132313504	3.136104500598243	-0.2782338944639048	-0.9979453927503363
1.9683450746415558	3.2580878076063473	-0.38641324902412705	-0.9912516449249318
2.082030548882981	3.380742599115354	-0.48849819750973	-0.9696943429029218
2.1959824678614264	3.5054284892521816	-0.5846969712730118	-0.9328308822794962
2.3123254778155427	3.632857656445983	-0.6752322886988151	-0.8801443044844056
2.433678985294017	3.7627107200119165	-0.7595979793254395	-0.8117349698907751
2.562390241999832	3.894098845379108	-0.8367879922842059	-0.7285969879286011
2.647065827190747	4.026162595576647	-0.8785447667953981	-0.6323874669151384
2.7397898387103417	4.158293211012101	-0.918592886888229	-0.5251258337114493
2.8383022178635158	4.290194283958874	-0.9534359575739376	-0.4089343787983072
2.9394995655294625	4.421806550806089	-0.9790875462580191	-0.28592494551801334
3.040696913180731	4.553180049950653	-0.9932450872909471	-0.15821009639073175
3.1399493400600202	4.68439125584089	-0.9979453927503362	-0.027931245514062092
3.236192442910292	4.81550214268878	-0.9940496441768726	0.10273088390645024
3.328818646476447	4.9465475859636445	-0.9822129813998001	0.231571672337636
3.421710804711402	5.077533295289543	-0.9593096877384037	0.35639382291466204
3.5132740520028203	5.208436988276162	-0.9298887180992264	0.4750479371483365
3.6599838798371205	5.339208308340318	-0.8668421083035016	0.5854770078406997
3.8026462198389477	5.469767474624934	-0.7878654878209932	0.6857637697427232
3.941918442348182	5.600049363531696	-0.6953525155799267	0.7742101850390046
4.07892901868282	5.729998909590256	-0.5911612738833416	0.8493632562040554
4.214889530906457	5.859569180545714	-0.4767610511317028	0.9100366643296139
4.350945304372494	5.988751646679237	-0.35342092958961757	0.9553361581493469
4.488176457641706	6.117603899346481	-0.22233650425479198	0.9846545304102331
4.62775776454795	6.246253598193432	-0.08449686752469629	0.9976353980558594
4.7710840331221105	0.0916657288346427	0.05854830957656536	0.9941309794059436
4.919882281488223	0.22027760412809044	0.20559272952772606	0.9742060422639653
5.048775627957538	0.34873804916756995	0.32942414612297377	0.9382361199263789
5.187229696212131	0.47653433600143863	0.4562584456412158	0.8870920407709835
5.331519479731486	0.6027991192967082	0.5791751634339353	0.8223163238133382
5.479257022630359	0.7263220560135362	0.692783861534725	0.7462348958911755
5.628393425706267	0.845380515792193	0.7925710258631131	0.6621187057082794
5.777229795923684	0.9896381073904421	0.8743354150473639	0.5480526853373549
5.924649488038329	1.1230776401086113	0.9351508768150608	0.43222854429101204
6.070561645512096	1.2492127839567497	0.9756681572278743	0.31554141545503434
6.215626191418891	1.369743828506596	0.9956744374723617	0.1993177121867064
0.06521960455312052	1.4854157967038009	0.9958242277989304	0.08509228225369005
0.19791414407949331	1.5966911653911704	0.978478082424987	-0.02583087965415102
0.3298035311138065	1.7041719151077088	0.9441984553913259	-0.13272535970904112
0.45957156712097386	1.8088630351646056	0.8944468691207283	-0.23561429636672124
0.5855193402488467	1.912184780853568	0.8317365894135733	-0.33459768605263196
0.7056835254872623	2.0158508545140026	0.7596042136517183	-0.4298233790945847
0.8175863761103371	2.121768226663661	0.6826800023827676	-0.5224563090914385
0.9886397441353046	2.231708378725821	0.5488709543111333	-0.6126094809871676
1.141276698039117	2.3462080339853	0.4161043242165971	-0.6987876461899369
1.2837273981623583	2.4658049819583403	0.2831200901676255	-0.7790589005550187
1.4212355154570588	2.5903818745774383	0.14893223569522276	-0.8507480091303541
1.557181052098538	2.7191828920024714	0.013631884923582248	-0.9108650766092674
1.7072192836762554	2.85087503245918	-0.13573160586863742	-0.9566229251778101
1.8612973153278205	2.983979593679283	-0.2858469240840264	-0.9859972053880833
1.9505739250225702	3.1174066975355017	-0.37017421624678776	-0.9979453927503362
2.05888641702733	3.2508338014196716	-0.4687202171165711	-0.9921786312604254
2.1794564760342565	3.3845122998361687	-0.571754207672531	-0.9687387959979612
2.311288219735771	3.518765116612197	-0.674511180623109	-0.9278295141748247
2.403527180836586	3.653570829634926	-0.7386362629354842	-0.8699869490237713
2.471768383565858	3.788467083058865	-0.7826232307465044	-0.7963403698833953
2.553882308140415	3.922926113805477	-0.8317027930106817	-0.7085560969794779
2.6451910758335044	4.056672109875833	-0.8776254235464367	-0.6085505067468558
2.7427077667810478	4.189694033125064	-0.9196871389799017	-0.49829204068120314
2.844309484008778	4.322155489045392	-0.954958684442064	-0.37972866796186555
2.947863508639922	4.454298826656099	-0.9812076455827049	-0.25479698130488815
3.0514175332828577	4.58639059678785	-0.9946150707300215	-0.12544770594085086
3.153484962843886	4.7187091132784245	-0.9979453927503363	0.006345485581067234
3.253117396568668	4.851567507727242	-0.9918868116169837	0.13860500568001502
3.3494408478653694	4.985378581454472	-0.9776287371007475	0.2694031627688789
3.4455675718296304	5.120714914042817	-0.9532624543714896	0.3968906506883677
3.5392750478556563	5.258372628397956	-0.9201380856613774	0.5192232384529142
3.6817296112077953	5.3994269474551855	-0.8561784054865271	0.6337278922544466
3.8172662271845814	5.545246987642183	-0.7791270970481681	0.7387100617929785
3.944923318857078	5.697416490794104	-0.6932635072999997	0.8316005846960635
4.06361139232117	5.85749003194494	-0.6031288734286754	0.9091351734716023
4.215774634137403	5.965782793691193	-0.4760046799505866	0.9481034413529166
4.352675029478358	6.0783845176247615	-0.3518403305123407	0.9771625424333488
4.478249416797225	6.180885291975943	-0.23185204767704007	0.9934501050323228
4.644682878683663	6.282576805214492	-0.06759203635800218	0.9999610398497882
4.798510267945864	0.09978887719007827	0.08582911172035225	0.993610883994139
4.948411314066841	0.1970489367661507	0.23338742830812548	0.978643360981265
5.099038149189837	0.31747843569270556	0.3765616255548275	0.9480795340292624
5.252969190906383	0.43380411664665103	0.5145031132541572	0.9056192889411419
5.411541811335328	0.5854048819462668	0.642690116423352	0.831798987642594
5.575381582035667	0.722658864481395	0.7582307814255449	0.7486078541572003
5.744643976263638	0.8447331632180052	0.8573471787654661	0.6625975983267676
5.919321786252172	0.9510387525413321	0.9334732241166361	0.5796891205911157
6.059209168175726	1.0955308008829576	0.9734995196824017	0.4566348239855472
6.188064019527885	1.2122504749461982	0.993909732642086	0.35020561530060645
0.03405598122090838	1.3054395192845292	0.9978195203629823	0.26196683637918167
0.1629463973288762	1.4735149199455642	0.9851578903855823	0.09693005241300695
0.29206375744698476	1.6063502053951126	0.9560824225635474	-0.03547834431463733
0.42146135360809367	1.7227827250051846	0.9109709449207687	-0.15108502790235975
0.5511414630563704	1.831446260157825	0.8504780752293581	-0.2572492788668982
0.6810082521194748	1.9369400697222112	0.775588470382702	-0.35771578627175105
0.8108946007467485	2.042231508400092	0.687630383294165	-0.4539296587854706
0.9405952017932603	2.1495676243899764	0.5882487640968763	-0.5462124796232122
1.0698536453461953	2.260748216911714	0.4793845788542177	-0.6352981891502134
1.198378248744997	2.376978410096661	0.3632153442437887	-0.7201793973260662
1.3258574717935359	2.4982634020352803	0.2420744394625865	-0.798459325725497
1.4519664449267387	2.6242389833603665	0.1183642626597513	-0.8673509065058826
1.5764015711052712	2.753922414539832	-0.005565600312836937	-0.9238927435973081
1.6989629844953091	2.885945413897942	-0.12758672048739989	-0.9655125949212364
1.8196939260402543	3.018977759116761	-0.24599041114334602	-0.99046960592001
1.9390639417132816	3.152172377175577	-0.3596565513667125	-0.9979453927503363
2.05814716630596	3.285366995280138	-0.46808848522167534	-0.9877656492466513
2.178796139561565	3.4188224481926452	-0.5711899125029721	-0.9600418307747678
2.3035808990491686	3.5525675862341783	-0.6687631905264716	-0.9151532513639313
2.435434395316192	3.6860983399794724	-0.760818350964718	-0.8540360620300107
2.516863703260497	3.818530995737979	-0.8095767415212383	-0.7783711438126131
2.61008369122609	3.9488982898664764	-0.860409414125868	-0.6905000834699286
2.7119678839267243	4.076124394731724	-0.9081593767129671	-0.593352515236898
2.8196401535096944	4.198879321966049	-0.9485375503181147	-0.4904426876039065
2.915534420802092	4.325059926475542	-0.9730128412437111	-0.37707463287470677
3.011481754520772	4.44157162342228	-0.989511694711712	-0.2669897845614002
3.1049050474778737	4.604366540306837	-0.9979453927503361	-0.10771433698546728
3.1942100661426585	4.750173764681942	-0.9979453927503364	0.0377489217001205
3.277884296932444	4.889443074178913	-0.9887218600551938	0.17593702367983413
3.3968998280529297	5.01871485293294	-0.9655987949410388	0.30123238156984533
3.515442704132293	5.14896975029665	-0.9290754519489708	0.42236043892393665
3.650698850183139	5.279592025095808	-0.8713953144104425	0.5366148780898893
3.785064307303993	5.410332617205046	-0.7983742118340456	0.6417955897521047
3.9188082672357707	5.5410703218371	-0.711418848761163	0.7360044829119305
4.052327654989827	5.671728492892615	-0.6119448117841335	0.8175964841632933
4.186083221948418	5.802250932839555	-0.5013776847269817	0.8851842433506036
4.3206038162279645	5.932601741448109	-0.38114656530008806	0.9376549808221839
4.456536257728103	6.062777136276515	-0.25265349727624786	0.9741811003942725
4.594718830140503	6.1928175505964616	-0.11723185709635843	0.9942140838111722
4.736261750465991	0.039621024290439254	0.02387708777924387	0.9974632110552715
4.8826189237411155	0.16966302659143553	0.16928852603702005	0.9838748281986938
5.035641276375183	0.29983792971177337	0.3171064148913347	0.9536343949521058
5.19761545766807	0.4301303671857494	0.4654601473993734	0.9072121772764903
5.371235265761501	0.5604061798134968	0.6117266373692507	0.8454273108462406
5.559529338725521	0.6904408751324976	0.747961945775595	0.7694781645052575
5.687289973125561	0.8198826397611033	0.8260799998680446	0.6809812932769388
5.829169096857938	0.9483501161555513	0.8968555970806832	0.5818927551148574
5.977932169054365	1.075427771540272	0.9519291870834976	0.47444594753499997
6.106945969567973	1.2006993531666472	0.9826185706818104	0.3610385530830537
6.2367695848834925	1.3238635974019841	0.9970281714496023	0.24401699177193711
0.08340506749901044	1.444947838705846	0.9946598792697825	0.12534565142374923
0.21327099205834676	1.5645942111326496	0.9755444991972664	0.006227609780817905
0.3432608386700787	1.6843513336722884	0.939960851778832	-0.11317224511823941
0.4733957594350807	1.8069932038391476	0.8884528853400961	-0.23382297701278879
0.6036152013420436	1.9368323907792577	0.8218714275217045	-0.3576173907305767
0.7337902799160846	2.0798477005577736	0.7413970970792427	-0.48663282914566885
0.8637505684630457	2.138605626959026	0.6485290746848033	-0.5368448277444807
0.9932970166379379	2.228600180763066	0.5450538050203059	-0.6101810584856888
1.1221963950330562	2.337482670971105	0.4330093203944788	-0.6927217211750283
1.25016799944992	2.460028385963745	0.31464558990632774	-0.7756062242365909
1.3768679689755587	2.5937623858100443	0.19237694621932194	-0.8524057490582264
1.5019150224600382	2.7369124296754803	0.06868054669195167	-0.9175138298386039
1.6249427844515538	2.8570736754049255	-0.054048642120744915	-0.9581941623980642
1.7456833396498568	2.9817127508708436	-0.17367661250375108	-0.9857075265190476
1.8641017326206453	3.1075629000686673	-0.2885335872630752	-0.9979453927503361
1.9805650790141827	3.23341304926572	-0.39757972141341547	-0.9944048216971522
2.0960458423440884	3.3596764562699724	-0.5004750649509893	-0.9750342064852524
2.212160500188878	3.4874372091589043	-0.5973368025207008	-0.9395777915236206
2.331059149888999	3.6172316486766958	-0.6882560505602529	-0.8878070084986807
2.4552528995248637	3.7487080456163886	-0.7727519119474979	-0.8201043802364749
2.587059431942349	3.881095797456342	-0.8491187449642926	-0.7376367853028124
2.7279249321097923	4.013701524831663	-0.9141434287280045	-0.6421232511065722
2.8382311201382024	4.146119983706295	-0.9534179356628085	-0.5355285505848807
2.9433044546104328	4.278214344653683	-0.9800520127380674	-0.41988148302164324
3.0464342098905832	4.409958475485435	-0.9939782539737209	-0.2972755343865251
3.1466250644246103	4.541426730750998	-0.9979453927503363	-0.16980481160541416
3.2428526053787707	4.672714668848378	-0.9931985448751119	-0.039593839345268535
3.335861749451459	4.803901604891045	-0.9810707783720674	0.09119186010477778
3.43128188715655	4.935040118940576	-0.9568836017212602	0.22036040610383878
3.5305961459652395	5.066157774102865	-0.9233927603198626	0.34572556786463315
3.636511920464541	5.197261362490109	-0.8783523212742563	0.46514642189783706
3.7488233206430963	5.328339332195404	-0.8200354802553801	0.57656868122676
3.86730728044285	5.459361668832744	-0.747222645528291	0.6780658570719456
3.9907933627449936	5.5902789206947565	-0.6600213055244055	0.7678810447553994
4.117894721217438	5.721023922966405	-0.559648646839866	0.844470441456769
4.247503158948425	5.8515498413860305	-0.44794494329243123	0.9065595867714928
4.378947841695129	5.981855269347846	-0.3269840689104518	0.9531645414741373
4.511968373183968	6.111960702901643	-0.19886564632621623	0.9835765236171656
4.646623414956351	6.241923552027667	-0.06565382561392129	0.9973581610727125
4.783183893770285	0.08864943242919898	0.07058400847696061	0.9943241018078093
4.922011809942716	0.21861104921359475	0.20766744418108152	0.9745244004030817
5.063415757855252	0.3486804927174264	0.3431540348156585	0.938254244013982
5.207505070495386	0.478800511737982	0.4742222654324776	0.8861094574633828
5.353999398855264	0.6087842989251714	0.5975999404450877	0.8190534359251845
5.502112118511049	0.7383517876516935	0.7096913971629464	0.7384422236057222
5.650729151986453	0.8671604207699831	0.8061484576452455	0.6460065650586141
5.798714074990158	0.994805840442068	0.8836507093761048	0.5438171572375827
5.945381125821114	1.1208246608627577	0.9416791115896532	0.43422466592115105
6.090795355038849	1.2447247438187277	0.9795333560619051	0.31975041441705626
6.223549401788964	1.3661702219138108	0.9961817315878854	0.20279933458425514
0.07301334967323067	1.4851863092164153	0.9953252228687752	0.0853205528412524
0.2055563185785146	1.6023916076887859	0.9770182154676197	-0.03152449057127539
0.3371574147496815	1.7192800131861063	0.9418827734667704	-0.1476295830759734
0.46632113188105817	1.838464079835488	0.8915203486572516	-0.26397242872530974
0.5911618754874212	1.9638048257906804	0.8286604979624714	-0.3822644318970755
0.7094890997502133	2.1005497886834292	0.7571390220762829	-0.5043239439215597
0.8633437841738484	2.255265467967503	0.6488300018783931	-0.6310145395675213
1.0024830722241431	2.3292147150367044	0.5375248177114124	-0.6869737883219136
1.1307236003538732	2.4358828813128413	0.42545428453835876	-0.761130141135681
1.2494264756270097	2.565964946867338	0.3153410099348838	-0.8387744012362003
1.364503145514716	2.6529971214913517	0.2044235006413782	-0.8814533633683769
1.544206152005563	2.7513523806381017	0.026591235963564344	-0.9229289552843366
1.7065116876409105	2.8562305651968303	-0.13503355841689266	-0.9579804501143708
1.8664212024475104	2.9632005620856092	-0.29075566533779584	-0.9833418618639069
2.034418187257748	3.0701647993435928	-0.44678995309108777	-0.9970107758092489
2.1320326019758	3.1759935429298722	-0.5312278030899029	-0.9979453927503363
2.2568309373681488	3.2785697225564605	-0.6322376344808629	-0.9886342698090443
2.4044555917891075	3.437011304068142	-0.7392816998315599	-0.9554313043102556
2.5750299905873875	3.591981394597339	-0.8432197303265729	-0.9001892641683369
2.711519160313492	3.738534366307347	-0.9079911008883188	-0.8261851969760341
2.8163447497051863	3.8736951056304236	-0.9473017410662724	-0.7427817909147777
2.916749176063837	4.035052827198952	-0.973320758427756	-0.6254415648929172
3.0173264289576154	4.1820639002276385	-0.9902585831481066	-0.5048124243267721
3.111462267190062	4.321460517152274	-0.9979453927503362	-0.38036372374574223
3.1958007076140107	4.4572910312177845	-0.9979453927503363	-0.251930415818849
3.270464703166232	4.591843515345224	-0.9896700067563678	-0.12006837124504278
3.337510677190926	4.726551121206405	-0.9806528067836991	0.014178095687409504
3.405710983859555	4.862536074467591	-0.9633653357665058	0.14951540956765408
3.480075160793851	5.000992693864219	-0.9423386329930628	0.28461208700226787
3.559952127941797	5.143452348764391	-0.9123839746669734	0.417472065202353
3.646724512003017	5.292002435920835	-0.8733442560452191	0.5467865807018455
3.7391835908953923	5.449450527135723	-0.825797154889902	0.6707338825209084
3.8325570319820828	5.61936897145022	-0.7699877700702333	0.7867251253320181
3.9913455226505605	5.803495099156435	-0.6595899052226357	0.885723697125142
4.139689721692134	5.948333934133351	-0.5410235761417754	0.9426089284284684
4.281232007577634	6.059206189310266	-0.4171239840312206	0.9734989506366076
4.4194841158239395	6.164177934454179	-0.2881498642447092	0.9923803941751236
4.556833602481239	6.267568606144223	-0.1546058463576622	0.9990001198795558
4.694920476437252	0.08508618338981785	-0.017414643081065335	0.994552243581837
4.83501886787762	0.18345534648068304	0.12214411805225694	0.9812401131611959
4.978224987541251	0.2998178784573525	0.26243370148527806	0.9536407089393436
5.125499809297471	0.417883547221804	0.4013780479800282	0.9125222336298948
5.277606250150276	0.5394047648232089	0.5349873161594257	0.8568764680745418
5.4351165696528465	0.6639579634214158	0.6601300374046903	0.786633381124925
5.598303368731129	0.7905551783949448	0.7730791568746053	0.7026768967660737
5.76719645535165	0.9181480949879329	0.8696419160051251	0.6066466477883796
5.902623663981251	1.0458886275555186	0.9282151126436511	0.5006173933449295
6.040973983317526	1.1732325175644844	0.9700160944034603	0.3867976548255084
6.1799858530904626	1.3000514420248932	0.9933925172575995	0.26721622519124194
0.03590738650122744	1.426860298634436	0.997700981669664	0.1433372789703999
0.1685218588085871	1.5551910573047165	0.9840928228465792	0.015619494917961564
0.3010795808187848	1.688081635183009	0.9532434084791781	-0.11685220845004235
0.43342287278770014	1.8306582462893515	0.9057845911486846	-0.25649435275428856
0.5653911936615242	1.889628860640242	0.8427096745651748	-0.31298886183743624
0.6968321788045185	1.9787316573114835	0.7653379778002694	-0.39590436580822663
0.8276390098500014	2.084125510272243	0.6752433561311788	-0.4902884614755453
0.9577072943393486	2.201776962812558	0.5742235139338372	-0.5892241867504842
1.086885428253522	2.3319768229828797	0.46429455513397533	-0.6888940224322108
1.2149386708266743	2.476342140345315	0.34768455637005463	-0.7853569690473056
1.3415278072424766	2.571648102691873	0.2268074565254377	-0.8415613153087766
1.4662112459433398	2.6825006279845156	0.10419499733373061	-0.8959213350332
1.5884715074122493	2.802726334516946	-0.017621072070730666	-0.9421946997191591
1.7077782898478073	2.927401766131807	-0.136283068587576	-0.9760209859055129
1.8236973574242068	3.035842117758057	-0.24982574325195664	-0.9926246950686877
1.9360354028970033	3.144282469448092	-0.35688911413505214	-0.9979453927503362
2.0449832560155397	3.252471506287398	-0.4564441680142085	-0.9919693496586612
2.1512033702171163	3.3594603016188302	-0.5476103177058476	-0.9750889975477766
2.2559443075362804	3.4619200100758705	-0.6315449141779762	-0.9491174245900861
2.3608562703591627	3.5535163868321633	-0.7089711885021535	-0.9147974416887894
2.4677064605393664	3.719082180542179	-0.7801954159133455	-0.8378117848828033
2.5601483874378967	3.863687951843423	-0.8354480339138101	-0.7497388246090607
2.6568339634747655	3.9818906667550196	-0.8833348794217754	-0.6669769459066913
2.756180796094524	4.069920222449651	-0.9247396591758058	-0.5981998099566592
2.857411659111433	4.121228326578629	-0.9582798347918692	-0.5567998909701976
2.959605810711208	4.2575714270704434	-0.9828824901294732	-0.43874469797629123
3.06179996228043	4.45374004269682	-0.9959418368730751	-0.255332302596865
3.1630491324467	4.725231914163748	-0.9979453927503363	0.01286046957563254
3.2621669189259332	4.922027960735177	-0.9907303770411023	0.20768317925412594
3.35713490255206	5.104365067868953	-0.9756784416563717	0.3815573462929793
3.473658713388735	5.294223700283693	-0.9447448646835019	0.5486071522236173
3.607644593576145	5.408841081829406	-0.8925083222756041	0.6406921952340496
3.7705473893800683	5.555328351575843	-0.807050985972204	0.7452406119073484
3.92358681283339	5.654570007292966	-0.7080967750287206	0.8082423430484794
4.068438381893115	5.774286332696574	-0.5993575659922199	0.8730591689968676
4.209052839506553	5.905950259667518	-0.48174883675218766	0.929262632278503
4.348138362724972	6.012317097850305	-0.3559858743678373	0.962756739167875
4.487780209309603	6.121689532457152	-0.22272144169494357	0.9854349994742356
4.62989639566136	6.2315750196026	-0.08236079933572325	0.9966955824766207
4.776557929839454	0.05805886263258315	0.06399317994470037	0.9962827038546456
4.9302637051019484	0.16737177898727224	0.21570693657137746	0.9843125199406049
5.094175669158103	0.27553792108880343	0.3720014672725892	0.9612862825153304
5.20477992703732	0.3801453491672487	0.4718078100787996	0.9283462004621184
5.332798906576015	0.5097471401373054	0.5802237950674713	0.8726914157813735
5.46968730643197	0.6707304664894008	0.6857044636437304	0.7822462594044675
5.610254020084886	0.8170871911753733	0.7808206021868305	0.683049284888386
5.751137991727786	0.9537511408665066	0.860887464223681	0.5774660187292351
5.890431295050119	1.0846252768526963	0.9234180619239349	0.46629703123617655
6.027482250429207	1.2115398931391876	0.9674387998070325	0.35087201711435156
6.162880502848806	1.3353501107166164	0.9922973243854855	0.23282613990069156
0.014606443486561631	1.4566992470857496	0.9990648029670587	0.11365655705905976
0.14647556946528598	1.5765832376563846	0.9883042746197583	-0.005747049155697476
0.29926226944417583	1.696799193036787	0.9538156659841706	-0.12545212809529807
0.44952038833463864	1.8203228491036025	0.8988049250022319	-0.24659292648265574
0.595183786740497	1.9516601580959385	0.8264679078767065	-0.3711668011307399
0.735053999721776	2.097021198544928	0.7405784791247778	-0.5013085624412759
0.870238428711138	2.1515020756817034	0.6437295442488701	-0.547865578558092
1.0015264409872893	2.2388037023741614	0.5383088826861965	-0.6181530286663607
1.1293205592534556	2.345065613335647	0.4266973677552467	-0.6979934284611152
1.2534830354913618	2.464439017409047	0.311536664221977	-0.7782424623870097
1.3974809007102047	2.5939034085391466	0.1722945888184326	-0.8524749039855982
1.5356779448088014	2.731410448374545	0.03509665848011023	-0.9154505320461276
1.6722410469264426	2.8747429149895094	-0.10122537942005021	-0.9626729760887194
1.810466789943481	2.9992552727722224	-0.23715071140868105	-0.9879492778595063
1.9263534062801264	3.12485693883316	-0.3480418384223104	-0.9979453927503363
2.0515111040727927	3.250458604855181	-0.4624092260346515	-0.9922265774682802
2.1856989295950893	3.3766096317899805	-0.5766624844031166	-0.9707419709319212
2.2509474464328942	3.5043584090332427	-0.6276408868008168	-0.9332321730205486
2.332584119935616	3.6341778807021807	-0.6893162189380855	-0.8794968910274896
2.423479639486997	3.7657056994850233	-0.7525073325791835	-0.8099448681231167
2.5214309458949185	3.898175850218051	-0.8123065863120347	-0.725762629564575
2.624264243160935	4.030890012852359	-0.8673632934429732	-0.628693954911147
2.731391524171306	4.16337154522884	-0.9154434352814111	-0.5207861075469509
2.8418232268465413	4.2954588526981095	-0.9543284658883221	-0.4041236880918563
2.944578614243431	4.427175164190627	-0.9803749877920326	-0.28078175376131864
3.0473340016628736	4.558616793328644	-0.9940932379779026	-0.15284671859997337
3.148614968431721	4.6898843793671485	-0.9979453927503363	-0.022444704918553625
3.247371456879895	4.821055069882055	-0.9926210827823221	0.10825436567680913
3.342510263865263	4.952175313361584	-0.9793855073542335	0.23705454272284393
3.4370424935561257	5.083263352041689	-0.9554233983726448	0.3617676168604394
3.528368538852666	5.214312809172318	-0.9242281351760251	0.4802538675656828
3.6674218929156037	5.345293866433449	-0.8631946448236263	0.5904647949513641
