1.6296283390347461	6.154968349524532	-0.058728581559620616	0.9917907382120721
1.9143583049158435	0.03226753886618025	-0.33667994645012456	0.9979340277709812
1.9425375834911514	0.19521702763616644	-0.36283071757975816	0.9789933063545493
1.8737698580466475	0.35655356806381105	-0.2977957597147015	0.9357750725757304
1.7671149089985025	0.5289491515187683	-0.19481897569325432	0.8625764630842218
1.6487817297326626	0.6913502205135147	-0.0778590189334403	0.7688891047687891
1.527484811586308	0.8417266596937794	0.04324634609916851	0.6648217222472088
1.414166643836789	0.9852253245872896	0.15596362331702607	0.5516694483114144
1.305606320738803	1.12498411513021	0.2618043283738753	0.4305394226380113
1.1809025209177628	1.261603583390471	0.3796045292829901	0.30392100646775205
1.0340353189810176	1.3951733952594108	0.511119330137209	0.1745426993620413
0.8817763048921009	1.525829569986638	0.6351941588091418	0.044892810474280384
0.7354660848298576	1.6540242215505636	0.7403115368273444	-0.08309522817633054
0.6102532441557271	1.74616910957023	0.8182526239364601	-0.1741558272507438
0.515945447265195	1.84006237553887	0.869665578489938	-0.2655036139117993
0.45449805066957394	1.9315640787278772	0.8966466775890632	-0.35280327943683004
0.42442280578010433	1.9936529403712018	0.9096868991058074	-0.4095392296117398
0.4230519401432472	2.060228556374203	0.9102812880007276	-0.4698671517198173
0.4478738579264535	2.128732097661317	0.8995188384328855	-0.5284073339521314
0.4934016270501769	2.1858066301762626	0.8797786103244052	-0.576746630431741
0.5544549011586802	2.2496044710702936	0.8486717172379021	-0.6265916255798294
0.6256682346038329	2.321985096206483	0.8098489687829984	-0.6819477136887839
0.700912305693592	2.401982035542847	0.7626949353213528	-0.7375620686041182
0.8388500352774776	2.4913937864777145	0.6669497653786631	-0.7943533506885546
0.9635514587757128	2.5890172463678653	0.5694335755909266	-0.8500788207993436
1.074700124444284	2.694476528735329	0.47509063705448074	-0.9015999442867452
1.1701091342180612	2.806201778308625	0.3897268437050191	-0.9434980257595489
1.3387894423494755	2.9219714581254976	0.2294753362420752	-0.974644506871047
1.4776903126486711	3.0394309519842397	0.09277680050154084	-0.9930833106532916
1.5995428214775969	3.1568904458426164	-0.028679118330710122	-0.9979453927503363
1.7106613762571783	3.2740156668243934	-0.1391272494770867	-0.9892162306353884
1.8144134883989287	3.391673316579352	-0.24093169273631357	-0.9669236154592149
1.9133293970070588	3.510921848324907	-0.3356942411486217	-0.9307708179084838
2.0100648251756197	3.6333880708914688	-0.4245361848448516	-0.8798841990908424
2.1080782196327617	3.7590670269997557	-0.5107574174532443	-0.8139128082901506
2.2117330796564643	3.8871570531283695	-0.5970028605868389	-0.7334229637869749
2.282179930432448	4.016676235616045	-0.6520427002729429	-0.6397991215978511
2.368600776624229	4.146859072824294	-0.7143552159867358	-0.5348969567892801
2.470896438244544	4.277243906457262	-0.7821020682894653	-0.42076825613525365
2.589941670923037	4.407597616056384	-0.8505321414334042	-0.2995372641637483
2.7279415273359535	4.537874059018033	-0.9141496521031182	-0.17330954216664948
2.837623657052805	4.668120432414356	-0.9532639554097014	-0.04418257007017007
2.9363696231159184	4.79841627031981	-0.9782941658261315	0.08573561253408579
3.0351155891767276	4.92883654593417	-0.992531852293274	0.21431651230547338
3.127958537307032	5.059429989404712	-0.9979453927503362	0.3394160791033063
3.212404265473497	5.1902153987049795	-0.9970895251561185	0.45890375422011337
3.289290034163245	5.32118063714806	-0.9872643257924572	0.5707013398358985
3.36094282991541	5.452292876986742	-0.9747132050299538	0.672836570325188
3.4353512764796186	5.583502542438885	-0.9558520894976855	0.7634914127487484
3.5166324497033052	5.714744250897867	-0.9286292855089175	0.8410470077077521
3.6038490438149884	5.845937295416522	-0.8943695893900594	0.9041260623568359
3.6974717654447824	5.976994495046816	-0.8484587454014868	0.9516339206830593
3.8294639717749326	6.1079005435857265	-0.7718364947756984	0.9828009207533847
3.9617032576798	6.23867631326235	-0.6815979925829851	0.9971502522781198
4.094335739708486	0.08621166375402797	-0.5791240650372333	0.9944801831998411
4.227441893498746	0.21699011975844737	-0.4660343415369551	0.9748340428159966
4.360995773578878	0.3479008760510671	-0.34418235124850055	0.938499739361986
4.525346939230362	0.4788762082655935	-0.18566761599506396	0.8860766364675196
4.688679143836871	0.6096520833696804	-0.02364849610082125	0.8185803534900223
4.856423145922606	0.739790396399181	0.14343489595627043	0.7375103153260231
5.015250409605559	0.8687108638074672	0.29798333790702336	0.6448595923645315
5.1826129192514365	0.9956584031890354	0.4521680181018901	0.5431183878863943
5.354045541103032	1.1195534652266594	0.5976377591143288	0.4353509351089493
5.525042326870869	1.2389402235876907	0.7256217980839036	0.32517528560792747
5.690522065452365	1.3518312481657186	0.8278420112964686	0.21676922490738443
5.848534342170489	1.4809902559289048	0.9052521068856683	0.08949435578055409
6.000061173691003	1.5978369688949765	0.9588974420332332	-0.026975310032979472
6.147852733049095	1.7068790724849208	0.9904328953019278	-0.13539598562304
0.011478869258840096	1.8113840960504708	0.9992650500799688	-0.238029500934003
0.15850786277962278	1.9148672504466544	0.986005773396945	-0.3371675219693847
0.304841900547	2.021731718166355	0.9520586826634846	-0.43519723163970037
0.4480603982028242	2.1375308423065884	0.899437957078981	-0.5359263629727036
0.5852328480332225	2.1845194777142374	0.8318927738622346	-0.5757409834172743
0.7136456826209325	2.2585192201766513	0.7544464526064785	-0.6335566830132134
0.831919897732029	2.3493754284957364	0.6720764797039853	-0.7009896379651422
0.9378206743210045	2.4520791332797116	0.590522795854115	-0.7708549491747656
1.1090921863399694	2.5648110118215697	0.44461954470802506	-0.8382085329198667
1.255816859269992	2.6861841919930494	0.30934794452257464	-0.8977276864142935
1.3876863208239578	2.8145216438336855	0.1818370574201485	-0.9466180582047041
1.5096314978113188	2.9229953701041533	0.061004989377632546	-0.9749040489394012
1.639889731563607	3.033323787797993	-0.06897767688888301	-0.9923028787645423
1.7626072316008512	3.1436522054986837	-0.19037212669531653	-0.9979453927503363
1.881665318705023	3.2536211640250587	-0.3053596994631686	-0.9918224353900654
1.9637315595322062	3.3632324517804935	-0.38219748219498284	-0.9741328297564924
2.0495245868674945	3.4713341456191205	-0.46059397385900597	-0.9456166007518693
2.1369206586074845	3.623731686155556	-0.5354049262079819	-0.8846195108334037
2.224170286631915	3.7706730972720677	-0.6067200001116205	-0.8069758502586883
2.312665236852284	3.911670844271178	-0.675468491231209	-0.7163808282722127
2.4045342889417802	4.048598389748825	-0.7393364105669439	-0.6148584716390557
2.5001212306264917	4.182921656168759	-0.7995697514479426	-0.5040794229642064
2.6008008078988207	4.315682534798871	-0.8558572605376867	-0.3856435647709713
2.7069966701595205	4.447589682651822	-0.9062951220325568	-0.2612244164106925
2.7952200043593556	4.579111843371047	-0.9393797511403408	-0.13262823695103615
2.886130694271118	4.710564480239427	-0.9655595599458499	-0.0017893869719288122
2.977041384177404	4.842179621044002	-0.9851105745753267	0.12926690000128918
3.065440567725147	4.97416283399056	-0.9964070682794633	0.25847610726857745
3.148845250989696	5.106757033961408	-0.9979453927503363	0.3838005933430765
3.224115228184935	5.240277084424434	-0.9955929862602848	0.5032580082105704
3.3384470028663062	5.375139190759311	-0.9804154661650649	0.6149263351598371
3.4767933305913146	5.511871375824713	-0.9435693520089604	0.7169110120618345
3.6116348610808546	5.651084092095646	-0.8905515691958785	0.8063419572317571
3.7738158112260556	5.7933747879582835	-0.8050974474666844	0.8813356663600629
3.925950186817628	5.939146826922888	-0.7064537431746593	0.9397159783683892
4.070744824508852	6.088361182660654	-0.5975555517017722	0.9790683617302632
4.2122309437328	6.198451235103597	-0.47903296546929963	0.9945747879785108
4.353085392464639	0.02702301389074564	-0.35146534644391003	0.9982698154800649
4.495516215522283	0.15044612621321235	-0.2150957919994395	0.9875457883277492
4.641572904128433	0.2745473798595354	-0.07069828393585181	0.9615981964010702
4.793383270359945	0.399954324818061	0.08072930098687156	0.9202961032235433
4.9532484472020055	0.5268787835825157	0.23810005422988037	0.8637051474149466
5.089174385611674	0.655054167754304	0.36731113550007205	0.7924011209064477
5.237304807948403	0.7839604061190459	0.5006245949754162	0.7075555176126819
5.3919672031019985	0.9130430452400051	0.628209390206267	0.6108307999963348
5.548946159102439	1.0418169779078208	0.7411063272945331	0.504224842435761
5.704934637702289	1.169917724643811	0.8356991869120136	0.3899063525049771
5.858051726527021	1.2972046033296958	0.9093787166847003	0.26998978660771644
6.007569227915781	1.4240146781894505	0.9612616711015428	0.14616780998695533
6.1546195103544274	1.551619714196002	0.9917255371536919	0.01918655814761302
0.0177150152741254	1.6828546226630166	0.9988657725107337	-0.11169573132529345
0.1641614981795913	1.8228171532471733	0.9849257724743705	-0.2489824977911148
0.3100833110696661	1.873573403014555	0.9504082024264434	-0.29760755359344687
0.45373413847897076	1.9545576425897706	0.8969778996363456	-0.37381448272005613
0.5931977586864963	2.051378467640292	0.8275506133734831	-0.4622880246818393
0.7277364248268703	2.160128762375178	0.7453186898622631	-0.5552375742477816
0.8572563825702608	2.2819363762873937	0.6533332846488193	-0.6518524124041307
0.981459821220287	2.349639642802486	0.5547556942845318	-0.7011733213454214
1.0994088516707783	2.438969662444451	0.4531989019393975	-0.7630194073535317
1.2091619678042682	2.5410718830591903	0.35310209638250456	-0.8240459910899103
1.3620235892418786	2.6504459210568263	0.20683923343998073	-0.8802023020544767
1.4980451264848873	2.7641041147976995	0.07252992182833357	-0.9277109826127952
1.6239725213255425	2.879933753156459	-0.05307954175303271	-0.9639887541071688
1.743098403201898	2.9864085226079733	-0.17112655822095613	-0.986307597172821
1.857119082860796	3.09288329205639	-0.28184413057987057	-0.9979453927503362
1.9672115437903535	3.1985760152595666	-0.38537744407951413	-0.9979453927503364
2.0747163538885203	3.300990516581343	-0.48224780081762575	-0.9857691261688089
2.181433710727681	3.3945576248595297	-0.5733300861468084	-0.9661924985737662
2.289596628612743	3.5575488782423004	-0.6578373365745959	-0.9132852172427883
2.4018960013247788	3.7074125497352273	-0.7375022570966004	-0.8435839693990616
2.5208679556585962	3.9032390392018956	-0.8119700865709631	-0.7222426700325364
2.615784932321208	4.069574521719139	-0.8632051968792707	-0.5984699045396984
2.7199470951045384	4.2162360256263005	-0.9111516603846849	-0.4756103946139014
2.8305885384408564	4.352904153589264	-0.951480687635005	-0.3516309600424022
2.9157279056506	4.483775264088645	-0.9730618859456228	-0.22655822407636256
3.0026914958390747	4.623225514438551	-0.9883883913295954	-0.08902368620906531
3.086988276891439	4.758297955763296	-0.9979453927503362	0.0458300327564868
3.1897167448354415	4.889607139407487	-0.9979453927503364	0.17609686588955487
3.2911401738137456	5.020751647104592	-0.9870278972410287	0.3031425392980941
3.3910790437707283	5.151832047601125	-0.9670742522298867	0.424896411490868
3.517438048524539	5.282856467698969	-0.9283271779264746	0.5392904494163593
3.6448162938180704	5.413832234941121	-0.874280010804963	0.6443845052336555
3.7734346793889446	5.544745554495107	-0.8053252502885233	0.7383852412312439
3.903295946581746	5.67556589401305	-0.7222031076786946	0.8196884864781965
4.034260711938393	5.806254356958632	-0.6260604413433737	0.8869200741819101
4.166226819593525	5.936776669167709	-0.5183461127891418	0.9389696337505278
4.299226316406894	6.067122625756354	-0.4006810314283267	0.9750112092207611
4.433456608227298	6.197326438776101	-0.2747640600151854	0.9945027713928782
4.56927449080571	0.04428837751394636	-0.14233284035063223	0.997164377537699
4.707155149756001	0.1744945701304978	-0.005194631731381752	0.9829518695870234
4.847602922401371	0.3048493672085179	0.13466144330069857	0.9520563314686643
4.9909950649825054	0.4353449080889497	0.2748750787000124	0.9049512225033616
5.137368018619749	0.5658526140515497	0.4120813972550217	0.8424581260577915
5.286259109888429	0.6960750893174988	0.5420792905702951	0.7658284085464044
5.436516671553885	0.8256732617312955	0.6611657920958331	0.6766975594531264
5.586513158114509	0.9542713580875343	0.7654416425662758	0.5770396432497675
5.733734302963337	1.081440622348395	0.8513996478499395	0.46911860970932684
5.877027545411475	1.2067199736484426	0.9176063764302586	0.3553922610314472
6.01647423486371	1.3297263325779263	0.9640657899383931	0.2383051626800984
6.153374241592377	1.4503844025456794	0.9914876563360016	0.11993791596864022
0.006390375379729794	1.5692567778153574	0.9995908476899251	0.0015706306938459529
0.142786971396837	1.6878923796600944	0.9890088989959522	-0.11666550681676544
0.278562112616121	1.8091602063926502	0.9603339876459855	-0.23589898973182882
0.4251979418012219	1.9376320259751794	0.9093508105566325	-0.35834808640502047
0.5654520675513367	2.0797713108745617	0.8426764884805285	-0.486567549805479
0.7257207951134169	2.1435018274665003	0.7466243833123101	-0.5410289102688013
0.8738596170752785	2.2414639683094526	0.6410506943502383	-0.6202314836858256
1.0135465225886506	2.362962993535727	0.5284570979915318	-0.7104357951661306
1.147680061699748	2.50534146719957	0.4104309951203993	-0.802689891268924
1.2780193412818577	2.667980023610869	0.2885258883759383	-0.8888007003153333
1.4241429869240882	2.7912255763054246	0.14604018163310123	-0.9378818008320619
1.5680347070304237	2.8899056886876258	0.0027912369554878094	-0.9665164487012412
1.7145670780900553	2.9937886538440663	-0.14298024620902278	-0.9872507009742177
1.8122573522348333	3.0979040906599478	-0.23886609014004095	-0.9979453927503361
1.9238371707732675	3.200196407130714	-0.3457425369281779	-0.9979453927503363
2.044124463196211	3.3010369355770655	-0.45565941491488626	-0.9857631943052793
2.1726856491304387	3.4006235002777236	-0.5659681499977651	-0.9646549153779098
2.251971721127208	3.5054490675165857	-0.6284411484782171	-0.9328231652253669
2.3475713327295678	3.6077870627910356	-0.6997354197028774	-0.892438458018465
2.454264771534233	3.77465481457705	-0.7721613070106083	-0.8045959744532054
2.570972457229966	3.929794177677006	-0.841229991321894	-0.7037813775351958
2.6973075332222	4.074722157313842	-0.9026615991686434	-0.5944480776620726
2.83232258137006	4.214157929620476	-0.9519202342931576	-0.47738624614787317
2.9361195079686686	4.350998869688818	-0.9782307664285298	-0.353371982338248
3.037834841545389	4.4873114102230565	-0.9928793443857316	-0.2231705564709149
3.1363102317638427	4.624796553459389	-0.9979453927503363	-0.0874545299132433
3.2302752032876283	4.765202597698209	-0.9948058056872014	0.052698061551197994
3.3202594329721284	4.898828946661911	-0.9833067596179176	0.18508130495671443
3.4120606306848194	5.040463890294844	-0.9617558219560399	0.3216291857128609
3.5068720689038377	5.190556244816601	-0.9322895255307884	0.4592057411546171
3.607533272159375	5.293890023155956	-0.8925629122310011	0.5483336669571255
3.713203358855412	5.4119033379095525	-0.8407442641495636	0.6429575632748618
3.8235118160841273	5.536469699252161	-0.7753941032732402	0.7330242714498758
3.935887969059645	5.66402756249084	-0.6995449369970257	0.8133982354731503
4.0468933459632614	5.792930557257818	-0.6161906154550177	0.8811430539055376
4.152396238822052	5.922403388646596	-0.5301651327044381	0.9344435972305949
4.331846711891166	6.052055961830205	-0.37087296144770215	0.9721330591829203
4.493783738862123	6.1817134491101084	-0.21680488992738714	0.9935031288978102
4.64993752046941	0.028160870996098895	-0.06234369170772437	0.9981969626607037
4.807897744917375	0.15783597190907175	0.09516680985992174	0.9861341231593064
4.973590154638699	0.28764754511928714	0.25791816861296873	0.9574730541765308
5.087846634825968	0.41761864799135295	0.36606593681490057	0.9126370903719561
5.220542390452986	0.5476464958658437	0.4857732268602417	0.8523833958418311
5.363725926836838	0.6775185054383169	0.6055719045863495	0.7778490737829684
5.512726356126229	0.8069505816707608	0.7175435016381098	0.6905480539700509
5.664481319163666	0.9356028259774501	0.8136456060190386	0.5923405675707097
5.81691749079297	1.063069166083003	0.8915434655382728	0.4853955733324896
5.968951986034514	1.1889067619113574	0.9491013958743979	0.3720979471229071
6.12047647197389	1.3128016152292217	0.9852032713297096	0.2547942398808169
6.250784764113653	1.4347858560211817	0.9979255119996304	0.13545374831675824
0.09786024384358684	1.5555484032968847	0.9937343673174359	0.015262577167377452
0.22800792447964016	1.6767878470922488	0.9727293370078189	-0.10571082324787905
0.3573184863795643	1.8016319612202762	0.9355342056263393	-0.22868684653216384
0.48447596710608465	1.9350062333501894	0.8836486563799519	-0.35594867311899686
0.633532662199335	2.07682135043975	0.8055615877616179	-0.4840466404015665
0.7761752672563195	2.137287188549567	0.7133147370611294	-0.535718146943727
0.9133783315222378	2.2344023683412066	0.6105559958499754	-0.6147142841815411
1.0466929721396125	2.355568030627995	0.49990475046313204	-0.705294772332656
1.1773639560416056	2.4972121362103143	0.3829230860322078	-0.7978309832515509
1.306055601871754	2.658389965385786	0.2613666116821621	-0.8840979138619113
1.4329997408942274	2.7514611579970376	0.13723039223808361	-0.9229697478774568
1.5582218008509434	2.8563901278067005	0.012592383399085217	-0.9580208961787406
1.68175962517084	2.9658579045092166	-0.11061551016675031	-0.983681442511072
1.803882940399908	3.0727477548388427	-0.23084330979966508	-0.9973408505827832
1.9253424720998025	3.1776732073394696	-0.347118060634042	-0.9979453927503363
2.0476042664633765	3.2801870311340258	-0.4588392114123407	-0.9884275946404412
2.1729844933706657	3.4031473857027406	-0.5662235294417072	-0.9640151587805136
2.30457652714185	3.538593997270911	-0.6695410707298384	-0.9203934864145262
2.3708535941009066	3.6727712304135194	-0.715921388289661	-0.860571429058973
2.4511506028737697	3.8044729959419135	-0.7702999657647202	-0.7867736221970718
2.540568812226268	3.932432465758768	-0.8237453052269993	-0.7019472237417478
2.6369193942504507	4.055135161188374	-0.873569144514255	-0.6097513185422974
2.738203566858224	4.170328892177884	-0.9179980191430069	-0.5148406578578103
2.842913438966888	4.274439860338279	-0.954604813772279	-0.423330555019209
2.9493866522056136	4.4624493386103365	-0.9815765882524757	-0.24698869955813313
3.0558598654265614	4.623179187105225	-0.9951827544469863	-0.08906995802395527
3.1609341874557613	4.775114675455053	-0.9979453927503363	0.0625575786834624
3.263749076048284	4.92811329404672	-0.9905281938618659	0.2136118768328671
3.384627562983023	5.034141934364331	-0.9687095789986846	0.3157002935614628
3.5064796388190826	5.154226267480616	-0.9324366907215241	0.4270176711951269
3.6300751236291573	5.280270334564512	-0.8815088069024353	0.5371708276303038
3.755761003876784	5.4088733573180034	-0.81588882111077	0.6407160717023972
3.8834446470316726	5.538558531917398	-0.7360038509054612	0.7343773846288689
4.012799962411115	5.668676572477234	-0.6428276381806202	0.8159326954757161
4.143497146777995	5.798910418425286	-0.5377699142992729	0.8837358412477434
4.2753406478059	5.9290983871354	-0.4225074277862643	0.9365518012426652
4.408319603177676	6.059171426354115	-0.29884559241450925	0.9734923099493228
4.542589684826765	6.189134216948456	-0.16865755089656984	0.9939782534598539
4.678464260018621	0.03586577863298024	-0.03385113845527053	0.9977036456689439
4.8163672641082185	0.1658311359980994	0.10359141785964181	0.9846068254152158
4.956729595167949	0.29591456130375937	0.24149159787429803	0.954869833769969
5.099834758595327	0.4260860766156066	0.3773087062532468	0.9089657272511142
5.245626466214627	0.5561884173311201	0.5079975177816975	0.8477266714290723
5.393563737724832	0.6859637215373967	0.6293904601154967	0.7723783946839254
5.542685030236398	0.815056005455047	0.7370504657959035	0.6845518970460085
5.691658125914837	0.9429887745511311	0.8284613474155689	0.5862869668110005
5.839486557073385	1.069204911484873	0.9013291090069893	0.4799593518776144
5.985129049237414	1.1930648615956216	0.9541954298170345	0.36819837476686196
6.129002733925961	1.3139125312314648	0.9868320234728701	0.2537119187201683
6.272119415707215	1.4312200781289435	0.999291491533765	0.13900061801257918
0.13205333460264745	1.5447794872217302	0.9910593208608585	0.026018587829347295
0.27491573517076395	1.6548689565437997	0.9614822041202209	-0.08393895084353094
0.41652484101823595	1.7623982264019546	0.9131113503581483	-0.19016594189607577
0.5557679499061964	1.8690100641128624	0.8479558939676278	-0.29323582381126834
0.6919467833194576	1.976975230415205	0.7685026606996914	-0.39429936700110424
0.8256163783505729	2.088301761528355	0.6767396401248174	-0.49385730631169866
0.957240315605914	2.2056266077676896	0.5746062545916264	-0.5922318987893467
1.0871074659609037	2.3315858345944904	0.46409783149738315	-0.6886222049454414
1.215268874474154	2.46846999037018	0.3473748829342661	-0.7806517783398903
1.341536398637642	2.617663177764426	0.22679908627172965	-0.8641262535631047
1.4655085799111647	2.694271358276842	0.10489393734938043	-0.9015230033211322
1.5866248328165171	2.7796955106683954	-0.01577661052025849	-0.9335579113684711
1.7042434196383085	2.868342538337386	-0.13279589932893737	-0.9610506032391324
1.8177524641317349	2.9569895659661243	-0.24413046888850026	-0.9825481613369977
1.926708259189836	3.0430075896698754	-0.3483660981441322	-0.9935403676472166
2.030974219691052	3.1218552776438515	-0.443642902765209	-0.9979453927503361
2.1308209710547232	3.2184709726576686	-0.5301923953783386	-0.9963142632502907
2.2270622429182283	3.3716861503274687	-0.6089794738655866	-0.971989979148371
2.320913551921413	3.5363640423869414	-0.681202769636277	-0.9212297417083481
2.413880573433579	3.6905144201767883	-0.7458340039396232	-0.85187049831374
2.505186713025202	3.8173083324600925	-0.802597394567836	-0.7791019306893343
2.5959364636582536	3.986319866973125	-0.853471876459466	-0.66351642968408
2.6868601694490466	4.207739367924659	-0.8980591732049126	-0.48287127311556893
2.7784251929201376	4.369202827893637	-0.9330815295593802	-0.3363199012870307
2.8706126707073865	4.511273282641283	-0.9616260382990106	-0.1995513570394151
2.9628001484262882	4.6468590411668975	-0.9832906931743327	-0.06541848177660371
3.0533224960210803	4.7798294204359655	-0.9948585051002873	0.06724732285758014
3.1388827897466585	4.911699019025121	-0.9979453927503362	0.19762010323638246
3.25907890090606	5.043102539321011	-0.9911249935377685	0.3241037783347469
3.38566073522385	5.174302329003139	-0.9684476896312973	0.44480490147115426
3.5068078004366243	5.305397184203044	-0.9323136268461645	0.5577650565967687
3.6618927748405867	5.436409519561578	-0.8659060216445253	0.6610865241663957
3.8322285015774953	5.567321021788238	-0.7701841329713024	0.753009276379985
3.9820700458387095	5.698089059481638	-0.6668367977538557	0.8319672430690337
4.164361641025017	5.828660149012705	-0.5199400142319683	0.8966349241429663
4.32095813806957	5.958989028665697	-0.38082279086101556	0.9459641365109865
4.468890032959911	6.089065104821386	-0.24081844222846138	0.9792028303560638
4.615541472853912	6.218938773684505	-0.09669020344279777	0.9958865299717456
4.765064106866219	0.06554571756038138	0.05256030509244512	0.9958033479785227
4.921066993801175	0.19541502684097475	0.2067469474911004	0.9789554830234121
5.087388793852084	0.3254532991583886	0.36563656182613424	0.945568310287811
5.2685187708049375	0.455603255349763	0.5275391229693439	0.8961674757104428
5.469841134262672	0.5856479037960355	0.6858182610017367	0.8316665015520519
5.616755459743479	0.7152633333131305	0.7850321332639133	0.7533985637511151
5.789300637725524	0.8440591288778364	0.8795691696374948	0.6630962293401983
5.913349816100776	0.971571290648923	0.9315926962189537	0.5628604374440668
6.046380622800938	1.0972414567241897	0.9710489122661303	0.455119196563461
6.163557791547702	1.2204316354446958	0.9923406886981079	0.34253311349863125
6.281164287305272	1.3405108280059308	0.9998706015059919	0.22779825884121252
0.11556111696855562	1.4570122018092972	0.9926010452981388	0.11334526183578426
0.23339185851981478	1.5698221920776005	0.9717008565135691	0.0010058940211228919
0.3515858078201489	1.6793250932960346	0.9373393824249718	-0.10821383083770902
0.46962619924258175	1.7864974462125132	0.890087315919516	-0.21393995720637757
0.5861603685945894	1.8929186568912455	0.8313871256121295	-0.3161405234951923
0.6989771469415359	2.000729659553356	0.7639485009393312	-0.41600583853794326
0.8545753795642014	2.1123732960317754	0.655316612746892	-0.514427805149643
0.9994346021588981	2.229750755344155	0.540023375685222	-0.6110799977539808
1.1379193142320843	2.354967167367788	0.4190789394733643	-0.7048770485686475
1.2728572505489721	2.489751252801389	0.29336702924553704	-0.7933716069190795
1.4061492837704306	2.6350518171289026	0.1638493288746141	-0.8726533193772432
1.5392699973208706	2.7905421669149377	0.03152147518607797	-0.9376255155032641
1.6757039135409342	2.89438878954398	-0.10464151672895955	-0.9676528288717577
1.8152272243201095	3.0012634605524995	-0.2417112608635318	-0.988205903313568
1.9204381516515936	3.108156142823417	-0.3425045077238667	-0.9979453927503362
2.0367877663649367	3.214161355566161	-0.44895524197870296	-0.9968649873677274
2.1616758839555588	3.3189367860819474	-0.5565596778580381	-0.9834757800960271
2.2344571459200666	3.4204668838230377	-0.6147570816824319	-0.9596249978499807
2.3217222820995347	3.5653961613429943	-0.6817650037358552	-0.9103424079141117
2.416998147020584	3.703230862806285	-0.7480013599082478	-0.845634591009517
2.517649391600122	3.8310779490566973	-0.810046348107267	-0.770871819187438
2.6231437510128317	4.00146539039349	-0.8668138249025754	-0.6516832934709393
2.733145284523927	4.151787748999075	-0.9161011128826564	-0.5306851219554216
2.8214923111343837	4.291742009167285	-0.9491749682972533	-0.4075200887310597
2.911797475166472	4.426819967014252	-0.9720655971252572	-0.281122036634881
3.0021026393740997	4.559497962600899	-0.9883131416148101	-0.1519774401779238
3.0906062806362926	4.690924655625322	-0.9979453927503361	-0.02140567532205392
3.175227934953489	4.821577761428278	-0.9979453927503363	0.1087742855544874
3.2528096562090156	4.951563244635727	-0.9919261376253902	0.23645822857089271
3.352260893494807	5.080752170510996	-0.9769139095659839	0.35941256651973696
3.483924574994069	5.208831208360754	-0.9408950643243931	0.4753972129968993
3.6081193527379356	5.33532611288067	-0.8922755091995722	0.5822951198070344
3.7206538845505492	5.459645460521335	-0.836872376065854	0.6782757979144993
3.816517803594414	5.581088465285502	-0.7795744304618848	0.7619276112697159
3.9735760265779505	5.698960598488354	-0.6733439720066088	0.8324423723459469
4.183219196192999	5.812785076375276	-0.5038251580471939	0.8897517062490714
4.356112517674289	5.922593214217711	-0.34869920094659784	0.934503371856577
4.5099547650653715	6.029172119449724	-0.2008520820123823	0.9677616115860159
4.655989273444574	6.134002136985449	-0.05629919112194643	0.9877870479013288
4.807665451468173	6.238545827618266	0.09493574818967393	0.9971418977606563
4.941325897004523	0.06047751017245246	0.22648438901164986	0.9961278467188138
5.08030204016559	0.1620142523806632	0.3589904227557945	0.9853359558837658
5.223191351718723	0.3111018436966884	0.48812018539954877	0.9500874742628294
5.368925894957981	0.4498368516456122	0.6098338528865019	0.8986677107686591
5.516293638947188	0.6304208527691896	0.7199545346762393	0.8072580256181492
5.664007994670099	0.8218023822345569	0.8133875678559264	0.6795611235941525
5.810770548477164	0.9763194646480199	0.8888782340582517	0.5589687843352719
5.956021432501684	1.1079491534702424	0.945029663090322	0.445632262707723
6.081171232892109	1.2253719908861296	0.9776948822194805	0.33789992166310134
6.205477584032193	1.3300632979616562	0.9950246593436026	0.23797687074400184
0.046483027585187804	1.4766989955383831	0.9970238621386658	0.0937628609696039
0.1704587444828985	1.6035637130104003	0.9837228240463047	-0.03269519124795013
0.2926468324318617	1.72162773011061	0.9558988166935072	-0.1499456189703367
0.40992217201793407	1.8370446953675863	0.9159741787966897	-0.26261264250641064
0.5626966545588329	1.954456128477572	0.8441786328167395	-0.3737217205166704
0.7248988664544794	2.078310512285624	0.7471568158614125	-0.48531921411371215
0.8708572703701646	2.2135025336692618	0.6432717431767223	-0.5983853278529201
1.0024698759992088	2.3651668349071695	0.5375356334754934	-0.7119679189851826
1.1214779820351009	2.4370143211359174	0.4336458285768026	-0.761850698197355
1.2599393959353886	2.5339120948358254	0.30548172407624896	-0.8197665796048594
1.3817950141239361	2.6464767605494597	0.18757672260854247	-0.8782558994542631
1.5651733491491608	2.7681230315894165	0.005649165800302686	-0.9292181164416736
1.731491006951357	2.8954565083575883	-0.15967579681281305	-0.9679234751334299
1.896914324940722	3.0251466850399265	-0.3199684182424172	-0.9912579303145977
1.9891310226403771	3.155341398050167	-0.4054071632107657	-0.9979453927503363
2.1021435199262353	3.2855361110657793	-0.5056858781461302	-0.987744038013028
2.230096501818293	3.416215480936918	-0.6113501280763302	-0.9607026470243945
2.3724871728850854	3.548100046109182	-0.7170570621171743	-0.9168286234114765
2.5315581539066283	3.6813233505017973	-0.8183596271178201	-0.856377628191946
2.655421925558903	3.815521627387019	-0.8826424422512618	-0.7801698458247508
2.740297868885163	3.950267160129675	-0.9187834032642193	-0.6895484366034095
2.8328042295005016	4.085430627138974	-0.9520423228658079	-0.5860815934833411
2.9310967634798626	4.221320406625422	-0.9769575969368016	-0.4712655011290582
3.029389297422666	4.358696087770779	-0.9918000919290749	-0.3463383700280038
3.1235872721788507	4.498826038428708	-0.9979453927503361	-0.21183063316565554
3.211901391795413	4.643716759788786	-0.9971537871674908	-0.06855699746100524
3.294683094728276	4.796442504733838	-0.9865751488988042	0.08377231320498935
3.3729595282653957	4.959325756132094	-0.9716672022391293	0.24402093397376032
3.4532624062254893	5.040380670502179	-0.9513119612857789	0.32155114006037677
3.5384303424637107	5.149907022113025	-0.9204548585973737	0.42319085427260406
3.626156880595948	5.271392759639765	-0.8834302405189275	0.5298946743004084
3.715517426675005	5.398106706368436	-0.8396094882661579	0.6327512162724869
3.800505736484416	5.527239963033045	-0.7891448565348681	0.7270453924690169
3.9498009286328664	5.657552873141723	-0.6898725635531568	0.8098684858635776
