0.04517219858123733	1.4297612354046612	0.9971077897146233	0.14045172495364497
0.21765064516968996	1.7378998957174663	0.9747078641710967	-0.1659982014734299
0.36066830731570765	1.9989469684558459	0.9344793725372647	-0.41437683986396817
0.4891262089139528	2.0470242036123327	0.881632374101823	-0.45830915793504884
0.598534152120606	2.0116914725102983	0.8246414185650641	-0.426022592868607
0.6833610850008438	1.9551346969029435	0.7740643419866211	-0.3743417870367059
0.7474660751627347	1.8864741338335929	0.7325381304949782	-0.3099665982202962
0.7942779926319583	1.8150060719084724	0.6999228670005396	-0.24149939437603601
0.8262547439332683	1.7505453576572103	0.6762673958214203	-0.17847302049763739
0.8481436086030251	1.6879720028330183	0.6600746499586513	-0.11674405552278277
0.8601981517349627	1.624439938482219	0.6511570493259904	-0.053546398759412354
0.8651207643378747	1.5592972216240422	0.6475154436026039	0.0115182514046646
0.8640862048998783	1.4929272272529475	0.6482807806044153	0.07762068245353854
0.8569107996608566	1.4325763773566693	0.6535889368405126	0.13765151081222393
0.8953030401471985	1.3756163565402044	0.6251874732343806	0.19359634230415618
0.9224705078175552	1.3210889637433374	0.603103952990528	0.2467202067006425
0.945583676414212	1.2715430937813985	0.5841601580831826	0.29459947911241574
0.9684452297885175	1.2254150621491806	0.5654225896457328	0.33785952832973093
0.9913351168569839	1.1838463719879497	0.5466617986159799	0.3768437103692304
1.0158838496074662	1.1310878573475793	0.5265414003021097	0.4251315557491769
1.0430154755795942	1.083821157552103	0.5031629830641309	0.46700947451859043
1.0734100472215737	1.0388480957166701	0.47623363517731776	0.506855248361602
1.1075907534808302	0.9946370153003817	0.4459498022378468	0.5439555280908015
1.1461441791674192	0.9497225677208818	0.4117917747857142	0.5807678794464626
1.1888433587859522	0.9028565202977785	0.37215740819741017	0.6191797824613356
1.236706376194001	0.8549026474735055	0.32727024489354106	0.6550745094599306
1.2906811922343833	0.8043927576335295	0.2763452859018222	0.6924402578472941
1.3518086192396457	0.7500067467341139	0.21679127136767673	0.7308923231290076
1.42115116750524	0.6943775539360513	0.14901613637643518	0.7669280454558949
1.5001170577438647	0.6360702545147698	0.07046897736785895	0.804178190813642
1.59034492096945	0.5739320234643854	-0.019492240538838596	0.8380535452844411
1.6939049394622843	0.5130386082318692	-0.12259693073484344	0.8712502744328209
1.8132483550465952	0.4522154428966342	-0.23981548193401778	0.8976363856065497
1.9515033029316284	0.3981582402610418	-0.3710234690329782	0.9210748613208559
2.0603775943112863	0.3502202708310302	-0.46999451313548213	0.9377693796182356
2.1974206934544966	0.31588434326426323	-0.585820651113957	0.9485815015889076
2.2792409311562607	0.2943504151043538	-0.6497464720211885	0.9553623714902637
2.3853872924171458	0.32646966961228235	-0.7260253030531137	0.9452482629760406
2.505809068717664	0.3761047008183801	-0.8029693770923214	0.9296185698397508
2.6349127034847175	0.4452457972265888	-0.8725851006296605	0.9006583301913611
2.7691365789643334	0.5343585781560182	-0.9295982068031003	0.8596274534049465
2.906405035838888	0.6423602231107518	-0.9706987170752814	0.8006240600037027
3.0452088075211106	0.7661682093540093	-0.9938216603311528	0.7204231800393169
3.1844467439776425	0.9006252154001221	-0.9979453927503363	0.6210085833105223
3.323684680439433	1.1192434426302036	-0.9828690487149814	0.43562561265502797
3.463585337306181	1.3267485855968557	-0.9485224810542416	0.24120626281922936
3.60615289033247	1.5316483550483933	-0.8932398258433856	0.03910488059593323
3.7544634998613398	1.7340855652595837	-0.8166643403597154	-0.16223534311464927
3.911827663885354	1.9423448683190376	-0.7162718063302131	-0.36265461709871205
4.080571187120481	2.136016636965247	-0.5898782543224839	-0.534632388165653
4.261275895240921	2.3151147341746565	-0.4353596057716358	-0.6771713965495963
4.452047276631807	2.423941482301257	-0.2569539914479682	-0.7528284084903423
4.651231475012806	2.5257016085968464	-0.06105128783274379	-0.8148591650259926
4.852823565743163	2.617733672788214	0.13985440321612141	-0.8641608230135837
5.052197868088612	2.7013040049501034	0.3326336105476452	-0.9041603158750187
5.2465283362512	2.7796789760309295	0.5087965674360125	-0.9335517107147216
5.435397203682285	2.8564471651315597	0.6603376423027838	-0.9580353540477526
5.5531624239331245	2.933215354231262	0.7438375578059437	-0.977494619099914
5.669801061821519	3.0078038357554924	0.8165457234697928	-0.9890416950521126
5.780915231100492	3.0742092181753455	0.875933370151896	-0.997527610354956
5.8858074587760845	3.1244621919506366	0.9214132287299854	-0.9979453927503363
5.985893342143617	3.1645610834206637	0.9544360998297239	-0.9979453927503363
6.083673799159909	3.187230567114833	0.9781729416780094	-0.9979453927503363
6.181188525640195	3.198272348350387	0.9934695199722673	-0.9979453927503364
6.278169530516258	3.20046781556108	0.9996788582068072	-0.9979453927503363
0.11082165145091213	3.2154195126745995	0.9929044959015595	-0.9967042080111329
0.23613001034752187	3.2229794184920153	0.9711777936892334	-0.9957381308931901
0.3448172026629084	3.2248013356925878	0.9394707646160922	-0.9955053088765182
0.4833839726092737	3.24191022827873	0.8841221305008049	-0.9933189708400394
0.5883173104982793	3.254070537792705	0.8302112445108285	-0.9917650101092733
0.6955107770990903	3.302696423020253	0.7661939611885586	-0.9855511291175512
0.8437975514993716	3.352058095244032	0.6632897366818002	-0.9769653150369246
1.0274770582292072	3.40457498658892	0.5169298968199126	-0.9636532893088137
1.1516460542879992	3.4599371560329097	0.4069171573409575	-0.9496200400983353
1.2360866189790591	3.5125459804465655	0.32785146907919305	-0.9301617521850619
1.294762505385752	3.560122510157826	0.272369025250215	-0.9123200796388042
1.3337233860414732	3.684454881086617	0.23441099288228673	-0.8548419837498457
1.356395514325192	3.862326055310885	0.21232244239884562	-0.750685623295946
1.3660556330844693	4.0141721687040866	0.20291097391118876	-0.6417555389519178
1.3649917853803781	4.146970391214586	0.2039474383059049	-0.5348018288771893
1.3559242735997337	4.26779756722343	0.21278155344584931	-0.42940019136358454
1.3419917050618089	4.380602576065826	0.22635549937905727	-0.3253988148485001
1.3265961984689516	4.486953104458966	0.24135472752115827	-0.22351381740632797
1.3131544585238293	4.587430247788502	0.25445047872932053	-0.12442208440616351
1.3048958867178715	4.682402503100895	0.26249647591027425	-0.029917614943085376
1.3047160326815612	4.7726123692029745	0.262671700525757	0.06006854137284353
1.3152546462763144	4.8595235806601345	0.25240434955190294	0.14651889006547944
1.323804992060057	4.944437951578768	0.2440740886195536	0.2295163396829861
1.3489713439705537	5.03005817388646	0.2195555155194603	0.3118704384167006
1.3563686521809195	5.12007588682648	0.2123486131148204	0.39629135460198006
1.3829883852159008	5.217694749306675	0.1864140687420649	0.4832502395324682
1.4241418162116275	5.328115806793757	0.14604134613764275	0.5763854774679293
1.477767130239109	5.36897519580346	0.0927003902505761	0.6098742603754892
1.5431376652695759	5.438992111803258	0.027658442230587478	0.6629970508413796
1.6202422634524438	5.528508791253489	-0.04935375420162674	0.7278673195747797
1.7095082261162753	5.632157138103674	-0.1379896604048922	0.7950090999758107
1.811895880477875	5.7474213011450495	-0.2385197961479983	0.8588612686139863
1.9282186035740734	5.872648402610633	-0.3497462301269557	0.9157076390338945
2.0596701723160424	5.971227332169134	-0.4693899807019959	0.9498178850353554
2.1502021626960715	6.0743464893824575	-0.5467547287883538	0.9763911672174843
2.2595693884698345	6.178559875439993	-0.6343771752547196	0.9933012171359109
2.3806730734085675	6.28203993621218	-0.7227479495535092	0.9999266660955952
2.5096046823852283	0.10081556086034357	-0.8052380185960999	0.9935451492022929
2.6436179865933016	0.20025463826057852	-0.8768540097974045	0.9780309832231414
2.7810447864109977	0.36700885775845804	-0.9340639032119329	0.9324827815142056
2.9207143780850138	0.5311396501316394	-0.974325861166538	0.861382288166068
3.061593429139552	0.691284133133079	-0.9959154440916942	0.768931915141741
3.2028175551757854	0.8890892530135888	-0.9979453927503364	0.6297842523464059
3.3440416811979303	1.0730686565363718	-0.9789973224024803	0.47653610459966755
3.4859445547102044	1.262656679822589	-0.9401375518100484	0.3029333856681648
3.6305608915621828	1.461153541813238	-0.8812705953294374	0.10922588205275233
3.7810378996256566	1.6648574864470083	-0.8007807991135325	-0.09391551054429675
3.940838955545203	1.8704715871991142	-0.696102981318808	-0.2946359792985451
4.112766672666094	2.01833864474867	-0.564030856738091	-0.43209668768913656
4.297695612355858	2.163093510099109	-0.4020797677954227	-0.5577711202334461
4.4937179084113446	2.294193135828088	-0.21686983203576232	-0.661428569077708
4.69899356503795	2.4087521832447165	-0.01334643564862599	-0.7422687161364425
4.90555934050526	2.508585857548224	0.19163845928831807	-0.8046290661281341
5.1065042230044675	2.595527558241583	0.38356350075419005	-0.8532713568370491
5.295958792964827	2.6729282905476874	0.5500292523462891	-0.8912272385252393
5.47256072085241	2.7452786731708367	0.687830132113548	-0.920651254484586
5.636539755313327	2.8164795010385713	0.7978480909603719	-0.9473522741585347
5.790230807800112	2.887680328915765	0.8799724788662462	-0.9659523626371447
5.9365438146412455	2.9554354585435685	0.9388963096343625	-0.9823495626168526
6.078607048410905	3.011484165888699	0.9772050519758526	-0.9895120028593839
6.204347756388033	3.044140989721251	0.9949523206212074	-0.9936852043530637
0.046796628754468945	3.101714772717901	0.9970037834053789	-0.9979453927503362
0.172162914853414	3.1412432344832406	0.9833972803134368	-0.9979453927503363
0.29552781596488614	3.1525164357454094	0.9549916169304022	-0.9979453927503363
0.4137031490785818	3.140913726876684	0.9143347980168565	-0.9979453927503362
0.527847613487777	3.1774705006061743	0.8631769789121125	-0.9979453927503363
0.6828475458375833	3.1915969593746154	0.7743970046365793	-0.9979453927503364
0.8184754104775069	3.1898917716191195	0.6820223205985342	-0.9979453927503363
0.934954528044361	3.2356785543040565	0.5928719193424039	-0.9941153137811833
1.0335681094015619	3.271249930035912	0.5115332740956703	-0.9895696629518929
1.1130151921684894	3.303890597644411	0.44114379285461514	-0.9853985260551467
1.240914224361679	3.337682120864503	0.32332401713589254	-0.9806093490973219
1.339041412841682	3.403800976954153	0.22922985143942265	-0.963849485921141
1.4150986778981998	3.4974838816926073	0.15503653153851496	-0.9358101892496913
1.4734628412996655	3.630027817965938	0.09698185490225883	-0.8815320047211486
1.516623688745724	3.759656947222353	0.054049875828182346	-0.8135602124734742
1.545498478951092	3.8870457647574095	0.02530045773594585	-0.7335003321339625
1.5623047537316093	4.012744913985495	0.008514323507980325	-0.6428706472929894
1.5679755468952954	4.137026151149369	0.002850326193416932	-0.5432997490524366
1.566856606816447	4.259963972498342	0.00396792534027695	-0.43655842277981133
1.5607839069880813	4.381597964824474	0.010033347676656822	-0.32444522126827896
1.5525616437778385	4.502131424218208	0.01824575736930325	-0.20856985157256938
1.5455366942087365	4.622237777019631	0.025262288275267875	-0.09001023992858417
1.5433204666263616	4.743421195337254	0.027475859941999848	0.031027952808896038
1.5494538914088039	4.868468910682093	0.021349785424013355	0.15541678582142843
1.5672892744381683	5.00192519005941	0.0035357762251898676	0.28548660581158036
1.5976237535035493	5.072197574180056	-0.026762350157771817	0.35138984703191334
1.643923638128086	5.167443226192994	-0.07300674924065205	0.4387277911258742
1.709695883101007	5.279854398757175	-0.13817478507129907	0.5368299222890106
1.7990977415950318	5.408048773834045	-0.22625903574516457	0.6401060688082394
1.8221998124422654	5.554475588019757	-0.2483910783851248	0.7446882049934253
1.8867060359580257	5.620753526676872	-0.31018876305305876	0.7876220185850796
1.9777170561310178	5.71011710648996	-0.39497723716552435	0.8385244679708495
2.089161009948563	5.8145893442179695	-0.49459158308274886	0.8905340125089449
2.2187714870216904	5.927898851655147	-0.6025019398041542	0.936174076659707
2.365641941787995	6.046586170426847	-0.7122982161554511	0.9710881775547296
2.4542625510069267	6.167424867267931	-0.7721599797995565	0.992588283380759
2.559282536053409	0.005442077349639483	-0.8349305138079732	0.9996515637365726
2.6740448414682105	0.12662223533363587	-0.8917747743608256	0.9918928424364667
2.793796118321898	0.24852966727928333	-0.9388457796931233	0.9688091158424125
2.915771998879627	0.3721990375168444	-0.9730730627343513	0.9308484334544869
3.0384504392244422	0.4978882042188721	-0.9929580113487806	0.8778332908316873
3.160380110698678	0.6762174488655268	-0.9979453927503363	0.7786918779120672
3.2821612016691115	0.8494506766904908	-0.9881753162355345	0.6591077189786763
3.403798926877474	1.0235561864766693	-0.9638500055762994	0.5202530726977642
3.562493516441289	1.1997075105316184	-0.9114309286651749	0.36196872850326844
3.737164756713834	1.3793934727359658	-0.8270038137900606	0.18991644861584234
3.907961771123666	1.5586566259805017	-0.718959398304315	0.012158079361707513
4.102313110537749	1.732978346480921	-0.5728913774618087	-0.16114306558854247
4.284173872650196	1.8974512900337337	-0.4144357480777736	-0.3204828368161151
4.470251699331892	2.0489697132159868	-0.2395139505919599	-0.4600869379267616
4.721822136296992	2.187066288358222	0.009454777968991093	-0.5777307962763547
4.955807736154283	2.3133309012723244	0.24059346739853726	-0.6759312651525334
5.178538485564061	2.430425034111383	0.44855810237412386	-0.7573358128294533
5.384277104291914	2.5411827331658894	0.6224158647376948	-0.8241122462925683
5.570067235924593	2.6496256663116244	0.7547882310095642	-0.8798000643606532
5.737779696750532	2.760498592815368	0.8536050397028885	-0.9263588759552165
5.892117889674572	2.8771780660908344	0.9241493466596917	-0.9632902402352165
6.038489923131258	2.97720216688498	0.9695415701189768	-0.9851311209284827
6.181378033841166	3.077226267698071	0.9934816534876868	-0.9979131578178478
0.04079165143625045	3.167736506715357	0.9973882600903463	-0.9979453927503363
0.18392928773671996	3.2710195624254665	0.9811495772568519	-0.9895991015299045
0.32594637676291355	3.345647183108212	0.9454130439071151	-0.9785903584297682
0.4890929672252568	3.3914784476872692	0.8816467872507693	-0.9669730109896544
0.6442803306312747	3.411160149351559	0.7993802443384547	-0.9619840767207275
0.7876920581690775	3.4172167026013205	0.7047949498899563	-0.9604488565159552
0.9210658989717074	3.4082322700677845	0.604255185102625	-0.9627262380207642
1.046217914742438	3.3918060598076027	0.5003256475254564	-0.9668899675942242
1.1646893843326531	3.3723457711801035	0.3948096239254639	-0.9718227779006163
1.2769740043940871	3.3892012524733004	0.289506232076146	-0.967550236345154
1.3830712723380423	3.4139016431326	0.18633331512427756	-0.9612891605744724
1.4829358507541521	3.450204970967835	0.08755907783151605	-0.9520869625428914
1.577007524464235	3.499794503782844	-0.006170827500437331	-0.9349436829500022
1.666697207680744	3.562254190199073	-0.09575302706564547	-0.9115206783899081
1.721919297051204	3.635053429896146	-0.15023325139014743	-0.8790675379628843
1.7808506134834758	3.7321863611817814	-0.20836932509421147	-0.829979405015995
1.8415877325801688	3.8794743989138314	-0.2669649230430207	-0.7387639913528246
1.836380663730295	4.017991594135622	-0.26197649276000934	-0.63877143730466
1.8449928101701147	4.150769537210869	-0.27022702551475997	-0.5315552419888202
1.8609512861017656	4.28014648505579	-0.2855154242095623	-0.41811591962293504
1.8824413787012901	4.4074302594445305	-0.3061031736323082	-0.29969759367247967
1.9104420199818286	4.533395124553837	-0.33292810161668923	-0.1777280360997589
1.9477308278976395	4.658632073647346	-0.3675762330892105	-0.05365955803723348
1.9982988666920811	4.783812179306579	-0.4137846133614361	0.07120896241305814
2.0670375438106907	4.909877727076824	-0.4756858197457358	0.19584569111937283
2.15970554406569	5.038165834332701	-0.5548759100696097	0.3194740099876297
2.283189605544325	5.170469281204119	-0.6528315553556132	0.4414088517138999
2.3688659585932426	5.309082489744688	-0.7145395720916593	0.5607855715927919
2.4136412123410045	5.45665858260969	-0.745667598663799	0.6760661924518092
2.4692382520462735	5.615977212026325	-0.7811109689943667	0.7845279965467279
2.547522536882229	5.789518458981386	-0.8279015523432885	0.8796636140032161
2.6425803134843155	5.932824254382029	-0.8763451541757298	0.9377250484496542
2.7489900729675716	6.028139672388401	-0.9220430663772032	0.9675643856066499
2.8623946356731222	6.125795581827119	-0.9595429238760298	0.9862193686091332
2.9783933389704975	6.228960095480761	-0.9852833402977637	0.9965281584707455
3.092690701844904	0.048497835115042395	-0.9979453927503361	0.9968948613983009
3.2059055232864813	0.17729821209077484	-0.9979199966294301	0.9824162963338058
3.3179861124059356	0.307221922791345	-0.9835972662768351	0.9513092317931467
3.456715464287586	0.4396718958563312	-0.9504366772279046	0.9030750988277518
3.5967920113169383	0.5756773080744636	-0.8978302270686072	0.837102083779673
3.739959429783556	0.7154010381469994	-0.8253334353293539	0.7533093607102876
3.8885969680136148	0.8580493841163374	-0.732421926270537	0.6527466451543488
4.045546754447336	1.0017397450585321	-0.6172427019619776	0.5381340564367522
4.213951852810136	1.143845844854485	-0.47756235053320095	0.41382808064329435
4.396778505196461	1.2808626329166508	-0.30990209355335857	0.28585937667561195
4.596087209496473	1.4086439510271405	-0.11588194319811353	0.16141887404701
4.813813838807714	1.5599738708964985	0.10105153256880048	0.01084241302518774
5.045063519191284	1.6916338073102495	0.3259428354698643	-0.12035644614743214
5.2600575630991555	1.808429504852284	0.5206042285702277	-0.2351989694715064
5.468865691645038	1.9115755982089546	0.6850966569053453	-0.3340140822555845
5.662414505796192	2.0013880677662703	0.8125188595014011	-0.4166074829323476
5.839205720718986	2.0795232074838124	0.9012073421424209	-0.48635553131075554
6.0039951369117714	2.1502329901353745	0.9601362170769068	-0.5467810725930776
6.1634357393564505	2.2200096531816866	0.9923328741437142	-0.6034693140189034
0.03887621111349917	2.292872241093124	0.9975108987126955	-0.6603965593618185
0.1979443044014201	2.376139337108074	0.9784723209682957	-0.7195960687215689
0.35600286136394643	2.4748360351216148	0.9359484859194482	-0.7844567686795118
0.5100286543494751	2.594083570696056	0.8725693550067964	-0.8525632521614954
0.657021088687819	2.7393788510434716	0.7911269802433539	-0.9184387624193503
0.7965529886592141	2.8323447954939303	0.6982398910644207	-0.9519258651479344
0.9294555205981386	2.9370798313246658	0.5973789634034361	-0.978474189999403
1.0568988514297883	3.03919535806176	0.49086242286814885	-0.9930532042071094
1.1795767246996496	3.1311156039585404	0.3808478949246242	-0.9979453927503363
1.297441787020733	3.20783496274069	0.26975870799578533	-0.9976734343901396
1.4099437578900824	3.2702320322288427	0.160152524053241	-0.9896997396755405
1.5162683156671468	3.3220349795409865	0.05440336447531875	-0.9830798632843596
1.6155561925078699	3.3750013092774713	-0.04467329902017421	-0.9711496498732548
1.7071760894556567	3.43526022701539	-0.13568899452810845	-0.9558751687923525
1.7909937598563905	3.5333398451735034	-0.21837559579757485	-0.9223638457870802
1.8676550917367711	3.640210876285752	-0.2919377450978091	-0.8765384220340723
1.936721404424076	3.7544168282069093	-0.3575159729214717	-0.8166922360470967
2.000056815170981	3.875017702419103	-0.41539100256988853	-0.7418623136469511
2.0604434637190385	3.999974431349158	-0.4700508023004056	-0.6528481737441473
2.1182463618159693	4.1273981009036715	-0.5194466747556404	-0.5515274669971589
2.1771965450632953	4.255995023932068	-0.5698229677922738	-0.4401851935426009
2.238198080330636	4.385041516460521	-0.6176798586123577	-0.32114626022942383
2.304936692891526	4.5142149499813256	-0.6698224667738664	-0.1966493857337155
2.3779409764577997	4.643430559698085	-0.7208485792683008	-0.0688428545710019
2.4593957182178086	4.772727213880745	-0.7752280781890101	0.06018277706548064
2.548802122697743	4.902194718955726	-0.8286663618689596	0.18836044268464855
2.645808533024481	5.031929796193277	-0.877928213085889	0.31362569374072324
2.7488628654351492	5.162008219386286	-0.9219953622854447	0.43391241847351286
2.855815268705629	5.292466655896429	-0.9578751804109651	0.5471670602528329
2.964505379176191	5.423298282200345	-0.9835086038795822	0.6513872118566884
3.073195489668751	5.554466637474472	-0.9973980664244256	0.7446824069699712
3.1808257529770136	5.685914685574121	-0.9979453927503363	0.8253302464148682
3.2867193634595564	5.8175676981275	-0.9875928306977535	0.8918253866898793
3.4207178899387456	5.9493325343384305	-0.959561372608946	0.9429233800242864
3.554815274393113	6.081107607199956	-0.9143103459153583	0.9776827279503489
3.689217395655624	6.212818327861263	-0.8525065350514455	0.9954946602616799
3.8243287937936996	0.06129024953446462	-0.7749057950042939	0.9960758099967597
3.960760168700353	0.19303412079628304	-0.6822536337319444	0.9794103020102969
4.099318595054682	0.32509658204109015	-0.5752309803015392	0.9456806377900682
4.241001345664272	0.45758983502249506	-0.4538862110943016	0.8953061214940998
4.386907108964734	0.59041351415211	-0.31935900171372317	0.8290684755485302
4.537963970754119	0.7232554303789794	-0.17322084373545119	0.7482214080853855
4.694549966140115	0.8556701890172808	-0.017784709360583642	0.6545067045351443
4.910656997110038	0.9871539104754835	0.19660490283754328	0.5500887591309429
5.12824489388485	1.1171833595385783	0.40395245859660345	0.43745082983208133
5.296907828940124	1.2452098356201047	0.5508070921652014	0.31929548290448273
5.475835067722662	1.3706507636336474	0.6902523987562669	0.19843412145854938
5.654918891665257	1.4929607300801377	0.8084325412820127	0.0775873572812825
5.829457542720632	1.61200301211215	0.896980663325661	-0.04112437673741637
5.997833059079983	1.7286900670429075	0.9581958257191804	-0.1569126539065212
6.162847698185547	1.8457815571810512	0.9922952240231504	-0.27098265398606114
0.026285035369311257	1.9684638229572888	0.998317065539551	-0.38652175960632273
0.1731077564027027	2.104611162002068	0.9832167894128518	-0.5077946190095831
0.3193731354495052	2.2647873174547497	0.9474829075123732	-0.6384539220739134
0.4632825537313595	2.3659078097050523	0.8928378352583959	-0.7124830491355938
0.6028893884695053	2.518898225868763	0.822267112560063	-0.8107927774073272
0.7376429998673532	2.6232648385816786	0.738901365263195	-0.8668732039975804
0.8675450590382839	2.7727551260614893	0.645722020847589	-0.93095519800848
0.9924760432096053	2.89616348541423	0.5457266834352958	-0.968102680271552
1.1117847270109267	2.9930752823364797	0.4422339751635128	-0.9871595395356076
1.2509483421995697	3.091800733517718	0.31391376449427943	-0.9979453927503361
1.3804276150308525	3.180030350649079	0.18890892501674245	-0.9979453927503363
1.5032426249130482	3.243055870616728	0.06735998409635965	-0.9931725696976419
1.620917556014652	3.2864348624880106	-0.050028237496729994	-0.9876291869547336
1.7239072341547428	3.3254850797614877	-0.1521943624761893	-0.9826389764587649
1.8239249861465638	3.3680475953310838	-0.25004381411766385	-0.9729122831249513
1.9182776744608234	3.442529230291945	-0.34043474637541543	-0.9540326157364272
2.008251099031041	3.5461653328521328	-0.4228788267705342	-0.9175541601543342
2.094688796272385	3.6570112806543547	-0.49931539170136546	-0.8682998157376027
2.179375898975151	3.7673586978142017	-0.571685349980868	-0.8089568696217684
2.2648342863921713	3.92081915802775	-0.6384906187148197	-0.7100208653491867
2.351718592852406	4.064108696887266	-0.7026186199641765	-0.6027403313818472
2.4425277691718876	4.201985313116004	-0.7651460907580406	-0.48778844105673563
2.5392896021713995	4.337224547190224	-0.8229807202937842	-0.36595876931242066
2.6422967909977317	4.471636236846172	-0.8762061200136995	-0.23818754814495421
2.751514350644753	4.606547054130135	-0.9229896956501962	-0.10556324788686115
2.8656160427087927	4.743205311348009	-0.9603594888371572	0.030812327533904997
2.971706897634823	4.883082579087399	-0.9844288828308491	0.16974024695157844
3.077797752276729	5.028168109534305	-0.9979453927503361	0.31009788767033375
3.1823348734093657	5.181286526954721	-0.9979453927503364	0.45099284511332544
3.285132962203646	5.346424764010485	-0.987795556232995	0.5913916904426069
3.386783388992433	5.436031280200537	-0.9681631184110973	0.6608067136809714
3.4909105758105867	5.546386591705015	-0.9382752444314197	0.7394482795075494
3.5975802591082044	5.66693787094303	-0.897443684990582	0.8149848228086886
3.7273218124936833	5.792309874140716	-0.8328869498868755	0.8808739340573548
3.858150023912343	5.919946142263064	-0.7535888255217159	0.9336698290672308
3.9901669446880264	6.048517127835978	-0.6605107234196298	0.9714570438921882
4.123560751971268	6.177358825697172	-0.5548067004728471	0.9932243183236206
4.258686409611818	0.023028495542379287	-0.437725842222795	0.9985255698470235
4.396106500412045	0.15192972718210618	-0.31054588166401353	0.9872623794586263
4.536583797047391	0.28106746126130366	-0.17458239282677313	0.9595450724469394
4.681005646053307	0.410597624874273	-0.03131279800443082	0.9156813115265096
4.830203174700137	0.5404956776725586	0.11735396097804124	0.8562817446837439
4.984660383351325	0.6705478540263444	0.2687034509967878	0.7823645529061548
5.144176632928903	0.8004269802680343	0.4181137751913868	0.695374024673333
5.307558724482532	0.9297520001227314	0.5595366776346782	0.5971359656818289
5.472699810275883	1.0581027104258056	0.6879330264262716	0.4897958134060289
5.637205800705892	1.1850255941129562	0.7982795447639651	0.3757378056652826
5.797928446109856	1.3100864030461552	0.8833100712643709	0.25743956283543284
5.954278828137666	1.4331078283994203	0.94448093025374	0.1371228778868673
6.1074683972286214	1.5545707522395973	0.9827183688321265	0.016239056612707206
6.259666500270199	1.6761280300376016	0.9984941770075505	-0.10505991002817767
0.1228744557509017	1.8011929004999119	0.9921327990247433	-0.22826622144409733
0.268970124622227	1.9353971908474095	0.9633544315798079	-0.3563059247176847
0.4135370015047485	1.972577007034714	0.9144068373693279	-0.3902803308009053
0.5551701868327811	2.041051435480823	0.8482817712199925	-0.45285132433741737
0.6929908513612005	2.1250910234103118	0.7678263297275847	-0.5252958283836544
0.8274033613602384	2.218357133770438	0.6754176820345661	-0.6021782072842313
0.9590436523480065	2.320200803362957	0.5731282209222825	-0.6807072625378279
1.088319607316093	2.4296378605019116	0.4630238839311407	-0.7567885649864693
1.2153308686156434	2.546748025791443	0.3473167432409577	-0.8274386264083575
1.33987930120294	2.6710366964503423	0.22841353022177924	-0.8902996359093238
1.4615200576462029	2.7689624538536948	0.10886130973774319	-0.9295329081521699
1.5796531347288207	2.8708749040620334	-0.008813267279400235	-0.9616925094300016
1.693640052393141	2.9740423330698733	-0.12233561815763899	-0.9847273271221837
1.802957340960509	3.077209762071695	-0.22995657516900095	-0.9979110485709413
1.9073694356269313	3.1794214928807976	-0.3299845313884122	-0.9979453927503364
2.00707777836257	3.278285723271749	-0.4218066624366481	-0.9886705619556793
2.102914919502665	3.368371182693528	-0.5063450830708631	-0.9728302599285313
2.196327541231908	3.4912881052712437	-0.5849665757021956	-0.9381336671231443
2.289337934626579	3.5977866896169943	-0.6576352200091371	-0.897342455302761
2.382116824479566	3.780482073441695	-0.7237516540094295	-0.8011130168944405
2.4766551694983208	3.93021639147006	-0.7855440668371755	-0.7034878519586941
2.5744825397324846	4.1489723176187985	-0.8429512705942204	-0.5330910686111306
2.6763415308086977	4.318191850229836	-0.8929010281608195	-0.38335058674727596
2.7815126832450248	4.4675477089947	-0.9342393691853615	-0.2421044036226216
2.889183321773173	4.610301877433172	-0.966333342529035	-0.1018590936696042
2.998068094096786	4.752446039505336	-0.9877975688063845	0.04000914736622718
3.106952866367904	4.897907726785184	-0.9979453927503362	0.18418379716658623
3.215155252597404	5.050374127137494	-0.9967379776929159	0.3309232595850452
3.3225509637836184	5.214325090550452	-0.9830139258795738	0.4802647487686883
3.429031354432786	5.301631791251487	-0.9574540686463482	0.5546789011213062
3.559289447914756	5.412049945170387	-0.9126324862779961	0.6430660190651525
3.6900043476894724	5.533035008250073	-0.852120628388794	0.7307993322586998
3.821410849982995	5.658871987862503	-0.7766498524912895	0.8105876160672978
3.953732131562282	5.786990147767539	-0.6871395675563795	0.8785673722797321
4.087243181966107	5.916126851650453	-0.5846654517252814	0.9324671635541264
4.222367893426833	6.045649925665805	-0.47037036392755843	0.9709093288787634
4.359781145846943	6.1752618658930265	-0.3453459782208454	0.993090057674282
4.500485546589969	0.021680000171832553	-0.21019351907053047	0.9986119090623589
4.645951500945747	0.15131964622479752	-0.06632493440625878	0.9873789218159107
4.798229870499055	0.28110226500467517	0.08555020113283732	0.9595341130133361
4.96004435103208	0.41108529549135964	0.24472103232918846	0.9154698641086285
5.088576548168787	0.5412035485519041	0.3667504682379294	0.8558958409244632
5.23335972729989	0.6712761994230533	0.49712928500767767	0.7818927421328232
5.388247933238828	0.8010518912955419	0.6254579824654816	0.6949117336587947
5.549523777643136	0.9302359673293722	0.7414804995644599	0.5967393010935815
5.71466309332922	1.0585024052679997	0.8410027637478026	0.4894416869659266
5.882027053853227	1.1855326807371809	0.9197740960213998	0.3752622468446438
6.0510687595819075	1.3111356634134295	0.971944476215767	0.25641731030127374
6.185573154708207	1.4355304985627042	0.9937502516985584	0.1347130543799613
0.036875205409122876	1.5597604014186486	0.9976390157727693	0.011055626682322326
0.17137303308393653	1.6862045799874876	0.983548169604912	-0.1150004829872514
0.30572600684866386	1.8191293136248687	0.9517802843254743	-0.24544950612513378
0.439658470016509	1.9652209255251931	0.9030809200912518	-0.3835584444116157
0.5729412656337428	2.0197046677247443	0.8385936680420478	-0.4333449407486557
0.7054938454610548	2.1122814050168146	0.7597270854104401	-0.5143492790375583
0.8373648990788977	2.229362457843115	0.6680484259715276	-0.6107766224863523
0.9686659435166175	2.368727877724288	0.5652416903639715	-0.7144435774384044
1.0995276473892002	2.5320871829631515	0.4530936498810192	-0.8186758282329625
1.230104013659206	2.6214742367038952	0.3334621095385153	-0.865995126090578
1.360629352781805	2.734497465433526	0.2081975824246372	-0.91660819419268
