1.5801455418896841	1.846364418582153	-0.009305084342075328	-0.2715410417369981
1.9088753109080985	2.3078004070640183	-0.3314271767752107	-0.6720598750784904
2.0251359023223827	2.5739399189327874	-0.43830792843056926	-0.84268517943124
1.9898868320662952	2.784165005032398	-0.4060978114976832	-0.9352340162751096
1.9040748399627558	2.97581624691684	-0.32682827183907875	-0.9849540148109123
1.7928104276599275	3.171748811041347	-0.2201677487599748	-0.9979453927503363
1.6775016738363209	3.382957882104814	-0.10641501732867815	-0.9691328111100921
1.56446210488402	3.6077906515896414	0.006359557714004246	-0.8924366981382774
1.4615387890660925	3.8326239730350737	0.10884267764467008	-0.7699477593461653
1.3779584103667324	4.036738954982367	0.19131457265576596	-0.624124200072955
1.313448707562078	4.19891296629865	0.2541638036252136	-0.4904139366032352
1.2143529151945414	4.341000882210724	0.3482338930007053	-0.3625080061659214
1.1664075275846788	4.474417120878483	0.3931983051890036	-0.23552343009307575
1.1015776342960637	4.603184301512454	0.4512773778430842	-0.10888062217723059
1.007248136952534	4.750638120063458	0.5336193207840928	0.0382108147513889
0.8979644483285499	4.895356088373455	0.6231893758526306	0.18169783761450292
0.7801115908013403	5.0444632772072655	0.7104027593153752	0.3253799131674788
0.6561273890131014	5.136513206318561	0.7917059049356223	0.411324040378677
0.5959801891392635	5.247583081430086	0.8260337401654027	0.5097310632462757
0.5282015536648053	5.371291402014783	0.8629840244498498	0.6117726472300182
0.4655207992617139	5.412226203916424	0.8918673621123931	0.6431964101623486
0.4105621029947813	5.474567863077751	0.9156967133355045	0.6893149575924262
0.36982522329252776	5.5504240875510416	0.9315959294666194	0.7420637062625542
0.34213630617266516	5.638361268200165	0.940314958493974	0.7990280385616826
0.33164544665323903	5.7419345447989105	0.9436184502223001	0.8558701017754958
0.335492521414275	5.866775425947532	0.9424070356925562	0.9131611953746338
0.3860336977490794	5.9868011878631044	0.9263318998163438	0.9547219735295258
0.44742975113141914	6.138991805147504	0.899711397163683	0.9887402126947975
0.519471464383577	6.272537071600498	0.8677433306606032	0.9993182325095916
0.5996734537558408	0.1330291690525038	0.8240203154842339	0.990872909458006
0.683395453780983	0.265710001299581	0.7740420784275883	0.9643810195738366
0.7692280550597359	0.4105951686828859	0.7184410597771203	0.9156823764980466
0.8540116718331436	0.5100270971536929	0.6557336273416465	0.8725700301859352
0.9376424053635914	0.5499081472248235	0.5906689069575518	0.8511504312050894
1.0190139223029666	0.5388727923575434	0.5239759599584081	0.8571664788382616
1.0977544536572184	0.49206779584368543	0.4546646853751764	0.8803569415886234
1.1751705505503294	0.5259264572584985	0.38498011786618413	0.86422431880513
1.2511206876638006	0.5261245902618554	0.31375213450485234	0.864116304373312
1.356286558943753	0.5022514358013817	0.21242859328213465	0.8759414523255045
1.4588508287213866	0.46488995172353653	0.11151638458277141	0.8921408891167903
1.5741185010542404	0.4193310131865944	-0.0032852662811169546	0.9118946318634527
1.6955828458965612	0.3682254619315477	-0.12425219482933814	0.9320996821299267
1.8280047039972516	0.3124071318005892	-0.2539522295158982	0.9496764489844587
1.9754732880011825	0.2605090110980173	-0.3929269126234239	0.9660187717597424
2.053245942194306	0.2099252434518026	-0.46390010974112766	0.9761836298320062
2.1561908020573837	0.2287446290924817	-0.5518723626062243	0.9725886060258497
2.272852441607913	0.2484442693079145	-0.6447551709665036	0.9688254292197952
2.3972276011188733	0.32292782473261794	-0.7342567571050773	0.9463635629418174
2.5259098753346176	0.405655366226515	-0.814983646231549	0.9178242083772805
2.6570608821648873	0.4967851538163488	-0.8834461561332286	0.8783115586444982
2.789695581443054	0.6400007088795714	-0.9373080375185638	0.8020354594775826
2.923193888211476	0.780135462855905	-0.9749543694759848	0.7103850994632714
3.0571023910786717	0.9135679408168114	-0.9953415362664894	0.6104005900875025
3.1910965220399423	1.1438389073174917	-0.9979453927503364	0.4138342272456999
3.3250906530055846	1.428546946767988	-0.9826893800845223	0.14165957460035752
3.459356824817147	1.6556464309860563	-0.9497671429423389	-0.08471549356444738
3.5944384201070467	1.870263350857927	-0.8989843844886135	-0.2944364865512143
3.730604974655296	2.069932538929867	-0.8309246010822224	-0.4781597581532109
3.8666143495192355	2.24873592776686	-0.7477043752874217	-0.6259130362084829
4.055233397803664	2.403871001629749	-0.6096745666719536	-0.7388752892254505
4.2686276975185775	2.5372642560923366	-0.4286416296857309	-0.8217701692269718
4.464222789357281	2.652466268688522	-0.24528971387798365	-0.881193043012513
4.648823392508832	2.757097065233553	-0.06345648450313188	-0.925083269229797
4.825670422362977	2.85571232939049	0.11284524439804068	-0.9578490872669029
4.995136197106776	2.9524761570107425	0.2789096185914981	-0.9819713947447913
5.1473483520514565	3.049239984638921	0.42092389301954974	-0.9943368027239218
5.292757294403054	3.1438454236869133	0.5474052706149759	-0.9979453927503362
5.4307859763377415	3.230254791279918	0.6569263903428403	-0.9948084141289011
5.561359941820091	3.300570572452132	0.749147781871512	-0.9858227906487433
5.684878566828745	3.3472034359012173	0.8247653946451903	-0.9781958781646687
5.8020656013105425	3.4306934135379765	0.8851038860932899	-0.957032768508367
5.914069191544065	3.4949523473657638	0.9318192220648165	-0.9367595398385902
6.022522246059832	3.5399257818793823	0.9659702625816705	-0.9198940539205906
6.129306970863889	3.564786893623363	0.9868901411529819	-0.9105708893778216
6.235859612319784	3.5746574280962764	0.9969699092420758	-0.9068693406311801
0.058968387571065796	3.6684281327328967	0.9962244703069213	-0.8627012035044399
0.16274640705561058	3.747738209028254	0.9851960940659317	-0.8206840523866011
0.2755354476307541	3.819031936500964	0.9612870613884239	-0.7780717310943077
0.3759357566675756	3.886097479097916	0.9296717690655814	-0.7341595860462459
0.4601636684454282	3.9532277977144967	0.894190141953265	-0.6874901834904293
0.5255729720457418	4.018847966573718	0.8644170252385108	-0.6381023569811934
0.5696506902411425	4.082218192554654	0.840387562170557	-0.5885914556358072
0.5951105656929998	4.138032353000339	0.8265078251530236	-0.5424398921952357
0.5967022359764946	4.25288904607204	0.8256401082234845	-0.44302339351030606
0.6545032209253072	4.347289263293424	0.7927580156580698	-0.35676176978235774
0.6801324292330511	4.430587297878365	0.7761558147706974	-0.27751289146885927
0.6769257292744963	4.507582102621862	0.7782330649244358	-0.20319272680095143
0.6473534956300762	4.581239936325968	0.7973894960462132	-0.1305288613326657
0.6824794482062522	4.649431739886261	0.7746354525335313	-0.06284886616604579
0.7803726086165568	4.720260117501978	0.7102096659224001	0.007894631089201264
0.84474500415775	4.797432215067799	0.662588838743712	0.084756775416954
0.89025047837472	4.885826385478314	0.6289252115763208	0.1724134281026409
0.9248686854642301	4.8790246565292765	0.601138381489589	0.16578677482221701
0.9549759088831473	4.910609820884041	0.5764621860431502	0.19655894092181536
0.9837899745669023	4.960132828137041	0.5528458762119318	0.24480723204432403
1.0110534743138577	5.023173466203561	0.5305004264522873	0.30541378326211494
1.03778704810239	5.101084859467974	0.5077953280793223	0.37848108286165044
1.0640555061537602	5.09039705439263	0.48452168390206773	0.36845778559046305
1.0890677489168403	5.118683575926635	0.4623610364440159	0.39498560978864594
1.1493527434359734	5.1663384965359285	0.40894901245226656	0.4377490094668854
1.2038758465177677	5.2274881160709015	0.3580595562812051	0.4919270843218434
1.2570066516764509	5.300669922233876	0.3082321267380186	0.5538905432065896
1.3114879505860075	5.386971838209476	0.2560740909572941	0.6245139644536386
1.3871973345383652	5.490435986316685	0.18231345725874581	0.7010537339430414
1.4648261310908957	5.614213556720056	0.10557276735862747	0.7833855281825406
1.5478138619054558	5.685172822376543	0.022987849524508618	0.8249258113615686
1.6382143141595866	5.779122420241741	-0.06730426729639216	0.8751560314861045
1.736829596565279	5.891547260992068	-0.1649423453656086	0.9239019297408602
1.8442027184714858	6.018901786205564	-0.2694701088175874	0.9648302073593921
1.9602001376830172	6.121234671285183	-0.37897051734526216	0.985348108394317
2.0845484572380157	6.224762232108596	-0.4906498937750402	0.9962593846673242
2.217007292249787	0.05011210741653244	-0.6011235815617201	0.9967915054603476
2.3574323986096615	0.15743991007119135	-0.7065908922028077	0.9862097819381357
2.5057867757525734	0.2664984210033636	-0.8029560525682058	0.964132752216422
2.6615066842940265	0.3808866746866743	-0.8856262949328897	0.928112762704527
2.7710522263454354	0.5050501317797109	-0.9303165936525646	0.8747279754062123
2.8849300653998546	0.6414145269536298	-0.9652552235311294	0.8012366672052373
3.0002639736490617	0.7899843178683308	-0.9880781793113891	0.7030992027910782
3.1155978818943484	0.951882455446547	-0.9979453927503363	0.5789976128589636
3.230391089937697	1.1267949404355337	-0.9947909965819545	0.42893504587022174
3.3444161997567963	1.312641949112963	-0.978902389123613	0.25494979621083314
3.477709692346369	1.5098269982572066	-0.9432257072230372	0.06081052560899787
3.633912597316806	1.707903558731251	-0.8796269810730117	-0.13640664704265898
3.786786015458453	1.898341263336016	-0.797345145411933	-0.3213354412083701
3.989182402474515	2.072971329768387	-0.6612799422704224	-0.48075657820237105
4.177931846821911	2.2259261703154833	-0.5083434995795258	-0.6080918649343414
4.408540420302073	2.3557160858163804	-0.29863404713594577	-0.7053977011929626
4.613245957660517	2.4636538285601755	-0.09895474203706743	-0.7777731543470273
4.814886999012591	2.5515312855889998	0.10211900214331524	-0.8302975848405144
5.011914506053346	2.6115476536911166	0.2948548421367384	-0.8611273141309836
5.201693141890651	2.664218322093569	0.4690729430753873	-0.8869560317510585
5.383116463139741	2.714453747754454	0.6214645911009437	-0.9090916004097798
5.558172292502878	2.7646891710195542	0.7470828724257186	-0.927930384523671
5.728502842609348	2.8112315042513436	0.8485476584885492	-0.9453842230886105
5.897219870792949	2.8426238649100593	0.926361497024631	-0.9545314122971348
6.017215085605942	2.8411059281888185	0.9642990781922636	-0.9541466444220886
6.137533230221013	2.835090296427411	0.9884615844927981	-0.9526217970305554
6.257833608183242	2.8003921246322263	0.9983768236461384	-0.9413193477615835
0.09491001600864686	2.814376939880972	0.9939232595909229	-0.9465637927810566
0.21461846604749318	2.865095750976104	0.9752870943509208	-0.9602276048517517
0.33250929253405864	2.903025920327099	0.9433464317364408	-0.9698421760371652
0.44659749593015036	2.9683044232749043	0.9000722518208235	-0.983994082093526
0.5543068570332941	3.024031766742485	0.8487524251553953	-0.9911154553841492
0.6524125182059808	3.060258225336273	0.7941123402288973	-0.9957448189710523
0.7366602185074984	3.1497184975931236	0.7395379956798959	-0.9979453927503363
0.8802550119318062	3.236282721193754	0.6363195671233933	-0.9940381075537974
1.0005611542848345	3.3181936756242094	0.5391000417711839	-0.9835707418623061
1.101068845401524	3.4006400474142118	0.45172816074285305	-0.9646507209958545
1.1857774059902115	3.483036717024546	0.37503273723592623	-0.9412280199068189
1.2567790196483837	3.5683927329053584	0.30844560588267705	-0.9092186637297082
1.315698668733345	3.653799571093081	0.25197175617843726	-0.8698747784607257
1.3649373236326539	3.7383871601989607	0.2040004982149249	-0.8262731821916921
1.4074753349515698	3.81524097127691	0.16255741008817817	-0.7803375942194632
1.4040703676722806	3.874582969630509	0.1658747339274693	-0.7421645425046894
1.4081703024492263	4.017738441687835	0.16188033096864277	-0.6389692242885897
1.4095114649748264	4.209749042946153	0.16057368980189834	-0.4811538912142027
1.4147115073696184	4.3556057418539735	0.15542164902379904	-0.3491622857403959
1.35471314463453	4.480226020322866	0.21396150810008752	-0.22995843935936752
1.3236661134928869	4.594723506292634	0.24420939246944434	-0.11722724404609308
1.3097429250073271	4.705624936970589	0.2577741997916843	-0.006723010717725606
1.3091320163003028	4.818283770337692	0.2583693837835449	0.1054977614605626
1.3231122217707774	4.867684192097669	0.24474902708658625	0.15463622835235538
1.3237774693148885	4.934235286977763	0.24410090293263836	0.2195762904169994
1.3461706028982525	5.008013780408123	0.22228416586019595	0.2911966417448161
1.344660542509883	5.08732747722816	0.22375535747944497	0.3655790575261471
1.365462939269308	5.17213702103951	0.203488411860268	0.4428864558973357
1.4019491657010241	5.265605619568276	0.16794133642024536	0.5251514737238232
1.4510437167222423	5.3708796068072955	0.11928209792737449	0.6114351355677015
1.5113779648469747	5.492460595385626	0.05926778330627232	0.7025514808851251
1.5824005794422216	5.5401786954017345	-0.01155741946930278	0.7354269012317368
1.6639206495589813	5.6130143649996915	-0.09297979635673867	0.7826087105140077
1.7563593014691707	5.703374721467735	-0.18420850862900928	0.8348487810588532
1.8592724842362975	5.805675649826877	-0.28390711321803774	0.8866691545561802
1.9727499385259022	5.915908244097614	-0.39043835322566955	0.932398325701402
2.096345067900106	6.031258240284614	-0.5007307702510176	0.9681601184345998
2.2298692113814638	6.148842249203283	-0.6111725469769981	0.9906219202891832
2.37329558811923	6.266862346517864	-0.7176190772657994	0.9989549006646481
2.5267062182531954	0.10158646673608655	-0.8154596210684415	0.9934957909250137
2.6900421203700815	0.21995549859257862	-0.8996195428435201	0.9742675733410351
2.8066413481614965	0.33954679640541413	-0.9436628688328823	0.9411303753890999
2.928516238774422	0.4601597636837866	-0.9763034833670312	0.8941918350053736
3.0521824907281743	0.6066105240668761	-0.9947128243134615	0.820238493700723
3.1758487426679074	0.7781749993805916	-0.9979453927503363	0.7118353933596402
3.299347513493865	1.0038553668558656	-0.9859790848277996	0.5364000706674452
3.4238848577762915	1.1964193540993222	-0.958758606941484	0.36505244580188423
3.5736191872525356	1.3859222819346535	-0.9072586912893847	0.18355569016487994
3.725416618416751	1.5804248866651414	-0.8340256860002522	-0.009584094352202113
3.882072270591411	1.7728361457859336	-0.7369579352874303	-0.20046300782572427
4.064200524188425	1.9565869089402448	-0.602668587082721	-0.3756687984782272
4.248228437738017	2.125815043530852	-0.44728219348223874	-0.5259145448616631
4.443245066671223	2.2788447977072037	-0.2653866071845285	-0.649436974559056
4.651502187722616	2.4164393860018043	-0.06078089954364169	-0.7476129058765177
4.869154893897746	2.5413334981143363	0.1560991314842743	-0.8242023586299445
5.089682746752884	2.6131552150949373	0.367787889595375	-0.8619156323888604
5.310004601433966	2.6839274385714864	0.5615413439850664	-0.8966210164472769
5.529945284587188	2.7434365199945594	0.7287978575224633	-0.9199604286939984
5.679182641781138	2.8029456013925786	0.8216601971401256	-0.9422769269816145
5.834037790912119	2.8579500624124554	0.8989665973135028	-0.9584163097128284
5.991038812105827	2.8979767269461325	0.9560563691152894	-0.9685623022580372
6.106572223950471	2.907443312160072	0.9825471749190571	-0.9709619002292447
6.22224853169391	2.954602642271623	0.9960984416443577	-0.9822431373830985
0.05463284059823008	2.990912080781661	0.9965020594865805	-0.9868831049378651
0.1694333370376519	3.0033159124191355	0.9839187052640583	-0.9884681852562169
0.2817940494954769	3.0681359435853244	0.9593162753481845	-0.996751509203155
0.38883658949270056	3.123800692671085	0.9251166036696757	-0.9979453927503362
0.5407312247446071	3.1626011628188726	0.8561533335522178	-0.9979453927503363
0.6830238050247025	3.176574786112023	0.7742828266878241	-0.9979453927503363
0.8150486389305548	3.1726993674173576	0.6845573465867131	-0.9979453927503363
0.9374273962569247	3.203011926607611	0.590845130671876	-0.9979453927503364
1.0513250222661974	3.2204450811295677	0.495800791020727	-0.9960619927764119
1.157107776133848	3.2306978029348263	0.4019198502286742	-0.9947518018597636
1.2546245521022918	3.2716659418361926	0.3104661207146159	-0.9895165009825837
1.3435962040468319	3.3399035074567953	0.2247923000010456	-0.9800462701581197
1.4240077975486465	3.467609471288653	0.1461746541418896	-0.9470133907268624
1.49674410241241	3.5934284451079277	0.07382404698016877	-0.8994796574716001
1.520262969073886	3.717281519661806	0.050429893456691265	-0.8387444098269878
1.5431850460964676	3.8390625651646486	0.027611118184633035	-0.7660994073771861
1.5601205885735923	3.958248267196029	0.010695871173797462	-0.6839999228141609
1.569417125156	4.07369571641012	0.0014104755126249056	-0.5952500317901254
1.5744362819311306	4.18347879601482	-0.003602666331052034	-0.503603315196571
1.5770568303323842	4.2846495259888355	-0.006220074280689828	-0.41400110258086265
1.5809255565275138	4.3728215722241215	-0.010084164214407564	-0.3328531036845555
1.5911280910900303	4.531832366418306	-0.020274472112407318	-0.1792697057526552
1.6141509694820926	4.662014020684512	-0.04326976000638454	-0.0502816639078604
1.6579490500375684	4.778481413598981	-0.08701535316922784	0.06590646407603154
1.6365513320126717	4.8886743945310185	-0.06564327805865904	0.17518812975176384
1.6629234860733562	4.99701033712133	-0.0919838278666641	0.2807355184720247
1.7289953066703199	5.107188676585632	-0.15721377450845178	0.3842053988486983
1.8304849918280077	5.223163672791563	-0.25632837303968287	0.4880956620909986
1.8764769551872	5.324432850881403	-0.30038918909778195	0.5733668882526667
1.8738091692328418	5.440443002802453	-0.2978334202714036	0.6640703778311068
1.9398567691762445	5.571882742424751	-0.3603810262281517	0.7559642877673862
1.9504364381373975	5.719540413839538	-0.3700485826168515	0.8436616897964178
2.0124778053698895	5.884393519749273	-0.4267411330505634	0.9208001637927405
2.1024516933948574	6.01019795846216	-0.5059492299477062	0.9620894383211764
2.209200256307823	6.118537737023689	-0.5950239759450578	0.9848329192665298
2.326960165965434	6.229085181142017	-0.6854064122039791	0.9965361672471036
2.452239657986552	0.05519518136393744	-0.7709508949279997	0.9964660548687504
2.5828634786243923	0.16350745114548007	-0.8470611273816102	0.9850507135698383
2.7172842771849153	0.27376916335993584	-0.9101530771407923	0.9618432508472301
2.854106729742827	0.3894441236622822	-0.9574420985196372	0.9248531850282166
2.966811440298975	0.5146107851735086	-0.9838032944401666	0.8703931845175049
3.0799423860153885	0.651417315589529	-0.9979453927503361	0.7947570169416376
3.1930733358552095	0.7991841268560432	-0.9979453927503364	0.6962934515028503
3.320567646821586	0.9582621471069207	-0.9832673731024523	0.5737687507978915
3.477766236374598	1.1275910694635334	-0.9432045026492226	0.42822968190555305
3.633883743876903	1.3045229122983413	-0.8796411302640931	0.2628598500140077
3.7881497583937493	1.4867194737518146	-0.7965300351044913	0.08379551819421166
3.9809578174007774	1.6687453644035974	-0.6677057773355375	-0.09777686903376526
4.184054942621496	1.8455939031368649	-0.503110965068189	-0.2708028793098013
4.369035437842842	2.014167308916032	-0.3364802628306425	-0.42828497821823486
4.6233733334493285	2.1747214672599737	-0.08887604434382383	-0.5677078726756822
4.842073449845151	2.329393638442041	0.12916129179484673	-0.6870981769528989
5.061673334010744	2.4827853938644564	0.34151994511784023	-0.7892081071327766
5.27269249697295	2.6403047325090503	0.530959952623037	-0.8752292515260303
5.467209344348034	2.7255240452730254	0.6838713393182742	-0.9132430722492496
5.643463829410606	2.8192496242642227	0.8021876854532922	-0.9483910979610443
5.804778684795166	2.9182667925666648	0.8862802425872416	-0.9737054451335698
5.9553963473099705	3.0148551863407524	0.9448328285262426	-0.9899427841153281
6.1001775449014835	3.1027101639977195	0.9813256141384463	-0.9979453927503362
6.243423610351996	3.1709801482889857	0.9974542043083873	-0.9979453927503363
0.10355478798053398	3.27136632361385	0.9933697665310963	-0.9895547890665513
0.2462464964501682	3.3457232598433384	0.9692452646966263	-0.97857107443505
0.3857158527781789	3.3929209756451	0.9264697131190703	-0.9666073577912948
0.5183767249753249	3.4143508651997037	0.8683401401429591	-0.9611752913875924
0.6793530323298985	3.4215326471083705	0.7766606959126258	-0.9593548472772584
0.8253539136915177	3.4122325007186403	0.6769338038508106	-0.9617122561955098
0.9585300535036784	3.393643914356942	0.5735491719109328	-0.9664241066794061
1.0818000584971896	3.3698440120038837	0.46880015215026005	-0.972456925917883
1.1968393095420735	3.342764897991695	0.364658600834309	-0.979320962481993
1.3040227995840246	3.373418501842578	0.263347089888419	-0.9715508612312838
1.4030043563546348	3.4082053970167214	0.16691330624459252	-0.9627330498243188
1.4931887058284294	3.4516492740801885	0.07736059041653807	-0.9517208593768723
1.5741219060290836	3.505284198868238	-0.0032886671754559504	-0.9328849926107357
1.6459226419710076	3.5679147999549405	-0.07500335748773371	-0.909397893346752
1.7097178327390337	3.63580047195014	-0.13819643851214092	-0.8787012024131718
1.766348560184066	3.7915062401857	-0.19406296829589192	-0.7945238630946876
1.8191808792081146	3.9363500701254734	-0.24549890653147385	-0.6992236815478181
1.8164429176513321	4.072996174759452	-0.24287590869193013	-0.5957965808534607
1.8232671617110894	4.204340943668192	-0.24941361094013043	-0.4857754204273477
1.8348926743839824	4.332278499781146	-0.26055098229914336	-0.3704783995961296
1.850193001689255	4.457891248299634	-0.27520886723789506	-0.251355401131353
1.8701430611491743	4.5817671185568	-0.2943212476628537	-0.1300087931094765
1.8969099917944972	4.704278936556618	-0.31996426703979775	-0.008067398091779827
1.9332317714933316	4.825784772956285	-0.35432719421225983	0.11295898862618975
1.9819797671465436	4.946741983568315	-0.3988724440252705	0.23176106617181386
2.04586544540422	5.0677559933325815	-0.4572503005777034	0.3472244187822021
2.1274323785994858	5.1895197935281585	-0.5272966499013385	0.45828745358527867
2.2290879537025203	5.312717051973606	-0.6105621535111593	0.563764496838574
2.3528935503266117	5.437880651981707	-0.7034354574897493	0.6621748251709944
2.5010144122673763	5.565306656353083	-0.8001036068711749	0.7517044019096755
2.6042598697310266	5.695022019783386	-0.8575535202208135	0.8302952119346095
2.727220020011621	5.826794655153896	-0.913879079669639	0.8958260711063115
2.8655079582598253	5.960179783669207	-0.9603320915002506	0.9463390961887206
2.977611854034353	6.094588379058293	-0.9851834746733683	0.9802579286865156
3.0877953483278437	6.229412719475344	-0.9979453927503361	0.9965571383259143
3.1956373197305536	0.08107251707204688	-0.9979453927503363	0.994809223923085
3.301455430405201	0.21606137322977992	-0.9857097150309068	0.9750114591219373
3.4072107577069763	0.35200868287973697	-0.9629851718319709	0.9372062222907733
3.517519480841819	0.4901776995683017	-0.9282966399963564	0.8811764619020758
3.6346353375444442	0.6315893014678254	-0.8792725626876268	0.8066210326883836
3.7601792030289856	0.7766258847352733	-0.813248059735528	0.7129813833478094
3.8956750741305717	0.9249027952591705	-0.7275011841898722	0.6011104247446285
4.042183698637319	1.0751164861707765	-0.6198702438691004	0.47472174388791333
4.226019849840745	1.2254127707517655	-0.467249558930356	0.33786167726090033
4.420142412922419	1.3745349512803586	-0.2875192082507225	0.194649912325296
4.62855737171316	1.520723972766048	-0.08369821860456744	0.04997133432182477
4.854329471163594	1.6632236081967862	0.14135232329468983	-0.09228359032529761
5.0927201805593105	1.802652507784336	0.370636472795456	-0.2296645415717642
5.335281475654695	1.941107867849118	0.5822585346694075	-0.3615242630356779
5.52614392323522	2.0002566408815583	0.7263353950049694	-0.41557360056345616
5.707116470213584	2.0704410475621544	0.8368886374075724	-0.4785943077756318
5.874298150580382	2.1405131654735627	0.9164229475559498	-0.5384749281766337
6.031912508092158	2.21183141282676	0.9682851017039068	-0.5970796878952179
6.18543506042345	2.286496878502929	0.9937414100277239	-0.6554155143464643
0.055461859839396	2.3718684499294285	0.9964489804235421	-0.7166269221851267
0.20930135475633682	2.473447160735445	0.9763028098496442	-0.7836266372825982
0.36190531723457886	2.5338555268144263	0.9340898475391193	-0.8197327688505591
0.50961378314994	2.619857170051573	0.872749237576755	-0.8652021466353615
0.6694020652536482	2.731210164695922	0.7831067769791884	-0.9153754236716407
0.8167718689415923	2.819210315717767	0.6832825511118075	-0.9483763568645753
0.9543666847185422	2.9183327021305545	0.5769615125452096	-0.9737221519451834
1.0851015310546317	3.01745503297399	0.4658750738143861	-0.9902750174001325
1.2108576827987805	3.107018586945165	0.35151181144023746	-0.9979453927503362
1.3325598637018161	3.1819009572364068	0.23554456629967882	-0.9979453927503363
1.450720282685252	3.242202193126437	0.11960381689559589	-0.99328166077753
1.5658759159904876	3.2897816755360325	0.004947440911435581	-0.9872014991525551
1.679067586045028	3.3352586281844254	-0.10795979849242685	-0.981223658057409
1.7923114455209146	3.3832448764806586	-0.21967550008529935	-0.9690600635346506
1.9091494912944484	3.481920021058001	-0.3316898446564524	-0.9416467920175581
2.0349948530961712	3.5795904600767927	-0.44731690242483946	-0.9050194045011021
2.0809462291870404	3.7012731176991864	-0.4875715844995734	-0.8465946328521031
2.1269057842645425	3.822945210326607	-0.526846645014717	-0.775732764014394
2.1900695767921463	3.989563282192121	-0.58007725338712	-0.6609823624869997
2.271677747603944	4.140219926635928	-0.643837387290633	-0.5405704857840072
2.3058138000667143	4.280037143808172	-0.6705077470635902	-0.4182158341553127
2.3640716955786645	4.414100856277101	-0.711206571516111	-0.29330708718894005
2.4442117681080817	4.545371143007649	-0.7661526183484582	-0.16591362682362829
2.545562659733483	4.675348894801693	-0.8267301321115751	-0.03696277023467661
2.668841482978151	4.804796504860774	-0.8892231439906001	0.09208201470199319
2.763125773287341	4.934110579470889	-0.9273440948012596	0.2194547928660514
2.835974610185245	5.063488201556651	-0.9528459536246443	0.34322197437382074
2.9088234470921095	5.192988482914415	-0.971311737991021	0.4613606846968756
2.9742076811535214	5.322562197120283	-0.9847484568827872	0.5718336808499205
3.049769268142518	5.452068987094932	-0.9944044396355551	0.6726709430907918
3.1071552913655283	5.581306887264481	-0.9979453927503361	0.7620691016165766
3.186555892573422	5.710048427276454	-0.9979453927503363	0.8384870267263373
3.3058757181216465	5.838090116196077	-0.9851448483618347	0.9007236310319287
3.4255139474930716	5.9653424447316175	-0.9583456639117688	0.9479647788207533
3.54557116954865	6.091906766490829	-0.917776977311535	0.9797456664265786
3.6655781396843055	6.218047980680679	-0.864098787167301	0.9958294957611311
3.809378135813246	0.06090456779240436	-0.7838418159415935	0.9961005037848927
3.9512714690112305	0.18693615637554326	-0.6888502350091135	0.9805751820802535
4.092755917320132	0.31238365464677853	-0.5803583738818401	0.9496838417613112
4.235416208391654	0.4356578331256017	-0.45898983292972245	0.9048155424179267
4.380630646573251	0.5540339604507295	-0.32537192298796663	0.8489011977920148
4.529200882883216	0.6635615790029291	-0.18186567899759123	0.7868901527608381
4.680862234405331	0.7584929272988518	-0.03145603778863122	0.7253951078888583
4.8815862331957325	0.8301884327723797	0.16828241681956976	0.6733573671545177
5.077823225668033	0.9879016372524688	0.3566657270475564	0.54947591443807
5.272284211480879	1.2160349376628246	0.5306253175602115	0.34665644926014605
5.462991868356588	1.3851410357698895	0.6807513731646082	0.18431682714921757
5.6452474649341715	1.5288701839603702	0.8031600543892297	0.041868319918209586
5.817798777354091	1.6629028320536376	0.8919255795333205	-0.09196319859861572
5.981506854588814	1.7959496146323402	0.9530548283212392	-0.22324309485246133
6.1402907193109035	1.8584063501509915	0.9889883412697008	-0.2830773470626712
0.003922856543722682	1.9270673989422547	0.9997488338756988	-0.3486942751240246
0.15105243572404556	2.0067718045062066	0.987429966421181	-0.42152706772336135
0.29755744535535056	2.0934917129638095	0.9543525020999585	-0.4982924157542161
0.4410605556113708	2.189271640595655	0.9024729946426104	-0.5794538290629542
0.578658775718813	2.297097522864098	0.8354767032114097	-0.6636977549261532
0.7075192257303357	2.42145450021806	0.7584150757026036	-0.7510994435400532
0.8263037189723249	2.4802809896704816	0.6762311655110305	-0.7877112226249456
0.9328853608368476	2.562128709441501	0.594567830443654	-0.8366316740525878
1.1101906041314804	2.6609795523344517	0.4436463553115405	-0.885367799209457
1.263979990848567	2.7723163800556194	0.3016923507033509	-0.9307906638859786
1.4052900253478013	2.8911622066795446	0.16468647009087112	-0.9668349519372079
1.5410930057458272	3.001218681334463	0.029700651444965	-0.9882001809965246
1.6761994384059575	3.111275155206569	-0.10513035478348191	-0.9979453927503362
1.7790428241943472	3.220099165192478	-0.20658593083599927	-0.9961061972254652
1.8909263124904696	3.3280891105680426	-0.3142318352428256	-0.9823062084802491
2.010553240313014	3.4357776692363857	-0.424982491898427	-0.9557440071035642
2.0893480569674012	3.545848026376332	-0.4947514254261235	-0.9176731532434139
2.183226691471211	3.656631691370285	-0.5747309347524895	-0.8684859592730317
2.21785810621123	3.7644576865357977	-0.6017883190698513	-0.810690806519867
2.2710079317457486	3.926521562674685	-0.6433140628687718	-0.7060565192312427
2.3360355034983926	4.074670552264541	-0.6917156416160223	-0.5944883964784463
2.408751154200195	4.214771481387215	-0.7422680007384821	-0.47686193117730336
2.486660182350248	4.350737026306616	-0.7915240714924663	-0.3536112512295285
2.57015135735154	4.484974593300732	-0.8408273391904325	-0.22540925325739158
2.657458015486745	4.619069851604435	-0.8836409029389727	-0.09317436891838957
2.7480565231297107	4.784564985116722	-0.9216929758890189	0.07195777633123504
2.840631651574269	4.952410781537997	-0.9540264243874781	0.23728394997728686
2.9311991950730474	5.134091286360869	-0.9769835613830765	0.40917823862621433
3.019176369704772	5.268784292682701	-0.9904949862817622	0.5277567474795766
3.1011058307368473	5.334979919519027	-0.9979453927503361	0.5820113761042256
3.2151852650787007	5.436297171475209	-0.9967341424108194	0.6610034123175998
3.3264341070600367	5.553708443622787	-0.9825177006678258	0.7441912608336527
3.430925442844105	5.6784542253973225	-0.9569739535249634	0.8212630927683566
3.586385390072229	5.806746643780839	-0.9024712380692694	0.8871335231242197
3.732586284015453	5.936822298895818	-0.829740370799597	0.938984002204237
