0.8864336564646087	6.264498030686329	0.6317487854859933	0.9988035221889349
1.1117737900175753	0.1046059383783039	0.44224366525233083	0.9933024652243768
1.2870188412921908	0.2369585311421302	0.27991336838011294	0.9710195232739613
1.4355318303503204	0.3667804249364669	0.13471172965439515	0.9325547132693233
1.5747485289619991	0.5290291690463534	-0.003914539166697845	0.8625328406304601
1.70976852831765	0.6807133167557124	-0.13824644998436553	0.7757795249053067
1.8428440378780164	0.8225597469865616	-0.2681684775903439	0.6790008471641202
1.9750340071561971	1.0254900386091936	-0.3925255038123387	0.5186680672483179
2.106843286012366	1.2127246604736965	-0.5097020962563475	0.34976091197094195
2.238521462631393	1.402298737555165	-0.6179325158964655	0.16760076250273956
2.370188712835839	1.6041899208834847	-0.7154591588223993	-0.03332064867676642
2.501892918128866	1.8196824933484432	-0.8006286905686333	-0.24597945849653247
2.633631452937385	2.045982560581651	-0.8719567991557785	-0.45735731882051806
2.7653615550639175	2.2751371219139123	-0.92818253523785	-0.6465401824523408
2.8970188503180045	2.496621271299343	-0.9683194988857992	-0.7974778227938334
3.0285722770105266	2.7043554105383585	-0.9916956852414622	-0.9053046233653269
3.160052738106948	2.9001241339717243	-0.9979453927503363	-0.9691066287945351
3.291533199158597	3.049697642144973	-0.9869776727009877	-0.9943952865800875
3.4231116311402245	3.1987165913395605	-0.958954605078643	-0.9979453927503364
3.5548790331381324	3.3477355405349405	-0.9142864357508823	-0.978060999835187
3.6868869404613105	3.493507830695532	-0.8536493469990789	-0.9373012479785974
3.8191362997789713	3.6296649244146995	-0.7780093530746529	-0.8817099609792595
3.951602326389951	3.7929427008322194	-0.6886202209630867	-0.7936652893496599
4.084281765483049	3.931120171875209	-0.586979194450128	-0.7028595383677686
4.2172401277194504	4.043026052042498	-0.47475233211948986	-0.6192121165593716
4.350619840398555	4.186063104568542	-0.35371833410502296	-0.5013948761752168
4.484711906531619	4.295348816311944	-0.22566091012457914	-0.40422423783230366
4.62001646483923	4.494095112870892	-0.09222889009998643	-0.21649771772389295
4.757301486831358	4.649579178348251	0.04483884778526088	-0.06270160439354373
4.892927813653679	4.786014536882108	0.17933206638807814	0.07339964158043182
5.010893401290001	4.912583602707049	0.29389722394330353	0.19848191784287184
5.134342961047214	5.0323812173991955	0.409401220389627	0.3140490481067074
5.259995390808803	5.146059221194672	0.5205532715102975	0.4197817333693694
5.386148307972491	5.253478198961491	0.6239047407209781	0.5149540903284402
5.511842684139166	5.354609789380968	0.7168897867868174	0.5981002229089114
5.636508285922806	5.4500989941311015	0.7978277055806536	0.6712135995558015
5.75984929712694	5.541813105672846	0.8656365301901783	0.7364856466805838
5.8818804923467916	5.632667177181677	0.9197105489242186	0.7953394953252005
6.00289018560321	5.69377025948378	0.9597882763289369	0.8296128007499839
6.123363140536229	5.761419778372507	0.9857547049631041	0.8664926956777376
6.243745846006556	5.835799714756379	0.997474835876115	0.8997305437854011
0.08087215966707248	5.917027533933852	0.9948220520732662	0.9327507815424858
0.20031232230127458	6.001923407024202	0.9780199639739748	0.9594838451207063
0.31710490827649074	6.08162849496882	0.9481971549665635	0.9777822319386913
0.4286671163314748	6.14178384027816	0.9078466231586244	0.9892735687221397
0.5318602174538307	6.250992650896074	0.8609894627983888	0.9979388222282489
0.6229405882557211	0.08175479652915627	0.8113359758211991	0.9947655400705091
0.6970401257165981	0.17957247624139658	0.7652032730381557	0.981981848901829
0.8315938613448146	0.24217989739011678	0.6723176719467001	0.9700220977298672
0.9374887575460409	0.2715264085459681	0.5907948383170478	0.9625494772496413
1.1068723789606822	0.26980710998540736	0.4465862763291405	0.9630908712662916
1.2473156339967184	0.24752011332923438	0.3173206112659013	0.9690019686035665
1.3738521412863924	0.27008455112325414	0.19531514687379453	0.9630035071659261
1.4952086738860524	0.27866738613098163	0.07535133361293722	0.9603008378182798
1.616028118971079	0.2853460286385532	-0.04514465992915691	0.9581977841800764
1.7386040249604144	0.2982221165226224	-0.16669282891505963	0.9541432022137981
1.8638946219494679	0.3236204220884946	-0.28833517292022254	0.9461454693116471
1.992128710679516	0.3662900844386703	-0.40814640942541736	0.9327091177559657
2.1224399029370455	0.4295737448227859	-0.5230302947673067	0.9074535212436263
2.254019303655743	0.5151147269425038	-0.630040916429137	0.8701184550028603
2.386533642051391	0.6233566917163686	-0.7268222522357308	0.8111091323467763
2.5198566126059982	0.7536703617741745	-0.8113656059718735	0.7285190905211668
2.653921646917078	0.9038872784241485	-0.8819067334674842	0.618334962312018
2.788638336985668	1.0741937935684207	-0.9369115603159492	0.47553924216932053
2.923874394488544	1.2640693262325253	-0.9751268647786671	0.30160856969275623
3.0594071225335706	1.471745849149175	-0.9956360569093857	0.09868974238448071
3.1950079992142366	1.6925356074442648	-0.9979453927503364	-0.12124607703015139
3.330608875906344	1.9190195036858737	-0.9819842087497351	-0.34114542708230744
3.4664437171631053	2.1390494243206137	-0.9474505601358902	-0.5372240778961287
3.6029252742530224	2.341492406217838	-0.8948225888276159	-0.6955093133126561
3.74005803337908	2.521109340482043	-0.8252744998767975	-0.812114362484377
3.8766275366532468	2.6799542786923847	-0.7407431471738929	-0.894672652629438
4.042886332354682	2.824785244709236	-0.6193212789865584	-0.9500096638656089
4.198387430479121	2.961976290036185	-0.4908630369280766	-0.9831854126644524
4.346695369207168	3.0968828410398976	-0.35730446205268085	-0.9979453927503361
4.488522081909631	3.2290401785869007	-0.22199554397882262	-0.9949636289633483
4.622524462901344	3.3590685738471744	-0.08972389760974507	-0.9751882930323561
4.78518021428987	3.481836592546903	0.07256974313796546	-0.9416780785402419
4.935105157844344	3.5907914758027917	0.22042377091420323	-0.9007727782468055
5.068121418670632	3.7659805307787813	0.3475671240212932	-0.8097806012260707
5.197529899098457	3.9168667358631075	0.46538434318956423	-0.7127686130863271
5.322951554579188	4.045917966778951	0.572152802298643	-0.6169526752681427
5.443957279490524	4.160739521565976	0.6666701375792687	-0.5230353218498733
5.560023910090798	4.266302669956248	0.7482823213822423	-0.4307662079827109
5.6706935918998145	4.36459235780244	0.8170322962651076	-0.34073678327667467
5.775848005428465	4.456025409922608	0.8737362892808537	-0.25314289519596234
5.876007814402698	4.540336867032391	0.9171642347854999	-0.1708799682675795
5.9724780108759425	4.617493853964728	0.9502117142306739	-0.09474847789069686
6.067099390087524	4.688773279039092	0.9750067705645696	-0.02355447370973868
6.161432594719573	4.756891607693483	0.9922046201356333	0.04443114210728102
6.255509105247993	4.827476770022882	0.9982279942442305	0.11464201356557041
0.08711588593003179	4.863417542064912	0.9944222891685599	0.15039220302009904
0.198876776363837	4.816875517779582	0.9782941930013436	0.1040969764219612
0.302523982995122	4.814310270317341	0.9527885772393668	0.10154533165858116
0.39390500663847966	4.823033620334991	0.922919006191646	0.11022242450022797
0.4698538282221309	4.837659136757022	0.8899886190567685	0.1247703864178649
0.5277342164594887	4.856629889009817	0.863238798575535	0.14364054275004426
0.5643639668402307	4.879903871889189	0.8432696788025824	0.16664335928664017
0.6626400372210202	4.908296255238509	0.7874871131353316	0.19430492617213824
0.7371042776444177	4.94324948524293	0.7392503411059239	0.22835846432481394
0.7931687629776749	4.9870072214231165	0.7007434428580017	0.2709898817445556
0.8337091911869012	5.043076041280232	0.6707528124135255	0.3240789277935962
0.8623106179686277	5.0256857967836215	0.6495943082070925	0.3077699112107368
0.8761876700042044	5.047906331516799	0.6393284684604115	0.3286088976616769
0.87320909409353	5.090380628994396	0.6415319323440891	0.3684423814314106
0.9397191894759334	5.1448180427075645	0.588966752961378	0.4186820591360016
1.0422395096823247	5.195730416772182	0.5038504826559005	0.46379001621068017
1.1189847470546552	5.265870789512222	0.43585481487023864	0.5253688097854156
1.1939805067793112	5.356593091654217	0.36733965926762213	0.5997257582112905
1.2628385722615074	5.472683184518692	0.30276280228141617	0.6879207271743444
1.3315820397306246	5.523917231175469	0.23649722120182548	0.7248929786631764
1.4041854105740774	5.613561172673927	0.16576265221584954	0.7829629239858173
1.4829673990550964	5.651018107026447	0.08752769682126929	0.8063059847302696
1.5695885561295415	5.710511994480317	0.0012392499810732344	0.8387397455933931
1.6654035533425957	5.787911497611416	-0.09446092303614802	0.8789668571751248
1.7712560094965606	5.87904048210325	-0.1989041945267369	0.9184791586954202
1.8880306614487536	5.979971978072767	-0.3114577691104218	0.9525715074012158
1.9887557872943602	6.083880731683429	-0.40506427829820635	0.978212471520403
2.102543096694992	6.188128216724026	-0.5060273392796615	0.9939138429532244
2.224958814008566	0.014479375399419191	-0.6073360733628859	0.9990729386708791
2.35341230823597	0.12237758804623362	-0.7037961011184373	0.9921646116424827
2.486394916518115	0.22949945890683793	-0.7913655218799349	0.9724444126284659
2.622604460794365	0.3692726108196775	-0.8665493669947772	0.9317699429237293
2.7612719560099577	0.5120359360091693	-0.9266488948565725	0.8716990246874555
2.9017192607596605	0.6598625305088013	-0.9695109628725207	0.7892863386068554
3.043195900502915	0.8143951825565146	-0.9935644318077042	0.6850407546189194
3.1849844651213615	0.9762113971283628	-0.9979453927503363	0.5590573576055256
3.3267730297041136	1.1436570583189325	-0.9824743898886835	0.41399534400703325
3.4691696029476087	1.3820841200030833	-0.9464283258144556	0.1872950582792528
3.6140475945976145	1.605509225365171	-0.8893684094869355	-0.034638372110802895
3.7643679577513462	1.8287281785555858	-0.810744437490329	-0.25464532624648395
3.9232267308944553	2.0514414929089866	-0.7083471061653448	-0.4623456163079342
4.092842354943566	2.1737323480117143	-0.5802908405161289	-0.5668626138765801
4.273496516188859	2.2972149742419616	-0.42419256996428434	-0.6637895192128078
4.463044967020465	2.407972647198411	-0.24641808086954464	-0.7417267779734554
4.659915642299391	2.5020857614651724	-0.052377527607205064	-0.8007439531940712
4.858276315545182	2.580153636121316	0.1452782388043594	-0.8457322709434876
5.053978087313442	2.6453594324418908	0.334303145720916	-0.8777079825005829
5.244706734711218	2.702735445528258	0.5071826430103241	-0.9046971203502474
5.4303339865691305	2.7575312660527582	0.6565920214495188	-0.925246098862025
5.597526473793706	2.8123270865703662	0.772575896467003	-0.9457950773712179
5.764924045729479	2.863875353530774	0.868403086380389	-0.9599182574822727
5.899960807563583	2.902070356962376	0.9273765994471684	-0.9695999590328779
6.036200512629189	2.9113328296187837	0.969104229314439	-0.971947818381564
6.1727077479439805	2.9542608832842308	0.9929265268647508	-0.982199464148862
0.0052934751918335835	2.9726825179362453	0.9996610781879992	-0.9845535569302053
0.12108287333750238	3.0380289354677035	0.9922475074791882	-0.992904147564714
0.23672323353498043	3.0971023560254642	0.971064471632818	-0.9979453927503362
0.35142856259003635	3.1432031233556734	0.9373888977498157	-0.9979453927503362
0.4636379390747251	3.1814008762925545	0.8926837449552805	-0.9979453927503364
0.5711087961078746	3.2048782018831115	0.8395926593827475	-0.9979453927503364
0.6709945960354907	3.218833652139368	0.7820751604094529	-0.9962679165950705
0.7596881827061736	3.2260632317189457	0.7246208401024407	-0.9953440517252083
0.8324059224700157	3.2838001910381958	0.6717169327295774	-0.9879658704878934
0.9625965920250891	3.334885487605239	0.5702161943743276	-0.9813182420448294
1.064576653474066	3.3832998277542656	0.48405995153570636	-0.9690461344396619
1.1435533183963458	3.474731136660043	0.41408725675046637	-0.9443426952744723
1.203448778630768	3.561453328434847	0.3584600714811176	-0.9118210095287882
1.2512201529682436	3.639030735176181	0.31365885339544086	-0.8771171413174135
1.282953353178825	3.7805509375816295	0.2838742113282536	-0.8010718567396775
1.3005926313214602	3.903790363844841	0.26668896604076764	-0.7218593858141564
1.3062862432223021	4.0095622994564115	0.2611419070116786	-0.6453572111568652
1.303302740090394	4.096574921212652	0.2640486151390308	-0.5773746015813107
1.29449511220298	4.265420327348546	0.27262953576527016	-0.43157248055564607
1.2833340551292551	4.399020722440812	0.28350330859931755	-0.30775402431799925
1.2736705952616376	4.5149142793239205	0.29260425374752563	-0.1959594934206659
1.2695054348354156	4.621986955705167	0.29651044784817593	-0.09026076066008537
1.2437793926638172	4.725516261432747	0.32063698893675696	0.013144476084338856
1.232123624037942	4.830234289211769	0.3315680672112702	0.1173849104992238
1.2308328946540528	4.9420352846193465	0.33277854627784903	0.22717551707630568
1.2387187222309166	4.990318676330214	0.32538301525206553	0.27421610020864207
1.255213293496989	5.0655266659847085	0.3099139839593791	0.3451336985112956
1.2800413533285913	5.160454625511142	0.28662959370294805	0.4325359466998231
1.3131149552459995	5.1765882423188385	0.2544889651976258	0.4468302024243198
1.3545124990359547	5.226209822738077	0.21415698910557354	0.4907945266313942
1.404402309184838	5.292618678715459	0.1655513365487176	0.5472916597465327
1.4630249191040499	5.3699923884697744	0.10736442808595412	0.6107079621317553
1.5309874494445623	5.45807466491643	0.039762281625629656	0.677113768982605
1.6082875490195037	5.555442625454211	-0.037413366236474524	0.7453146367411263
1.6948497612149247	5.662746625778033	-0.12352900268527808	0.8126999184392166
1.7907780747606836	5.7795651535752475	-0.21816282124272005	0.8753479947024636
1.8953121635648735	5.904724271222157	-0.31843352969840494	0.9288765778583884
2.0077134983852956	6.036261368759212	-0.42238757467404325	0.9691158545205089
2.1271754009097092	6.148032378892881	-0.527077047812067	0.9904672126328663
2.2524388988904915	6.260648611431733	-0.6288061525758142	0.998557057985054
2.382453255857693	0.08978083018408538	-0.7239855431334765	0.9942516625569802
2.5164044713131117	0.2026022181223041	-0.8093022581973419	0.977582530460076
2.65327423837548	0.31752079186135446	-0.8815892563419236	0.9480661963944846
2.7924304745510673	0.4353840202896421	-0.9383336496760357	0.9049342639794025
2.933260221709495	0.605541381160701	-0.9775059921459817	0.8208213489625222
3.0750469546077275	0.7754213538923508	-0.9976346643338994	0.7138724602546104
3.21710226237927	0.9475161389869086	-0.9964891701489995	0.5825762915315157
3.3591575701391987	1.1280582414353504	-0.975165734177504	0.4278157712671596
3.501863876998331	1.316696674471298	-0.9341676473813976	0.25099943898572935
3.647109390769667	1.5104375114190234	-0.8731555186457658	0.06020324980607659
3.797817158003009	1.70545170055292	-0.7907518221702826	-0.13398787521815403
3.9571216151379884	1.8939729253817739	-0.6847831781229484	-0.31715052451807174
4.127073701515019	2.069219691677225	-0.5518046847726341	-0.4775505895279196
4.307478629122783	2.2269831915661014	-0.3931401812551329	-0.608917711363784
4.498179578970556	2.3672545629766004	-0.21246836904160551	-0.7134193201360671
4.691981998386363	2.4922175535284117	-0.020349599675094945	-0.7948457169524417
4.915411094597707	2.6044250776894193	0.20123663043918188	-0.8576345351354774
5.12414447557538	2.706938105739485	0.40010698131082745	-0.9062731597916898
5.319024551207693	2.803079640804646	0.568934189231423	-0.9423271930962914
5.490919102937435	2.884715815075924	0.701411129576845	-0.9652009151790661
5.653646005998087	2.9661921487146357	0.8077386133660214	-0.9837241554345474
5.808473749481183	3.045258200087317	0.8878823729173999	-0.9938279721859775
5.957909928068452	3.1168919972787945	0.9456243359550426	-0.9979453927503362
6.087622659499909	3.1747761172291495	0.978927283355285	-0.9979453927503363
6.216347162535295	3.224885453921373	0.9957205986100486	-0.9954945594441849
0.06178247607910494	3.261818361406621	0.9960442945354836	-0.9907749190568135
0.1902014724284972	3.291172446917474	0.9799514162905978	-0.9870237730749623
0.31712121216417344	3.3166350324036484	0.9481920209965584	-0.9837699202101304
0.4402506935808955	3.331649673677542	0.9028241399221986	-0.9818512056495056
0.5567170924374228	3.3404833860018135	0.8474384582578385	-0.9798992820574768
0.7036776839477018	3.346348783440173	0.7609035664755806	-0.9784125161883342
0.8366164249146405	3.3520461971702806	0.6686021254031573	-0.9769683309706526
0.9570194375627094	3.36044094697177	0.5747872885477673	-0.9748404227400495
1.066654231968264	3.3740333993018963	0.48221923357160945	-0.9713949965068308
1.166066760280354	3.3946959638981538	0.39351788549267397	-0.9661574322780618
1.2548953909256069	3.4232619933573316	0.3102121211310225	-0.9589164911375585
1.3323879775232887	3.4591026639086477	0.2357120281490604	-0.9498315678629002
1.3977991693330258	3.4994712657043534	0.17198451239091306	-0.9350649004491749
1.4508566817528594	3.538944357566776	0.1194681411092583	-0.9202620978136768
1.4923002134984662	3.650083125035688	0.07824437135168148	-0.8716972545879164
1.522822050481433	3.7945170032697915	0.04788438205136099	-0.7927243274493758
1.5455712919959828	3.9108355503248005	0.025227731949830474	-0.7169615296637639
1.5631581012805311	4.100299466666672	0.007661998606336252	-0.5744646292768746
1.5799434090333042	4.2543900299586985	-0.009103193720662362	-0.44165181502178413
1.5233754645901625	4.388606894713237	0.04733390252324306	-0.31773058792720876
1.495661469458791	4.5126999874089035	0.07490093907242347	-0.1981439047959266
1.4770651554141976	4.632152672467913	0.0933986427242166	-0.08010722643959599
1.4672916760605643	4.750631466201297	0.10312029639692313	0.03820419617256218
1.464374041085434	4.871960071016768	0.10602246007326513	0.15888943363307817
1.4702113854572927	5.001305077192252	0.10021606929898708	0.28490504808617323
1.486248593687896	5.047770104100759	0.08426390132954788	0.3284811401026805
1.5134194307417763	5.121914172542566	0.0572371426617484	0.39801534601760014
1.552244828262249	5.209788028752256	0.01856219321482163	0.4762449482271061
1.6029278765257784	5.306038133947015	-0.032060116746474375	0.5582903857157482
1.6654017128403096	5.410729031041629	-0.09445908473951029	0.6420888451862773
1.7393939490512933	5.523875792750913	-0.16747209345466524	0.7248661354988979
1.8244295943795796	5.646599150795949	-0.2505272344570538	0.8038969411162394
1.9202679759410328	5.779394966587264	-0.34234147748699656	0.8752742039143677
2.02559392958124	5.8805297638368925	-0.43872646745752986	0.9191248912165988
2.1392143637319334	5.989533826896468	-0.5373650280282609	0.9555824607399878
2.2599579395437237	6.101978940560715	-0.6346807486377901	0.981669730593834
2.3863679501503468	6.215190684797935	-0.7267070622263665	0.9956465535798782
2.5171839320936007	0.044790050316929085	-0.8097681425660006	0.9971322572671288
2.6514234742314597	0.15699789981036263	-0.8806816759768521	0.9862942181381574
2.7880418623429035	0.26848214311697916	-0.9366878763834947	0.963508093237671
2.926251451520467	0.4035086642028415	-0.9757294031916577	0.9187549894905191
3.0653131841559604	0.5716463966415358	-0.9963907899878597	0.8392995804145564
3.204597978809036	0.7329658146176808	-0.9979453927503364	0.7419311728237763
3.343882773437964	0.8905080174360113	-0.9790376024749464	0.6287346916643863
3.4837350893767782	1.1011814629362737	-0.9409661233183224	0.45162838250589843
3.6257478174664284	1.294041080240091	-0.8836308374807966	0.2730718810011416
3.7723747343253313	1.485397575317978	-0.80595878035076	0.0851104070172463
3.9262797221000687	1.6751031226099924	-0.7062246482579433	-0.10404883311086818
4.089331172276654	1.85932607810168	-0.5830341133376495	-0.28395845674138376
4.261062680745712	2.0351937758047525	-0.4355544382529627	-0.44749867526756865
4.500892272046239	2.2030659689898604	-0.20979228213006246	-0.5902312820652021
4.729643277228116	2.3651252887347196	0.017266546085378413	-0.7119390358354125
4.954321610377899	2.526673564765704	0.2391455943172972	-0.8154401040513122
5.169195783860906	2.6416246270108656	0.4402805432319684	-0.8758765032775211
5.368060170923605	2.7382779354525004	0.6091242964063945	-0.918025908106638
5.548401536783834	2.8407671017039844	0.7407535294619726	-0.9540607584001257
5.711895376846264	2.9469593731191948	0.8394939120256029	-0.980978464551509
5.862435669759782	3.050785578395497	0.9112795354837536	-0.9945343134863474
6.00497287018328	3.148446085766202	0.9604440978343372	-0.9979453927503363
6.14346777576069	3.232668326779744	0.9895952470310554	-0.9944999894638276
6.281063163733317	3.2973195822412604	0.9998641269343729	-0.9862382332917117
0.1357581487481584	3.3380279866374485	0.990351598764888	-0.9805216787506958
0.27278860136612926	3.3508868274993118	0.9621520223477589	-0.977262208968628
0.40582583372858017	3.343274679472777	0.9177502959620532	-0.9791917426439927
0.557973697835506	3.324487436323458	0.8467534057133675	-0.9827664648852907
0.6969579349781713	3.3526975522287286	0.7652565149149262	-0.9768032249433508
0.8198962529113475	3.363724982487887	0.6809712226640667	-0.9740079826590957
0.92678732967932	3.3676609447043786	0.5995658406084531	-0.9730102916505643
1.016633921728284	3.371276541307039	0.5259266333408829	-0.9720938071869085
1.1743300108634913	3.3795291130767806	0.3857683975073281	-0.9700019383632111
1.3000479993934193	3.395970595614634	0.2672195792098041	-0.9658343375599793
1.4046542085638891	3.4224484578046512	0.16530592102877667	-0.9591227068127569
1.4937631313759199	3.4590697117292555	0.07678921086669732	-0.9498399206090098
1.5699829650703365	3.5037914957258343	0.0008453136979077527	-0.9334447711577873
1.6349947392724347	3.5520712342838285	-0.06408855073109057	-0.9153393882894192
1.6907979139474123	3.6815733419010668	-0.11953183266358963	-0.8562550370524176
1.7182838567240908	3.7987686181999285	-0.14664686914724126	-0.7901831336047496
1.741724747674232	3.9756432851382284	-0.16977143934978403	-0.6718579999049676
1.762829901287239	4.128195167390721	-0.19059179158799516	-0.5508463282337254
1.7818200661552255	4.266541049059177	-0.20932569558429226	-0.4305483804280005
1.8008541807941527	4.397438111556421	-0.22794172417195108	-0.30927018327220834
1.823464454895499	4.524712270268366	-0.24960262002069306	-0.18629372048052334
1.8543139044244001	4.650524710746185	-0.2791567382167551	-0.06175720511673219
1.8793788555882132	4.776584108901299	-0.303169242186392	0.0640192201872311
1.927529449001176	4.904841954339694	-0.3491164901305079	0.19093953855463436
2.0025140643259562	5.037973114518372	-0.4176364031447112	0.3192932724109755
2.0601953433250686	5.179679906730775	-0.46983876927546053	0.4495693924178161
2.080766639696981	5.334822842938013	-0.4874181150397825	0.5818826344943059
2.1461066280283334	5.452416448750674	-0.5432548608795797	0.6729279851244186
2.246000733147055	5.59607037186825	-0.6237760397107532	0.771632656379809
2.3753448290417354	5.761554113657083	-0.7190437219199161	0.8665659300667123
2.5330060267289753	5.861216817830399	-0.8192250219300055	0.9107510576870246
2.6563780972488034	5.97556586789852	-0.8831113310906067	0.9511840568793815
2.7570165790363093	6.096628268719058	-0.9250530861041164	0.9806476041006019
2.8701345159520444	6.201235941136146	-0.9615048352300144	0.9947530824977516
2.988062794837552	0.021746167033312443	-0.9865189959106417	0.9986076726407691
3.102498389617543	0.12434723948544024	-0.9979453927503361	0.992038502081071
3.2149574860117185	0.22641130818284927	-0.9967632501999736	0.9730343349342048
3.3260924097880804	0.3273395743375739	-0.9825613660154735	0.9449743366062221
3.438212176710499	0.42885766328764297	-0.9551269061042333	0.9077640045622704
3.5556991616763356	0.5258340197960744	-0.9139788793798467	0.8642747121258451
3.6814662304885304	0.6090452528459794	-0.8563075624999238	0.8189111739647378
3.8170399061861446	0.7733341471015281	-0.7792623693006151	0.7154165151718823
3.9651167278221124	0.969863605716809	-0.6792249275437184	0.5642600738887649
4.128175568976551	1.2254206184160652	-0.5508630761961724	0.337854317520373
4.308639860646578	1.4092002527179148	-0.3920790638158398	0.16087689149350098
4.50817058727977	1.5666013290940044	-0.2026121833901289	0.004222897139220555
4.726222108134357	1.7079012138923049	0.013849476902921768	-0.13640433384590642
4.958162163146169	1.8356155645787227	0.24288729172852716	-0.26124351920286065
5.195571663856966	1.9502432443095317	0.46364936239485205	-0.3698720447467442
5.400759524698592	2.0516371261759745	0.6347136941665396	-0.4625243833040525
5.59087152563434	2.1401775179743496	0.7682649249804803	-0.538188098249296
5.761609342540907	2.2184481558487037	0.8665960387129503	-0.6022493224659671
5.916958854001655	2.2920281579219535	0.9327291547551388	-0.6597370805929137
6.063335569357945	2.3687459174127015	0.9742877765770246	-0.7144561187386379
6.206599688979579	2.4546351964425726	0.9950965036100325	-0.7723827102920522
0.05654094737204071	2.55725078312951	0.996379890404487	-0.8337161333645762
0.18886467487669586	2.6837213737509757	0.9802067816417572	-0.8965199660861967
0.3166267814643916	2.7672310913230675	0.948347713456641	-0.9288836299572747
0.4337464273695474	2.8644600474784796	0.9056443022354754	-0.9600664661952334
0.602849303128329	2.9749590050160735	0.8222889655339646	-0.9848444682365405
0.751004350085735	3.0854579625512515	0.7302460912575174	-0.997945392750336
0.9400994362792886	3.183871949440301	0.588655098701305	-0.9979453927503364
1.0952831939755738	3.264131885120348	0.45685420172926594	-0.9904792748549373
1.2290989299428132	3.3155158126186337	0.33440470278388384	-0.9839129448258288
1.349292404772106	3.357935058627652	0.21924271878354762	-0.9754756174222632
1.4591947937314258	3.3958681669099193	0.11117424351078083	-0.9658603012740823
1.5598767805807994	3.440213391939095	0.010939386988355993	-0.9546196363872275
1.6514538334364544	3.497046212523897	-0.08052792040200905	-0.9359743195475317
1.7338498366109276	3.5692212947570128	-0.1620027954825566	-0.9089079447821251
1.8072529094236158	3.657131184700296	-0.2340717778716942	-0.8682410170202509
1.8725909770546478	3.7591757446384606	-0.29666637851961697	-0.8138478276654189
1.9318149965866935	3.871395559694412	-0.353032564734692	-0.7443804491245842
1.9848840788846458	3.991263027537292	-0.40152636425676	-0.6596543583210945
2.0351662717553993	4.115728111676801	-0.44747354244450815	-0.5615001382365457
2.0833831683415256	4.242525469322188	-0.48965408796599574	-0.45249348780018395
2.1339052180137714	4.3703081572260265	-0.5328280602744847	-0.33526098340571114
2.1876946921506986	4.49840625883182	-0.5782217656187039	-0.21224474808895288
2.2491794709166926	4.626563302066585	-0.6262595746781482	-0.08568989856841736
2.3189163194834124	4.754763142027961	-0.679814281594399	0.04231396302440303
2.397477499691908	4.883116095720054	-0.734430488100899	0.1697729008702213
2.4862086372642893	5.011781311503532	-0.7912541826121551	0.29472992887734867
2.584126110189571	5.140915806984245	-0.8476802984524237	0.41522470943002737
2.6898828480962877	5.270626591104757	-0.8995414386783499	0.5292667145496303
2.8016351985749837	5.400953560438913	-0.9417855128722392	0.6348572361674027
2.916826964135686	5.531866464816992	-0.973340476213544	0.7300423680720309
3.033308617659627	5.663279881343683	-0.992300940179075	0.8129906286993022
3.1497902712252768	5.795111520072104	-0.9979453927503363	0.8820886900366013
3.265993292353811	5.927256764663205	-0.9902414064239207	0.9359718883582794
3.3823483987917045	6.059580898930753	-0.9692873034522167	0.9735705305506266
3.4993617253625673	6.19195014948908	-0.9351059791684637	0.9941585472979382
3.6340189693166978	0.04111469836312262	-0.8795748182197345	0.9973675765798264
3.7705093369681237	0.17352675674365367	-0.8070737299310516	0.9831367487447202
3.9099044721499454	0.30623447938290693	-0.7176088208288994	0.9516201701987106
4.0536134093571885	0.43949620376004217	-0.6109402570953749	0.9031512765567369
4.203507721374747	0.5734016330138644	-0.4864874563890196	0.8383426935948389
4.362002153359702	0.7076863235752441	-0.34321822814592357	0.7583068323282588
4.531892400209449	0.8417700211436653	-0.1792104820814749	0.6647896447069235
4.716168636921521	0.9749344716524447	0.0038080537178572654	0.5601039390911663
4.917454797722938	1.1063964683112018	0.20322772889672008	0.4470079293661979
5.137376085241796	1.23534045803042	0.4120885442177731	0.3285512379229958
5.300299485634843	1.3608925876863422	0.5535869294926627	0.20794112315424526
5.478822072768635	1.4820632036742991	0.6924620982692375	0.08842709753891698
5.657754818759399	1.5978217290455048	0.8099785787849071	-0.026960088446864344
5.830663093686409	1.7075278822216602	0.8975033740035372	-0.13603604006197906
5.996062844241605	1.8116990460692703	0.9576383985545984	-0.23833122657979558
6.157342761938613	1.9126667701556228	0.9919427631349542	-0.33505943720280473
0.019330823298110707	2.014749644940372	0.998762318246099	-0.42881710889010655
0.16472273085611816	2.124147509499727	0.9848185614914284	-0.5244895419460985
0.30947286133149815	2.1491632975610444	0.950600428397715	-0.5458669592924034
0.4513754541724478	2.2015919052982995	0.8980005934151716	-0.5890796020628042
0.587778743979369	2.2716793328472122	0.8305048500967263	-0.6438386258347891
0.7164767010806853	2.3542775157021922	0.7526125630606014	-0.7043975985694779
0.8362704658687773	2.4470903126800096	0.6688580558496702	-0.767873126877068
0.9452523569533949	2.5504189800577692	0.584431710981189	-0.8296327588824364
1.1122791089457262	2.6630489480473316	0.4417959567150875	-0.8863825924356178
1.257782884332583	2.7836479584729816	0.3075041558769141	-0.935040118665085
1.3911766984687954	2.881785717119142	0.17843652166763888	-0.9644581914879321
1.5175349358406205	2.982489991421032	0.05314346078945309	-0.9858068497551842
1.6414603747225822	3.083194265704242	-0.07054643779724076	-0.9979453927503361
1.738283470919745	3.1826841747064933	-0.1663766005586829	-0.9979453927503364
1.8365338683541008	3.280044312349544	-0.2621232645056736	-0.9884458326126222
1.934534274179688	3.372989482107036	-0.3555174033022626	-0.9716596095141914
2.031931209555216	3.492850850148122	-0.4445173869772566	-0.9375476222279866
2.1307996763278663	3.606430770400769	-0.5301741978199734	-0.8931035586184949
2.2344504375910628	3.7081184846955524	-0.6147518404921039	-0.8432377920046709
2.3471134681436236	3.8892007978019394	-0.6994171094800478	-0.7320021401582817
2.47314754408208	4.0415178155811144	-0.7834475561551231	-0.620390495608667
2.61656277937446	4.16954591903613	-0.8635866386285295	-0.5155097530540598
2.719065498140962	4.277109184116233	-0.9108210527418541	-0.42089136356266904
2.83633047644293	4.362331901444888	-0.9529361589025416	-0.34290232578677865
