0.9530863018393252	1.3459043844919845	0.5780109277547829	0.2225435318373502
1.2074505694193238	1.6965896591354337	0.35470708960990727	-0.12524542172812278
1.354586922376806	1.7949885777444248	0.21408448141238454	-0.22231650601701622
1.3437229032371425	1.749315969236462	0.2246688620323483	-0.17726022193540447
1.2729438840081173	1.6448851274945566	0.29328578216921763	-0.07396708636325154
1.1767018594152778	1.5616034760373538	0.383544017201999	0.00921476079468328
1.0717690549637147	1.4794691457577822	0.4776875412205409	0.09100739998381292
0.9640551759063668	1.4025139170725174	0.5690207237582355	0.16739112167976244
0.8590399445124837	1.2448833298093323	0.6520138573648258	0.31960168841432046
0.7579420333647751	1.1517317006464247	0.7257519683759773	0.40684127535096115
0.6625017341125381	1.063290635610317	0.7875767037291102	0.4851993530989026
0.5750102600424408	0.9817121848807868	0.8374657325052941	0.5545488543868957
0.4983261730837143	0.9088537959386658	0.8776433934248343	0.614264352572583
0.43580342413897766	0.846223722818122	0.9047524161134779	0.6614949256590823
0.385269695671393	0.7947085853143105	0.926663160837456	0.6996043270497064
0.3506093250022175	0.751155502038374	0.9376468694240987	0.7301481773831558
0.33465793917832876	0.7149013982767711	0.942669839279617	0.7536330196152864
0.33434928957608	0.6793351260703945	0.9427670306876319	0.7766722953078884
0.345950380230892	0.7173598200273015	0.9391139356340982	0.7520404923987567
0.37018654871163137	0.7463914490629642	0.9314821508452364	0.7332342564998462
0.4018580945745067	0.7684822809629752	0.9194706542726813	0.7189241605901594
0.48825497289469977	0.7862875487554487	0.8820101303171484	0.7058339651308052
0.569247768799533	0.7993303781997085	0.8406072193192669	0.6961852590097359
0.6444898118608293	0.8062198537762907	0.7992445456694424	0.6910886252271037
0.710187328734802	0.8135916965766455	0.7566867202443912	0.68563515019277
0.7620968936827298	0.8230556278117509	0.7230605147489524	0.678634008942876
0.8745564445692884	0.8194811969641449	0.6405352016240997	0.6812782689898256
0.9669511450532474	0.8062341237662562	0.5666471571333445	0.6910780687032976
1.0479295926800551	0.7848647768189123	0.4988091145341307	0.7068864904552843
1.1231867611672313	0.7560745259770755	0.43213186390400193	0.7269617104966449
1.196624334511529	0.7198530356037497	0.36486020992259605	0.7504254262851767
1.2720886955060946	0.6758541591247188	0.29408779984433875	0.7789272113326237
1.3518420919689826	0.6230041582149871	0.21675866022228596	0.8113013199440132
1.438443358977503	0.5654294544240015	0.13181563994596215	0.8426888162808411
1.534150646122198	0.5008411354708487	0.03661585838310251	0.8765529395730023
1.6414486470835838	0.4266623308627742	-0.07053472421258418	0.9087158711631371
1.7632247967785033	0.3555032409512419	-0.19098135820173143	0.9361058125805874
1.8504738167204247	0.2745893406974064	-0.27547789118318927	0.9615849832529422
1.9604134730855391	0.2851247947375639	-0.37916546031003356	0.9582674490498224
2.0869740600539792	0.2949763055974302	-0.4927227096937762	0.955165283342921
2.2275243223394465	0.31426771839272916	-0.6093404946491412	0.949090564443198
2.3814512334247104	0.3494963226226091	-0.7232889310920244	0.9379973453929966
2.48880504106851	0.40475631796633504	-0.7928060553649485	0.9182140236060534
2.6094414982177137	0.48227931332633184	-0.8600944946009401	0.8846010959025176
2.7382140873054284	0.5828769950637265	-0.9180019644155015	0.8331770935648353
2.8714697347277016	0.7059902106816158	-0.9618432876067455	0.759405547772355
3.006897998044221	0.8495799647835782	-0.9889259384399848	0.6590120754052871
3.142975845511694	1.0126248190958855	-0.9979453927503362	0.5292125358216722
3.2790536929756566	1.1931005655557958	-0.9885724234370077	0.36816489067877634
3.415670795141006	1.3880949490590313	-0.9608407144374349	0.18143894722570936
3.554700710379175	1.5926818409977548	-0.9143533085617446	-0.02182636001429902
3.6989749543204296	1.7994388656380202	-0.8477216094930897	-0.22658583639930768
3.851389977763023	2.0001768235667963	-0.7582884503937565	-0.41550066459598023
4.014045234800238	2.1870373636707154	-0.6418547118977853	-0.5777081975349518
4.18734558719813	2.3574805191224644	-0.5002989216386307	-0.7066243458736597
4.369680261553075	2.5120502447573347	-0.3358625144935129	-0.8066997332971644
4.5575162777021845	2.5963149017262985	-0.15393238342889115	-0.8536574554599361
4.747881810788461	2.675101706453587	0.03546912131583342	-0.8922930413222633
4.936298942885911	2.7492871749587464	0.2215868280752717	-0.9221544825832939
5.12022738526535	2.82176588252766	0.396433433717216	-0.9492443134037992
5.29951199010126	2.8942445901046447	0.5529414899106229	-0.9676162770767589
5.475215265413626	2.9641262861394764	0.689793887023164	-0.9834601597432151
5.6505286766939795	3.023286221669448	0.8060391662882117	-0.9910201824994267
5.762785468096903	3.0595598921531906	0.867237216767717	-0.9956555792734728
5.877900274647583	3.129431852455409	0.9179847800843206	-0.9979453927503363
5.993265349902405	3.181704145601396	0.956757488902489	-0.9979453927503363
6.108283607854133	3.2090150397855743	0.9828740966365141	-0.9975226328513364
6.223211604393392	3.218950341988924	0.9961601036589262	-0.9962530048493061
0.05485682283788649	3.2719357556889674	0.9964877187248371	-0.9894820215862044
0.16852191861561636	3.3126294251082733	0.9840928114217804	-0.9842817950462709
0.2786275016188007	3.3483827518727787	0.9603133971472686	-0.9778969441616658
0.3816708498902128	3.375773878310131	0.9278658319078986	-0.9709538184259597
0.4733846885420705	3.4004045142308548	0.8884576855303448	-0.964710424145001
0.548597292025258	3.4252901470773502	0.8518650586380649	-0.9584023930291203
0.6682023115783993	3.4516413421130814	0.7838839586733193	-0.9517228699785568
0.7638315227846462	3.478974771911066	0.7219368491066391	-0.9427512897849586
0.8632092509402784	3.587488522675411	0.6489295256542564	-0.9020575523548947
0.9392358269689722	3.692749921487703	0.5893629219314385	-0.8507742499871052
0.9957977923111796	3.7966910849831392	0.5430041431028991	-0.7914248769679806
1.0355928469694058	3.9003772100553276	0.5097393727705842	-0.7242322309230482
1.0606405589054588	4.003670689504791	0.4875472999083683	-0.6499603021915721
1.0744387929733221	4.107420183213351	0.4753221746519899	-0.568599736842478
1.0787448309643943	4.21048899965332	0.47150705935965065	-0.4805215560141868
1.0767318244262751	4.311812336192485	0.47329056708602935	-0.38918009917484375
1.071251240357978	4.410896893836543	0.47814632082839365	-0.29637651909485774
1.0648452525655718	4.508058272921287	0.48382197488440015	-0.20272298213378745
1.0596089537777338	4.605197009663716	0.48846129381798997	-0.1068950743138802
1.0570668813021464	4.705307102788587	0.49071354974233516	-0.007040464008892449
1.0582284222860474	4.813746708698965	0.48968443370119785	0.10098475842986303
1.0636926667265587	4.851188314562228	0.48484315673864053	0.13822782325685393
1.0737240392824787	4.873403645365397	0.4759554407174186	0.1603104477960289
1.0883836291383824	4.919197910896584	0.46296716110756925	0.20492597455114753
1.107635812845645	4.97698866009732	0.445909880000253	0.2612291969580632
1.131419784586212	5.043133300117614	0.42483747086495693	0.3241326265974612
1.159584202635205	5.118418236243093	0.39959739404441885	0.3947367674391421
1.19194693024487	5.207891701291175	0.3692467994133044	0.4745648172317335
1.2282016561533673	5.3166833456889915	0.3352461891191847	0.5670153126828985
1.2678034187450418	5.353466350533926	0.2981066421194876	0.5971630484615025
1.3292221772405106	5.430858525577596	0.23879634112098605	0.6569800601617748
1.4038901545632194	5.540951446871464	0.16605030837321433	0.7359274775656762
1.4813110312214037	5.683557100582159	0.08917528145833978	0.8240449824807692
1.565202937178128	5.7870792758573115	0.005619613229476041	0.8786060170202246
1.6579502172773164	5.86456060149633	-0.08701651901016175	0.9122008772934174
1.760950199583181	5.921184765834652	-0.1887374553297112	0.9340598621923215
1.8754582963051136	5.970571335647109	-0.29941330247865616	0.9496113167288874
1.9821173701117247	6.033964589005187	-0.3989981837275264	0.9686771059847773
2.0882350268817986	6.131015790839121	-0.4938002777508794	0.987216573089108
2.2057746454639147	6.2332053422746085	-0.5923475600428729	0.9967999660609616
2.3307749673628915	0.04846006397684619	-0.6880584851533911	0.9968972797458201
2.4610097006314677	0.14230505540073565	-0.7761927568446083	0.9891009582964859
2.5945883855803866	0.2848756948996154	-0.8528108040056861	0.9583458886907942
2.730534327184356	0.42755843380698155	-0.9151219778728608	0.9083273329837402
2.868072072650166	0.570815702964065	-0.9609820453695661	0.8397524424015377
3.006482535740163	0.7150366657542511	-0.9888728466905621	0.7535453954558631
3.1451514185021447	0.9236657213386053	-0.9979453927503363	0.6021243434783761
3.283821667654267	1.1152602745604552	-0.9879631260003484	0.43915466777399376
3.42292827464162	1.310402051325356	-0.9590010824379143	0.2571320393042103
3.5638531825640913	1.5137839297249032	-0.9109210403256407	0.056874576501858204
3.708752673110124	1.7232346871910023	-0.8429267977838887	-0.15153089112987383
3.859882624960935	1.9331021280398362	-0.752384310818498	-0.35420872780261176
4.018421061268587	2.1391497363715852	-0.6384358963700625	-0.537309800263668
4.183359305475497	2.32322692125237	-0.5037054266760013	-0.6828110379536576
4.350250345549274	2.416647752273272	-0.35405597343040074	-0.7477577633656907
4.589659882660069	2.5110347965598065	-0.12222253711833864	-0.8060927990494732
4.805832441083522	2.5994670998859077	0.09311245768142457	-0.8552032348968889
5.007043808961873	2.6811454241853236	0.29028697768547085	-0.8952567682580164
5.1938059536000605	2.758333907845317	0.46208495719988457	-0.9255470975292606
5.365982744110003	2.834111882848679	0.6074216156455406	-0.9523737879348289
5.525179187864678	2.909889857860232	0.7257104544983188	-0.9715820526882248
5.672844724887263	2.98317294851234	0.8182050105704851	-0.9858941245485988
5.811333925540453	3.047372887791432	0.8891225067725632	-0.9940982072195721
5.943774529218709	3.0935789097869963	0.9411732065609021	-0.9979453927503361
6.072516124573568	3.127680891724592	0.9760415168522946	-0.9979453927503362
6.199800381226352	3.14039089865299	0.9946611688591247	-0.9979453927503362
0.04379584771191731	3.13655588578443	0.9971959124154339	-0.9979453927503362
0.17062599665414296	3.1177380896661346	0.9836908742500289	-0.9979453927503363
0.29503938972681304	3.154897506990792	0.9551454186312432	-0.9979453927503363
0.4134605918844562	3.1849404392195555	0.9144399675525826	-0.9979453927503363
0.5231757356334046	3.200585773773477	0.8657239055897132	-0.9979453927503364
0.6624598459342965	3.206104954996707	0.7876038382368024	-0.9978945113368226
0.7811251999514339	3.204189420120698	0.7096529207276151	-0.9979453927503364
0.8767717287510233	3.2463702421362988	0.6388963987757177	-0.9927490275844528
0.9481481103874212	3.2813315282890367	0.5820583211568111	-0.9882813398404859
1.0872794164352437	3.3129304568161717	0.46394548474950503	-0.9842433263335912
1.1885804452224522	3.40305415230795	0.37240397526941504	-0.9640387916597338
1.2727007965547794	3.531431380659679	0.29351375580744604	-0.9230795389897678
1.335686531169356	3.6569294405699444	0.23249837886912852	-0.8683399485951181
1.4008763433741946	3.7804312406233147	0.16898654443201166	-0.8011433997130389
1.4520317559428668	3.902455000122534	0.11829929796735907	-0.7227877387312744
1.4978583755208112	4.023360829955685	0.07271568251090117	-0.6345764750669173
1.5468346533008375	4.143169596635506	0.023965884650612623	-0.5380498245735633
1.5580216763712946	4.261743047594365	0.012792268050595301	-0.43493272835839936
1.503394172414374	4.379061193799371	0.06720924020367355	-0.3268754763249207
1.4119627860824244	4.4955291648244575	0.15815579470825908	-0.215083017440322
1.3687180654022586	4.612388634522112	0.20031707227459358	-0.09980049611452442
1.3458014411711843	4.732329392382214	0.22264382540970357	0.01994944221300355
1.3346638754944773	4.860160756893883	0.23349471151241008	0.14715268755446495
1.332510517242198	4.929415467774863	0.23559264258748086	0.21488053276901709
1.3396747619857812	5.026171109638749	0.2286128046245842	0.30822505003317824
1.3564891909658328	5.059151106870916	0.21223117698344135	0.3391545359220568
1.3831790031284767	5.119963795481199	0.1862283573111709	0.3961862324681694
1.419919990572747	5.195308125531692	0.1502407847656571	0.4634158695420363
1.4668673127287248	5.280095883781907	0.10354240946375083	0.5370278459429049
1.524182149917951	5.374755385258936	0.04653149479352303	0.6146117641544376
1.5920272416949444	5.479620419406745	-0.021172545179898805	0.6930526919074345
1.6705354992701067	5.596570380482937	-0.09954284710519021	0.7719565541517097
1.7601802214083757	5.679075789324246	-0.1879778675480187	0.8216019453232954
1.860559919424627	5.77613186714097	-0.28514049054913115	0.8738593678999904
1.9717220471258652	5.8824036107593685	-0.38949908016260815	0.9199373660292682
2.093144798338622	5.994369938497146	-0.49799595742526026	0.9571053154346405
2.224504599901038	6.108970269272595	-0.6069811977171173	0.9830052679825544
2.365623377421579	6.2241740123211855	-0.7122853100959045	0.9962217231106003
2.5164234573875492	0.05585723927411785	-0.8093136061901134	0.9964236657276972
2.6767150004439695	0.170290841520559	-0.893084170734128	0.9837548981617015
2.7983374653375814	0.2841286894440453	-0.9405488300598583	0.9585811150169994
2.9251264437846536	0.42481463481261755	-0.9754442352858667	0.9095170073094332
3.042343054139527	0.563212572249284	-0.9934554469371661	0.8438973744940232
3.1595596645004345	0.7310298632327572	-0.9979453927503363	0.7431852518969475
3.27651390691091	0.8859119240212077	-0.9888969816075563	0.6321347479829896
3.3940780637717434	1.1183840334190491	-0.9663140581210913	0.43638704235691417
3.5134109728030682	1.3163477818798284	-0.9298373714352806	0.25133935112470174
3.652191218693392	1.5131035320161597	-0.8706634846082861	0.05755136627597775
3.818962080528482	1.7025998410310694	-0.7781134840682244	-0.13117449982806775
3.9831857145817042	1.8912437009763212	-0.6659651302757382	-0.31453589696736756
4.149427749414445	2.0613162401801826	-0.5327018761721616	-0.4707966395538303
4.395807888915182	2.2118940298037884	-0.31083195482278153	-0.5971286102862022
4.626538286742501	2.343972339499929	-0.08571488391426685	-0.6972333778938851
4.854454574982703	2.4600840501748364	0.14147676372767182	-0.7756394947827048
5.079544112098126	2.562450434519844	0.3582796184066496	-0.8368239694043966
5.299762345836206	2.6539642438176094	0.5531466840914577	-0.8819276221964235
5.5149417383907595	2.7382712013614454	0.7190787946085764	-0.9180233827554148
5.6605107369155965	2.8193045179753393	0.811480998516779	-0.9484116836495031
5.8068533622071525	2.8999996495718583	0.8871797947979556	-0.9690750743843002
5.951333537489783	2.980694780897465	0.9435534806701494	-0.9855774405732983
6.080390593031459	3.0582397258438223	0.9775457583885196	-0.9954868757877201
6.208589726267127	3.126284728675642	0.9952239184025843	-0.9979453927503362
0.05347435391868342	3.176815224864043	0.9965762331419545	-0.9979453927503363
0.18140172289576667	3.201323253007707	0.9816324121351166	-0.9979453927503364
0.3080590118648551	3.205678465602103	0.9510456388220377	-0.9979453927503364
0.431339013553994	3.263770277048836	0.9066881244737535	-0.9905254845951098
0.548487818947094	3.303698623852012	0.8519247391160111	-0.9854230583036376
0.6562788792861866	3.3341169988668446	0.7916077719025593	-0.981513039215707
0.8120842115328514	3.352860197033665	0.6867503438117342	-0.9767619976015868
0.9490298225982513	3.368111039314948	0.5813356605999334	-0.9728962012906336
1.0708821514240576	3.3860009762294054	0.4784733306780401	-0.9683614450554338
1.1809699822391437	3.4114209659256605	0.3795412623283871	-0.961917964716459
1.2806678697677143	3.4481150307516937	0.2860420305437824	-0.9526167223442623
1.370377674266922	3.4985735833781244	0.19870018153848173	-0.9354015402632248
1.450251618598027	3.5638982891177053	0.12006999580486467	-0.9109041249187342
1.520807630497248	3.643737070246949	0.04988812020120881	-0.8748092420016214
1.583595167178298	3.736163493519974	-0.01275057561763052	-0.8276022696490455
1.6407691139304525	3.8363840393753743	-0.06985600540846001	-0.7677003645099989
1.6969385835054276	3.9412215030592495	-0.12558963757326552	-0.6958370319788124
1.6754863477121014	4.045324841055048	-0.10442688682034301	-0.6174160819981493
1.6776413777210302	4.142890957584654	-0.10655283599335261	-0.5382879375310461
1.692044087715064	4.227172396286654	-0.12076119006454863	-0.46626464227193254
1.7202665406580373	4.406007547734187	-0.14860279795206016	-0.301060567426907
1.6776631553720052	4.549803707953319	-0.10657431976800473	-0.16154087668023565
1.629647270382921	4.677998919537234	-0.058747490220566	-0.03431592127503781
1.613322985844721	4.799932485962862	-0.042442768620310545	0.08724378816341431
1.6164813340730497	4.92104367428536	-0.04559733190049946	0.20672422821676106
1.6331212024873303	5.045881463116987	-0.062217259182754656	0.32670992422763
1.6631293841267507	5.179486665011516	-0.0921894791728991	0.4493981817968714
1.7066256741108774	5.328147715622502	-0.13514600670789384	0.5764116302779588
1.7635070019718697	5.499375593801168	-0.19125975520547178	0.7076669957221754
1.833384151996728	5.59018801328618	-0.2591058009550628	0.7678221563558352
1.9155468349737952	5.717898908250414	-0.3378185715584711	0.8427668045903636
2.0099577006559057	5.8758125177986456	-0.4244382959280292	0.9170795568057305
2.114733370362649	5.982760387204173	-0.5164446232413109	0.953449556190615
2.228785409589398	6.101008698986479	-0.6103257770187995	0.9814843875851036
2.350258424017098	6.208890151760531	-0.7016035017794462	0.9952431535456434
2.477587954017223	0.03174040868378396	-0.7861015929341405	0.997967777984235
2.6094510161532787	0.13545275599679057	-0.8600991620197804	0.9904099372373736
2.7446689997397113	0.23959556658083442	-0.9204226208750246	0.9705157764800529
2.8820721790213737	0.3477860456618515	-0.9645308040915148	0.9385358985766084
3.0206226724528937	0.46527200586714484	-0.9906798086888562	0.8919752355807227
3.159513431135074	0.5940969946559164	-0.9979453927503363	0.8270603847863143
3.2984041898186005	0.7345727705621449	-0.9860996317551685	0.740890211858974
3.4378270188208715	0.8867952747934239	-0.9552245362495982	0.6314812707571041
3.579477539461247	1.0496433182756413	-0.9050617508567215	0.49729076733418737
3.726153724169424	1.220801117826148	-0.8335851172675917	0.34218660346035357
3.881352380837323	1.3969117397079487	-0.7374584069881713	0.17284909968632348
4.048754867655119	1.5737496269385638	-0.6147362160835277	-0.002916834222267819
4.23139094768642	1.7479884610977152	-0.4626596495509917	-0.17595062772184877
4.430878100744297	1.9168688983172644	-0.2772342990659877	-0.33908512305006144
4.645704214663996	2.0801593318129674	-0.06657192434141206	-0.48689913582304
4.872414997849918	2.240992111123833	0.1593419481326011	-0.619862823574477
5.100217533370514	2.4048976513310825	0.3776676822387329	-0.7395890222924572
5.318019651097191	2.5140881579737373	0.5681105625825669	-0.8079177957526082
5.518077243688331	2.637979217163749	0.721109925972785	-0.8740888619886128
5.699268256635551	2.77696527697612	0.8326100956398991	-0.9325340465383127
5.865374357836763	2.932390511182393	0.9125537110934047	-0.9772855371910842
6.022189298683542	3.0555178975000272	0.965865419989745	-0.9951390545125065
6.175007801838144	3.1786452838273602	0.9930737908841821	-0.9979453927503363
0.04404194432640098	3.2904602675096006	0.9971801557513362	-0.9871147821756618
0.19666179114177398	3.381653971707716	0.978717316516406	-0.9694633274127293
0.34840296065998444	3.4380233833557368	0.9383416367442352	-0.9551747616023699
0.49664636966470155	3.464479219631065	0.8783717335852891	-0.9481872662785473
0.6387549660835451	3.4644546004088275	0.802714590152555	-0.9481964987321158
0.7743551735921973	3.448585630454068	0.714661189451156	-0.9524974343364381
0.9039636232671552	3.4227094174109807	0.6182723892795884	-0.9590565585525593
1.0279764582469602	3.3902238288260085	0.5164874323900414	-0.9672910328323868
1.14686054080327	3.3529661250399156	0.4111570840938425	-0.9767351468815912
1.2604532210599144	3.3109041653261597	0.30499984571748207	-0.9845022652529456
1.3682687810702516	3.2616449681915993	0.2007547920830194	-0.9907970769013006
1.4698081525645987	3.2891347457738105	0.10061716397472885	-0.9872841700290571
1.5649127373940948	3.3163628642961482	0.005909465239592841	-0.9838047004557103
1.6522610288795105	3.3772193153851857	-0.0813341485062318	-0.9705874278221229
1.7346311706052644	3.4988176816456003	-0.16277358584381485	-0.9353100009814856
1.8144080714366693	3.613993001135454	-0.24092650322579318	-0.8893951811069056
1.8957293493656797	3.7180160273827054	-0.3188331983685118	-0.8383842208814457
1.9035607369728735	3.804513788535508	-0.3263357554162591	-0.7867492404293314
1.9329299456250508	3.963592296969945	-0.3540513898735904	-0.6802847210703166
1.973927269886647	4.173476419823728	-0.39151418247514586	-0.512150916006412
2.026588635792197	4.33755285850664	-0.43963541634996917	-0.36565876293451294
2.0947211810196498	4.482842862714633	-0.49934306631454317	-0.22745147503657512
2.1034124858855803	4.62257499574353	-0.5067702819172478	-0.08967342532585576
2.1475715441686267	4.763169231050134	-0.5445067152537706	0.05067547720564822
2.224123511597088	4.906558612541736	-0.6066834549660272	0.19261201018518054
2.2666173411492556	5.035759649561434	-0.6398837121874228	0.3172174282964596
2.2813133845081195	5.1815780278011045	-0.6513656714458153	0.4512511125366678
2.324949449998889	5.345323416230111	-0.6840085503316996	0.5904890142740059
2.392568406424391	5.427350158880176	-0.7310176568406399	0.6543846724529175
2.480593430383858	5.537934260734089	-0.7878979687039509	0.7339729915056384
2.5827096612265086	5.6644392168037525	-0.8469856981862821	0.8136226534447216
2.6937812855537286	5.800748205887685	-0.9013392211684047	0.8845326811637094
2.8102418788920636	5.943732401213839	-0.9450131037213321	0.9411599407731597
2.9292639998302645	6.066157762275302	-0.9764930264675259	0.9748268935767599
3.049102085623569	6.190763669030178	-0.9943191806679682	0.9940825813034899
3.1689401782261184	0.03249711762226939	-0.9979453927503363	0.997919328684806
3.288701035173431	0.15748193917834544	-0.9873395937204306	0.9862017532147939
3.4086377718186993	0.2835788716823967	-0.9626234510963531	0.9587542484408462
3.52879498034262	0.4123776770596156	-0.9240682153695561	0.9149095048498378
3.6856132024831636	0.5450805788930378	-0.8542739644485509	0.8537822342948594
3.840968563305565	0.6818240130093852	-0.764960190674085	0.7750600332180524
3.9966094192260924	0.8219528153314702	-0.6554772441107457	0.6794498375615319
4.1587272139238705	0.9643347055778645	-0.5247549534756689	0.568791618313639
4.330602514720691	1.1075215250322001	-0.37200989175699606	0.44601113809080056
4.5149295254427875	1.2500007388247445	-0.1959444530390181	0.3148024512034865
4.712871184124164	1.3906636741993976	0.0005145525708337012	0.17893634075528764
4.92379428887499	1.5290844770410272	0.2094040423243389	0.04165516316622541
5.140951166709981	1.6657707054165938	0.415256037864813	-0.0948276351170044
5.353741895753287	1.8023674474796207	0.5973888882074222	-0.22939145060686159
5.552990439826764	1.9297920050211088	0.7437261491877394	-0.35118398278888957
5.733806821992579	2.0661862788048415	0.851439182413121	-0.4749583652574848
5.898299109968224	2.1209724583576373	0.9268294406096909	-0.5217762796977158
6.053204210682149	2.206975369123767	0.9723524065110929	-0.593285680583644
6.204393356425906	2.3182620677436736	0.9949552402244742	-0.6793594418372826
0.07271107254117715	2.4592706724392803	0.9953445765654696	-0.775153338221277
0.2251309856693121	2.6026995303915212	0.9732789119891418	-0.8567883587863006
0.37593536055180954	2.7095658448402764	0.929671893799418	-0.9072585881291043
0.520424259659484	2.807767013994055	0.867223903616031	-0.9440850047327242
0.6521572135227617	2.894943017754424	0.7942777226155632	-0.9677933151040488
0.8258991154203473	2.982119021539197	0.6765304794586103	-0.9857594436732908
0.9782757520689161	3.0520273458572893	0.5573653906886457	-0.9946929984170352
1.1155449272474116	3.070324144863622	0.4389024677652469	-0.9970311385048254
1.243023851990968	3.136214005455307	0.3213455543261007	-0.9979453927503363
1.3631655463919459	3.176830250793489	0.20572667012684437	-0.9979453927503363
1.4768254283757458	3.192457265155208	0.09363709856573277	-0.9979453927503364
1.5840596659967887	3.195116163641326	-0.013214517783145752	-0.9979453927503364
1.6846553283126995	3.2262733927340888	-0.1134721375335207	-0.995317195339333
1.7785658814293925	3.319365888800358	-0.20611542412726333	-0.9834209452439119
1.8662169330156986	3.4090062413554056	-0.29055997293408037	-0.9625300511287036
1.9487860409223203	3.4891556340605154	-0.368540472278135	-0.9389333650684766
2.0284031929895705	3.6286884437249816	-0.4412935338289321	-0.8821888089749497
2.108375148938882	3.790826968226578	-0.5110111604767988	-0.7949298645199606
2.1904173904548743	3.927555313034744	-0.5803489987955565	-0.7053378497434463
2.278990942950563	4.037428024824421	-0.6495511572468096	-0.623585832591351
2.3775436678453077	4.237916522872964	-0.7205723679236	-0.45670507985036796
2.4902672005454662	4.400336600811051	-0.7936799893226938	-0.3064933981000421
2.5541484492757704	4.544206107922945	-0.8318618657926904	-0.1670629404594433
2.63289068256273	4.679893665334073	-0.8715935391211405	-0.0324234461317365
2.7246478392569586	4.812112095821095	-0.9129144862654335	0.09935881338894018
2.8273587748136166	4.9429027552558855	-0.9506620044380278	0.22802065912509406
2.935315544834657	5.073110147028998	-0.9780269771780555	0.35224568121695676
3.041726730137077	5.203013690958598	-0.9933766871575622	0.47024293900989966
3.144529079891646	5.332611161337527	-0.9979453927503363	0.5800699171048778
3.242714306317295	5.461741651811937	-0.9932162180527879	0.6798264993035652
3.337401997988613	5.590155967008044	-0.9806803548791835	0.7678013972773291
3.4346207152709227	5.717625324433274	-0.956037272766479	0.8426176573000972
3.5360541260845992	5.843982094148948	-0.9213459634087683	0.9032783133947683
3.6444315547740644	5.969192204980231	-0.874468679687027	0.9491770389900733
3.7597477886578887	6.093439379954815	-0.8135059164705168	0.9800384380395242
3.8818939015292586	6.21712986980993	-0.7370819385356889	0.9957707124876378
4.010239436668178	0.05752441131346109	-0.6448281665910597	0.9963169228134463
4.144146272908329	0.18104535464311644	-0.5372151990064935	0.9817004883399671
4.283462683338747	0.30359488557866376	-0.4150856231160872	0.9524513581754739
4.4286434142822335	0.4228977597442759	-0.27937515372756266	0.9103481385471991
4.580585971869886	0.5352536025296738	-0.131174000931105	0.8591395208165049
4.7402217897766254	0.6353817111770171	0.02783238139930195	0.8045535579465743
4.907932675661839	0.8198553808305024	0.1939507050891622	0.6810014586414915
5.082903433605572	0.9738446718489714	0.36143007613499123	0.560997150417027
5.262664165051965	1.1049414961550483	0.5227406268140519	0.4482970230839908
5.443404611604989	1.2186044468311068	0.6662612899413485	0.34424669776737704
5.619497518362251	1.3145099905724735	0.7868083960140991	0.2531298379092921
5.788434414016712	1.4740437079119801	0.8791935866925356	0.09640406844253079
5.949607058492801	1.6013098197525353	0.943009825588781	-0.030443999044078233
6.105572460818265	1.7112012838529709	0.9823561924752395	-0.13965987134407748
6.259928418435478	1.8108376095606773	0.998510946667548	-0.23750596075553798
0.12181224174505298	1.9046894389580644	0.9922008086937317	-0.32741706456076136
0.2663447740289214	1.9965210846119192	0.9641811344779719	-0.41216010048018314
0.4081887205736464	2.0904075038338648	0.9167257800190606	-0.49565678318519596
0.5445052188294909	2.1908664999740055	0.854095898294808	-0.5806998862470494
0.7040309344963361	2.3011916868789286	0.7606747362869308	-0.6668965087177381
0.8508628620200994	2.425571327732895	0.658063025318293	-0.7539614868686431
0.9884028164091475	2.554840915986587	0.5490651427554141	-0.8322757537322266
1.1200996582679805	2.637356792758459	0.43486701243366543	-0.8737836366195092
1.2474372230328952	2.7350970629894378	0.3172065819543705	-0.9168330492486718
1.3709803735660613	2.8435977698092914	0.19811299564535445	-0.9547782785289948
1.4907412408335488	2.9335654875068955	0.0797950772758629	-0.9775833711767057
1.6064469313840333	3.0235332051871766	-0.03557495438763439	-0.9910517444170945
1.7177893560719453	3.1108052379936937	-0.14615904148445896	-0.9979453927503361
1.8246841973371046	3.2417089448765055	-0.2507711469421927	-0.9933446927595722
1.9275384099382633	3.3728293291596203	-0.3491246785119123	-0.971700205217818
2.0274106589979497	3.5045059137250463	-0.4403865698807284	-0.9331768572918444
2.1261272688408384	3.6368340455269093	-0.5261813591927287	-0.8781943571259625
2.2263387148252023	3.769577545467746	-0.6084141842918174	-0.8076306625000034
2.3312974185380484	3.9023763298689063	-0.6884216963627467	-0.7228424307662803
2.443599388061989	4.0348566420579095	-0.7657865982762565	-0.6255948435504136
2.5661799529274902	4.16685715865951	-0.8388798362151499	-0.5178074521141226
2.7009363957823056	4.298381421037177	-0.9040224587753803	-0.40145308522880774
2.7927746480007145	4.429518256365504	-0.9384627181479268	-0.2785370452126073
2.890307345303141	4.5603751289638685	-0.9666182609575016	-0.15111211064830204
2.9847841899637957	4.691034588466784	-0.9861000244017619	-0.021295874223539103
3.0743483291749585	4.821528889021862	-0.997545387289858	0.10872567230304059
3.15596956177466	4.951827426843834	-0.9979453927503363	0.23671561076137662
3.228399658819909	5.081826754011565	-0.9950454807093125	0.3604203384423146
3.3174162230840154	5.211344204505912	-0.9836700921885546	0.47762370752455074
3.4025573479106215	5.340110408223636	-0.9641647220556447	0.5862163783473466
3.4886830348033	5.467820109857441	-0.939110594497441	0.684323165889674
3.576891568420392	5.59411765771329	-0.9060315157556128	0.7703677186459943
3.6630922633278957	5.718646902044326	-0.8653178147664484	0.843174581807101
3.780182860045747	5.841155741696787	-0.8012918569946158	0.9020528450005452
3.9327973185432357	5.961642390613597	-0.7016935758845226	0.9467996599712818
4.067677067078824	6.0804854724713655	-0.5999523781785371	0.9775638829889551
4.186235497541068	6.1984233462654705	-0.5012475565500178	0.9945730023584389
4.365945552631109	0.03301966935420206	-0.33944040747355675	0.997885871612952
4.522041212429107	0.1506563144848115	-0.18892873399815696	0.9875056365473137
4.666702670611526	0.30198080469052113	-0.04559863283460675	0.952959619948778
4.809261940356114	0.4493472603499654	0.0965237714001713	0.898879990966921
4.9465407409757685	0.5894238366451731	0.23156500353890802	0.8296080093555368
