6.01858218238411	1.4774801844665717	0.9647295665512141	0.09298581444011193
6.11569852664959	1.8388367494820488	0.9842905514613073	-0.26432945042102013
6.2032608262913564	1.9956016305544548	0.9948827284715264	-0.4113199159734661
6.262873737405634	2.107722587926059	0.9986995246444176	-0.5104535098810691
0.06888314082070773	2.2050582216616856	0.9955896650013081	-0.5917878210227797
0.14817274976189374	2.227845160072642	0.9879800661845767	-0.6095911638729009
0.2258906646207566	2.268793812294641	0.9731337922722911	-0.6415841802935752
0.322939961804327	2.3240941530068886	0.9463597410704139	-0.6834139427021361
0.41875990541049773	2.392651756465714	0.9121422565108197	-0.7310756022922886
0.5143133332645342	2.4748353351661323	0.8705553437660738	-0.7844563503155271
0.6048026602046941	2.5721978896508575	0.8212240709875419	-0.8418309206231863
0.7410301951606881	2.647868358675407	0.736707193050403	-0.8789383133313964
0.861341763996527	2.7381217916639473	0.6503110382150239	-0.9179673526305996
1.026897955168445	2.8397041853110836	0.5174429775097569	-0.953791329460088
1.1690138599737705	2.9474083372614905	0.39075401993686554	-0.9810922683593924
1.2962917221129515	3.053050221160202	0.2708791703739472	-0.9948237112127392
1.4129509413185746	3.1544815298139284	0.15717287934791177	-0.9979453927503363
1.520808795174903	3.2505873555016094	0.04988696169947239	-0.9922101244784628
1.6202791188246435	3.3429128030793	-0.04939056540653948	-0.9792834713761585
1.7113389619067978	3.438931376617258	-0.13979569151524085	-0.9549446027077975
1.7941490533209286	3.5400751046713412	-0.2214883104714979	-0.9198380563862183
1.8694615694030912	3.6490871666936835	-0.29366837093665765	-0.872185654062562
1.9369219644608526	3.764795099731127	-0.3576992419322487	-0.8104891343672485
1.9983497794285199	3.886311077947523	-0.41383113672168786	-0.7340110908371777
2.0564610623149684	4.011779157237308	-0.46664761321651005	-0.6436251891356757
2.1114834645653073	4.139470041358717	-0.5136673934216601	-0.541211305513272
2.167040557687118	4.268201523702989	-0.5611440974655753	-0.429031061473126
2.2237406781499436	4.397317081791836	-0.6063843487416155	-0.30938613114234625
2.2851776745298285	4.52652348408883	-0.6543848256159825	-0.18450694790296934
2.3513893801612133	4.65574334208331	-0.702389749314843	-0.0565448277603416
2.424610080321829	4.78502799843795	-0.7532932218684573	0.07241833443873752
2.503691119570158	4.9144837300622175	-0.801703477093071	0.20033313615305315
2.588646440054196	5.0442215294988	-0.8498969842694873	0.325153195976297
2.6772663698443013	5.174320258254084	-0.8933545520483864	0.4448207866443923
2.768328515204657	5.304815886511644	-0.9292951748441882	0.5572886189244547
2.860640470894094	5.435698492952857	-0.9590982767144831	0.6605605273479038
2.9529524265806875	5.566926255283206	-0.9820322570286093	0.7527535528031406
3.0434248438791536	5.698434574328405	-0.9935936883834381	0.8321556043678882
3.128653064001351	5.830138900407534	-0.9979453927503361	0.897276090850923
3.2537509181345463	5.961935144691157	-0.9918058541681345	0.9468918459996872
3.3770933331496362	6.093713181196413	-0.9706193619050049	0.9800907416588076
3.4945076791620773	6.225398382373451	-0.9369262948442633	0.9963001150368179
3.6463984122659125	0.07383107359232952	-0.8735041693001888	0.9952728670038031
3.8267867942636875	0.20553794630954567	-0.7734366460415913	0.9770217250797598
3.986843844264953	0.33752482816397644	-0.6631070483444785	0.9417670777820887
4.122528645720198	0.4698817245235458	-0.5556886941170515	0.8899765235958242
4.321588474185256	0.6024777260667713	-0.3802467983640291	0.8224915349418913
4.518343767043506	0.7349500801540862	-0.19257628457851944	0.7406457965978029
4.702283393488067	0.8667709876965259	-0.010060549711865787	0.6462946563271283
4.885262876685495	0.9973067503615558	0.17186442395700957	0.5417673852905476
5.070992950305528	1.1258230556865596	0.35026011991682826	0.42979612800091593
5.258042112810014	1.2513935553450322	0.5189523444175302	0.3134962322063539
5.442249821685459	1.372920367883047	0.6654070099239076	0.19622293654406128
5.617714003916348	1.4890997535643231	0.7856530632093994	0.0814278602554101
5.781927867191306	1.5999356050813718	0.8763724355356891	-0.02907143122465098
5.93563850391515	1.7032144333084138	0.9386112341846642	-0.13178079855167943
6.082458537484719	1.799393573572338	0.9779407930448694	-0.2265424460930638
6.221946800470068	1.8900669143545643	0.9960791229001649	-0.3134085222024348
0.07831562120822141	1.977883932187028	0.9949857378591673	-0.39512972621667775
0.2171413560141617	2.0664785952247366	0.9748051525031018	-0.4752081663067245
0.35198844743980806	2.1539883075802577	0.9372125942766245	-0.5499902054850877
0.47786570935935546	2.249863830411671	0.8865147751968366	-0.6267942619846262
0.6232013384189681	2.3575440684573183	0.8111938249414751	-0.7066685257546966
0.787464629808232	2.462167665822116	0.7049631947808961	-0.7768848736197914
0.9672771369544193	2.5537982797955467	0.5663799707589868	-0.8316525691977866
1.1163943815957509	2.6628834881767864	0.4381498579923623	-0.8863014539879126
1.2494225955644793	2.7850553079178453	0.31534464875687745	-0.9355678887253607
1.3727459534967383	2.8909466800828354	0.1963928615254661	-0.9667803200744487
1.488138715514525	3.000521500252535	0.08238380222329875	-0.9881110885254568
1.6069092175880673	3.110089454769534	-0.03603668659027855	-0.9979453927503361
1.7167788158782267	3.218312253512994	-0.14516213792384594	-0.9963345459016297
1.8191108421420752	3.32569687401126	-0.24543181023771687	-0.9826119113625377
1.914716625326603	3.433002180084905	-0.3370232214172104	-0.9564475404248716
2.0045119660569717	3.5431321522730896	-0.4194620583438099	-0.9186916330846506
2.0897933871954417	3.6546988264415954	-0.4951319854995625	-0.8694338003381841
2.172518936076979	3.764345118931782	-0.565825684187288	-0.8107580882721259
2.255247209321659	3.923396534108512	-0.6310002741613452	-0.7082290579463673
2.3383880061259474	4.070561957890272	-0.6933511156373218	-0.5976984246515169
2.4244054101398507	4.21147942582258	-0.7531509339229988	-0.47967518037656665
2.51536153886877	4.349938915439942	-0.8086788965920526	-0.3543405539928128
2.6111282008780647	4.488660552381901	-0.8609216222612606	-0.22185894208242657
2.711936332513728	4.630075233605012	-0.9081475446188132	-0.08218217571053535
2.8169024280360566	4.776931017007396	-0.9475108759953208	0.06436428874896813
2.9146404920453324	4.932908995754795	-0.9727862474316187	0.2182841377673827
3.012378556070279	5.097662601243009	-0.9896262965966083	0.37527160146806404
3.108116907101436	5.17485815515146	-0.9979453927503361	0.445297359002355
3.200200913468128	5.281694477343429	-0.9979453927503364	0.5383380699584058
3.286610796695507	5.401482763761894	-0.9876067043979093	0.6352487254039644
3.370494355767885	5.527053874113371	-0.972292076234347	0.7269248469730244
3.447402280236664	5.655331733750602	-0.9527973909434657	0.8086576067810644
3.5510342827490287	5.7848869933205105	-0.9157282554439283	0.8776554728097872
3.6970468226891913	5.91499422279545	-0.8486671294370756	0.9321105073576693
3.8896989696166755	6.045299918360078	-0.7316558081067883	0.9708424677909231
4.059454039961377	6.1756348645748975	-0.6063769960187013	0.993113939412564
4.208087253036217	0.022768645434767486	-0.48257398545067065	0.9985422070968695
4.344307910682634	0.15312213846303052	-0.35948608890663714	0.9870345958835671
4.471551385694246	0.2835965581949557	-0.23826883649892447	0.9587486790928026
4.648503790606712	0.41422557805559584	-0.06377570339598905	0.9141082798417903
4.813555289209624	0.5449290236439484	0.10079435397774858	0.8538648563408693
4.975871877216106	0.6755190614645232	0.26014115993118786	0.7791442823636384
5.139406876528522	0.8057378160535626	0.4138878090894724	0.6914452227235097
5.304945215228885	0.9352775802814999	0.5573946180947893	0.5926071423474571
5.471298296947854	1.0637782897734325	0.6868962276024652	0.48476729540249297
5.636487461121661	1.1907927148684396	0.7978142155996949	0.37032925214811574
5.797619533280097	1.3159292113556282	0.8831761308178598	0.25174714769496526
5.954208655779514	1.439072317680624	0.944458833512831	0.1311900164126292
6.10755171372106	1.560784628028118	0.9827342845893929	0.010032627500710888
6.259882361786753	1.682842150433458	0.9985079978291621	-0.11168342740098355
0.1233952083189744	1.8088144078213761	0.992099457146756	-0.23556771082722833
0.26978906129670704	1.9445689335007557	0.9630965546608427	-0.3646869373570635
0.4146161023627441	2.0491890352810898	0.9139389537567792	-0.46028735142168803
0.5564442329898056	2.1838317046856814	0.8475872106499246	-0.5752036291308135
0.6943812586148819	2.2459631367186907	0.7669256456228049	-0.6237466657732791
0.8288543310148788	2.348017734301885	0.6743442968578263	-0.700045760769468
0.9605141397712642	2.390338441827056	0.5719229940385893	-0.7294673719973244
1.0897793879522175	2.4607745164079406	0.4617305299384714	-0.7760521870350181
1.2167557077452211	2.5500470979809484	0.3459804926208632	-0.829410484650157
1.3412476664570572	2.650726556967688	0.22708038652141216	-0.8803399206933806
1.4628097289211524	2.757632399732248	0.10757847718312832	-0.925284024999215
1.5808408367215931	2.867561974433005	-0.009999545936263059	-0.9608527452450384
1.69470252344138	2.978559259889893	-0.12338375179707405	-0.9853045432608014
1.8038732997893407	3.0895565453425298	-0.2308340739867564	-0.9979453927503361
1.908121596000194	3.199656213403484	-0.3307051094510119	-0.9979453927503364
2.0076540811702404	3.3068721677103734	-0.4223332800378769	-0.9850175124967986
2.1033028552504827	3.4364949786959076	-0.5066765962882092	-0.9555621828992817
2.1965236592357615	3.610284554594361	-0.5851198019056776	-0.8912137344198644
2.2893412732620866	3.776294951015831	-0.6576378284715607	-0.8036156635146411
2.381935706326805	3.9282268836520227	-0.7236257395767922	-0.7048709697981645
2.4762969749936032	4.070339401626106	-0.7853299736783348	-0.5978723069608873
2.5739559014207543	4.207758999964102	-0.8426930169465228	-0.4828544964184086
2.675657316573218	4.342939707971552	-0.8925655022065102	-0.36073633377810943
2.7806750026770053	4.477433836602603	-0.933925230628311	-0.23263338263887318
2.888197849810225	4.612448359021093	-0.966083544268149	-0.09974157756179376
2.9969385353736793	4.7491504006631144	-0.9876532229822274	0.036730984258174414
3.1056792209607447	4.8889420922026465	-0.9979453927503362	0.17544893691816923
3.2137254503241492	5.019653155806675	-0.9969206915114125	0.30211234603098136
3.320930258264052	5.157781316344713	-0.9832210351419365	0.43016741611483056
3.4271488481583723	5.273644418912336	-0.9579312479179419	0.5317401578083242
3.557683389363692	5.3975275356547945	-0.9132347742324163	0.6323227626126626
3.688601741770984	5.525033623625851	-0.8528084402829601	0.7256161602577007
3.820120245884311	5.654211091790866	-0.7774212476541434	0.8080466762318805
3.9524543641883763	5.784135464539594	-0.688027879144562	0.8773296200423243
4.08587258675882	5.914334443997059	-0.5857362922192516	0.9319027480411927
4.220782417334525	6.04460417624789	-0.4717252436553041	0.9707095617809174
4.357822319462243	6.174856265943013	-0.3471368075239642	0.9930640885963088
4.497931877522464	0.02190136402132052	-0.2127127279073955	0.9985977359465396
4.642469546707065	0.15216324108854734	-0.06980271588903662	0.9872177718359998
4.793312099834401	0.28251849276562097	0.08065850785619615	0.9590881536822589
4.952920182657794	0.41297056168005425	0.23778023917476102	0.914652438055775
5.084692614745658	0.5434282695756344	0.36310801602186843	0.8546830092747114
5.231066865304739	0.6737196042530932	0.4950978275799776	0.7803099426428662
5.386731801942612	0.8036200683880735	0.6243363926002867	0.6930118708921613
5.548335278555746	0.9328622668064376	0.7407106084165797	0.5945867585527034
5.7135124359410545	1.0611392955877321	0.8403754699507369	0.48710542318843775
5.880699672890919	1.188132318090495	0.9191985614962707	0.3728242403684908
6.04939157014883	1.3136421925170751	0.9716240865891093	0.2539752989492186
6.184105635776418	1.4378940860494993	0.9936562918409065	0.13236200025273048
0.035612257815180445	1.5619370138728776	0.997719877677565	0.008881622669172074
0.1703112345284296	1.688133348044633	0.9837510025324725	-0.11690322347765122
0.304832736381811	1.8207281905023465	0.9520615683892769	-0.2469812480829168
0.43884539354638646	1.9663769620964893	0.9034334591086204	-0.3846148147745676
0.5720643948809175	2.017583348444787	0.8390717039802282	-0.43140650828609695
0.7043528647655385	2.1062858054175555	0.7604661948861646	-0.5092256972994762
0.8356919149529097	2.218416426958803	0.6692860510011162	-0.6022245328125714
0.9660927844954471	2.350925976756165	0.5673506784309772	-0.7020675884715516
1.0955251948233837	2.504842157216486	0.45663979090958606	-0.8023914532691465
1.2238854646505886	2.5998486684702575	0.33929402403072584	-0.855390349044417
1.3510050081352063	2.716716121344681	0.21757419762088648	-0.9099400130413671
1.4766919304088042	2.849784931790171	0.09376988863502722	-0.9563466055446318
1.600828472750574	2.9917605670465397	-0.029963228885868134	-0.986991532633287
1.7235167386757546	3.096853566673757	-0.15180913649920558	-0.9979453927503362
1.8452837563538715	3.1995503760773323	-0.2705057552177126	-0.9979453927503363
1.96732030922811	3.3005068937693336	-0.38547683244473746	-0.9858309281202724
2.0916866936358387	3.401206761694257	-0.496749923812823	-0.9645070697841536
2.2214054090506528	3.505551047217213	-0.6045598124361161	-0.9327849218218232
2.3604769886900483	3.612324935194713	-0.7087075095972606	-0.8902131696660383
2.5132055861920852	3.7553715495613025	-0.8073902818512252	-0.8161215982849794
2.62905088616803	3.894349191888476	-0.8697105742793145	-0.7284229455247379
2.7268280793521766	4.030847191232115	-0.9137320980182702	-0.6287274112699102
2.8371214111768017	4.165131261483359	-0.9531366457032056	-0.5192823296650895
2.9382854125004902	4.29797654498785	-0.9787797817284434	-0.4018230554095076
3.039449484774937	4.429927469091317	-0.9930856789506561	-0.2781450148376507
3.1362112078497075	4.561340442814731	-0.9979453927503362	-0.15015982312820578
3.22687881882113	4.692424060588578	-0.9952398281996593	-0.01990806723793133
3.3123789070079033	4.823273918303509	-0.9843138086467368	0.11046144824434827
3.3947432459746407	4.953898499163542	-0.9661454471776008	0.23873337393368488
3.481201158603567	5.084232380894071	-0.9419163725984799	0.36267639693111936
3.575437391181647	5.2141388913204265	-0.9065768467050404	0.4800997777369962
3.6774739023804797	5.343420218126577	-0.8582653260612597	0.5889291331875758
3.787956330349661	5.47185107755845	-0.7966456472102659	0.6873051586311093
3.905326926271395	5.599159490915102	-0.7207911583438447	0.7736337394552212
4.028316920639951	5.725072235668985	-0.6307043014533766	0.8466774245892197
4.155473912244321	5.84939741840662	-0.5275350852703059	0.905626325128823
4.285601514288564	5.9721389979475985	-0.4131311887297956	0.9501049616426227
4.41795837638299	6.093596839453066	-0.28961153971907927	0.9800685171640782
4.552285806469501	6.21434785912886	-0.1590922725930799	0.9955925905418717
4.688681830752173	0.05178941342475953	-0.02364581240550481	0.9966841137052176
4.827440199135938	0.1755074105267508	0.11460563660251502	0.9827583890236358
4.968860992614309	0.2978868529371742	0.25331073463884474	0.9542487741623393
5.113022777863271	0.41622205337196305	0.38967676841464305	0.9132426350075149
5.259533153432048	0.5264213050156908	0.5201744169180704	0.8639545469931454
5.407483525996038	0.6910960064099453	0.6396879148871284	0.7690537806949896
5.555356837019061	0.8358456821359174	0.745259064332604	0.6691722985085112
5.701513037297157	0.962580860472637	0.833833863026509	0.5702290881193794
5.840554422376605	1.0732318281899174	0.9017921210341635	0.476391535816947
5.9759100638989535	1.1658373503485597	0.9512924415773417	0.3937330320009726
6.108425834545289	1.338915883665499	0.9829012658730842	0.22935214951001243
6.239762197028496	1.4766272808780512	0.9972197774350927	0.09383419534969278
0.08795544857759098	1.5965941218682103	0.9943685350498597	-0.025733952427645593
0.21879425098775843	1.7070202912527952	0.9744894037909699	-0.13553529872844094
0.3465560700908047	1.812107375480351	0.9389232085122216	-0.23872241072934414
0.48385639166236316	1.9146454971053464	0.883917295955861	-0.3369550797845331
0.6086891154556139	2.016925525074096	0.8191053262625262	-0.43080539831249454
0.7621785920613274	2.121155572444539	0.72300759181519	-0.5219327611264873
0.8927447885789545	2.2292674720394308	0.6270799933866407	-0.6107024104619729
1.0738321625479825	2.341922906252683	0.4758596443671457	-0.6958085995344483
1.2270192605502919	2.4597330678389	0.3363550699921256	-0.7754297123432529
1.3648359429906334	2.582697572593733	0.20409926933165862	-0.8469797701452709
1.4938272227380045	2.7101178035694913	0.0767254593609076	-0.9074655781505594
1.616694172511468	2.840678029758286	-0.04580991527443684	-0.9540381803685167
1.7344276358312767	2.9728591501578903	-0.16257279764938365	-0.9845761286859578
1.8472818535280977	3.1054769086840706	-0.27241995469148195	-0.9979453927503361
1.9553193634020642	3.2380946672135833	-0.37451053275076446	-0.9938065597500307
2.058802955122302	3.370954628715732	-0.46864889415956773	-0.972175405860934
2.1583424703257483	3.504416413445255	-0.5537110858337672	-0.9332104207882685
2.25489764736746	3.6384955869414766	-0.6307271628198509	-0.8773795680732965
2.349865521757123	3.7728344800363827	-0.7013303537576024	-0.8056839899498853
2.444739238027089	3.906953314973829	-0.7664678875657867	-0.7196604831045444
2.541042613354949	4.040466381684818	-0.8240284965628955	-0.6212119766607683
2.637991199450094	4.173260118079987	-0.8740947378793096	-0.5123357581803765
2.7361247081862663	4.305403840309441	-0.9172184264337422	-0.39503609481549845
2.835425757397327	4.437042909383133	-0.95270682995897	-0.2713283433374236
2.9354740689424323	4.568319959484284	-0.978067160002042	-0.14327449084505212
3.0355223805116855	4.699333867787906	-0.9925838359832793	-0.013006540715721642
3.13447550905268	4.83012294197779	-0.9979453927503363	0.11727415370453592
3.2305151243971215	4.960661137456959	-0.994775146271649	0.24532194274716732
3.320502784881387	5.090854424920486	-0.9832756617819366	0.3688867193828982
3.452691131487966	5.220558148800722	-0.9514567684860715	0.4857871886305638
3.5804824455433524	5.349577353125993	-0.9046849010661739	0.5939755854798264
3.7598212271472695	5.4776538054070825	-0.8134620222232156	0.691597848031923
3.927009368294633	5.604483737827127	-0.7057173938209143	0.7770827034554358
4.081141380607984	5.729766286103266	-0.5894327644560592	0.8492364388977564
4.228732684253795	5.8532944429391405	-0.4649312872334169	0.9073160225310226
4.375962736639262	5.975080745732238	-0.3298438329903944	0.9510312956055724
4.5266929173387345	6.095464809937677	-0.1843398010530316	0.9804253512547119
4.685012839439284	6.215086640353763	-0.02731040681822906	0.9956398919955185
4.855968502165481	0.04298019695168398	0.14298266303170934	0.9972481355436438
5.046274998097831	0.152683112190522	0.3270789914095076	0.9871184620591869
5.199425395251583	0.2577190562309385	0.46706373765272363	0.9668973072895273
5.290519313924039	0.35230263336680656	0.5455709983894349	0.9371136595221294
5.417535760502285	0.42792213624505016	0.6471242657974394	0.9081696365002696
5.56582895801193	0.5732837108349772	0.7520427407674297	0.838406980194928
5.722744440837643	0.7518810840697002	0.8454084010957275	0.7296781566747632
5.842889574478533	0.9557012379054713	0.9028046115657068	0.5758676987844349
5.968613122273349	1.1149655155490081	0.9489946902579549	0.4394158219055778
6.09555259944393	1.2500447196743907	0.980442121481484	0.3147612048365163
6.222286653779846	1.3718655730329616	0.9961008824617743	0.19725058110412302
0.06576753831717375	1.4842620527275714	0.9957891456086037	0.08623990828921287
0.19233185974261835	1.6091986490944437	0.9795444533186479	-0.03832337445380903
0.31795957035991285	1.725580255965197	0.9479280283885294	-0.15384480786192664
0.4408521024789872	1.8391628157461768	0.902563377116041	-0.2646418255543514
0.5583855504297498	1.9543598772148898	0.846528879646502	-0.3736337674329887
0.7160928667579173	2.07542709235897	0.7528612049405043	-0.48285516736828726
0.860244234784061	2.2070634092851535	0.6511229584257135	-0.5933544660057781
0.9927332800071357	2.3541932650854833	0.5455158494635424	-0.704339027032387
1.1151832830096766	2.438729511411181	0.43922288167349144	-0.7628758688775515
1.2272701374808421	2.547754302736641	0.3361197911827105	-0.8280400789907633
1.3938252795089086	2.673319524345145	0.17585611477853197	-0.8914190923137796
1.5505111624044958	2.7744436864729622	0.02029378145640038	-0.9315884249823454
1.6995842840188602	2.8821418522883904	-0.1281996359469582	-0.9645484649297584
1.8495358066635164	2.9918761147308772	-0.27457926704193863	-0.9870062984222485
1.9326712173443057	3.101784737870743	-0.35381496751929564	-0.9979453927503362
2.031260312840564	3.210849761730407	-0.4439043307612535	-0.9972881745218944
2.137398897435665	3.3178434144677937	-0.5358136085567515	-0.9836155015850712
2.2490075103670635	3.4195027084600995	-0.6261252225959804	-0.9598693978308089
2.351884614595305	3.549397669929134	-0.7027340392815886	-0.9163420015535076
2.4627711844025044	3.6681927574400732	-0.7772455971864364	-0.8628166271768078
2.58067496362939	3.856854096237696	-0.8459879202717006	-0.7544897622605502
2.7065422799899665	4.019069873531868	-0.9061247211928439	-0.6379289819719874
2.839734127741656	4.178536896929699	-0.9537989192925387	-0.5078264497613112
2.9462858210393947	4.323228564855596	-0.9808077320045913	-0.37874810600453107
3.049262981750067	4.46128307856172	-0.9943397415148795	-0.24810598974808862
3.1496147204867015	4.5966377325906285	-0.9979453927503363	-0.11533884908253618
3.2464230563496472	4.731427877579455	-0.9927422784788091	0.019049007780910107
3.340300704660683	4.8670587424184495	-0.9799455882772642	0.154014095235676
3.4364945324258103	5.004774877935282	-0.9555622960202008	0.2881591160705725
3.536104145455211	5.146022150414701	-0.9213272056465515	0.4197488889541878
3.641407016535665	5.29270109825812	-0.8759518570694332	0.547359211666383
3.7516495674633874	5.433369181018057	-0.8183462301372169	0.658837370082126
3.878173291294486	5.58372949495802	-0.7396685292204678	0.7636384290462999
4.006728608215787	5.743857277758358	-0.6475711626662073	0.8569183012406714
4.13687436353458	5.833783105007384	-0.5434294602244931	0.8988561689320499
4.268296903095751	5.931790973245874	-0.4289439050922187	0.9373996760928893
4.4008864135399	6.032794715585424	-0.30596667134730443	0.9684536277653212
4.534737164421776	6.134466957064212	-0.17640410625397002	0.9878758414082283
4.670103231372955	6.2355267428536	-0.04220214728756194	0.9969485968303708
4.807344483029481	0.050926961541938404	0.09461648174545975	0.9967393333377457
4.946843100247036	0.14315819351032952	0.23185958011963087	0.9889379852923459
5.0888507425010365	0.25503930555567533	0.367007614703723	0.9675655946659023
5.233299684601227	0.38828984903338293	0.49707608765588085	0.9253536629763537
5.379619883632144	0.5709865042176915	0.6185987579378212	0.8396593281800213
5.5268100084558816	0.7370777931052416	0.726766874608582	0.7392674973767899
5.67352382246797	0.8794879551838534	0.8185752282428882	0.6368870134103213
5.81858069545916	1.0059117095241759	0.8922646087028427	0.5347146706927604
5.939406280668456	1.1419810150054828	0.9397976783759796	0.415480305005757
6.05852605077478	1.2633959864397168	0.9733690253418482	0.3022400449919651
6.17585348994256	1.429963101803443	0.9931279371934306	0.14025092898875813
0.009903095585711648	1.5840570041239899	0.999365941091874	-0.013211859100321462
0.12676852618625242	1.741761152651135	0.9918834759694387	-0.16980735306338424
0.240758726559369	1.8420459737612715	0.9702935807137809	-0.26740392322731654
0.38484946670315734	1.9006377259927645	0.9268453664638335	-0.3235354781564137
0.5592360518435683	1.9907530288045108	0.8460652192496096	-0.40688933019653417
0.7206755982003358	2.099220985413146	0.7498925830811658	-0.5031884057562078
0.8611256934156927	2.22255203691106	0.6504708809504356	-0.6054556681474964
0.9812909102174657	2.3616575441147973	0.5548941355104354	-0.709528238851828
1.157609345135539	2.5189664615413023	0.40144946597573167	-0.810833561926596
1.30832358845972	2.636528941366072	0.25915700279070086	-0.873377673670986
1.4455574943666873	2.729115604610668	0.12473922857474608	-0.9145899427759896
1.5751587802886944	2.833471754338531	-0.004324298850330453	-0.9522115276224195
1.6999753047675041	2.942203341654468	-0.12858538010539913	-0.9797729017011423
1.8214926568709429	3.048467166046278	-0.24771361542688658	-0.9942380445678409
1.940852440325058	3.1525743757870246	-0.3612908568675696	-0.9979453927503363
2.0594230522442403	3.2532751511167164	-0.4691788025093835	-0.9918666522310333
2.179136449142517	3.3692448254410707	-0.5714807264449965	-0.9726088082310939
2.3025826724710243	3.4810924966283268	-0.6679832801369188	-0.9419571219215648
2.4326660499013415	3.619503649482097	-0.7588937805285619	-0.8866928614977938
2.52861942027654	3.7476960139121744	-0.8166031435381712	-0.8207092724432186
2.6363613716758523	3.8600888888107208	-0.8732955006068945	-0.752240914945564
2.7531047737859553	3.952189070019719	-0.9235861201701756	-0.6882123132513549
2.8556562477720235	4.0158214915472765	-0.9578348716511499	-0.640466929682946
2.96142784682599	4.164915364611053	-0.9831153273421406	-0.5194668258533262
3.067199445871458	4.3740391554233025	-0.9966318345624621	-0.3316866453414845
3.1709149872735822	4.511876785151612	-0.9979453927503363	-0.1989559984330719
3.272148433853991	4.743887060240885	-0.9894548435348267	0.0314932594224427
3.3717909702826874	4.933132097240913	-0.9719634092980818	0.21850149664862073
3.4744725992225853	5.1165712401997805	-0.9444396493887817	0.3930046072556134
3.5813785514789402	5.313154337707607	-0.9043488524143166	0.5641229008032306
3.6941639991470923	5.420952620106737	-0.8500808125642468	0.6496519592186565
3.8125927303355085	5.567444550191601	-0.781920450073053	0.753089296150526
3.9355975042232516	5.653611281006702	-0.6997468699039046	0.8077196826470058
4.062316201230351	5.762284363863023	-0.6041408009913177	0.866964034167206
4.191927772556921	5.883631477438568	-0.4963831829646016	0.9204697525002224
4.323844160589365	6.011283253451877	-0.37818558306636496	0.9624311894441121
4.4578758419655085	6.126833869704447	-0.2513701605720132	0.9864177103461009
4.594250548273669	6.242951300012832	-0.1176938197805936	0.9974239640087401
4.733583658794016	0.07565623915786374	0.021202205518441625	0.9951560083432343
4.8768375618529	0.19148801391781772	0.16365597569446622	0.9797056512390694
5.0252813954090225	0.3074714574229472	0.3073906532465517	0.9512306552389662
5.180438689185953	0.42302084421250014	0.450241667617039	0.9102947707778987
5.3439929934690635	0.5589740536407587	0.5893985858535168	0.8462080505121168
5.517682704753367	0.6925964534197161	0.7208543498122771	0.7680818145547189
5.645897952880999	0.8240636154834516	0.8035146751984363	0.6778883289614375
5.783449835173455	0.9535406683371673	0.8770323403744211	0.5776385242172976
5.925547523428994	1.0810237342411622	0.9354336613170657	0.469487969245029
6.06902839603856	1.206352958356403	0.975375264119492	0.35573645737010157
6.212827373700277	1.3293651792463006	0.9954952394335922	0.23865701996927957
0.06490547673491248	1.4501510958025872	0.9958443402516177	0.12016998555959978
0.20015643349554152	1.5693734681557725	0.9780497430527622	0.0014540801945297742
0.3351359262605396	1.6885695945793895	0.9425193247894166	-0.11733358312737827
0.46945971398958447	1.8104591763531896	0.8901595016851293	-0.23714341750390144
0.6028316147927041	1.939250845033504	0.8222986085287709	-0.3598273410572142
0.7351334658695007	2.0807706266496364	0.740527002195314	-0.48742152211817036
0.8663710888877018	2.141959431658753	0.646590489842471	-0.5397108451007329
0.9965640496038956	2.234857299941188	0.5423761106053744	-0.615069720401263
1.125658426877001	2.3464575357059854	0.42994198781223414	-0.6989611012916105
1.2534624310428395	2.472003757087391	0.3115559876013979	-0.7827639136996729
1.3796585347805301	2.6093110002252313	0.18965820923578347	-0.8600305008089484
1.50383085988293	2.7567380688265057	0.06677486835114248	-0.9249486420012307
1.6255025927453755	2.8744292379649306	-0.05460777954320999	-0.9625934649730656
1.7442138503702278	2.997052758887156	-0.17222695309955252	-0.9876678195559632
1.859642334752392	3.1209610757849884	-0.2842614341551841	-0.9979453927503362
1.9717465277331225	3.244869392688676	-0.38952145020575024	-0.992940820490852
2.080938599697772	3.3693181859845023	-0.4875650646659455	-0.9725902127389279
2.1881565388618878	3.4955770072204597	-0.5785826045868536	-0.9365252861709118
2.294774311956017	3.624243391522816	-0.6618826396366931	-0.88436858002435
2.4025123606208236	3.7549693895954004	-0.7379307537982239	-0.8163619696372065
2.5131375348486156	3.8869118747926006	-0.8073496075055977	-0.7335934132453681
2.6280007278252935	4.019286821118078	-0.8691955961308762	-0.6377594817000274
2.723310021473834	4.151615058172132	-0.9124127912709072	-0.5308326961142048
2.822725945800647	4.283654109709216	-0.9494876710486126	-0.4149107003243066
2.924159322064318	4.415366329711068	-0.9751990884598907	-0.29209474946452163
3.0255926983584143	4.5468187634779	-0.9913149261650349	-0.16448554112235703
3.1252475083494087	4.678102397399476	-0.9979453927503363	-0.034212567420128945
3.2216761810664334	4.809294151356246	-0.9959046710441535	0.09655581159552086
3.313317068860327	4.940445735810881	-0.9841939213464922	0.2256268830591413
3.4034417312409015	5.071584977943436	-0.9639405478262737	0.35081533859509567
3.4887651030583893	5.2027198053874795	-0.9390798180843098	0.4699825587394753
3.601441508106424	5.333840429289806	-0.8955502001903936	0.5810774379853123
3.7665250170338265	5.464918889708299	-0.8094551613302803	0.682176927549962
3.917524838602594	5.595907541998612	-0.71231109609095	0.7715271777331907
4.053759719148415	5.726770783155159	-0.610825945847038	0.8476034068260325
4.176568592497551	5.857500968308839	-0.5095084781350513	0.9091399153318384
4.28589555155377	5.988089669086731	-0.4128625015097899	0.9551277064493571
4.46938327576577	6.118543102417545	-0.24034591009559314	0.9848339442053355
4.628879616921415	6.248893278785671	-0.08337635957329892	0.9978044071277834
4.777929686247296	0.09601651878808841	0.06535766236061684	0.9938524142741127
4.9235597664947885	0.22637287566418055	0.2091755565214295	0.9730416766095485
5.058077666511222	0.35686481706950507	0.3381478360662633	0.9356770626353766
5.194627292149688	0.48752658775150853	0.4628126565995111	0.882325948314695
5.331424255462137	0.6183244369478993	0.5790971166260646	0.8138525225461375
5.466392479112683	0.7491927425944931	0.6832670461600981	0.731419622298255
