5.978834996311896	1.2247318914113627	0.9522134805078675	0.33850022334090046
6.090118478086689	1.5121296010839331	0.9794040538198812	0.05852013275940237
6.2012244318069785	1.5769766236600329	0.9947523455975954	-0.006139963727598761
0.027175268079080522	1.5681868982995153	0.9982600672025108	0.002639228071623926
0.15732395110163622	1.5374268297862594	0.986231933312471	0.03335704728853125
0.2773312836063071	1.5011670406320539	0.9607215663229639	0.06942456220802662
0.4083615107368587	1.4678722134366216	0.9166508605292116	0.10254283742761634
0.5169943715257295	1.4431785832388164	0.8690937456498653	0.12710552508661332
0.6002910254161224	1.4280309467996108	0.8236836393582881	0.1421728383835185
0.6644555009576426	1.429021347829268	0.7863110840790599	0.14118768913839946
0.713355865459981	1.3527130416074782	0.7546341916372339	0.2159101287206246
0.7528862593270086	1.3196141036359628	0.72902701984102	0.24815710408981054
0.7823944660722146	1.2391112396060104	0.7087139545438448	0.32501490240691755
0.8035343586856623	1.186108430635258	0.693075276438774	0.37472229384759714
0.8645258562505214	1.1424797137397429	0.647955539314079	0.41503846190746324
0.9142233105098455	1.100536167459468	0.6098634422273375	0.452200109148056
0.9569009081671745	1.0567055760982138	0.5748844364809949	0.4910336632693368
0.9971449531521697	1.0298794093824424	0.5418999959768918	0.5148014328720147
1.037568742307266	0.9949158073596551	0.5079887452714398	0.5437270272009047
1.0784151809888385	0.9538997781984893	0.4717991266069601	0.5773441940161553
1.12132000062736	0.9065784324917505	0.4337857988431651	0.616129264269903
1.1674835220744786	0.8531814830058135	0.39218921000459545	0.6563477769059061
1.2170027983713003	0.7905172802988063	0.345748764704733	0.7027049326760539
1.2709602155240116	0.7140650643912458	0.2951461172673516	0.7541747836452043
1.3302043622128317	0.6960914940313665	0.23783943746934386	0.7658177818289553
1.4065628046739675	0.6578859916702906	0.1634464519483974	0.7905667095986013
1.4892279227121585	0.608729295489885	0.08130037074817348	0.8190834216656206
1.5813339016218533	0.5529366671944735	-0.010492019950103404	0.8494993995332898
1.6856857288668499	0.49235614843914405	-0.1144886334509272	0.8802319157830638
1.804997780217375	0.4273529698735821	-0.23191133883221646	0.9084164193807116
1.9424922524224726	0.3649832078419747	-0.3627892946709487	0.9331206432386139
2.010921679033058	0.30332566663762667	-0.4253191661473929	0.9525361331687123
2.108194910534758	0.2486541221876416	-0.5108571364829377	0.9687853415084952
2.221774427648025	0.19679085580801647	-0.6048481251742559	0.9786926615910787
2.3452388404271423	0.2197125661286552	-0.6981138569803471	0.9743139801689606
2.475099308594157	0.3144791844158527	-0.7846141274570284	0.9490239754037664
2.6090263089413854	0.41972006191291117	-0.8598908934904468	0.9117259455704357
2.7457282074184928	0.5381316178121462	-0.9208198343052177	0.8575705384650911
2.8842823688238526	0.6715518807824938	-0.9650910448590307	0.7817141600535262
3.023865422737431	0.8209542296320997	-0.9910941983551766	0.6801885622371174
3.163759437506978	0.9843094967563879	-0.9979453927503363	0.5524200703875909
3.303653452280367	1.161387952337377	-0.9854288307593799	0.39790579138697596
3.4440762863755614	1.349921583299084	-0.9536404666609481	0.21862973523465717
3.5866758117111255	1.547571435031811	-0.9023623270618256	0.023229985875045028
3.734028226807035	1.7465948763910233	-0.8288785203718223	-0.17457584860395464
3.8889039369813783	1.9384788389247802	-0.7322085195919463	-0.35912189246369847
4.052945333540006	2.1155890417527377	-0.6114622220302282	-0.5171758432361548
4.225867967418563	2.2730877659973165	-0.4673793511207359	-0.6449390289604994
4.404504876607667	2.4107016806771644	-0.3025001431976635	-0.743624018514435
4.619714555477698	2.530404922256053	-0.09253043765490523	-0.8176703395835477
4.825515498776303	2.6160118410131004	0.11269114232232305	-0.8633164686877781
5.022957460222039	2.692228967996222	0.30521120732160273	-0.9006919323067053
5.211294327385843	2.762573155849509	0.4775795167942537	-0.9271368577575116
5.390418283796318	2.831008654125362	0.6270635447246842	-0.9515871789115773
5.562822919831338	2.899444152399374	0.7500954761796969	-0.9689342664944454
5.730201101403117	2.9654504065121667	0.8494734833414553	-0.9836293685170215
5.895610328112435	3.0217483329372463	0.9256636209750195	-0.990823656358757
6.027901586395749	3.0580894894358517	0.9675189045889462	-0.995467677141662
6.148197943135432	3.107212360584695	0.9904988399880192	-0.9979453927503362
6.268640835870216	3.1446752656474213	0.99906877081839	-0.9979453927503362
0.10604711841617817	3.162314485537724	0.9932101917495509	-0.9979453927503363
0.2262784532742221	3.165770088657254	0.9730597139007874	-0.9979453927503363
0.3450590022704103	3.1574224288469868	0.9393946237620643	-0.9979453927503363
0.46071193362839735	3.137670477659509	0.8939524215469271	-0.9979453927503362
0.5710497636083713	3.1788606843597726	0.8396248416127879	-0.9979453927503363
0.6735422395690145	3.241174818402839	0.7804248367152873	-0.9934129485522709
0.7649011537587176	3.2930386617717593	0.7212439588661895	-0.9867852902801454
0.8406558083916351	3.3424408253449167	0.6656139069152603	-0.9794031086886935
0.9727414581415041	3.3946198527106435	0.5619013559190047	-0.9661767250057993
1.0773579773343565	3.465686216830441	0.4727358006069791	-0.9477346303060161
1.1598672581157226	3.544235056723123	0.3993319373668817	-0.9182780329299791
1.224171179516931	3.628838007992218	0.33902607331306595	-0.8821154654359047
1.2720264586325498	3.7202455242283463	0.2941461671779841	-0.8371164533762933
1.3049910841925543	3.8146372870941487	0.26240372880690965	-0.780698416766787
1.324034525662724	3.91019167337839	0.24385046318365677	-0.7174091568019585
1.3306135906213095	4.001268259969051	0.2374407425498902	-0.6518373106745309
1.327379205091743	4.08088690395691	0.2405918753927669	-0.5896315860346634
1.3166760350787194	4.242091922629759	0.2510195471228752	-0.4528896568213115
1.3013855109794654	4.371703092366483	0.26591649500787756	-0.333924619916364
1.2846114214180442	4.483649718627323	0.28225882156207616	-0.22667849803455473
1.2693627082682022	4.584657437246156	0.29664430047755963	-0.1271574775352567
1.2582825773924113	4.677710016245703	0.30703553093028557	-0.03460447834636203
1.2534898917000372	4.7646068258925105	0.31153023429392135	0.0521054489356296
1.2557076028503598	4.8471399734745155	0.3094504079905216	0.13420094924610554
1.2661046465594967	4.926478404764478	0.29969979417378767	0.2120190694001583
1.2855288386232935	5.005015714730791	0.28136501856312796	0.28838497898425874
1.3147523815346085	5.085966364534889	0.25289368606078244	0.36430257118979786
1.354735408757035	5.1713352604310625	0.21393981705336418	0.4421761023973376
1.406830780722342	5.265405355181257	0.16318537357062904	0.5249873349360556
1.473023450996213	5.3720136102553955	0.0974189152574048	0.612364576663378
1.5154663999942508	5.496248146841391	0.05520102784212295	0.7053534013634453
1.5793871785759463	5.56501419678425	-0.008547629847000388	0.7515149511683613
1.6602182057682586	5.661627401474654	-0.08928178955545657	0.8120897607413162
1.756831979428689	5.780246090906465	-0.18467480808329736	0.8756432399671564
1.8689996879972648	5.917658012323087	-0.29322588337630207	0.9329493143833717
1.9631801226123196	6.016161433406349	-0.3816935867009565	0.9639672911428381
2.0765097285254384	6.118515731229036	-0.4837803417065118	0.9848287155503639
2.204256247530235	6.221905043964432	-0.5911612418763561	0.9960764493841776
2.344054121791364	0.047406224350860816	-0.6972902334363519	0.9969647532339642
2.4594281672718856	0.1550720433144199	-0.7752474730161144	0.9866621100599421
2.5854289327892483	0.2641251732003249	-0.8483191784601538	0.96488006986681
2.7178228876382753	0.3770316147910877	-0.9103550614258413	0.9293266916922988
2.854058069476156	0.49733042330288835	-0.9574297640743709	0.8780751371318247
2.9654450476130623	0.6254813470964515	-0.9836286837056064	0.8099508526063981
3.0771077140686613	0.8046497489813402	-0.9978980079004562	0.6922501431178729
3.1890537067250597	0.9832246017515043	-0.9979453927503363	0.553309261689189
3.3174085667532522	1.1686490726834655	-0.9836710705877749	0.39109612679844297
3.453864853015538	1.3611732475852916	-0.95115925256743	0.20766768740665947
3.5904732296077113	1.5607592869432938	-0.9009288402706169	0.010057938216910343
3.7271021188274935	1.7620843610425003	-0.8330182609772255	-0.18985631196117758
3.8623963860316812	1.9597838522038875	-0.7506367289544842	-0.37859012138409737
4.0557008987091425	2.150278437567152	-0.6093093101046662	-0.5468199100150306
4.296068468681202	2.3330117089981903	-0.40356662936784116	-0.6896134814343909
4.501852412698577	2.424232365167519	-0.2088450979992832	-0.7530306320141081
4.688851239429615	2.515937268503371	-0.023476606746542786	-0.8090230106822651
4.945694019016937	2.602197759216098	0.23074007609940872	-0.8565422995204321
5.168116760030145	2.6825091726731514	0.43932453672991933	-0.8959255251898207
5.368801785044894	2.7591079384888935	0.609732131102678	-0.925837366730635
5.554263675289729	2.8348604675820748	0.7445509312363789	-0.9525635398218015
5.692498705324574	2.9106129967629655	0.8289195987205122	-0.971765354544669
5.824518391056069	2.9833631856898744	0.8948391136209985	-0.9859184348758221
5.950848580903614	3.0460555006149277	0.9434007715362562	-0.9939298588780148
6.073458519829787	3.0891639687013277	0.97622154044316	-0.9979453927503361
6.194545128043291	3.1178878872201348	0.9943246942622335	-0.9979453927503363
0.032373934998831407	3.121012827043646	0.9979272156166288	-0.9979453927503361
0.15289986643002024	3.1018866132121583	0.9870770559970572	-0.9979453927503361
0.27013448214946173	3.1456252505737896	0.9629877842662192	-0.9979453927503362
0.4118446006658724	3.17670167078716	0.9151406396015349	-0.9979453927503363
0.541445357769772	3.1870426389999262	0.8557640159138198	-0.9979453927503363
0.650318061949466	3.1819435111310788	0.7954690962824961	-0.9979453927503363
0.7657485649074096	3.2126849602381493	0.7206950191581871	-0.9970536552926829
0.942693881285011	3.234637762299497	0.5865286644185601	-0.9942483161444967
1.0840052377535314	3.2498856787886896	0.46684638092932285	-0.9922997914442844
1.1998583299237597	3.334090688399719	0.3618272862154427	-0.9815197084150128
1.2979155008725995	3.4208890344636713	0.2692971874803438	-0.9595179907510201
1.38225327191383	3.510756907501342	0.1871302603179347	-0.930832672360278
1.4553343035899728	3.6066210059272197	0.11501426268963667	-0.8930102706492508
1.5195381592426176	3.7067608983766767	0.05115085984984634	-0.8439035271232608
1.5783145278211754	3.8105580354101316	-0.007476264551332001	-0.7831365889532251
1.5647446296028646	3.9141300706351205	0.006077371571317627	-0.7146711592654225
1.560375733484031	4.012428895342596	0.01044103202769648	-0.6431175513809841
1.5579784664221363	4.099149620574455	0.012835426217174581	-0.5753629993797567
1.5559978127020897	4.269451790162293	0.014813706332073344	-0.4278885851309451
1.5562486172826495	4.408478348611986	0.01456320231442238	-0.29869351251031906
1.5628351355321253	4.531205696225101	0.007984577314263882	-0.17988791940790588
1.5815914355106773	4.644751271774856	-0.010749245211650407	-0.06752372522873491
1.5315321452438702	4.7524145828333975	0.039220474176486136	0.0399778574991066
1.5157360618631457	4.856160551802814	0.054932795905135605	0.14317369429034005
1.521414736278682	4.957789000139346	0.04928423371040593	0.24252373389171486
1.5429891573028747	5.059507528840177	0.02780677222611142	0.33948879757135747
1.580021019033516	5.164111057983758	-0.009180710713452323	0.4357755166875023
1.6330438600996398	5.273950479690058	-0.06214000948178049	0.5319910084252828
1.7032492203117555	5.392475637015192	-0.13181511612529992	0.6285855148371495
1.7925413836929063	5.523311588759276	-0.21990233537973317	0.7245006529643557
1.8415244810381295	5.663915084986945	-0.266904327357261	0.8133369170987772
1.9176388377190814	5.7400049758204315	-0.33982273362116056	0.8548181755777765
2.0119417780592577	5.8312818431830955	-0.42625131864611987	0.8977716554599249
2.1188742639808598	5.932295771520911	-0.5199832529597175	0.9375586332234249
2.2354496637921755	6.037851680716615	-0.6155325318830405	0.9694196481434911
2.3590795730671856	6.144584425652763	-0.7077360178244648	0.9898085580828502
2.487941981773037	6.2554115983589575	-0.7922902040930806	0.9982217512355609
2.6207173130623214	0.09315038368254087	-0.8656239447938308	0.9940359223983992
2.756286031454804	0.2139456645603252	-0.9247791234841485	0.975415618066273
2.893663323069411	0.33417853381043855	-0.9674689370204499	0.9428208003771712
3.032007097493025	0.4521750254461447	-0.9921346194758992	0.8976539100692585
3.170627517948174	0.6051694417010682	-0.9979453927503363	0.8210241159358294
3.3092479339968928	0.7469637885420588	-0.984713914343274	0.7328635039235822
3.448388387387801	0.8736211208627682	-0.9525474316745439	0.6412271269161424
3.5896244516055194	1.0885688645765081	-0.901256557730353	0.46280304398780814
3.7354729836486906	1.3538836035499577	-0.8280149879839354	0.21476969689892297
3.8888370910795014	1.5563534139754789	-0.7322549912662686	0.014458531209406303
4.052058701969602	1.7379229578273026	-0.6121549436914253	-0.16602095237394224
4.226058039228568	1.9014798428936586	-0.46721692392082986	-0.32434223558009506
4.408596311458118	2.045425957102706	-0.2985805027824124	-0.45684870219568735
4.660838241913914	2.168629885331286	-0.05145603363127661	-0.5625022685640082
4.896272919878249	2.27166219307565	0.18259106998885374	-0.643825234600566
5.1205652017834025	2.3545359958812297	0.3967502466979624	-0.7045772955495727
5.329383165985255	2.418211600860882	0.5774242183267293	-0.7488449603398084
5.520088803316312	2.4656494511953144	0.7224129828850258	-0.7789659396862321
5.693746677400045	2.50222318260905	0.8295999447122087	-0.800826089928155
5.8540118233005485	2.53477846564653	0.9076270690032592	-0.8202844101721858
6.005886907103945	2.568428180571869	0.9607319210962169	-0.8399823252993704
6.153918605802921	2.602077895479043	0.9915916449748174	-0.8564835205698097
0.01786981109199741	2.6238973492722866	0.9988558615019575	-0.8671833754936884
0.16522829508646025	2.609954536651095	0.984721984723285	-0.8603460791208628
0.3119233209406424	2.6285228286709024	0.9498287973378943	-0.8694516246894544
0.4557434240708595	2.661575092665277	0.8961067004389682	-0.8856598411277162
0.5942179393926309	2.728984552340529	0.8269944504048823	-0.9145407968692904
0.7258863569159067	2.7845974111900094	0.7465171349622555	-0.9353961728913637
0.8505588012510997	2.8535251501279144	0.6582879606373939	-0.9572946792303686
0.9679042824173961	2.942761301429504	0.5658659557731998	-0.9799143338135602
1.0947405928173233	3.013813981905448	0.4573349420248171	-0.989809729047667
1.2114561748690058	3.058342594233508	0.350950530251815	-0.9955000212950631
1.3194625042432648	3.121352394256222	0.24830480133274085	-0.9979453927503361
1.4192723018171407	3.244075753940814	0.15088503903190986	-0.9930422392456274
1.511094737658371	3.366951136956169	0.05954950863035317	-0.9731902143147625
1.5954513787016567	3.490351072608749	-0.024592578718577347	-0.9384850637052581
1.6737275818359187	3.6147252086687938	-0.10269185443355668	-0.8890361201306254
1.7487370308869423	3.740260366890165	-0.17668909601127106	-0.8251535649658566
1.795631349681247	3.8668011599280585	-0.22293819346440066	-0.747574503564024
1.7759139513943858	3.994022484100078	-0.20349928029564945	-0.6574984060654079
1.7776406720634903	4.1216322379707035	-0.2052026999061847	-0.5564547256538728
1.7847916752516106	4.249508760660983	-0.21225720460031197	-0.4461122519558102
1.7942921716865066	4.37781268961433	-0.22162949754067204	-0.3280715573187949
1.8059838588678467	4.507107605225179	-0.23285601322452146	-0.20366082114019265
1.8213261767801143	4.638551586408549	-0.24755412563511484	-0.07371598092424635
1.8425910045667877	4.774185006847335	-0.26792606884393866	0.061632839815388765
1.8722821895732367	4.9173169866249955	-0.29637055665366957	0.20309346503953024
1.912693408569779	5.07298443762108	-0.33508495710194575	0.35212778771530107
1.9656587203842648	5.1386742227878335	-0.3839584953491544	0.4132386837227466
2.0323084832556644	5.234931192942027	-0.44486213451013795	0.49852159102428384
2.1130982234247915	5.34553240164477	-0.5150472969437169	0.5906603009073107
2.207988270904873	5.464273067450168	-0.5940770566499372	0.6816991670148123
2.3170676264650245	5.588161092588922	-0.6785290590532987	0.7665091487828123
2.439177826396132	5.715734842056647	-0.7631438271237547	0.8415870396023208
2.572873998857122	5.846058390381855	-0.8421624720216896	0.904178567504452
2.6768400908316883	5.978312562688951	-0.8931455127371702	0.9520489701406472
2.7884117945976348	6.111695669151984	-0.9368266046638731	0.9835258948316328
2.903512756652307	6.245495986550753	-0.9699655797177826	0.9975868909595902
3.0197752678397682	0.09611657594775307	-0.9905715192172474	0.9938460079809635
3.1360377789926046	0.23008824132783728	-0.9979453927503362	0.9723319388814183
3.2519477297465214	0.3650058916868126	-0.9920362828378935	0.9331135002687124
3.3674191399770015	0.5019246747527567	-0.9730715845159565	0.876083131519565
3.4820088369066076	0.6415527956064003	-0.9416134851896457	0.8011470989313304
3.6169495470419717	0.7837047632231836	-0.887945345901346	0.7077446347965458
3.769178875172396	0.9268501344846377	-0.8078689480731858	0.5995143651326369
3.940463341106354	1.0679705726029483	-0.6963641107430928	0.4810529662753794
4.147157606044423	1.240570633216698	-0.5346418431297473	0.3236462457096376
4.33426377436023	1.399890352332725	-0.36866428291527487	0.16994715618504946
4.565461601620863	1.5501844681328543	-0.14609427688549098	0.0206200842193208
4.783462766148406	1.69259866375739	0.07086140208274683	-0.12130828243619497
5.012125147496657	1.8022339521920039	0.29505238707595216	-0.2292635606260323
5.24171839460596	1.9065199240222725	0.5045349975278834	-0.3291706897556956
5.460244449204658	2.000180816939632	0.6787189123322666	-0.41550431368530527
5.660506273668431	2.0811588410942	0.8114785653274642	-0.4877532734977773
5.843239981711764	2.150853351332734	0.9029565434272494	-0.5473112066103991
6.014227728571863	2.2141023583764676	0.9633583822241818	-0.5988539684714959
6.180350426892207	2.2391712378108855	0.9934158595816904	-0.6184401826170828
0.04283161083352285	2.2732386773437687	0.9972576489681106	-0.6450569353853296
0.18893149744378493	2.3146948280693342	0.9801940166809843	-0.6768794752915301
0.3341013840924515	2.3629849905200144	0.9428450942355289	-0.7104510876023336
0.47540609892532515	2.418213863227222	0.8875812291865721	-0.7488465331505388
0.6087623979758828	2.4836315125468245	0.8190653754736373	-0.7897138329858437
0.7320923021757214	2.5581982223983912	0.7424970205419303	-0.8342824186180153
0.8915375678428273	2.6407189629741685	0.6279730601982502	-0.8754323824533126
1.0338460797201838	2.7303517524985663	0.5112869946119338	-0.9150535105470834
1.164946228923589	2.8251017012854502	0.3945687484913314	-0.9500898795443461
1.2879760475162199	2.922550308116686	0.27898080052684643	-0.9747912342530014
1.404711475828793	3.0199989149342867	0.16525012781624498	-0.9906000989834147
1.5158647703387294	3.1149796292143526	0.05480476993003584	-0.9979453927503361
1.6219402582885527	3.2052111172920332	-0.05104971416952861	-0.9979453927503364
1.723839448315366	3.2876293296537993	-0.15212749136601098	-0.9874765465085596
1.823354697097133	3.365775168512797	-0.24949747082045176	-0.9734882997835085
1.8700612564150587	3.432235274430023	-0.29424287781126907	-0.9566419363144107
1.9225027102706163	3.556990152490939	-0.3444823780061916	-0.9134947449649542
1.974512893032471	3.7053877716075325	-0.39204931687354416	-0.8445768829900555
2.026039567032522	3.9145449038587534	-0.43913368484826343	-0.7143827647053158
2.0759713398300326	4.090964857662185	-0.4833202578663381	-0.5817577215511223
2.1277167718669636	4.2356331170511785	-0.5275396801650445	-0.458791624771712
2.181534251033251	4.3653905813110745	-0.5734086378810538	-0.3399720762144318
2.2417231586358524	4.5120449775080465	-0.6204339880399037	-0.19879007573149163
2.308642555089821	4.648463212229756	-0.6726718985977288	-0.06381623314402887
2.382846926945972	4.7805029580061875	-0.7242592256493963	0.06791728887033084
2.466134394349896	4.910846341494607	-0.7792557906204458	0.19678937352088546
2.557627895395963	5.040714949859981	-0.8339415336856284	0.32186463580166824
2.6564994403663524	5.170675658232294	-0.8831708355019494	0.44159170011370685
2.7608686083140936	5.300980511617126	-0.926497635452922	0.55414510551604
2.868523055815724	5.431716718415827	-0.9610963609611618	0.6576149262793363
2.977518096958298	5.562878888842486	-0.9851714934968816	0.7501317320310441
3.08651313811115	5.69441142768543	-0.9979453927503361	0.8299623407954462
3.1947257312227846	5.826226890309942	-0.9979453927503364	0.8955798959093418
3.301465848895904	5.958210852639829	-0.985708383656454	0.9457190948096964
3.405398202915399	6.090235191061011	-0.9634446197429416	0.979426349230007
3.534416990390077	6.222200108094383	-0.9219599056015413	0.9960953412587885
3.660537223019456	0.07092072438936627	-0.8665707590832046	0.9954592059946694
3.781693607566562	0.2029241980529858	-0.8003888819219047	0.9775210233770072
3.8952216361610352	0.3352508376613085	-0.7278164170022658	0.9424831400648737
4.073844918296795	0.4680333812662515	-0.5951334609593076	0.8907779403624267
4.25304484004307	0.6011594024192267	-0.4428810311164089	0.8232102338831533
4.419764086745036	0.7342334919493315	-0.28788164896632024	0.7411099912458002
4.582977569200277	0.866639760452652	-0.12881467677058278	0.6463917344279062
4.7594898151012	0.9976112499444473	0.04701557203993348	0.5415178142452126
4.967598231674891	1.1262247893989317	0.2520804770110729	0.4294401951381087
5.172480212102868	1.2513344577143846	0.44319052044036245	0.3135516554776269
5.375455378222585	1.371546297440779	0.6151854857142705	0.19756163858173617
5.572852647055224	1.493624081067181	0.7565925768398911	0.07692752383547025
5.76320942509848	1.6068644745600968	0.8674683416881732	-0.035991997182120844
5.945695891902221	1.7118785122111388	0.9417782290302568	-0.14032796091221372
6.094027930441764	1.8095075385970487	0.9801508674807453	-0.23623173787414092
6.208183931291695	1.9016997338488038	0.9951979368378483	-0.32455289357814193
0.0455508089688893	1.9915872569257358	0.9970835486793913	-0.4076516364116526
0.16563778045343602	2.08350298178988	0.9846437616786725	-0.4897564753896056
0.2825672504523903	2.1827961708546075	0.959072800258201	-0.5743945707353845
0.4121302817070275	2.294016445747693	0.9150167721459752	-0.6612905218322749
0.5258846349224046	2.4230662212587353	0.8642471187213172	-0.7522199217323966
0.6810485361845965	2.527632232629453	0.7755623749944371	-0.8160131006454139
0.883259642575395	2.6572536174938532	0.6340968287056103	-0.8835406699592017
1.0529177693607097	2.7385368544938045	0.4943896298071702	-0.9181230053261908
1.19832106256453	2.8303161748019603	0.3632689749081378	-0.951411648671054
1.3297465861612126	2.929684737904	0.2382854304215609	-0.976599675507843
1.4520926953781186	3.0290767357978394	0.11823868167472755	-0.9917601498132622
1.5673071150476532	3.1237258401714945	0.003517956995798925	-0.9979453927503362
1.6759525208930186	3.211999089977854	-0.1048867692741112	-0.9971413023587113
1.7781137989964209	3.2939240532524527	-0.20566944227525838	-0.986672146483043
1.8739269668211862	3.3760453471899288	-0.2979462716804986	-0.9708850062662964
1.963975480542159	3.4556460852226634	-0.3824203738683202	-0.9507077443314745
2.0495169423261204	3.53294975061658	-0.46058698838194884	-0.9225101351316152
2.1326149525657585	3.598504028677474	-0.5317254548757628	-0.896990685549444
2.2135302795604503	3.7297592131653365	-0.5984070056055257	-0.8314301134410845
2.294936038487228	3.919161570491041	-0.6620089959216484	-0.711173230206324
2.3796776401699575	4.071644121875479	-0.722055918359743	-0.5968529343051951
2.468301279445184	4.190041943103284	-0.7805509396771315	-0.4979947317663238
2.5625388243249874	4.388062340543587	-0.8368768000657922	-0.31825227692133257
2.663074506344556	4.5465370087188495	-0.886395125749925	-0.1647634937701217
2.7692404005152995	4.688530696963354	-0.9296371409188676	-0.023796765076374887
2.8794978377333096	4.823704318626517	-0.9638782578995746	0.11088956629008308
2.991751492842886	4.955926592007265	-0.9869903730446987	0.24070926391644634
3.104005147907776	5.0867255846168105	-0.9979453927503361	0.36501458722318403
3.215231008631078	5.21659827563636	-0.9967282968619049	0.4822787726118467
3.325641428227	5.345603606176726	-0.982618996755498	0.5907186608869995
3.4362093103170523	5.473568447809167	-0.9556345943598927	0.6885756192256487
3.5500184731453275	5.600203788268948	-0.9161091941636832	0.7743102189721276
3.6679112019304	5.725195603387326	-0.8629546967698907	0.8467446798862956
3.7898422928713686	5.848316550289776	-0.795518405813735	0.9051576752566164
3.9158771033859083	5.969567307565703	-0.7134566115557596	0.9492951559361718
4.0455736076479445	6.089299678905262	-0.6172217216649126	0.979247640501939
4.178524357144901	6.20819849237214	-0.5078371657224636	0.9951988691304521
4.314665897366601	0.04377096742889697	-0.38657255411264324	0.997197505408751
4.454371293447443	0.1735893218197463	-0.25472755730707325	0.9831247970826267
4.598401623616787	0.3017155161618371	-0.11359876070659569	0.9530431572851139
4.747747207182278	0.42518982443907893	0.03533523147015415	0.9093543301356373
4.903356602750832	0.5399839987300924	0.18949241973342545	0.856560692205395
5.06578774038661	0.641029283522761	0.3453785407704601	0.8014747204599323
5.234888027024694	0.8154646071689685	0.49848334636604663	0.6842496253744328
5.409709702013003	0.9579826259159306	0.6413347751986325	0.5739978492917751
5.586998794218828	1.0747083038924772	0.7657562300504169	0.4750833901286641
5.764934862762778	1.1681875338060963	0.8684089834075677	0.3915289697757868
5.942945615068196	1.3472081727434344	0.9409121878107567	0.22127330293552497
6.0761415516011175	1.4864237888756109	0.9767340738103364	0.08408963514670112
6.208846581320379	1.6053246165253214	0.9952403638900786	-0.03445398450522971
0.05824657893439275	1.7128229769382899	0.9962706850679608	-0.14125968065500352
0.19071812676558006	1.8135376688940483	0.9798527210049581	-0.24009264784050752
0.32213849690204055	1.9107850412808802	0.9466121162614403	-0.3332567198633921
0.45077896374799875	2.0076876495369747	0.8982592236373366	-0.42236395435098373
0.5744298243159832	2.107718003013899	0.8377821635598783	-0.5104495918121881
0.6905068726876976	2.214612725751144	0.7694354123196905	-0.5992527164378532
0.8512239307113617	2.3309990536024388	0.6577959171952896	-0.6882142712592247
0.9963864301421296	2.4600662609567565	0.5425216893753806	-0.775628862151992
1.1297914529682542	2.6041358385393836	0.4262801596822758	-0.8574926976278563
1.2540361118167296	2.699216226799811	0.3110179750819957	-0.9033773782725326
1.402761469856115	2.8061939834259264	0.1671499408744412	-0.943495102600893
1.54184804430256	2.9209749566040615	0.028946517722523546	-0.9743919128284114
1.6773721101647523	3.038535285095746	-0.10628720204105707	-0.9929688537662389
1.7784543067285965	3.156095613568452	-0.2060053550600562	-0.9979453927503363
1.884980595386095	3.273190874922632	-0.30853577165833884	-0.9893216304383226
1.9942123766039954	3.3910326128663244	-0.41005043476818404	-0.9670860215745334
2.106415374872063	3.5108946474165905	-0.50933642178665	-0.9307810185200478
2.223150639040709	3.6343181000414178	-0.6059233535711703	-0.8794281300675877
2.3476162534910956	3.761171669795053	-0.6997666488873364	-0.8126548615088851
2.4837034576408414	3.8904874242017145	-0.7897568346294712	-0.731107669721861
2.6349772120975303	4.021178563971609	-0.872616734455373	-0.6362814706571095
2.7483852456040396	4.1524528616618275	-0.9218162500912604	-0.530116745259108
2.8418738345768433	4.283818254846145	-0.9543412939783055	-0.4147607067495532
2.941799144868034	4.415080631938294	-0.9796704455602239	-0.29236845113096444
3.0417244551563543	4.546215734817976	-0.9933763964387526	-0.16508043227262093
3.136922389330812	4.677265826497645	-0.9979453927503362	-0.03504813577972925
3.225510208371317	4.808282762343672	-0.9954147223413159	0.09554978566014377
3.308434776103907	4.93930367434742	-0.9848178274412228	0.22451421811762537
3.387959208131966	5.070344776861538	-0.9678650707880139	0.3496522462639501
3.4715960705076427	5.2014020460781785	-0.9455183763096686	0.46881503450885775
3.563268885669642	5.332453216515879	-0.9111401574811757	0.5799404638758465
3.663070365703908	5.463457630905402	-0.865328552954584	0.6810959307604052
3.7718230380282223	5.594354594997021	-0.8062885296947984	0.7705212029181174
3.8879066107664344	5.725078019905999	-0.7329018667942817	0.8466805779309853
4.010239533621826	5.855608181310962	-0.6448280908415667	0.9083192283573167
4.137278354521142	5.98592902993721	-0.5430842268901401	0.9544473376440055
4.2677765780168055	6.11605228685493	-0.42941937101271527	0.9843581294568992
4.401045405801353	6.24603406461022	-0.3058143549799459	0.9976213421252806
4.536926177095799	0.09278241678222651	-0.1742446329915265	0.9940594819701534
4.675644399839575	0.22275361245848865	-0.03666761932849961	0.9737330561069262
4.817601914721768	0.35275865298522857	0.10481952151008485	0.9369700624188967
4.963155122988473	0.48262900533997166	0.2477517333970989	0.8844494741505664
5.112321858144282	0.6120188264261571	0.3890194279544523	0.8172900969342082
5.264467776430356	0.7404329746875632	0.5242188855781809	0.7370940631460304
5.418235048206297	0.8672164262188872	0.647641578515429	0.6459651338553646
5.571617457213284	0.9914252613019187	0.7557924401503888	0.5465879152853695
5.722701367306348	1.1117327104400359	0.845384919076425	0.44228006143016263
5.8696386766935955	1.2262966436450908	0.9144026623726208	0.33703275862912413
6.012455084322296	1.3610696932988147	0.962800190056527	0.207768576218508
6.152583212486155	1.4841956286268696	0.991336547871436	0.08630598016384201
0.008774675805055372	1.600513103950979	0.9994381896739298	-0.02964823802260736
0.14834252931784248	1.7131256761419122	0.9879476335878338	-0.14155829511463766
0.2872996657351106	1.825012298360724	0.9575825987439663	-0.2510854713979082
0.42339996001384433	1.939830638831934	0.9101303912675007	-0.3603571486779178
0.5719146124763964	2.0623066944763395	0.8391533595401125	-0.4716430392274879
0.7109754278407988	2.1982818849398087	0.7561762019513636	-0.5864934965395295
0.8395317135898975	2.2541452680046405	0.6664454795767398	-0.6301393318656413
0.9574215396110884	2.3392871409517597	0.5744577215001139	-0.6939761995934617
1.0629334575035738	2.4424188188224236	0.4855158100507339	-0.7650809710418912
1.231530245102027	2.5578766810941205	0.3321245531714099	-0.834090233108125
1.3764976425803734	2.6823363308402777	0.19273774045853218	-0.8958407667648826
