5.9194058046169085	0.8544879454633886	0.9334996808595198	0.655381293953321
6.018491594402801	1.0776508993692948	0.9647010410861284	0.4724762740219203
6.11740476122065	1.3187836571175984	0.9846164895136413	0.24896617501668344
6.215629849889096	1.3780878170609865	0.9956746717107979	0.19118849687394446
0.03762446596352759	1.3754639446701264	0.9975910433660691	0.19374483111139845
0.13465872309949706	1.354386297918083	0.9905616195092153	0.21427994182215546
0.21733178597454744	1.328473363707504	0.9747687751072578	0.23952588028552846
0.33089678758661434	1.3023693738023676	0.9438541972580269	0.2649579566933223
0.43145588317112293	1.2772663733271137	0.9066374513802661	0.289232041004366
0.517555121905417	1.2530831787498213	0.8687880462831399	0.3119116601129101
0.5893300911931987	1.229406214180301	0.8296591157414441	0.3341165237576593
0.6472011244619902	1.2047200840042305	0.7974881997093006	0.3572678087488874
0.6907994871358293	1.178655365371068	0.7692458612499853	0.3817119692952598
0.7229938470834293	1.1506652948915992	0.7483908576590654	0.4077861023384398
0.7399117620299176	1.1199869587213815	0.7374316965658134	0.43496686333246404
0.7401519953034928	1.0854321728337404	0.7372760772029429	0.46558212783704467
0.8014623116901247	1.065208448950006	0.6946081165801273	0.48350018578656817
0.8323481695405788	1.0370139149154867	0.671759656668133	0.5084803179123162
0.9290748096445288	1.0035724653184164	0.5976909980859162	0.536631939728669
0.9984025248255455	0.9650149706023189	0.5408692770703908	0.5682340659792626
1.0528420773657667	0.9203404912651437	0.49445669231056966	0.6048497368517668
1.1153565489096624	0.8909652792137824	0.43906936946898995	0.6283964226919239
1.1731041617063669	0.8521378156658854	0.3869180302359262	0.657119851668837
1.231284478436794	0.8059976474983278	0.33235503944315714	0.6912530069729115
1.2924114615977853	0.7524739686617317	0.27465955345953963	0.7292940952951942
1.3588312036774475	0.6941948551910556	0.20994944739167154	0.7670463948496751
1.432155582595041	0.6287169277266003	0.13807007423184373	0.8081869394902318
1.513901551693914	0.5529597267921897	0.056757578245080736	0.8494868283346351
1.603876290077378	0.46930100743802655	-0.0330073937241915	0.8902283147104623
1.7052300662499156	0.3719382671004985	-0.13376923173698183	0.930930548071673
1.7926174948804303	0.35103237392077125	-0.21997741949248478	0.9375136545430365
1.8944722588258744	0.3176830616370919	-0.3176288915505976	0.9480150988785077
2.006336480109526	0.2812803894022467	-0.4211292742604714	0.9594780229977469
2.125807078526787	0.2456926928350498	-0.5259077383115098	0.969351056523113
2.250846356655993	0.2735737742498924	-0.627561905766842	0.9619047773892296
2.3800957803794653	0.3092018777190675	-0.7223466119563838	0.9506857590725295
2.5124525550727945	0.3875569817959478	-0.8069401945134493	0.9256714243496572
2.646984299006114	0.48400154597365863	-0.8785047868877409	0.8838543589995581
2.7831286514939895	0.5992235200241	-0.9348453733752038	0.824265601910858
2.92039660926743	0.7331010329606001	-0.9742453128597564	0.7418435804929541
3.0582712103690506	0.8841404055505898	-0.9954908991816787	0.6334452658567444
3.1962916580201157	1.0515261719603115	-0.9979453927503364	0.49562257399717646
3.334312099535763	1.2332818261921779	-0.9814635849342805	0.33048187557414765
3.4727894324209245	1.4257653076792998	-0.9450708537052424	0.1444264635335846
3.6129231523980465	1.622825173807855	-0.8899198150592139	-0.05193356921066107
3.7563275119748534	1.816880334270179	-0.8155502187407527	-0.24329495871232704
3.904121101722218	1.998367650048539	-0.7216294548461843	-0.4138474666491525
4.055388115164024	2.1593028752764054	-0.6095536866238456	-0.5545318066282242
4.278907611816074	2.295732309226876	-0.4192479849973234	-0.6626311190311164
4.488908218132915	2.4070328682654596	-0.22161461843200497	-0.7410734379887924
4.6909023933839755	2.4967243654814504	-0.021427910884445706	-0.7975394422737938
4.88568021498704	2.5672149671147766	0.17227102002187844	-0.8393873879510027
5.0707425057120386	2.622804342365916	0.35002524656417916	-0.8666473852053987
5.243454893501403	2.669397951976219	0.5060735216897397	-0.8894960260528822
5.403454400139024	2.7130634827875624	0.6367072846883463	-0.9085702371989202
5.550866619285586	2.7567290135952427	0.7423503714091213	-0.924945246199309
5.6871954731996635	2.819603725679615	0.8260284821722053	-0.9485238895189813
5.81471268122452	2.8982473209323505	0.8905874897754653	-0.9686308926489411
5.935477467168665	2.983772181210411	0.938560524940204	-0.9859707002377558
6.052018285801301	3.058938508502772	0.9721258620180703	-0.9955761729236277
6.166820081699534	3.115323075830564	0.9925495611778045	-0.9979453927503362
6.281496469598308	3.160126880864505	0.9998918699205193	-0.9979453927503363
0.11250070549942823	3.186227247937196	0.9927969922258176	-0.9979453927503364
0.2231407463339907	3.2000837611396022	0.9736591028161454	-0.9979453927503364
0.3532762477777076	3.205049436678504	0.936807075762521	-0.9979453927503364
0.4704897497178677	3.202898982783885	0.8897128920526446	-0.9979453927503364
0.5628802419766712	3.2438184081453914	0.8440785480742143	-0.993075125354312
0.71219315019536	3.277445801744245	0.7553873804273932	-0.9887778951669899
0.8272696281355694	3.308342198835633	0.6755166139870974	-0.9848296578505799
0.974900075238917	3.366278207331311	0.5601321307517209	-0.9733607890812788
1.0836401212009024	3.422509602178595	0.4671698712808501	-0.9591072078854933
1.1644366125304113	3.5123693374321503	0.3950466797940715	-0.9302279950749891
1.2236560889176615	3.636867853138404	0.3395091384664511	-0.878177778501138
1.2642553950890194	3.7578941329985445	0.30143406955466406	-0.8146138480280509
1.295016284450823	3.8763114238669987	0.27212177842714164	-0.7409629106902663
1.3102826869276905	3.9925047306112393	0.25724833127692537	-0.6586842207297758
1.3128931053177018	4.106168736753404	0.254705104735989	-0.5696691692023641
1.306354928523535	4.2163858768271965	0.2610749896616722	-0.4754823382179348
1.2934818398745767	4.321852560723182	0.27361672658826336	-0.3800054797078144
1.277382150298007	4.420991979428288	0.28912346239648157	-0.2867053140220319
1.2611708847433272	4.512022203460014	0.3043268023387087	-0.19881254245742108
1.2476808887436428	4.623090174900652	0.3169780660115365	-0.08915886355676422
1.2392715893268897	4.721669647763275	0.32486452233276814	0.009302472176742675
1.2368091139289346	4.814168755482001	0.32717389481502174	0.10140456723181508
1.2415613798200604	4.905334101540365	0.3227170981759845	0.19141901794674437
1.254285285492308	5.000153850490223	0.3107842936287065	0.28379811819249406
1.2754812171782752	5.103601090558421	0.290906206151387	0.3808408688087884
1.3056011450173306	5.223090000343757	0.2618093708729119	0.4880303888902436
1.3452238839598623	5.266737055571014	0.2232065163692693	0.5260788105144073
1.3951770353238897	5.351440886537659	0.17453915299237543	0.5955029569696306
1.4566504848217112	5.369034721986827	0.11370506075217925	0.6099230486584368
1.5085847556655636	5.423082299941221	0.062046180979666736	0.6512274344591109
1.576323022949152	5.49924304583836	-0.005487146288420758	0.7075689405919179
1.6571928172688704	5.589934894931939	-0.0862600266659585	0.7676581902389372
1.7505539608965976	5.691109818517318	-0.17848150764147525	0.8281624314803073
1.8556294193684282	5.8008471008499125	-0.2804170162683316	0.8845755606886834
1.9725975647582847	5.917307100825255	-0.39029911616673985	0.9328388150264489
2.101422288160213	6.038129852121783	-0.5050695444760542	0.9694727865850357
2.2424865773292466	6.161041954067683	-0.6210304439784582	0.9921796088466819
2.39645528569285	0.00118279353911419	-0.7337198387608784	0.9999242700655104
2.5640955250047255	0.12444614158676146	-0.8378072413805113	0.9920321697420734
2.695238962136736	0.248554397812194	-0.9018858644067872	0.9688043916257856
2.8075223456489815	0.375136548142019	-0.9439932516662074	0.9299234337407679
2.926030056292935	0.5055285550042299	-0.9756732837434285	0.8745205375333234
3.046599281917057	0.6700554006417343	-0.9939993484570967	0.7826835565180025
3.167168507541104	0.8336402929280069	-0.9979453927503363	0.6708037813428644
3.2874657262769253	1.0025737560606636	-0.9874974533138339	0.5374504922898125
3.408636447741356	1.176495147529083	-0.9626237867245901	0.3837378769019292
3.5325053582083785	1.3543602338117793	-0.9226767867112342	0.2143053350415608
3.695060927868466	1.5287673822406391	-0.8496409753764467	0.04197057651281862
3.860664526999828	1.7512689368773946	-0.7518407278031881	-0.17918683545073977
4.0322982521751065	1.9445817040248163	-0.6275937032219666	-0.3646986068867929
4.212100205128529	2.1137429912194707	-0.479144689061614	-0.5155982877901587
4.404473533037917	2.259804872335042	-0.3025301706885655	-0.6345611578465162
4.6054024892328655	2.3845868441877953	-0.10669236756812964	-0.7254688266142932
4.810612873990735	2.4902184291694964	0.09786754145947066	-0.7936508386299699
5.012444178018978	2.5424670300770518	0.2953515820688681	-0.8248798716440986
5.205078193709744	2.590871852395455	0.4720720719700133	-0.8509882851527686
5.385020926399195	2.6382344333989223	0.623025509122408	-0.8742140152906364
5.552698874460875	2.6855970144160533	0.7435372776971274	-0.8974397454352046
5.7093242939611635	2.727666565646062	0.838092257317474	-0.914046538730546
5.857861951781965	2.7505141931511825	0.9092964329086941	-0.9226146266276494
6.001128440846388	2.8076806580063542	0.9592335163284997	-0.944052620377154
6.141590685172243	2.8482026120803297	0.9892366707480342	-0.9559455178155587
6.281207232167736	2.90622862715338	0.9998733511081105	-0.9706540008535096
0.13772500337203247	2.994301072778439	0.9899758750653431	-0.987316182769792
0.2770146912564679	3.0701468981178937	0.9608212588416758	-0.9970084882193041
0.4143671948434408	3.123788588820467	0.9140468767080578	-0.9979453927503361
0.54797000386074	3.161896097677356	0.8522070318254116	-0.9979453927503363
0.6761737728513348	3.176513768293814	0.7787201705519673	-0.9979453927503364
0.7987465882357454	3.174422664938166	0.6966171298566854	-0.9979453927503364
0.9154847382775961	3.2113096530618974	0.6088295628255251	-0.9972294052061352
1.0259588303373834	3.2359384892231904	0.5182750346146469	-0.9940820968094914
1.1294597423018593	3.2545239884714454	0.42657405268522164	-0.9917070638417631
1.2250935707190176	3.326454386247542	0.33816103122503516	-0.9825151091991631
1.3119932573045108	3.400753554479276	0.2555817907717268	-0.964621949129665
1.3897592550167235	3.4759258272996685	0.179817480299167	-0.9438946743844318
1.458845615252018	3.5526672420887926	0.11152157040675502	-0.91511587942579
1.5206965151440701	3.6247091408513614	0.04999864634468649	-0.8841401852032169
1.5784608278775791	3.7756698441906216	-0.007622389282506709	-0.8039892903934998
1.55615756804738	3.9097303714602947	0.014654142436760428	-0.7177298566788402
1.5499923865452039	4.026513797902544	0.02081193561739254	-0.6321130739578689
1.5466598052731295	4.126142766755143	0.024140523141350803	-0.5526002216086223
1.5448728488979735	4.29325182961454	0.025925338037252704	-0.4061404355146643
1.5468493349325043	4.431447433008385	0.023951220613337036	-0.2766888723798512
1.5571792204827601	4.554487279120183	0.013633714344361331	-0.1569205074938801
1.5075580282900556	4.66954281270767	0.0630674639434728	-0.04276189435002416
1.486374465089607	4.780490365355858	0.08413869738421217	0.0679047629948574
1.4824574060048152	4.890350437874707	0.08803498553912778	0.17682103194542703
1.4908231520591335	5.002450361566504	0.07971360039969329	0.28597912509845513
1.5112877058763234	5.1211840104394835	0.059357563662047114	0.39733058130082594
1.5439302667888746	5.252261498857203	0.02686679056083963	0.5138761037468813
1.5887925560488045	5.291861749263717	-0.017941735964264578	0.5466712724451046
1.6457629594000447	5.361681329240133	-0.07484386627953586	0.6038961309952877
1.7145968852180746	5.448327587503876	-0.14300965110774808	0.6699031644205374
1.7948548172523284	5.544586702233859	-0.22218455054244027	0.7382823392172221
1.8865642409736636	5.6480216326690105	-0.31005292186978195	0.8046724230838411
1.988332880040827	5.755630623234106	-0.40467783145041425	0.8633366727417007
2.0993503178608157	5.8659378789196825	-0.5032989277075242	0.9127980462526903
2.2180216189109205	5.9777035728926755	-0.6019160708810177	0.9518572038939535
2.342925667947893	6.090060610054147	-0.6965057255154616	0.9793929994231768
2.472856465703209	6.2025694216930205	-0.7832735783615445	0.9948384603696081
2.606766780653421	0.03167273521496434	-0.8587828627804798	0.9979721108683698
2.7436366275895145	0.14260436848705588	-0.9200354710353562	0.9890437812083831
2.882471400802142	0.2492417319071864	-0.9646319991638186	0.9686730917799
3.022392415991202	0.42116987743722184	-0.9909059634556322	0.9110973250665992
3.162645976141501	0.5852003462715092	-0.9979453927503363	0.8319104925626282
3.30289953629202	0.7672464683619089	-0.9855251733597753	0.7197247006932982
3.4437000584167623	0.926259131933072	-0.9537358332399459	0.5999987570099236
3.5868082446822487	1.1786563659723348	-0.9023126633785042	0.38171103090577047
3.7351300912886773	1.3834724153334341	-0.8282199350379262	0.1859424975003691
3.8922155332207953	1.5736636444658312	-0.7299062779046634	-0.002830954790484678
4.061467045406945	1.7533444573971546	-0.6048042430029043	-0.18123434806739308
4.2451635362319555	1.9199084225109018	-0.4500828584410814	-0.34199702127354165
4.443367817400374	2.0700453658468105	-0.26526901061106023	-0.4782561751873449
4.652573124698914	2.202760602193407	-0.05971124597266318	-0.5899927002217683
4.867600262358734	2.318973934483283	0.15455274366637595	-0.6798543358899487
5.088471200343036	2.4198120212508925	0.36665167034940777	-0.7499575822516237
5.294377039404774	2.5071520680810866	0.5487328305722563	-0.8037720889492854
5.481462038868062	2.5840855009050787	0.6944150684565592	-0.847660384413477
5.649833879267944	2.6552806576800907	0.8056603896688183	-0.8825731671070249
5.802997640956831	2.7255764637310658	0.885508005943175	-0.913262729693149
5.945259775853677	2.7978384164469605	0.9416408994095249	-0.940361681754905
6.06424400355712	2.870100369129895	0.9744613126655406	-0.9614961796648556
6.181469743188777	2.9337522762640673	0.9934875253010312	-0.9776307185477613
0.015520928587608271	2.974070460600014	0.9990062518383083	-0.9847309215271814
0.13200178883193842	3.04772634582782	0.9910691675304757	-0.994143375470256
0.2437391536825146	3.1506283192597837	0.9697242365988985	-0.9979453927503363
0.37488306608829375	3.2356702580557832	0.930003253308098	-0.9941163739551875
0.5362611048674487	3.2983064962763406	0.8585902696027938	-0.9861121159709811
0.7136650731587749	3.3392402451635106	0.7544338917188884	-0.9802143944413091
0.9003335181422784	3.3609532588533972	0.6212476614362461	-0.9747105614939934
1.0515599081345244	3.3762503067707335	0.49559268401608214	-0.9708330529396043
1.1772448154372797	3.3936530501897386	0.3830348191416545	-0.9664217909208355
1.2872765045597625	3.4191938120115686	0.27966233733343465	-0.959947697162031
1.3850848541525338	3.457312460492552	0.18437156265863566	-0.9502853501284405
1.4714289600532162	3.5106960418182704	0.0990049511174304	-0.9308554975977061
1.5462233976794935	3.580520631790232	0.024576407746389542	-0.904670580843225
1.60943498577696	3.666403847660305	-0.03855942791167061	-0.8636938753103682
1.6617201651841953	3.766441057566698	-0.09078194903101726	-0.809505343974892
1.7027168621430058	3.876863195552637	-0.1312899418103673	-0.7405793156851089
1.734615018573087	3.995113888055417	-0.1627576517736128	-0.6566456965677802
1.757940780804801	4.118411884888952	-0.1857686468506512	-0.5592067009928992
1.7771248482365245	4.24481094276076	-0.2046938368120222	-0.45040505351897875
1.7938374912981658	4.373489081229152	-0.22118095279114575	-0.3322136225809101
1.8108837708165908	4.504728919510437	-0.23755018375575937	-0.20600740791956623
1.8075057561234396	4.639967677008104	-0.2343140078422833	-0.07230158736032276
1.8160125580316582	4.78205184167222	-0.24246361935578684	0.06945795929440883
1.8361837552666629	4.928525812847389	-0.26178785224626083	0.21401377745022057
1.8687392538141154	5.093812769436009	-0.29297638451169894	0.37166113062081285
1.9145455078519469	5.16632995481802	-0.33685928895978806	0.43774144157299283
1.9741237580357798	5.279274880410994	-0.3916937306508427	0.5363549429866622
2.0474729856362073	5.418056291989266	-0.4587192487930873	0.6475093398617828
2.134001372126174	5.541300738282614	-0.5329102294464234	0.736153743086894
2.2327682798528015	5.687334878669289	-0.6134375774523684	0.8261044806294982
2.3429229653617254	5.782274609792576	-0.6965038466612508	0.8765227784621213
2.4628882113402097	5.8914594832250975	-0.7773155442862183	0.9238638704821658
2.5907626071176884	6.009017292737325	-0.8509347132973821	0.9617176556804227
2.724669665960856	6.129982057276904	-0.9129226714968083	0.9870191013524453
2.862736602628206	6.25163338513375	-0.9596296059470295	0.9979798460927187
2.984215521008813	0.08982496544747602	-0.9860273544402092	0.9942488367378539
3.1064895922534665	0.21139838500275515	-0.9979453927503362	0.9759022190013538
3.2287636634807404	0.3342902028894727	-0.9949989647100203	0.9427856366350379
3.3513390977255915	0.4729662773429368	-0.9771475671317997	0.8886391029964981
3.4752445906121627	0.6142319463713434	-0.9441501449279696	0.8160835897427048
3.6016965913905237	0.7580827775606124	-0.8954251120851076	0.7256607964839328
3.7316209802722424	0.9034685554073284	-0.8303173336644728	0.6186781520793774
3.86540565474603	1.0478781313723353	-0.7485446671868247	0.4988547088420427
4.060667585217007	1.1870451990173863	-0.6054288580169884	0.37384376847198175
4.253565952578746	1.385093934925915	-0.44240484562875293	0.1843627156232471
4.4538639042419375	1.5632555883997157	-0.2552136418492586	0.007564628315209831
4.663642971840885	1.7340382545596065	-0.048654664878106234	-0.16218867084415917
4.882349540446692	1.9061087142397029	0.1690260766355435	-0.3287767461779972
5.122947130761225	1.9843259016229802	0.3989840806849469	-0.40101630953086487
5.3486056019483135	2.083692176848184	0.5931791280432809	-0.48991815335518946
5.552789112242627	2.111663281646279	0.7435957323228927	-0.5138210573708629
5.734307580940228	2.1538775890590562	0.8517121767769653	-0.54989559019534
5.898115626994904	2.1977851075323214	0.9267498848612528	-0.586105366359591
6.052054255825069	2.2393700565607118	0.9721327332886963	-0.6185955189024739
6.202255417718372	2.2788526220629306	0.9948183558461698	-0.6494430876965505
0.06956441804970383	2.3229569365654745	0.9955460453177243	-0.6826233429702836
0.2209681567896941	2.372541355080993	0.9740741275827283	-0.7170947299066961
0.37075822445325	2.4287667331115683	0.9313021345100424	-0.7561829519684599
0.5142103869846179	2.495544494261938	0.8706114660866592	-0.7968342322466054
0.6446506198374945	2.5725989291643563	0.7991403767735159	-0.842027582952768
0.8179489620760901	2.6594683748939465	0.682411771824197	-0.8846267458572118
0.9694403293078747	2.7549995407678507	0.5646069956639614	-0.9242966766619499
1.1050796678258044	2.8576604305283295	0.44817460408648946	-0.9583428935795723
1.2299775895861336	2.9639396805127154	0.3335806732714527	-0.9834363134903057
1.3465466609119359	3.070218931202848	0.2219177875336446	-0.9970176932962971
1.4555229874806832	3.1740416413889383	0.11482657933013553	-0.9979453927503363
1.5567846469327398	3.2749098694820438	0.014027815039485332	-0.9891019608617664
1.6499232477196157	3.373616747525051	-0.07899916893115698	-0.97150060974918
1.7346795543421427	3.4755121708322525	-0.1628213166712174	-0.9440497996800989
1.8112661113324355	3.5804706432842925	-0.2379164702525681	-0.9046893270308823
1.8807321182276615	3.6892297455269043	-0.30446568295299636	-0.8525004789039232
1.945249219948674	3.798907840742074	-0.36530857378253834	-0.7900999201733954
2.0052573486305745	3.9050558141083327	-0.42014317871609363	-0.7209796371554531
2.064516099691015	4.001906863545574	-0.4735311019679238	-0.6513383722821457
2.124704463068304	4.1876065954382	-0.5249654905290014	-0.5000758752143035
2.1906995688951794	4.346355595674054	-0.5805694636700851	-0.3576149424469948
2.2651530608077826	4.493604329601811	-0.6387396758768931	-0.2169818781674628
2.3528151887469937	4.638482892607558	-0.7033809800467776	-0.07378459240294205
2.456765429004675	4.787120385986575	-0.7736559520986104	0.07449962671560283
2.5131734034384072	4.941821406880535	-0.8073710461920949	0.2269671445242492
2.5857093548210655	5.050691415588129	-0.8484566922167462	0.33122082081852655
2.6718040147532234	5.182812558993752	-0.8906759145549336	0.4523448973201983
2.7684738742354638	5.330954144614938	-0.9293496859286459	0.5787118088550502
2.87011389733627	5.494361501020275	-0.96149960880597	0.7039577156220737
2.961840423846467	5.6750867522076325	-0.9831680503824136	0.8194272769422002
3.049745697793461	5.803492448130984	-0.9944014275907711	0.8857225476761766
3.1311228807881575	5.950030936253056	-0.9979453927503363	0.9431433014657795
3.2033259371222185	6.05183038948014	-0.9979453927503364	0.9720899686174802
3.2956888353475398	6.155860019026085	-0.9864466257369655	0.9918478285416231
3.4197834414818145	6.2583976475603285	-0.9597982373886713	0.9984129370198285
3.5843583216945474	0.07500637607112183	-0.9032314089023034	0.9951976166944456
3.7448232516227504	0.17184478313029575	-0.8224263248966787	0.9834580522822958
3.899000752287761	0.29996395575766044	-0.7251891526683858	0.9535947103105021
4.05066344001241	0.4293897228877793	-0.6132450562173662	0.9075333106786
4.202954732090535	0.5603712167591429	-0.4869600172648815	0.8454463713479574
4.360791922239158	0.6926207297829156	-0.3443776431153094	0.7680660887057652
4.527217818122728	0.8254719681626125	-0.18382198348992582	0.6768464705844559
4.704964943271885	0.9579634997340126	-0.007382213483403729	0.5740135253106688
4.895832653311074	1.089139775157796	0.18216213582909976	0.4622972217693917
5.100061573565578	1.21809256246853	0.37752141914016357	0.3447267560298931
5.315242034172928	1.3439180767596737	0.5658339986781259	0.22447871225234037
5.5380802103940985	1.4656447326743551	0.7340675354160793	0.10475850656138501
5.693638338395522	1.5822932689073488	0.8295408824872434	-0.011450237534818553
5.849853262052757	1.693280436019747	0.9058239728003372	-0.12198085459126182
6.002118089345468	1.799161970280525	0.9595451491003054	-0.22632056754529822
6.1511134917387755	1.902289454561127	0.9910557905089953	-0.3251178526260608
0.016001953079309513	2.007126527632482	0.9989754536034179	-0.42185120885086125
0.16428294558880785	2.1200721879400097	0.9849025726560734	-0.5210069472907182
0.31191872310602753	2.1686564255647225	0.9498302451609817	-0.5625249487068542
0.4567150770331546	2.243073080770471	0.8956854047882663	-0.6214886767457821
0.5961588481284453	2.3379667919762417	0.8259363422111059	-0.6930582850189076
0.7286232383769248	2.453239338808241	0.7447442258940102	-0.7715484050017977
0.8535747083584356	2.5908060354369082	0.6560568802194916	-0.8509560097386057
0.9700502566278205	2.6896466288587098	0.5641070928484249	-0.8994256011511477
1.1168201576081231	2.7697439309349035	0.43777262384364357	-0.9298259698418297
1.248896513948948	2.859060338063574	0.3158380215667485	-0.9586977433174171
1.3704142920284768	2.9485102051285486	0.19866450631361665	-0.9813715707518156
1.482784659866026	3.031063865714887	0.0877094670020099	-0.9920140842920246
1.6036149619640825	3.101996749944351	-0.03274637878515192	-0.9979453927503361
1.7135484718323668	3.157741095201181	-0.14197538543112967	-0.9979453927503363
1.814943562439956	3.269439434071578	-0.2414395096050232	-0.9898010254536904
1.9091993707942536	3.3800627839178032	-0.33173762977597043	-0.9698666630301875
1.9976174843396337	3.4869842301697025	-0.41316197551343364	-0.9397476631566447
2.0818515699505142	3.585270421165741	-0.4883452498062174	-0.9028893625152841
2.16416967953016	3.759767853150726	-0.558690768377511	-0.8134939239061544
2.247545096869635	3.915389579945475	-0.6249826448431549	-0.7137955407931871
2.332801865528927	4.052138189298332	-0.6894675969883973	-0.6120928405628657
2.4228664808825315	4.173038378453046	-0.7520810610176584	-0.5125252473356136
2.4988758775701343	4.278316927688759	-0.7988254028714123	-0.419787744051193
2.5832909224048195	4.475895615598005	-0.8472707378733313	-0.2341070155910255
2.674438813703985	4.643662170418746	-0.8919679710286601	-0.06861152141142755
2.770725254617686	4.803797060650338	-0.9301939759977296	0.09108787022923326
2.8573789315714238	4.968761064303119	-0.9582715389875391	0.25321337847012393
2.944032608524728	5.057006192130838	-0.9802365858038543	0.3371429799562067
3.02775798498365	5.169427486172217	-0.9915916272130306	0.44048582963050575
3.1053725831548022	5.29209006508822	-0.9979453927503362	0.5468584024846491
3.1725963084449362	5.419208859716046	-0.9979453927503363	0.6483619759656174
3.2753117753290213	5.548350669486804	-0.9890506014861724	0.7407205784213569
3.414389460337587	5.678427476432005	-0.9611655082596248	0.8212485102695224
3.5485755164092567	5.808913380262562	-0.9166503173128416	0.888072990908902
3.6736559774203585	5.9395270210988675	-0.8601375655577498	0.9398356986175431
3.842286875348313	6.070112371696157	-0.7641722344495969	0.9755823334876832
4.025692941440169	6.200609292525232	-0.6327544057931	0.994712960484329
4.186376277900364	0.04786943816290423	-0.5011272517054348	0.9969350953516029
4.336801126301558	0.17838070141807327	-0.3663456855129521	0.9822095108958617
4.484233682773783	0.3090880889625277	-0.2261190538412125	0.9507215902849587
4.632565133283939	0.440035536763825	-0.0796952599144731	0.9029174290231103
4.784257748645429	0.5710765072820566	0.07165216903812495	0.8396102619987463
4.9407428114216705	0.7018957590822256	0.2259163119801585	0.7620578695749041
5.1004348564855055	0.8321183406909244	0.3778714934207396	0.6719296773709211
5.2636561162535775	0.9613286714875985	0.5235536404016463	0.5712553953181787
5.4274060253150145	1.089041801546911	0.6544260008176017	0.4623840256066798
5.588149681227995	1.214677637881627	0.7665017566814167	0.3479293597499195
5.743112659113378	1.337601392294245	0.8565123640242772	0.23063280603465136
5.890870990383994	1.4573111176067273	0.9236087079045305	0.11304793109462552
6.032606762025892	1.573807107087609	0.9684177234306168	-0.0029742454874004155
6.171092167623121	1.688066991825805	0.9928230871791123	-0.11683776269615087
0.025973918413312397	1.802467250859293	0.9983369852177679	-0.22948706336249391
0.16449837877540427	1.9210852574219417	0.9848614189516306	-0.3431244423001483
0.30797486329492896	2.0499615539599447	0.9510721365655436	-0.4609932683947594
0.4468708948444856	2.086508956182469	0.8999537097301946	-0.4923252519144615
0.5985634506815444	2.154232170922745	0.8246254461255451	-0.5501986006167958
0.7360201883248777	2.2394914225506413	0.7399525972367704	-0.6186903416597083
0.8571325734941894	2.336114547696623	0.6534248750046726	-0.691770593619572
1.0309616202467053	2.4406331197702458	0.5138426026837196	-0.7640136572060158
1.1813993134874023	2.5537477939566657	0.37913862449033053	-0.8316223937691287
1.3184396359321993	2.6741568579420574	0.2493013411389799	-0.8918297051593049
1.447449969453123	2.800315455617499	0.12285678868728529	-0.9412905961173693
1.571161887607394	2.9095705402939545	-0.0003321960244944168	-0.9715011118033234
1.6909227648578862	3.0202965256601773	-0.11965499878599709	-0.9906381305302727
1.8076922432075604	3.131022582712737	-0.23449266455772916	-0.9979453927503362
1.9226542278688241	3.2412928296913237	-0.3446275335624365	-0.9933978679403932
2.037666373576491	3.350409460978389	-0.4497581011978719	-0.9773832122353013
2.1554990404242305	3.455943130867175	-0.5512812128451283	-0.950632448952009
2.2797309407094617	3.5998678743923436	-0.6501293145039363	-0.896321880939304
2.3460989907405776	3.7347215097084274	-0.6987118386682563	-0.8284641445944876
2.428016534742588	3.907342869356745	-0.7556614095357681	-0.7193896625470324
2.521661745578028	4.0607623245209075	-0.8124445354781038	-0.6053548385818934
2.62529337328712	4.203344781862106	-0.8678679597445367	-0.4866266974936925
2.7374897521944193	4.341793607146953	-0.9177303315338516	-0.36178362499200545
2.835808365701047	4.479222661387346	-0.9528038138331576	-0.2309196684583069
2.937556314159123	4.6178685370644095	-0.978594969268489	-0.09437424380929911
3.039304262613767	4.759882726778691	-0.9930671210730434	0.047406400230623355
3.13856228535539	4.907890156943231	-0.9979453927503363	0.1939092807971542
3.2343051652571035	5.065528810880671	-0.9942908185777163	0.34513571004965105
3.3265350260979845	5.233385967648714	-0.9825048042673044	0.4971525337473043
3.419931940817952	5.3107407547301895	-0.9597605956522195	0.5621447029319674
3.5140693685288427	5.416792185145652	-0.9295904664799084	0.6465741903613014
3.6102248317825514	5.53574978290657	-0.8912430213776438	0.7325579208842204
3.7050607195151586	5.660566633421474	-0.8447372632623625	0.8115114711246768
3.8663338641314824	5.788142920654194	-0.7478993704213915	0.8790671990926385
4.017711048377292	5.916969491100331	-0.638990626571363	0.9327325042964633
4.1616739398017	6.046280898532763	-0.5222368081851383	0.971029862169332
4.301609274321917	6.175713668951643	-0.3985035171696123	0.9931189849679303
4.4401465246131675	0.021956279436884024	-0.2683550451831858	0.9985942199137869
4.579134341053985	0.15142220015863325	-0.13260604286082006	0.9873593311746117
4.7199212775578285	0.28104580280487423	0.007556197209084282	0.9595518925298439
4.8634667250479335	0.4108963958778332	0.15044112520126132	0.9155517684393786
5.010283211927485	0.5409067906825967	0.2933249727346505	0.8560576218095135
5.16031050223094	0.6708779230609266	0.43240825462385446	0.7821507393402798
5.312706255580514	0.8005271451455428	0.5637556480017896	0.6952999256083362
5.465842871586437	0.929517094741341	0.6828604624870281	0.5973284965911709
5.616738924056476	1.0574604853122038	0.7850214217041122	0.4903648197308933
5.763330279155353	1.1839427416693324	0.8675342266344712	0.37675333241439135
5.904678316439059	1.3086152496343273	0.92886210704734	0.2588728489389427
6.041467422095115	1.4314495763474595	0.9701103548743482	0.1387723367507902
6.16734789390655	1.553118911034778	0.9925833550585945	0.017689157938554773
0.009874263045906835	1.6754599032326907	0.999367787133705	-0.1044007991933026
0.1352486519778307	1.801959837025967	0.990448926757069	-0.22900095522658112
0.2579516298382725	1.9382054530600341	0.9668240716326555	-0.35887207621018324
0.37353544427391056	1.982512181100857	0.9304276091493409	-0.3993589565942701
0.4758436796074062	2.05861354292898	0.8873915000905415	-0.4684870306397295
0.6163363195709463	2.15090058126374	0.8149363670607848	-0.5473515672795842
0.7282418907044513	2.253578872544209	0.7449912569606867	-0.6296968093824117
0.8026524001071406	2.365849944331869	0.6937277237602297	-0.7124428207790063
0.8946321336620199	2.4875184883223924	0.6256837903516039	-0.7920370816989548
