1.4233194425915823	4.452794563787063	0.14685935896954969	-0.25623808198280384
1.70406738005386	4.258673327524959	-0.13262223529297276	-0.43773779645433636
1.7243304064734046	4.089615335614944	-0.1526118243385171	-0.5828120976703504
1.6374300717443946	3.9546120994938225	-0.06652096471324398	-0.6865278085407873
1.4989717184366218	3.9136375449434664	0.07160824330170616	-0.7150135660980814
1.330798778208888	3.804544319854102	0.23726032166809452	-0.7867309918343495
1.1912559756976686	3.7709487537145288	0.3698947942802257	-0.8068110901695636
1.070743210362876	3.673364026779026	0.4785964313493176	-0.860280732730347
0.9545199108647318	3.649494481028171	0.5768359267919746	-0.8719859146772992
0.7659416901004896	3.608892529246987	0.720569915674169	-0.8918963577984513
0.6287446566860696	3.563829241415115	0.8081718227365804	-0.910930018494982
0.5268487694611521	3.523072254877765	0.8637215099502673	-0.9262142944223102
0.45848574333012176	3.481471482380376	0.8949176677065056	-0.9418149984895114
0.42060896008058185	3.4310917606000424	0.9113405312852038	-0.9569317951604948
0.4112597522145101	3.4677153448203666	0.9153942220208143	-0.9469736870978752
0.4287264460172967	3.4923140340563745	0.9078208986051426	-0.9377489336095574
0.46793972141175916	3.5015498319554554	0.890818550015126	-0.9342854174006436
0.5242636350008365	3.500117065352568	0.8651308250324243	-0.9348227191483556
0.5953586894261829	3.490561758337597	0.8263725577134439	-0.9384060544583229
0.6737232926953178	3.4747837920746543	0.780307553327596	-0.9443229489694983
0.7535865156650357	3.454801814482709	0.7285734047212324	-0.9509217507877583
0.8254734669998725	3.432540871403932	0.6768453617882162	-0.9565644733367871
0.9557108657899491	3.410067056992774	0.5758598076695418	-0.9622611546899429
1.0577884218282165	3.3891889668905604	0.4900742705950635	-0.9675533505049859
1.2244685588380864	3.3709666276709824	0.33874718337100285	-0.972172364355679
1.355093916249352	3.4067812322860545	0.21359053749991236	-0.9630940482964332
1.4633699014743504	3.451749168751857	0.107021275048443	-0.9516955379915941
1.5616570729057975	3.5091432129803892	0.009161228156448868	-0.9314378238794674
1.6477182991214991	3.5798153712239267	-0.07679686273200709	-0.9049350605806119
1.7254777799275893	3.6624353407151387	-0.15374371467691178	-0.8656399574158163
1.7986243524529435	3.7535972798245476	-0.22580552364457096	-0.8171820808093466
1.8720673986252596	3.846524967266164	-0.2961647845196154	-0.7616391233208673
1.9276112562304544	4.000664745608448	-0.34919124445457567	-0.6523088340043881
1.9164048175995898	4.143367494465128	-0.33864052852432064	-0.5378807095936398
1.9360288408966793	4.276850525480354	-0.3568831178691588	-0.4211277222764402
1.976278382075993	4.4056557903318945	-0.3936625965465238	-0.30139755495836823
1.9619783623129774	4.53185080875472	-0.38059543462245093	-0.17925151228449726
1.983622629984619	4.656343561936781	-0.4003736695536222	-0.05594532720723076
2.033430714335734	4.779763296628137	-0.4458876138788746	0.06718154968346599
2.107268365825593	4.902662724228263	-0.510065351195611	0.18881640155889273
2.2085039369391475	5.025670047659854	-0.5944799444376154	0.3077551412791959
2.262156999536319	5.149505673133755	-0.6363988653189383	0.422835262280255
2.2843885360083385	5.274918292733633	-0.6537682748797253	0.5327842381258963
2.339674011555557	5.402631931070048	-0.6942451543715366	0.6360988459769352
2.4204641440932657	5.533198235985475	-0.7504109419864462	0.7309050686365461
2.519693305665465	5.666915072386212	-0.8112679972752048	0.8149723939194111
2.631296542626451	5.803770760889629	-0.8708118025016919	0.8858432203435811
2.750581382348506	5.943387646397504	-0.9226398232459099	0.94105138010833
2.874905025057252	6.085003172157396	-0.9627140678848505	0.9784268887336931
3.0015496394385597	6.21353335520591	-0.9882424739905231	0.9955404408414492
3.1288372621360305	0.05901242201749144	-0.9979453927503362	0.9962216509427357
3.2561248848299016	0.18782686904623772	-0.9915024859835921	0.9804050312944239
3.3838479693965207	0.31780806263228234	-0.9689071910357878	0.9479757370175582
3.51336168806341	0.45040650855901854	-0.9298558537035722	0.898420715195833
3.646565346372379	0.5867171403616768	-0.8734223079145664	0.8310835952307427
3.785503072965081	0.7270001737875487	-0.7981119612268031	0.745795621787416
3.9322701992335785	0.870501791723238	-0.7020600324091497	0.6435347159474059
4.089204202622821	1.0156955141950008	-0.5831333142148353	0.526695761977473
4.258965476977816	1.1605829112475614	-0.4374708342913618	0.39866077953485635
4.444194828614817	1.302662878944691	-0.26447672460419924	0.26467200633735083
4.646342539256742	1.4395133378112575	-0.06593436471354819	0.13075133487276214
4.864199749629673	1.5690826672205818	0.1511702627846547	0.0017445326353876661
5.092381244423272	1.6895223410267968	0.3703186098082935	-0.11827347283358246
5.321776842570661	1.7990061956776795	0.5711899960407445	-0.2261713337309273
5.541646274263845	1.8956478331275295	0.7363775758992587	-0.31875510489929343
5.746691353799827	1.9782229418733457	0.8584633296214138	-0.3954395086182656
5.9035533112374186	2.0474185337031403	0.9285078514812387	-0.4586694913634994
6.053129166916992	2.1065907270434074	0.9723380710738265	-0.5094862702159789
6.1994450854765315	2.1611589343623825	0.9946384205746874	-0.5561179149532179
0.06266323704543872	2.212431654453999	0.9959879026394547	-0.5975486542517301
0.20979573106937074	2.266563617456882	0.9762083702835238	-0.6398417380837829
0.35558447109341684	2.324308578359196	0.9360802338277436	-0.6835630125008685
0.5231167559830971	2.3904226687484007	0.8657560590084212	-0.7295259270612549
0.6817604882464712	2.46462874126497	0.7751011835673945	-0.7783558604963803
0.8276628941722552	2.546746888413806	0.6752256872037952	-0.8274379465967805
0.9636089452533871	2.6374740046317253	0.5693864590721137	-0.8738411151453783
1.0924721892492266	2.735468219717634	0.45934472948135735	-0.9169722367187962
1.215713074372079	2.8388637270215895	0.34695830089582635	-0.9535782893869491
1.3337253032409204	2.945043842490893	0.23440912503131806	-0.9804929142389539
1.44627146874937	3.0488398051304717	0.12402904017320765	-0.9942856639563868
1.5528095449970036	3.1504984170137025	0.01799815323367368	-0.9979453927503363
1.6528097264869401	3.248668888790417	-0.0818821885572938	-0.9924552845156351
1.746037457554246	3.3762777446861927	-0.1740259517996612	-0.970826097953748
1.832852500906364	3.504525163384244	-0.25859647325542395	-0.9331696384779016
1.9144979069765264	3.633673425625427	-0.3368136867879537	-0.8797442664287269
1.9933467038268267	3.763633952017559	-0.409259394857751	-0.8111831533390759
2.0706759323778043	3.894080731781849	-0.4787950302441844	-0.7286095806107099
2.1505094657181743	4.024665689325839	-0.5470173367437446	-0.6335569937167209
2.2377674444277846	4.155089615480291	-0.6173434045225733	-0.5278634887685033
2.335953028229285	4.285220454714588	-0.691658304311296	-0.4134793957419811
2.450138907164241	4.415051021726895	-0.7696952743822844	-0.29239681804515144
2.5855003926864675	4.544649711619793	-0.8483542210666446	-0.16662532292810955
2.6874149760134425	4.674127205644873	-0.8983312400405952	-0.038182995325545616
2.7775492033876037	4.803610282816814	-0.9327530247590454	0.09090208281969785
2.8774149391576844	4.9332164876164	-0.9633502830191563	0.2185837148261976
2.9752603200648067	5.063030009922255	-0.9848829731572236	0.342792270526647
3.0646827605071176	5.193081719387285	-0.996310228420498	0.4614432914676911
3.1406322950808803	5.323341475812906	-0.9979453927503363	0.5724723858231036
3.2018514403540475	5.453727015849637	-0.9979453927503364	0.6738975045713971
3.2487255751241473	5.584117807988821	-0.9924480405933908	0.7638899721633217
3.290089138258844	5.714372786578136	-0.9871622086232412	0.8408444997622981
3.3689915320617145	5.844351748696499	-0.9726730132496393	0.9034385906328242
3.446517774455472	5.973967856842317	-0.9530215962117967	0.9506808553737123
3.5232770707477594	6.103242756209029	-0.9261374864309142	0.9819111543804033
3.5928552974242414	6.232282290383954	-0.8997607184515638	0.9967408664320762
3.6951891622434103	0.07806634712913649	-0.849578091620457	0.9950016979646759
3.853082446067876	0.20706476788082614	-0.7571118362161406	0.976730059878711
4.035628432841808	0.33590269095093617	-0.6249918465313978	0.9422778764307185
4.1860198754753135	0.46388037982658914	-0.501431817900386	0.892578625907352
4.401426840426719	0.5896845333498291	-0.3054489363363629	0.8294658876193639
4.586166033240147	0.7113490932280537	-0.12566923913832334	0.7559341473490766
4.761039170999872	0.8260249038481955	0.048556712192550255	0.6764374248358442
4.952306601211831	0.9294655830878644	0.23718245123993326	0.5973707160815329
5.141354066175383	1.1110726492872958	0.41561300357550046	0.44286487034334887
5.3287976372989725	1.2645913669968605	0.5769443128867239	0.3011189864966068
5.510539279962815	1.404117284111791	0.71592556626179	0.16582902511135542
5.683340895493009	1.5374444665525704	0.8239271158484314	0.03333950404443388
5.845273915582082	1.6731831800447796	0.903838429786507	-0.10215479901768687
5.99852033223608	1.7939526013554283	0.9584122427994075	-0.22129450950730672
6.147403280339796	1.9276929982451951	0.990347037388151	-0.3492659391864934
0.012130472371900191	1.9659445262699256	0.9992233303212508	-0.3842196608474316
0.16036377111961414	2.038224107394217	0.9856512435099601	-0.4502677507107774
0.3077110660733768	2.131038098817514	0.9511552043006266	-0.5303779434326821
0.45114912548501834	2.2417027358756747	0.8980987264887514	-0.6204180318199486
0.5869647234267581	2.2746695539496495	0.8309486225424505	-0.6461748734922964
0.7111816831876214	2.3370240800531774	0.7560425929588062	-0.692402906001821
0.8215755798284472	2.419066253087324	0.6797289054219726	-0.7494391197244654
0.9854037558516633	2.5145663319571496	0.5515232041794937	-0.8082036007474809
1.125830881298279	2.619759335391899	0.42978919457139114	-0.8651541703351773
1.2481406731851918	2.732344178181781	0.3165468683890289	-0.9158006900246203
1.3997566047083736	2.8422708491169604	0.17007746116196024	-0.954441929557395
1.5341282868306574	2.9551296274365195	0.036638099110366654	-0.9823104805910164
1.6587599915671887	3.0688430123983745	-0.08782532287072393	-0.9968418652231368
1.7780305754808192	3.1825578995713655	-0.20558734181102575	-0.9979453927503363
1.8951725472471757	3.296303345974033	-0.3182997757021958	-0.9863680976878964
2.0135437489561894	3.40995228485578	-0.4277151776795178	-0.9622902472276275
2.0695593908153973	3.522022315412	-0.47784088181177986	-0.9266080321803025
2.1393012816785855	3.6290915153103582	-0.537439304369902	-0.8819911501550574
2.215475522972875	3.7256529300604515	-0.5999268164187976	-0.8338844423306695
2.295105268436099	3.90769712217126	-0.6621412145964842	-0.7191433838528771
2.3793078784328467	4.0644465805037076	-0.7217988577690206	-0.6024763442784261
2.4678979487956716	4.201639301513287	-0.7803098686063191	-0.4880841277014979
2.5621813935384465	4.325324316252223	-0.8366631633819527	-0.3768330371230777
2.6626913955097993	4.436646692238108	-0.8862072553114388	-0.27170792380042025
2.7687079226197677	4.620210240061908	-0.9294374564040899	-0.09203534709653012
2.8787426083390932	4.78118571262886	-0.9636868217183963	0.06859642306040728
2.990756918887912	4.937722730799521	-0.9868632768660944	0.22297396786267618
3.102771229446002	5.04567452059551	-0.9979453927503361	0.32651584823202634
3.213738131252469	5.166583173259658	-0.9969190710210282	0.4379657910912734
3.323845517954543	5.293028186499891	-0.9828484953579941	0.5476272966129708
3.4340633770061504	5.421908802405211	-0.9561785473379533	0.6503593150907523
3.5475311556157183	5.551882336875693	-0.9170419630131805	0.7430083374014107
3.6651148026656695	5.68233280610851	-0.8643259990364544	0.8233775445996062
3.786782748120952	5.8129482453672345	-0.7973470983023246	0.8898224541285191
3.91265459416277	5.943552296330521	-0.7156969194117889	0.9411032271176991
4.042330113701676	6.074049202766146	-0.6197558503712921	0.9763343772412705
4.175408129608253	6.204420375821037	-0.5105001598457619	0.9949569701772984
4.311871018179796	0.05154624920977242	-0.38912647637970577	0.9966996826185252
4.452214333377262	0.18192705528870284	-0.25679394921460447	0.9815320591004955
4.597452709576465	0.31250086761631785	-0.11453486972174676	0.949646932290299
4.74905063544784	0.44327365487890574	0.03663174806639551	0.9015134245778191
4.908780162769413	0.5740348809008569	0.19477637798256936	0.8379974713978575
5.078506706913433	0.704453414808007	0.3573067132606868	0.7604010601389555
5.260029506294855	0.8341349839443413	0.5205812329197527	0.670437823307628
5.454953930484829	0.9626192333259058	0.6748051403571138	0.5701976373271918
5.582716096907421	1.0893370254510741	0.7629819656154792	0.46212245958385967
5.721694990494206	1.2135724985317125	0.8448362814556525	0.3489657877304255
5.862637481810341	1.3344961030075253	0.9113670384734619	0.2336581655561327
6.001738185885105	1.4513257913421227	0.9594255203952837	0.11900151906030827
6.1386952069291665	1.5636207586571156	0.9886835542216601	0.007199895675952882
6.2747975584747335	1.6716161239961873	0.9994629631977796	-0.10060888944948532
0.12785003918952426	1.776457281674039	0.9918142306563905	-0.20403527865943735
0.2635190508067488	1.8803110687379436	0.9650709331902415	-0.3040623128256346
0.3963364959064563	1.986461004959867	0.9218647451611365	-0.4029673376755872
0.5432012415206763	2.0912127879671476	0.8548067761684017	-0.49634494439592214
0.6801115884573213	2.1610073198566204	0.7761693150997423	-0.5559883517126961
0.8431326301473973	2.246572665232907	0.6637816261714423	-0.6242228879370384
0.98907619111161	2.3420004279131432	0.5485132378010631	-0.6958624930605536
1.1253369878485266	2.445585665807609	0.4302267802259633	-0.766973798167081
1.2552771483937157	2.5549587574916877	0.3098540992021628	-0.8323461876996305
1.3803754875573369	2.668841716880386	0.18895971073548556	-0.8892232586919125
1.501034666853147	2.7857709811080205	0.06955623405050126	-0.9358362733004175
1.6202596499016473	2.904296418738608	-0.04937111981499964	-0.9701642230416321
1.7342151096042209	3.016965105476723	-0.1623631393361443	-0.9902124097756472
1.843048130802312	3.1296338017799594	-0.2683640008978816	-0.9979453927503361
1.9469250945244518	3.241794921780666	-0.3668399649840221	-0.9933337058079106
2.0464030743615558	3.3516961337926428	-0.45774157854493697	-0.9770570653296415
2.142490500783043	3.4552310479318566	-0.5401646739500122	-0.9508129483325465
2.2366981276960116	3.5455513502134397	-0.6165079516834164	-0.917784409759657
2.3309975028398098	3.6975932289478304	-0.688213193159688	-0.8483991819553311
2.4275748269671373	3.869627369458335	-0.755354331625081	-0.7456097056456812
2.5268109078151815	4.008596869951016	-0.8155221941083068	-0.646111497326082
2.6299248067145937	4.204321488621214	-0.8701391286854805	-0.4857920458743542
2.7373114086035093	4.362237664253057	-0.9176634509107996	-0.3429926060721112
2.8482495038372617	4.504816558919901	-0.955957403977491	-0.20592095115130662
2.952263100784914	4.640700378184234	-0.9819441683811858	-0.07156976424948319
3.0562766977435976	4.773748350854606	-0.9952360212697793	0.06119849927177811
3.158799722275961	4.90561618078351	-0.9979453927503363	0.19169383650478025
3.259034663182976	5.037001301408082	-0.9911306466574044	0.31838188119193606
3.3563788905546295	5.168192264048442	-0.9758700762124702	0.4393914326875109
3.4540004021794095	5.299299233691591	-0.9511248934515213	0.5527671125303364
3.5500574354214924	5.430351570135538	-0.9160945829220223	0.6566050292608645
3.682829890152923	5.5613373147047644	-0.8556388491254826	0.7491331243795739
3.809888293027938	5.6922196207367355	-0.7835368945422971	0.8287674526233257
3.9294426691330733	5.822948038530188	-0.7040257483958838	0.8941582298951263
4.096881099696662	5.953474850110783	-0.5771353855696705	0.9442277636989265
4.248838680505734	6.083780440603088	-0.4467245620110308	0.9781933131467846
4.393008760214978	6.213902104208596	-0.3135135514708615	0.9955640504883513
4.533887015165379	0.06076294404801812	-0.17724278325664938	0.9961095714340892
4.674609456303069	0.19089032780719178	-0.03770132259403751	0.9798198258373976
4.816960015927093	0.3211928513664219	0.1041810265024253	0.9469098928353292
4.962008103298806	0.45160812079166773	0.24663423785351068	0.897899712299645
5.110168922381333	0.58191142773343	0.3870003496679671	0.8337034834382886
5.26108669421675	0.7117720504231918	0.5214477152061227	0.7556601622834387
5.4136403532242054	0.8407929511644269	0.6442425567166995	0.6655124526781293
5.566046653490132	0.9684946843734742	0.7521837604984332	0.5653820561502612
5.716497889539887	1.0942745193545946	0.8420030235068487	0.4577478793929258
5.863168875163537	1.2173928039504596	0.9115974434814234	0.3453830074861295
6.005927229720991	1.3370353283186625	0.9607446183810895	0.23118429959295528
6.1460906184457	1.4524730846157816	0.9900962826159809	0.1178603095213132
0.002251363848848073	1.5632801251960224	0.999855853425685	0.007540120923672532
0.14175625468045086	1.6695263273282237	0.9892057944315186	-0.0985472933326759
0.28068779649211606	1.7718519052211328	0.9596646259899285	-0.19949204899632914
0.41688405581458354	1.8715192658707622	0.9129555996557456	-0.2956396672011241
0.5756893568190219	1.9703719247736473	0.8370955152712694	-0.38826535687508024
0.7248994229959028	2.0706456218589464	0.74715645534257	-0.47876912817745676
0.8649000591394963	2.173208782469124	0.6476787148933654	-0.5664151972657316
0.9981231533328544	2.279744531140053	0.5410982528699817	-0.6501399326524095
1.1258685632747065	2.391506598622576	0.42975580864102714	-0.7302794816500405
1.2483876108137073	2.5090685772068886	0.31631528395793157	-0.8049175880769548
1.3951492993073087	2.6319693135576534	0.17456617508729272	-0.8711417168721008
1.5342135437954019	2.7591312685135447	0.036553294236437696	-0.925846115722267
1.6707127396067305	2.889084792937335	-0.09971769568990045	-0.9663083673569702
1.8085608453040605	3.020337301951879	-0.23532479509546403	-0.9906433413150786
1.938269327474436	3.1518560802973488	-0.35893044377397876	-0.9979453927503363
2.077982150348933	3.2833748586495224	-0.4850386101149863	-0.9880202235311908
2.155591098862234	3.41526788824872	-0.5513598820297501	-0.9609428436149013
2.2535871278145008	3.547941959901425	-0.6297032591917137	-0.9168879073140647
2.365453657263486	3.681330253309649	-0.7121673196179339	-0.8563742431831699
2.433546463911969	3.8149729311913445	-0.7595058496610271	-0.780497802005621
2.5157714718391366	3.9483607400482006	-0.8089239138756315	-0.6908737913470833
2.607922101073121	4.081173397602263	-0.8593494104584611	-0.5894077497078777
2.7072175884758165	4.213309069779913	-0.9063779686017107	-0.47811164528523986
2.8115038184768286	4.344746520395208	-0.9454863436356592	-0.35908529336714456
2.9013576896969964	4.475512514014375	-0.9694193115358658	-0.23447403119929702
2.9912115609245076	4.60559887497979	-0.9869213753767132	-0.10649863192893473
3.078710032891826	4.743071219554774	-0.997945392750336	0.030678396435579396
3.1616395241198836	4.879474663878688	-0.9979453927503363	0.16622519903766816
3.237231453491538	5.005562257819508	-0.9939168694608795	0.2888975410876191
3.3345713292231443	5.134379189142066	-0.9813978751753909	0.40943331819251805
3.4669701386800496	5.264379972511054	-0.9472531468234099	0.524146920566877
3.615048030478273	5.394895257319948	-0.8888778143104877	0.6303754796101256
3.774318463147625	5.525611536894167	-0.8047970119874439	0.7259905234475756
3.92397004787282	5.6563544088209445	-0.7078303477169303	0.8092151295803248
4.066966991523468	5.787017292430003	-0.6005071573390154	0.8785791418401409
4.207141453586412	5.917573008850648	-0.4833822250118159	0.9329225474375785
4.3468890917539005	6.048016022768784	-0.35712744104652533	0.97136131894769
4.488269652553693	6.178371001512079	-0.22224456695218092	0.9932891242306703
4.633364962392554	0.025506981556960982	-0.07889638931691423	0.9983668814730084
4.784589495494017	0.15586220630818462	0.07198215673772351	0.9865111670468404
4.944983432240554	0.28629651814431056	0.2300477797394649	0.9578984822768991
5.11844695962322	0.41678197416396656	0.39476370496051477	0.9129998608859278
5.309935962615508	0.5471999039717471	0.5614850868910154	0.8526268604281344
5.438177175166916	0.6773613703353892	0.6623941844046941	0.7779508634486474
5.592852059535956	0.8070281581589701	0.7695478839117145	0.6904906651389053
5.695152752070199	0.935912195909263	0.830366482108892	0.592087004736421
5.808126021013286	1.0636619207380873	0.887731602532463	0.48487039743903343
5.924022138460788	1.1898922508153325	0.9349533292131373	0.3711737303943679
6.039227768648593	1.3143644740445692	0.9696825190452985	0.25327160885962224
6.1533851682104475	1.4372212498612802	0.9914897436226343	0.133031268602686
6.267344183429272	1.5593311024949577	0.9989857509157941	0.011484411136409134
0.09788445186271721	1.6826840819360944	0.9937328173667115	-0.11152749194307494
0.20920273311315418	1.810861063990031	0.976321649314535	-0.23752843036157403
0.3133600156196993	1.9494646038605614	0.9493763931302499	-0.3691605337841061
0.4505650341053121	2.026994482784107	0.8983519806519472	-0.4400062737646843
0.6272885311789681	2.1340914927668626	0.8089656459090977	-0.5329872426727426
0.7825069661027501	2.2642553655899276	0.7086307302911712	-0.6380383102326738
0.9185324331617567	2.418165009350946	0.6063316401982461	-0.7488125696409754
1.1070939650182994	2.5986876775625616	0.4463899528506349	-0.8548210206644309
1.2635495651775472	2.7139518081179643	0.3020960149190965	-0.908903368046331
1.4170338451790614	2.8545970681507695	0.153111625839881	-0.9575663899111277
1.561180587853825	2.96234324256504	0.009637142191205799	-0.9832323053705336
1.7029894076180399	3.0674985050679693	-0.13155880944787376	-0.9966700512087587
1.8130676236815249	3.1680676587052856	-0.2396423392618926	-0.9979453927503363
1.9310334024205376	3.2639483403291463	-0.35231835470580203	-0.9905027299649849
2.054969150488779	3.357374879469467	-0.46537268948937577	-0.9756176121057859
2.1859546956482547	3.454798089238934	-0.5768623133863617	-0.9509226950656795
2.254745204926911	3.5561711762739554	-0.6306080601573936	-0.9138018692040543
2.338682320859198	3.6619203573078662	-0.6935557250157252	-0.8658924957148146
2.4318432304424165	3.7679800308612696	-0.7583217514759567	-0.808585498333301
2.532622459973821	3.8683556953055804	-0.8189957637555898	-0.7464937811897536
2.639424188650017	4.04431372180431	-0.874797449170433	-0.6182060653806725
2.751606724734627	4.198883171388341	-0.923024336854027	-0.4904393980530566
2.867910018163107	4.341733101204382	-0.9609409676620737	-0.3618389144924429
2.9701193277853464	4.4790305368404	-0.9842260079615375	-0.23110372592628436
3.072328637411664	4.614132050383705	-0.9972872917467466	-0.09808060660309863
3.1731345149617938	4.748999252355872	-0.9979453927503363	0.03658063744277102
3.272096131991843	4.876109371765646	-0.9894615271673305	0.16294652913071322
3.369160393476504	5.005614974744041	-0.9726302101163884	0.2889469803693131
3.4897600499020798	5.135392572921158	-0.9387067031073708	0.41033116813268117
3.612302302302423	5.265823140344753	-0.890224268416094	0.5253297560290138
3.7371585486861947	5.396525446196452	-0.8270075243334385	0.6315814459580293
3.864213274243254	5.527305389647988	-0.7493736173069871	0.7270877748084015
3.9930884094037737	5.658037087079381	-0.658228194849053	0.8101324605294249
4.123394450652973	5.788657385561524	-0.5549488144321482	0.8792902641542473
4.2548794018805145	5.919147193222371	-0.44120463367172735	0.9334182461018508
4.3874815290742	6.049508059261629	-0.31880870081472523	0.9716463392354848
4.521326006839224	6.179772079201391	-0.1896342883180711	0.9933788300991228
4.6566898252058655	0.026814770001375107	-0.05559947889825271	0.9982831485729322
4.793936213596985	0.15707846506440737	0.08127931214018447	0.9862788279436119
4.93340838833037	0.28742396395153824	0.21877067603933442	0.9575434581826945
5.075290245785985	0.41781842343882636	0.35429023365478546	0.9125504704259428
5.219407224031541	0.5481319603281586	0.48476747847093704	0.8521187394384236
5.365031841301437	0.678159046447283	0.6066422457505406	0.777434141320765
5.51085999526473	0.8076389818886712	0.7161628221202624	0.690038795497824
5.655310567736115	0.9362530774053172	0.808646067890572	0.5918076146942485
5.796903182926605	1.0635933004096274	0.8828655309431968	0.48493119450236993
5.934996794840351	1.1892174424916448	0.9384091648864656	0.3718065829194384
6.05798028609908	1.312795362100259	0.9732647691754058	0.2548003320550073
6.179618006793198	1.4343182203659723	0.9933689654076164	0.1359189042474621
0.017930188145561438	1.5543982815565927	0.9988519957805446	0.016411320607739636
0.13908871553934996	1.6745852704542714	0.9897153682772972	-0.10353796905902908
0.25757788750294563	1.797758019357842	0.9669417602463474	-0.2249755668355911
0.3688291744763944	1.9284520108739955	0.9319095776494982	-0.3499595145162704
0.5200036070154311	2.0369311239056302	0.8674532271288747	-0.44908624013313375
0.7028547324555617	2.167306632823197	0.7614366616000579	-0.5613714738414661
0.8643907941306764	2.2203492051671234	0.648055454344636	-0.6037346046122751
1.002945243109606	2.3046301138412475	0.5371460176161444	-0.6695829378014201
1.1228928340239988	2.4065574398609315	0.4323922810069873	-0.7407429172933059
1.2738138994051396	2.518843552922425	0.2924698594523091	-0.8107600993409962
1.4040261356926378	2.638188165936788	0.16591782738138308	-0.874191326586454
1.5670499751146905	2.762118370247093	0.003774788773599328	-0.9269663086265366
1.715252813642975	2.888398382046353	-0.14365672817242597	-0.9661343753477936
1.8240370358226967	3.0154651902260228	-0.25015115896247736	-0.9900207362498717
1.9354270904765711	3.142563781093442	-0.356333246588717	-0.9979453927503363
2.0476114397008716	3.269662370802115	-0.4588457662183774	-0.9897725364646313
2.160827870978592	3.396764332549728	-0.555835002413904	-0.9656331404549958
2.2766179437326017	3.522986560984633	-0.6476971425521405	-0.926246430485822
2.3971921526542688	3.646114572414041	-0.7342321131185938	-0.8736433590922623
2.469076189151592	3.762734722221309	-0.7810141038649574	-0.8117206237498926
2.551120748830178	3.868194794005936	-0.8300522066720645	-0.7466056407441192
2.639642893019803	3.978501093126431	-0.8749046977317444	-0.6696252060782497
2.732735285975308	4.061493436597764	-0.9159473593429742	-0.6047836236722205
2.8284500567497006	4.108011317018053	-0.9509386234997764	-0.5680945792987836
2.9254684767698564	4.239016651567197	-0.9755309340942364	-0.45569979733865823
3.022486896787689	4.42730310735893	-0.9909180371160422	-0.28065918277298224
3.11811130147928	4.690843521288733	-0.9979453927503362	-0.021486712427674394
3.2105562585375282	4.873479014273868	-0.9973256811688728	0.1603838767180429
3.296951777590485	5.030965664580314	-0.9862852348900872	0.3127215064265684
3.4037471248754714	5.181387856869079	-0.9638631363912766	0.45108262260870285
3.5339863296410727	5.301422391095058	-0.9221214076721818	0.5545072745613058
3.6562875178960597	5.427436533168609	-0.8686547355530319	0.6544485696409522
3.8173925118215153	5.5556202584423735	-0.7790516166137166	0.7454297046167424
3.961313175541419	5.685022444574108	-0.6818691800392809	0.8248438312138251
4.088236313351521	5.814891482509224	-0.5838895221892084	0.8906650156067129
4.266499378527461	5.94479872969515	-0.4305864583883402	0.9414957194871123
4.423152916940742	6.074634380208834	-0.28463511168025113	0.976446162337631
4.5703753147541	6.204350072173866	-0.14124687136040306	0.9949524688924853
4.714901589724837	0.050821200915910886	0.002542524943963533	0.9967461048029387
4.860526706723531	0.18054795810011223	0.14751669686749466	0.9817955048536484
5.009877173462042	0.31047364844099545	0.29294417946475326	0.9502852881623589
5.1650667839226525	0.440627340498834	0.43662228224143385	0.9026608308864263
5.327994008767645	0.5708243340718283	0.5762856505308681	0.839747737056213
5.500388992144748	0.7007631591583902	0.708416678361404	0.7627915501176175
5.68380841968254	0.8300917336710881	0.824181991910661	0.6734289023390052
5.823564432546602	0.9584216391750487	0.8944254900469615	0.5736380294294503
5.9705727357249625	1.0853248716083554	0.9496117576027356	0.4656771958663332
6.1000925734943205	1.210370974679263	0.9813093822466394	0.3519682587773505
6.230393593225825	1.333247810827656	0.9966199400765241	0.23487432684845075
0.07750452285898574	1.4539826440879777	0.9950376695131888	0.11635875476726455
0.20784336554630128	1.573233481119223	0.976581326163581	-0.002401306949400571
0.3382722828040042	1.6925858439095107	0.9415317100111202	-0.12129563558446478
0.4687673312335417	1.8148493285011595	0.8904597095320264	-0.2413492324361337
0.5992324589616286	1.9443746497190786	0.8242607287486798	-0.364509403502113
0.7295217069557564	2.0871996720570736	0.7441622119801334	-0.49291550801524664
0.8594583105529435	2.146245029159948	0.651704362328286	-0.5433731325384409
0.9888328395723162	2.237900099992436	0.5487126912698288	-0.6174470477788927
1.117384343842394	2.3489543814416565	0.4372727593430151	-0.7006969235126156
1.244774714254545	2.4745642182861958	0.3197035508628058	-0.784294303526768
1.3705716331448254	2.612438627016344	0.1985112151382979	-0.8615642309031135
1.4942371314068605	2.7608917786090346	0.07631772430854089	-0.9265063245443216
1.615162971318929	2.8783363893019343	-0.04428054906546726	-0.9635838529756653
1.7327299850515683	2.966816668308033	-0.16089805564754295	-0.9838039625251991
1.8464041148163428	3.0577884577756635	-0.2715790711739929	-0.995429208435079
1.9558832084183901	3.1473513649970557	-0.37502576659313075	-0.9979453927503363
2.061237975220278	3.23372456901066	-0.4707297576827747	-0.9943650127227228
2.1629695319714894	3.312132376935898	-0.557665173853926	-0.9843453126187705
2.2619689871510698	3.457223283910962	-0.6362519720024998	-0.9503079546832433
2.359571328711189	3.592822079903945	-0.7080778893153504	-0.8997770077066234
2.457232523061057	3.71099065478075	-0.7739351346117127	-0.8418293331349151
2.556373894690216	3.799711823148583	-0.833192016401734	-0.7896193792080963
2.6563390429067706	3.9591935805495724	-0.883092179566565	-0.6833427352669085
2.757593024832685	4.168167134045609	-0.92526925901967	-0.516688003449408
2.8599764129718874	4.318406433728283	-0.9589299507546064	-0.38315450328956724
2.9630433010729416	4.43161939677646	-0.983321765546631	-0.2765241291638541
3.066110189160275	4.627414998533409	-0.9964926389151015	-0.08483922277022321
3.1683576607667856	4.785099387175512	-0.9979453927503363	0.0724893446243225
3.2685226015605178	4.927270203853686	-0.9899181870865617	0.21279048767795916
3.364284973574831	5.06299001502193	-0.9738660356480291	0.3427547622850136
3.4790164591581085	5.195928737204502	-0.9427356566520757	0.4639657265308621
3.6181813872938786	5.327567749225713	-0.8873412743187257	0.5759362837486423
