6.160719211562315	0.09866354866468535	0.992158944827155	0.993682934654452
6.259656566288623	0.22620060772106626	0.9984935409711256	0.9730745845571489
0.07202572369775365	0.3654982055524679	0.9953884569395997	0.9329584743835672
0.16501012407295776	0.4678051194127959	0.9847636614284829	0.8908769116307846
0.2566674364280622	0.6134942695721441	0.9672284543527124	0.8164857425339148
0.35123544551929053	0.781242643722021	0.937449708843952	0.7095660392397456
0.4476225870514315	0.9939462275564269	0.8996277861034043	0.5445217049562219
0.5461560037104678	1.2247095398115926	0.8531959543785934	0.33852118524349906
0.6428334876287138	1.4685419186661812	0.8003174866399949	0.10187668343383324
0.804321866918257	1.5999291788409296	0.6924927007379491	-0.029065012685381978
0.9537694177299358	1.72683109410195	0.5774510388206646	-0.15507876668912687
1.094420632746697	1.853320893928381	0.45761842409369696	-0.2782054230387715
1.229883508415041	1.9811866691318718	0.33366890500274216	-0.39814772193739056
1.3622345094110475	2.1113872585736058	0.20663374233008752	-0.5135851799159021
1.4925258198082194	2.2441544360796133	0.07801996136108966	-0.6223335352767642
1.6211726408593907	2.378921235905762	-0.050283016649113436	-0.7215300615512525
1.7482073709756563	2.5143412365639226	-0.1761665835424379	-0.8080690610403056
1.8734601013585095	2.648588002011554	-0.29749900933785356	-0.8792912130587074
1.9967131281515473	2.7802612176668915	-0.4123355872326758	-0.9337700571278518
2.117836612739886	2.9088410536572797	-0.5190965208054541	-0.9713162009179485
2.236884764752832	3.0353194177157077	-0.616653770461314	-0.9925578994547399
2.3542044178410424	3.1612754274493375	-0.7043467804953458	-0.9979453927503363
2.4703720830540594	3.287231437186242	-0.7817886607480129	-0.987527393016121
2.5860590982685996	3.4341133717374532	-0.848628199908215	-0.956165874631471
2.7018254194847855	3.601529769245702	-0.9043558515192768	-0.8955069185668186
2.8179579916835533	3.758549055376792	-0.9479067228774843	-0.8142224003678894
2.9344878720470517	3.891822458287958	-0.977817177984674	-0.7301795459697229
3.0512388200150067	3.9967856410412756	-0.994592233038268	-0.6553395627190293
3.1679897679796998	4.1741715398970625	-0.9979453927503363	-0.5115568962666763
3.284644404951597	4.310787917148627	-0.9878579887544323	-0.3901161992464551
3.401167882978779	4.416825541809134	-0.9645169247936081	-0.2906968079298125
3.5172633851155886	4.616655858054897	-0.9283926784446338	-0.09558546955057456
3.6319876292456286	4.775918672143661	-0.8805709496658952	0.06335731203100763
3.7753154049464146	4.9187123213196395	-0.8042011390299527	0.204452883990334
3.9142152594051267	5.054674007511391	-0.7146119355184988	0.3349557975022589
4.05020780571814	5.187685809508132	-0.6136010414492947	0.4566625583810987
4.184438017813189	5.319323314569266	-0.5027836054732098	0.569179058809725
4.317790032551202	5.450201658083419	-0.38371776223078463	0.6712895473637039
4.450934859059399	5.580536370209468	-0.2580196999426211	0.7615699727015952
4.584421493939361	5.710387049262955	-0.12739023692880505	0.8386716303050109
4.718775691495371	5.839774371555585	0.006411984011023948	0.9014539014938805
4.854589995439255	5.968740862859054	0.14161146609222058	0.9490349147950832
4.992603636896541	6.097389862396551	0.2764422461703433	0.9807930895831508
5.133771770031303	6.225852075907238	0.4088951497083723	0.9963291633706614
5.279288961122933	0.07106177200338568	0.5363664836855507	0.9954501752329885
5.430573029098035	0.19954986623062496	0.6567688581644121	0.9781656141974979
5.5891828146470495	0.32832660046965834	0.767171004375713	0.9446635295978025
5.756622566821473	0.4574579453064016	0.863877441927902	0.8953633071004004
5.8772332629105035	0.5867987624577624	0.9176955727698747	0.8310390980284438
6.003031617007401	0.716041358032929	0.9598328120004902	0.752894571488134
6.117777419390775	0.8448086683958651	0.984687677543832	0.6625417417908139
6.232871168010398	0.9727151570528256	0.996778570107822	0.561922912566579
0.06465582956241686	1.0994055395406501	0.9958603242449295	0.453201836460256
0.17924002531173563	1.2246111939912578	0.982045356235667	0.33861341647204835
0.29256550970003903	1.3482409269104705	0.9559244246021255	0.22026713173403514
0.4027071994316287	1.4705098792099969	0.9191024938314777	0.09991915836458401
0.5582859674303984	1.5920784015959322	0.8465831684369176	-0.02122364377112655
0.706817023814512	1.7141615988135974	0.7588699511373036	-0.14258023863191874
0.8483689600525179	1.8385794829770459	0.6599079415063629	-0.26408298622756277
0.9850386984683677	1.9677384213014564	0.5518224090318983	-0.38585889752264435
1.1184346624930723	2.1045854897765373	0.4363421854014151	-0.5077726806289878
1.249561779687699	2.252502581748009	0.3152141183221787	-0.6288559077349151
1.3789147257089647	2.414974979757003	0.1903828727531081	-0.7465948418191396
1.506587816028311	2.5951068712914576	0.06403253147535308	-0.8530650597694248
1.6324204148601733	2.720581833933007	-0.061517311375856296	-0.9113896937679236
1.756098399433682	2.861986393512932	-0.18395112730982324	-0.9594394423103738
1.877260273713398	2.98216273891356	-0.30113961701989883	-0.9857650302977871
1.9956132599000378	3.104803065374529	-0.4113305427099547	-0.9979453927503362
2.111064070890476	3.2274433918540644	-0.5133089976118902	-0.9951676816542263
2.2237966248079277	3.3505662161699763	-0.6064280596392992	-0.9773434777976759
2.334353105605389	3.4757030746531377	-0.6905460284494872	-0.9439782088456954
2.443528049568062	3.603790128542092	-0.7657439591980164	-0.8943984803457525
2.55215118352857	3.7345191144805443	-0.8306680983640149	-0.828585116393611
2.660908951120948	3.8667619849827797	-0.8853331776855132	-0.7476017382223572
2.7702983418557365	3.999492794884094	-0.9300338794595677	-0.6532244743669868
2.8803813314323636	4.132092862897002	-0.9641022066244752	-0.5475155251695822
2.990894880366518	4.264321139927407	-0.9868809069042004	-0.43257690294491274
3.101408429305223	4.396168537733773	-0.9979453927503362	-0.3104864492149121
3.2113637527301164	4.5277224868002595	-0.9972224918327657	-0.18332412501315454
3.319966740157095	4.659064683451978	-0.983344162707059	-0.053227466669947605
3.4258044174935303	4.790265686446984	-0.9582720353320808	0.07762824863890361
3.557042111679761	4.921374974512318	-0.9134752597515862	0.2070470008165259
3.6849050566753685	5.05241669503558	-0.8546212260014824	0.3328388320617863
3.8076482520319703	5.18339170329749	-0.7848757689427781	0.45285801455098973
3.9659445297536275	5.314280022054913	-0.6786494346461052	0.5650455234768201
4.112382410542951	5.445042883406012	-0.5643592306336752	0.6674732358018738
4.252007268401966	5.575626307233344	-0.4438291498509851	0.7583893105866979
4.387739056197265	5.705969274463033	-0.31856198694624466	0.8362632307611266
4.521655357187077	5.836018713538383	-0.18930938235539368	0.8998254987106136
4.654908567493887	5.965750071608676	-0.057378601960225206	0.9480931374184557
4.788151973438032	6.095186770034148	0.07552574398390635	0.9803722379336219
4.921774781848308	6.22441808374554	0.20743651716074157	0.996237350109198
5.0559869286225325	0.07039180432059085	0.33618708853889545	0.9954930708077869
5.190811045352579	0.1996318078978389	0.4594314923958558	0.9781499610699214
5.326027999824806	0.3290857256314558	0.5746742890231027	0.9444244868684515
5.461107999521271	0.4587511804144308	0.6793577417566155	0.8948025777582483
5.595211185172406	0.5884498950603105	0.771076088656262	0.8301389645479097
5.72744099854358	0.7178774763421347	0.8479687822715636	0.7517051627223078
5.857095396774817	0.8466680494209977	0.9089640649717174	0.6611662257530349
5.983967636488108	0.9744250605959386	0.9538297097915782	0.5605214577250841
6.108710875486622	1.1007423576568622	0.9829557165862683	0.4520174262788291
6.232510323157413	1.2252575954785025	0.9967554665346507	0.3380072046055784
0.0716167759049617	1.3477599670398805	0.9954146403676736	0.22073571175656725
0.19814456081801296	1.4683450300504393	0.9784340664472005	0.10207252801129484
0.3220217850567421	1.5875949510882648	0.9466488679322473	-0.0167455662072996
0.46903473549817803	1.7067471884377379	0.8903437666408481	-0.1352658812718802
0.6056076571833802	1.8277999683590056	0.8207852178444776	-0.2537560904811968
0.726358362724651	1.9535344167221687	0.7462113769707216	-0.37287947295654267
0.9114836153619943	2.0875862670236436	0.6121089250469042	-0.4932458754585625
1.0725329927921226	2.234266568007269	0.47701069840178323	-0.6146081839296929
1.2178418877212347	2.357267969322647	0.3449618452266746	-0.7064765799703352
1.3539057831746546	2.502108964917594	0.21474808817504448	-0.8007578219172358
1.484383729672405	2.6655693664012197	0.0861188765588716	-0.8876185587888376
1.6109331419033768	2.7588663889704654	-0.040055788655553745	-0.9257467832551766
1.7341636086243937	2.8618929619084343	-0.16231233333111458	-0.9594157591887909
1.8542031988738272	2.9681330253107236	-0.2790506810592837	-0.9839721792212871
1.9710866590683316	3.0743730887200935	-0.3889184712704521	-0.9975485513014981
2.0850337058548045	3.179341905903392	-0.4910645663878871	-0.9979453927503363
2.196603662414977	3.2816899814046283	-0.5851823080661361	-0.9882355332707757
2.3067131155902785	3.4125551558691387	-0.6712103786461089	-0.9616304692969568
2.4165190602336764	3.539511060380231	-0.7476682958832568	-0.9200495786137672
2.527343898906197	3.657668751979631	-0.8158407633348209	-0.8679774040098056
2.640207013559063	3.847394153796777	-0.8751813319677276	-0.7610663713252515
2.755563611172135	4.013235541775347	-0.9245082086821994	-0.6424873217844455
2.8546539841547776	4.163783538982606	-0.9575808170276288	-0.5204340353916888
2.9549988041782753	4.303840614822071	-0.982293762743025	-0.396464548825061
3.055350619237579	4.439220627590365	-0.9951176780951828	-0.2692420649020838
3.1546354507567638	4.57241082066249	-0.9979453927503363	-0.13923883338196807
3.251655132622051	4.704642711261083	-0.9920736736987792	-0.007704059333035133
3.3444517333357537	4.836547969016364	-0.9788933820421737	0.12366511084955444
3.454480320142245	4.968476906025454	-0.9510032434432089	0.25293653439166097
3.5574854143983425	5.100680882186057	-0.9133090168164288	0.37810222262244164
3.7077674916843963	5.233417792274717	-0.8434099124589339	0.4971807301119412
3.876446229393149	5.366989982170295	-0.7408691930750917	0.6082471585025163
4.030777821882917	5.501763394319279	-0.62878160926197	0.7094334211418629
4.17521839009122	5.638155303506401	-0.5106623030823757	0.7988946178496372
4.3142313754133985	5.7765761159375435	-0.38696961431368915	0.8740519882007446
4.450706362097907	5.917311673381518	-0.2582386025911451	0.932840254889576
4.586470017634446	6.06035535240339	-0.1253693568308889	0.9737184726101631
4.72280144502827	6.205258730453855	0.010432913101763454	0.995010646951243
4.860730345828588	0.039179558479943186	0.1477192561385537	0.9974914764928162
5.001220065583218	0.15640687536837133	0.28482532202241706	0.9864071201733008
5.145257542775165	0.2747124207982374	0.4190714526881171	0.9615462262669903
5.293846460327241	0.3951918933000151	0.5482979624067386	0.9223610294504745
5.4479486160312005	0.5182161083993534	0.6696228123402056	0.8684277020730776
5.608397375169591	0.6433189981200079	0.7796178966061458	0.8000029805260095
5.7324916417810625	0.7695746100339483	0.8507221971513104	0.7181977114200864
5.855315233199309	0.8959515569358586	0.9081922099977686	0.6247077193638649
5.97939619413886	1.0214649307199217	0.9523901974275724	0.5219670878051677
6.102972769430951	1.1452010504983996	0.9818595794292828	0.41262737925907933
6.225933915568784	1.2663236177170305	0.9963344032641868	0.29949443741528536
0.06563762709493585	1.3841207638111783	0.9957974633479423	0.18531083743289323
0.1968157415487532	1.4980836891132576	0.978687907725459	0.07249156368542858
0.326395592146077	1.618246367385168	0.9452715894057209	-0.047360250005848606
0.4519322220622712	1.734294359195306	0.8977591863495469	-0.16244131950158544
0.5702608075480163	1.8495596923187236	0.8400549498690841	-0.27460214976717257
0.7148219515984123	1.9670444448738948	0.753684483932799	-0.3852247513815398
0.8429860658080194	2.0898323448813683	0.6638900502096872	-0.4951652770636281
0.9537117327561787	2.221197655327578	0.5774983180289446	-0.6043974952922513
1.1373588426393575	2.364528677855229	0.41957551283123223	-0.7115242683521362
1.2940754201916314	2.5228173750074907	0.2730384249557406	-0.8131352561668479
1.4361179811238423	2.6415469815280153	0.13412868705370146	-0.8758384273747113
1.5703386993927133	2.73575876014275	0.0004900056856983193	-0.9170811922722558
1.7004822144782203	2.8389726921741802	-0.1290854493739581	-0.9536059099653498
1.8287331335106096	2.945203771305162	-0.25465007314889765	-0.9805334531291223
1.9568544990917147	3.051434850454764	-0.3759133186884432	-0.994617283683983
2.086864632191925	3.1561052632773494	-0.49262919734586547	-0.9979453927503363
2.2214282329640858	3.257203648262464	-0.6045776446674014	-0.9913646312678004
2.3638819087840224	3.375107906997221	-0.7110746305913327	-0.971122629393719
2.5178460439535852	3.5527884731626136	-0.8101638873854855	-0.9150704165655379
2.633023752763491	3.724091696922069	-0.8716587942763028	-0.8348175926997591
2.712641215884367	3.8820134356132625	-0.908411882904068	-0.7369988377192399
2.798608765950532	4.026703061585095	-0.9406505704921102	-0.6319652030079078
2.889057937414438	4.164513540185939	-0.9663015599964698	-0.5198102077373806
2.979507108882639	4.299072171123952	-0.9854256684765479	-0.40082188727366175
3.0664172174119306	4.431872391603867	-0.9965318739235329	-0.2762817572853813
3.1472052513613766	4.563714996256933	-0.9979453927503363	-0.14781731285883576
3.2197493794347514	4.695020942519725	-0.996150896197236	-0.0173142973966248
3.335697762543087	4.825984085094858	-0.9811123459113374	0.11315724387530464
3.452269834822089	4.956655847218648	-0.9515635591187938	0.2414197481881634
3.569589409766471	5.0869875606451265	-0.9087698979868254	0.3652602750506869
3.687057598375236	5.216846037839786	-0.8535656595274347	0.4824982879466191
3.803168195424589	5.346056873971405	-0.7875535025713709	0.5910901639158724
3.9155219931991416	5.474390104186873	-0.7137034863002777	0.6891834567316799
4.020714052908601	5.601571306211613	-0.636644391272563	0.7751960757386962
4.19447029691221	5.727328663328605	-0.494210450923423	0.8479075414675934
4.350448676563093	5.851477530946503	-0.3538747412702296	0.9065282339378624
4.497270885211804	5.97403469681787	-0.2133648005237357	0.9507019027727315
4.640744554569777	6.095313372909707	-0.07152564080469112	0.9803964225887563
4.784741527066795	6.21589535380578	0.07213338213498349	0.9956916709533135
4.91391303552152	0.05317098808112677	0.19977713121981205	0.9965956565444716
5.049067252627029	0.18571664771443155	0.3296976392053518	0.9808081420053125
5.188330719343457	0.31694315285453356	0.4572339433479829	0.9482480905164541
5.3306673548709	0.4447352618480228	0.5784767529790085	0.9008796914621704
5.47516211520083	0.5664430904324779	0.6897545680405976	0.842136221227666
5.620732854583152	0.6788870481951211	0.7876086275256068	0.7769625531578052
5.766277318195608	0.7777491436450238	0.8691408380625787	0.7121504290549259
5.910971351797616	0.9644320017286344	0.9308437359324244	0.5687118733700693
6.054532718852577	1.1180170405924512	0.9726061883608592	0.4367121950722026
6.197374326575548	1.253768323281018	0.9945058374731325	0.31126911402776913
0.056973542535323406	1.3798260405384566	0.9963521929219658	0.18949501505551397
0.19599679229499403	1.5001186847315955	0.9788443497113726	0.0704673590075314
0.3344715412563336	1.6170194550301806	0.9427285345650078	-0.04613480797626565
0.47173467949893577	1.7325431330311956	0.8891731072503068	-0.16071372508298437
0.6073311723227545	1.8491071311566918	0.8198456242111354	-0.274168591104769
0.7411577884762036	1.9698202063120744	0.7366245400932521	-0.38776120411212267
0.8733528664635973	2.098507078447418	0.641425573723589	-0.5025783315456576
1.0040861455228685	2.2397672343446215	0.5362109220564095	-0.6189058322992045
1.1333981758455662	2.3986197231676902	0.42308463199928925	-0.7352245687532559
1.2611729771386804	2.4792083299669967	0.30432484003676863	-0.7870700930116891
1.3871104848281055	2.584299685490808	0.18239807146811945	-0.8477654165566254
1.511104420795152	2.705488386416607	0.059539876840194836	-0.9057295006051171
1.6353543291889165	2.835846401572094	-0.06444770971688112	-0.9528134551976976
1.7560309126251559	2.9707504427637472	-0.18388455119525365	-0.9843066578736065
1.8733060212072052	3.096148069160484	-0.29735139882703887	-0.9979453927503362
1.9873816517405976	3.2215456955519306	-0.4038086120764657	-0.9959213457320171
2.0987299963258286	3.347283834234047	-0.5027688275839617	-0.9781754987277349
2.2082915097352	3.4744801193407886	-0.5943139759220402	-0.9444368292695483
2.3174387433805235	3.6038548608656837	-0.6787870617722135	-0.8943667368164288
2.427727590061532	3.7351275082793256	-0.7554605334500523	-0.8282214789048035
2.5407829053141446	3.867455067357784	-0.8238732688469482	-0.7471199031733065
2.6577160794138903	4.000065276245254	-0.883767452696254	-0.652777196994124
2.778867916782512	4.132494237298984	-0.933247555417694	-0.5471725278559549
2.887287280320634	4.2645717049616385	-0.9658527323491215	-0.43234794005331734
2.9974958327809267	4.396308851994539	-0.9877244397785783	-0.31035202658142613
3.107704385258617	4.527792149358432	-0.9979453927503363	-0.1832554025093735
3.2170162524547647	4.659097462323589	-0.9965001613203165	-0.053194727080366586
3.3256460839571202	4.790291653433029	-0.9826184018017453	0.07765407793020498
3.4344919705671435	4.9214242601919755	-0.9560699070821282	0.20709501788883605
3.54657471410525	5.0525236213661975	-0.917400638106614	0.3329391103125907
3.6627057521954347	5.183598897571595	-0.8655073526477806	0.4530415870241684
3.7827442114925836	5.314642143106172	-0.7997609350655182	0.5653423216807534
3.906697648418837	5.445628739970817	-0.7198382240362255	0.6679066354600582
4.033887605473647	5.576517306601658	-0.6263519479157651	0.7589664860626486
4.163502787770855	5.707252013446051	-0.5206739533110988	0.8369625303229054
4.294968336961655	5.837771292592644	-0.4045719146440415	0.900585393407304
4.428053593789385	5.96802589682111	-0.2799402083663423	0.9488097774373663
4.562873717750882	6.098005386636642	-0.14864723881661848	0.9809106717581827
4.6998597758539296	6.227789053632114	-0.012481262895197163	0.9964531809539179
4.839724293383884	0.07431781096611678	0.12682459216996286	0.9952417029940148
4.9834194308785085	0.20410097262489535	0.2674944404883637	0.9772962268463835
5.132072470875133	0.33404380604974426	0.40738958421860977	0.9428632251224656
5.286880869152411	0.46410537603501345	0.5425888909710087	0.89248107057874
5.449082281106118	0.5940957875355141	0.6704614648116147	0.8270610428615576
5.619805557764738	0.7237229006581446	0.7870079391283423	0.747918588139081
5.799958627536266	0.8526359666495141	0.8841903306144396	0.6567513340503635
5.924240363867024	0.980433851121069	0.9350220467308085	0.5555965901166795
6.052714568228562	1.1066691304384677	0.9722588712432174	0.44676635289763655
6.182269928517022	1.2308978264148878	0.9935387582343229	0.3327176516098978
0.0286914802765269	1.352805264851908	0.9981629896935563	0.21582027929119113
0.1583293860147622	1.4724119313810875	0.9860398674014342	0.09802719217673006
0.288081057655584	1.5903127410615086	0.9573365443819681	-0.019460099195131947
0.41800418972458664	1.7079339737578096	0.9124699246639529	-0.13643665163669783
0.5480872245596148	1.8277510742789986	0.8521431276450289	-0.25370924940488326
0.6782450725067465	1.9534185205983463	0.7773784149829238	-0.37277356866819505
0.8083412482815776	2.0899341921911785	0.6895192792323684	-0.4952523113973887
0.9382069622371448	2.2434881446057546	0.5902061902347709	-0.6218129644421357
1.067642216910889	2.3251676569692337	0.48134388679784096	-0.6841602491341091
1.1963741567011383	2.4392319736010877	0.36509483307922386	-0.7631761909540166
1.3241056094906072	2.576320226220821	0.24378120904478168	-0.843852437919814
1.4505125021999405	2.673959178455837	0.11981049558647532	-0.891732766810434
1.5752721261390037	2.7849256212957756	-0.0044375088675604815	-0.9355192549502904
1.6981365505673893	2.902318749894198	-0.12677143878908073	-0.9696629218818664
1.8190543783866162	3.0218334365136017	-0.2453777173275317	-0.9908345317082332
1.9383346017728713	3.138849893488525	-0.35899009053260356	-0.9979453927503363
2.056823143805764	3.2553765235173047	-0.4669570324969714	-0.9915981187543585
2.176065305231296	3.3713014891225073	-0.5688562588503795	-0.9720874833936894
2.2982848345530997	3.517609340457652	-0.6646253967483249	-0.9282629417453372
2.426056769028682	3.6616839899098736	-0.7542989685865489	-0.8660084058971327
2.5214104763100225	3.802220702123306	-0.8122943516238057	-0.7881198201200222
2.6270075189115674	3.940554151609574	-0.8687085449247978	-0.6963009787333184
2.7403294483175586	4.077355695698855	-0.9187952458659269	-0.5923905047695779
2.840974678691494	4.2135083782417615	-0.9541133751892678	-0.47794132483964213
2.944419622745761	4.350060485112727	-0.980334686493663	-0.35422946529324045
3.047864566759492	4.488258795834205	-0.9941610386637578	-0.22225527716675855
3.149354405184694	4.629760727941451	-0.9979453927503363	-0.08249630447214011
3.248001341703143	4.776940730874187	-0.9925405900712521	0.06437395110618477
3.3436288899708857	4.933315936118645	-0.9791019570694233	0.21868060353619634
3.4403468836337496	5.104132329252791	-0.954585798800344	0.3813390780592469
3.537448055519461	5.227133420177075	-0.9208232259859186	0.4916128265908448
3.6356853117025296	5.309536315730731	-0.8787576748599206	0.5611575321211487
3.7315372580212043	5.417299620354988	-0.8303673745248265	0.6469495761800985
3.819369914171594	5.536904540663463	-0.7778697215543239	0.7333059549251473
3.970338801397317	5.661916583219756	-0.6755945104850825	0.8122474114171758
4.099163368847477	5.789442565047053	-0.5753522579096303	0.8796307074144546
4.291577333973911	5.9180716177369055	-0.4076705666641224	0.9330795555767467
4.457140375791972	6.047124398634373	-0.25207474540428226	0.9711909940470499
4.610800767391743	6.176275732804391	-0.10136693593145077	0.9931549718560387
4.761830773853325	0.022234075537680503	0.049344117425542816	0.9985764336477827
4.91579075235549	0.15141657208282874	0.2016065158528615	0.9873604062929437
5.07711697440677	0.2807586455120429	0.3560033865305007	0.9596423161733825
5.25012818764604	0.41033029286944467	0.5119860070403724	0.9157972230868074
5.3596569587509455	0.5400679958007032	0.6022369357532649	0.8565149002590626
5.4874630336461285	0.6697815972403219	0.6988544299689584	0.7828609220854172
5.6251099736644	0.7992049057931879	0.7904440569084514	0.6962780798491094
5.766977241095936	0.9280324392150859	0.8695224088918418	0.5985453358003784
5.910005159276962	1.0559470225201422	0.9305394892695042	0.49170573568527
6.052691349137553	1.1826815971959361	0.9722544357538487	0.3779360659943597
6.1949069530456375	1.3081639056199619	0.9943478605907754	0.2593125754137558
0.053873395716939804	1.4327695477025968	0.996550683958398	0.1374593647877638
0.19259341056375798	1.5576836282062045	0.9794944898689122	0.013129911100517214
0.330797920843905	1.6853146828543386	0.9438853296419981	-0.11412259448154927
0.4678530816189109	1.819770482590384	0.8908561158635525	-0.2460637531758869
0.6033230192997138	1.9672950006257877	0.8220307138432913	-0.38545370579106153
0.7371110860923963	2.01896317610081	0.7392459306996517	-0.4326673758728119
0.8693575427065724	2.1059806139194266	0.6443811981112886	-0.5089648937617242
1.0002542429192387	2.2125105783478447	0.5393515895388673	-0.5976103171708927
1.1298943343625665	2.3330500092070907	0.4261890075880417	-0.6896401079707157
1.2582141293436264	2.4660808795970284	0.3070997232631142	-0.7792238048073327
1.3850202172494461	2.611217246526613	0.18443453581576846	-0.8609652885936121
1.510012230019589	2.723318170826231	0.060626276072276	-0.9124158473592309
1.6328419079818686	2.845127384165471	-0.06193829938238006	-0.9551660064607537
1.7532103875065401	2.9712364788327776	-0.18110208736944622	-0.9843687682141485
1.871001383751944	3.0985320934215737	-0.2951435303304534	-0.9979453927503361
1.9864415963445607	3.2258277080018787	-0.40294960234912386	-0.995374149199871
2.1002555251464927	3.353451372910199	-0.5040724789497797	-0.9766121458438624
2.213802427643016	3.4823608063052363	-0.5986196338021065	-0.9414814931592318
2.328924776107462	3.6130521332363075	-0.6867722210288594	-0.8898565652514767
2.4477084065888577	3.7451600388551882	-0.7682425621298778	-0.8222250268826102
2.5722145253462885	3.8779543649799835	-0.8418390784592786	-0.7398207281152763
2.703695325284072	4.010802449840822	-0.9050570848199335	-0.6443882866756037
2.804018348918872	4.143353550363058	-0.9426792179894936	-0.5378926256239782
2.8880931862255736	4.275511465687769	-0.9660570140548024	-0.42235133674870656
2.972168023563546	4.407297822170589	-0.9844878099152583	-0.29982447006435686
3.0531897191191235	4.538793925288756	-0.9948415375970048	-0.1724020889388888
3.128456788958863	4.670099175202926	-0.9979453927503363	-0.04220619859669711
3.1949228644289946	4.801295818462128	-0.9979453927503364	0.08859989134008715
3.283763515365101	4.932438642266318	-0.9879705572564086	0.21782589111998876
3.405428010655142	5.063556940315577	-0.9634370640520356	0.3432864393420634
3.542014446956222	5.194659028010397	-0.9191107837118146	0.4628407743188062
3.6737944919661474	5.325734948687481	-0.8600696405968947	0.5744341012435852
3.7986053967271958	5.456756650483369	-0.7902806912172415	0.676138740214324
3.914126599526908	5.587677288216623	-0.714673572400796	0.7661957478660675
4.088618569345014	5.718433070231525	-0.5835908671269996	0.8430580089930164
4.244419679983734	5.848952238651149	-0.45076258407816644	0.9054333011768172
4.3898057536688935	5.979233202717799	-0.31658206761916624	0.9523388726709815
4.530143997739684	6.109301047712782	-0.18093529090979033	0.983068455824588
4.668994924527913	6.239217704761108	-0.04330912594342698	0.9971849155911818
4.808482253777539	0.08589411571932543	0.09574821925380637	0.994500514636453
4.95004515816523	0.21581039139529962	0.23497921745988515	0.9750594036025435
5.0947378685886076	0.3458482434626387	0.3725287122941735	0.9391460977241974
5.24329502483914	0.47595905819916423	0.5059318793309334	0.8873414734855929
5.396081710691375	0.6059623631684073	0.6312531833289526	0.8205918458933842
5.553120717239684	0.7355844463087761	0.7438105408612716	0.7402348641097664
5.714170662250401	0.8644936389137482	0.8407343094151729	0.6479793727633973
5.878819554841028	0.9923065657384794	0.9183833676071333	0.5458655889445512
6.046910465098682	1.1185975672638317	0.9711501268174587	0.4361978530747129
6.181976892017074	1.242958997878544	0.9935199961814286	0.32140637617338375
0.025943691924998964	1.365144770049282	0.9983389205090121	0.2037983914436082
0.15313850458227135	1.4853088381965147	0.9870314695015794	0.08519867359371973
0.2805941414232063	1.6042776848723346	0.9596941172575301	-0.03340830748970716
0.4085526307386527	1.7238530631551665	0.9165679934679847	-0.15214092248172376
0.5371246634218051	1.8470894720135203	0.8581194909591052	-0.27223565104563463
0.6662417189964939	1.9784776119557659	0.7851539999290709	-0.39567222264659224
0.795708346344922	2.124149275626797	0.6988647328982309	-0.5244910512023877
0.9252768602476832	2.2918278668229046	0.6008038371647055	-0.6595805939670281
1.0546918079884176	2.377858795624034	0.49281784574214305	-0.7207914466568011
1.1837034143837766	2.50270392946293	0.376977779670991	-0.8011134327298852
1.3120725810547196	2.6585598151095535	0.2555045088051158	-0.8841812050121112
1.4395856704237797	2.7558372597843555	0.13067938581728866	-0.9246108296375655
1.5660993154955118	2.867927717644532	0.004724309127219755	-0.9609454541414914
1.6916552454377918	2.966038030015225	-0.1203775949803164	-0.9837044606721331
1.8166345784750515	3.0641483424080587	-0.2430595219078629	-0.9962419353611154
1.9419604384585636	3.159868222764201	-0.3623033303649514	-0.9979453927503363
2.0693378619902187	3.2526523774304206	-0.477651572798669	-0.9919462362129663
2.201381189925618	3.3411770753013226	-0.5889149709940759	-0.9797234451111934
2.3415106637595695	3.4771045325754226	-0.6955220060658308	-0.9434526481650716
2.4467505086401555	3.6335681925518823	-0.7676700257146519	-0.8797958707736747
2.5680177602891003	3.783482857607238	-0.8397810628147522	-0.7993194456571968
2.7027594372515065	3.92643939908894	-0.9047061174854445	-0.7061136398518149
2.8051818351496376	4.064951850963487	-0.943115536915388	-0.6020815785110702
2.897532563422919	4.200581151207514	-0.968449715315111	-0.4889883774755284
2.9898845106551146	4.334598903342281	-0.9867517921926652	-0.3683580466480194
3.0781007441393538	4.467963571828525	-0.9979453927503362	-0.24170600236970127
3.1595496886807535	4.601399650100339	-0.9979453927503363	-0.11064119079018578
3.232855692354269	4.735588382284837	-0.9944760460975197	0.023204526559025752
3.334500604017597	4.871316213419425	-0.9814158026598966	0.15824899020966338
3.4369781517996483	5.009627061454912	-0.9554397077751187	0.2927096180201081
3.540394542858243	5.151986510630939	-0.9197182638842419	0.4250332645024691
3.646638168101516	5.2916268030089935	-0.873386597490994	0.5464787080355511
3.7538305571991497	5.439334881070257	-0.8170426507249738	0.6632506215822026
3.8994884699745906	5.548309798162974	-0.7248500883896916	0.7406941026160718
4.039631007063127	5.6681279659201405	-0.6218646514751747	0.815633616450253
4.176775438323316	5.792906089487678	-0.5093317165821916	0.8811324450096228
4.312600471458486	5.919951900962756	-0.3884599119786314	0.9336716424378859
4.448393397040027	6.047909002277882	-0.2604544490243172	0.9713408750703026
4.585247900103402	6.176126628418052	-0.1265749826197078	0.9931454252487601
4.72422343239055	0.021171067106882362	0.01185319636176238	0.9986444941808885
4.86646094064737	0.1494450929413114	0.1534194634189927	0.9877370134034211
5.013238480882164	0.277947790418059	0.29609649963285284	0.9605274330253721
5.165993856865866	0.4068251286139864	0.43744366146987995	0.9173170151454169
5.326267112584118	0.536046756215155	0.5748702683434277	0.8587071241777319
5.495609046178478	0.6654019644174178	0.7048806132690687	0.7856979798308497
5.675495289817169	0.7945730455968751	0.8196499958079253	0.6997045953930789
5.7983499070431375	0.9231944744116214	0.8834928110542161	0.6025105823922734
5.928109781146423	1.0508858952243665	0.9362404967493478	0.49618985407498756
6.060096736751232	1.1773065793377293	0.9736690698589837	0.38297689537428864
6.192342122293033	1.3022828945085274	0.9941836438797027	0.26504221002074957
0.041350682135286296	1.4260444452669157	0.9973524674039512	0.14414880612462638
0.1735434983918134	1.5495590743049996	0.9831335506263099	0.021244728578454986
0.3054152597210001	1.674930315396258	0.9518781362282605	-0.10387835782671599
