1.6734531057425648	1.1285636143554951	-0.10242108223026526	0.4273680148934407
2.0050456948133797	1.4699981315146304	-0.41994977236093	0.10042819242319782
2.19198827362603	1.8162100204487175	-0.5815763234659092	-0.24265279056312342
2.3502859103786045	2.1761793421015843	-0.7016226104638137	-0.5689537098586404
2.494018057534483	2.355720683101725	-0.795921879721798	-0.7054008972534738
2.6305797564559557	2.546805028018236	-0.8704603038753551	-0.8274726966875895
2.763065994126816	2.728334179198562	-0.9273216770206092	-0.9142969004627579
2.893314523315878	2.8755798042909926	-0.9673805229659602	-0.9628851114917798
3.0225233047945577	3.0175388652430977	-0.9909226896796053	-0.9902857302898015
3.1514442263765603	3.158768604910687	-0.9979453927503363	-0.9979453927503363
3.2803651479542664	3.2999983445791528	-0.9884048331684717	-0.9858959154028983
3.409033818023859	3.4366833058726596	-0.9625230609716219	-0.9555144455683388
3.53663716900852	3.559274820161157	-0.9211273165046722	-0.9126379718313011
3.66186990548177	3.6485889131401907	-0.8659172363533747	-0.8724299883519624
3.782962731737519	3.7748844336437104	-0.7996303253300456	-0.8044587309425879
3.8975921053048044	3.839513448650278	-0.7261684525504872	-0.7658299139359519
4.039107607151612	3.9533539927630805	-0.6222735817098719	-0.6874024519312132
4.1632002536607535	3.9638143207242433	-0.520932485959252	-0.6801303688166725
4.273771220975055	4.040026539771709	-0.4239415484984384	-0.6215556233691462
4.367500191129161	4.1497177824334734	-0.3379510463787813	-0.5324540264191665
4.559420919893336	4.470569235715487	-0.15205344324041073	-0.23920974717972296
4.751327047316473	4.791292888264548	0.03889608884029478	0.07865000352894816
4.9289270632476025	5.008561451255331	0.21440469971436385	0.29171026148896667
5.104876843431641	5.168964615327061	0.3820373025201739	0.44007572975600556
5.290866254409149	5.302104543212348	0.5458553544424568	0.5550663735767224
5.409078354355907	5.420111093932143	0.6408677225526116	0.6490294226144215
5.553472298604693	5.527702848215398	0.7440382897788365	0.7273452422612122
5.646794922643189	5.627240305620154	0.8040036683372844	0.7918240526797422
5.7552504307618175	5.720705867026356	0.8631294065458627	0.8442970496892761
5.872648854623206	5.810204775796189	0.9157078350204644	0.8886329226363447
5.994505513373784	5.898028290727017	0.9571480069302909	0.9267120170306207
6.118213598249545	5.985996682748099	0.9847709997845768	0.9544686409986789
6.236902904477598	6.074552744684749	0.9970367074144972	0.9764305676918696
0.07222142536097628	6.161922279483425	0.9953759268794959	0.9922359728560031
0.19059511927603154	6.244216765678699	0.9798762188418007	0.9975049871364505
0.3090505518403599	0.033542371995919786	0.9507334104387181	0.9978524048788977
0.4366294513846751	0.13247490625820088	0.9043942618140748	0.9909787890004326
0.56511606048425	0.23212509351905172	0.8428596665065174	0.9719428437081301
0.6945001088631917	0.3345557378152104	0.7668486562880481	0.9427020217101472
0.8245991078096313	0.44372852222836	0.6774921873031052	0.9013162002154103
0.9551590510200751	0.5597638232995832	0.5763120808307755	0.8457774987134781
1.085982208995128	0.6827339514756587	0.4650948001880549	0.7744705892902174
1.2169382163676123	0.8119312791441871	0.34580933136147596	0.6868634787477479
1.3479504793567345	0.94667543423039	0.22055010320337426	0.5832653419496145
1.478976618824247	1.086959557614345	0.09149731520223811	0.4642288771119344
1.6099917095028144	1.2335999885891382	-0.03911548446269866	0.330183494731424
1.7409760128419831	1.3880565318992504	-0.16903280824449654	0.18147637553251109
1.8719062504980621	1.551912911787119	-0.296010402808726	0.018893711922968782
2.002749133649663	1.7262946716447993	-0.4178512062685643	-0.15454958293092474
2.1334564474746336	1.9108985555927818	-0.53244456025904	-0.3333654678456775
2.2639624180502067	2.103135804944326	-0.6378094315043124	-0.5065338422760712
2.3942084060452635	2.2964890386396166	-0.7321577944725652	-0.6632223486617415
2.5241626224067057	2.484179513830982	-0.8139393116767092	-0.7900413738175116
2.653814710563505	2.659910562820087	-0.8818542938656424	-0.8848435866041722
2.78319772254704	2.823593995214075	-0.9348712757081068	-0.9497077049430208
2.9123845105098343	2.9794538794615835	-0.9722143993371557	-0.9854188663116896
3.0414550906017346	3.1329560757184143	-0.9933419744579916	-0.9979453927503363
3.170470278554006	3.287699567377652	-0.9979453927503363	-0.9874675708599909
3.2994854665111464	3.442443059036028	-0.9859614558709627	-0.9540544584987539
3.42858949727538	3.5904665845517836	-0.9575660709697322	-0.9009320988826364
3.5579177323496274	3.762653359777999	-0.9131468932784259	-0.8117692541511683
3.6876120213848114	3.9096438475411097	-0.8532937807799129	-0.717790008629529
3.8177631233848746	4.023928470115466	-0.7788301017684093	-0.6341329801051182
3.9483924752330934	4.232486431030498	-0.6908517288550609	-0.46166702329827847
4.079484442911996	4.396754734745063	-0.5907273231787343	-0.30992486591205315
4.211037619311858	4.541283323224972	-0.48005272923262754	-0.16994628393298952
4.343110337684799	4.676976430350045	-0.36058041468645763	-0.035337185116486154
4.475832046671014	4.808378572389097	-0.23416791533512374	0.09564508765509253
4.609476139504283	4.937170665650655	-0.1026736887609819	0.22243611280300601
4.744508440271277	5.06373696727897	0.03211363871939356	0.34345527323809744
4.881646207241534	5.187844090340933	0.1683408471407909	0.456802793935675
5.021940476221705	5.308988476575211	0.3042574536852355	0.5607085174150521
5.140376706451368	5.426639543270131	0.41474707066061767	0.6538589796793001
5.264974041510236	5.5404685788990715	0.5246338257367263	0.7356146832341668
5.392634769651146	5.6505614162237165	0.6287032365358922	0.8060570146105135
5.521844771969956	5.757542677570369	0.7235504719556862	0.8643790506355258
5.6518364420595635	5.862503520096453	0.8067521092634933	0.9113089544767968
5.78219352416988	5.966700441847625	0.876487620827141	0.9483924017654236
5.912673637215738	6.071164270600571	0.9313797726401511	0.9757832753077424
6.043171631107612	6.175975026251548	0.9704359059889046	0.9931357187177738
6.173648151507859	6.280253948863612	0.9929867374576657	0.9998123158726414
0.02092392046433873	0.09969297545661378	0.9986603180744339	0.9936170242305813
0.1514057137668749	0.20065291334161323	0.9873624805319807	0.9779549016535805
0.2819544665417086	0.3174231446079356	0.9592657612426121	0.94809694477057
0.4126045427072848	0.43655140362724637	0.9148111389575228	0.9044281022715507
0.5433648418529766	0.5593192454616314	0.854717587610013	0.8460198653144564
0.6742213739751501	0.6855374907401841	0.779984904053115	0.7726545003378628
0.805149807249387	0.8145836136365161	0.6918802145458238	0.6849013587828563
0.9361261801488445	0.9459354075865689	0.5919116210138871	0.5838718755327489
1.067130755196334	1.079462721004528	0.48179703779481087	0.470871014513783
1.1981464876283687	1.2155061419224444	0.363432695753429	0.3471523674457981
1.3291244157181707	1.3548321995212045	0.2388915862737357	0.2138455176715886
1.4600266484531388	1.4985765365557593	0.1103467998525003	0.07200132965759497
1.5908149497829611	1.648023083818845	-0.019961706072256818	-0.07710128217695206
1.721440187189898	1.804237623311408	-0.14976060682872416	-0.2311831000017163
1.8518346435367579	1.9675321232105687	-0.27678157851597635	-0.3856703851567225
1.9819077770140345	2.137011505768528	-0.3988066604295818	-0.5354825602873718
2.1115492083182477	2.310280895627892	-0.5137235752073818	-0.6738108828252793
2.240642468938915	2.48214166256886	-0.6195896495490463	-0.7888233483921938
2.3690963497932365	2.648921741015126	-0.7146997414440386	-0.8794548724680809
2.4968900305390043	2.8092365940218076	-0.7976384604190031	-0.944636111881455
2.624105530217832	2.963953437829612	-0.8672854635631864	-0.9834380715319241
2.750910238858008	3.116287088291164	-0.9227631477126762	-0.9979453927503361
2.8774852547312118	3.269008381648202	-0.9633681066697932	-0.989856109457766
3.0039514907659277	3.4217296749865205	-0.988549405540216	-0.9593049044852171
3.1303612353804584	3.569778845057598	-0.9979453927503362	-0.9086988578657089
3.25677098001962	3.7521518257379074	-0.9914199217567519	-0.8180460299411514
3.383332480282291	3.9147545909632124	-0.9690378576494325	-0.7142369889650776
3.510305893627201	4.0538196187507	-0.9310018070555801	-0.6107791465299538
3.637960038978704	4.176082823013998	-0.8776421908484011	-0.5099235958582488
3.7664430195036753	4.282720438430704	-0.8095041713234989	-0.4157638763326178
3.8957363614943854	4.488150276099737	-0.7274585768447508	-0.22236233249257367
4.0257053596463654	4.66398302989441	-0.6327447034988068	-0.048315014348390056
4.1561328982793055	4.835172491185449	-0.5269719441267718	0.12229692674409803
4.286828167853705	5.016671348819677	-0.412010289526433	0.29931593108653826
4.4176487389702705	5.154986041007386	-0.2899081758287403	0.4276908244758702
4.548494264213796	5.21177441378754	-0.1628326502627873	0.478004869514447
4.67928954089924	5.305321781261738	-0.0330268465869795	0.5577032555568319
4.80996519470436	5.413918411603691	0.09722329661223739	0.6444482562238215
4.940439182171935	5.527184275724735	0.22562049811005747	0.7270093191003687
5.0705992471973955	5.6407518588683585	0.3498908950608749	0.8005766258624006
5.2002861112622325	5.752837646606802	0.4678263251685323	0.8618140501681378
5.329279395708421	5.863050346363194	0.5773391671216731	0.911546050988419
5.457292812678811	5.971841175845486	0.6765353774224665	0.9500111797319013
5.583990842017001	6.080066655315053	0.7638077255896194	0.9774838773141623
5.709100565256121	6.188301506788711	0.837970289101442	0.9939249380808288
5.832452855981773	0.01310159417033245	0.8982793908532632	0.9991611529523824
5.954101903727952	0.11968638439333927	0.9444252181051835	0.9923369195471101
6.074408317878233	0.22207469589043355	0.9764029781723399	0.9738627479720675
6.1939957120604765	0.38668343991229576	0.9942895171708731	0.9260501803567601
0.030277363167921553	0.5451331925799564	0.9980614514254632	0.8537535513525829
0.1496353048231846	0.6935215320767824	0.987700677666612	0.7674825630477344
0.26771407416965615	0.8336374984866338	0.9637499522969374	0.6708058485893692
0.3818272312444428	0.9688384160711215	0.927816588610988	0.5651003300530298
0.48775237040964753	1.1014025612749834	0.8822280519920684	0.45143249114245226
0.6409881097251421	1.2328491430563944	0.8014971668180868	0.33088765689815325
0.7749952806019486	1.3643799192437414	0.714187656890639	0.20454355508325722
0.9654455150846025	1.4971777771927883	0.567881187215074	0.07339267184047932
1.130140671759807	1.6325964326523945	0.42597075462017747	-0.06169311822926799
1.2795560223447098	1.7722368224911655	0.2870847495269988	-0.19987177203893772
1.4220641355733001	1.9179103888166076	0.1481080094903205	-0.3400828826142581
1.5622789853354349	2.071499714906291	0.008540061023442378	-0.47949899938842583
1.7125529963068538	2.2347814703574818	-0.1409933432500708	-0.6150104750541013
1.866177193411935	2.409333739701995	-0.2905219019485482	-0.7426730176945608
1.9629605878543857	2.5963778529179526	-0.3814929788502384	-0.8536883255552359
2.07318871978758	2.7284830599859573	-0.4809423503697644	-0.9143527322410163
2.1885251887647703	2.8671077846374997	-0.5788706292654795	-0.9607376168341903
2.3051530864207654	3.007253011999647	-0.6699915341633557	-0.9889713055208944
2.4213605577748814	3.1473724647727677	-0.7510341341867217	-0.9979453927503363
2.5365585926050853	3.2874919175382464	-0.8213483935629837	-0.9874941063437971
2.6507758465050015	3.427223847200156	-0.8803640913671068	-0.9579122370978375
2.7643367477057117	3.56454125530309	-0.9277982222705304	-0.9106630061947
2.8776315083983652	3.696014780002641	-0.9634051791721849	-0.8491732240041522
2.990937769400971	3.8177523538482374	-0.9868863876754953	-0.7788365387295785
3.1042440303890073	3.9937798989369915	-0.9979453927503362	-0.6576879368725261
3.2170199405674316	4.148978976190974	-0.9964996900179827	-0.5330853784815224
3.3279277576687134	4.2917368044365665	-0.9823268276979643	-0.4075248447426034
3.460770065876633	4.428233774088581	-0.9494089134115703	-0.27976759362149706
3.5908314773715366	4.561713437623346	-0.9007531622203754	-0.14979186166055766
3.747667229890321	4.693747979613238	-0.8207264766774591	-0.018585734790965484
3.8956817572500624	4.825065917914972	-0.7274965380448775	0.11224394544661533
4.03678126346029	4.955967082957339	-0.6240911446302114	0.2407487126344332
4.173533337578173	5.086532201190912	-0.5121022765396794	0.36483322729460776
4.307800063836157	5.216723039384358	-0.3928464586227669	0.4823893122967967
4.440748002626083	5.346461251556305	-0.2677788225096055	0.5914215960170763
4.573101411386463	5.475662270174701	-0.13855756176512918	0.6901245681528045
4.705317964501812	5.604254691978624	-0.007029615312288417	0.776934331131812
4.837714222444073	5.732222215552169	0.12482518000287751	0.8505753164169668
4.970548218673637	5.8596363521663966	0.25495453170641913	0.9100657890405368
5.104072827994819	5.9866550943680705	0.38128327625593356	0.9546759698010884
5.2385743474451045	6.113466761854968	0.5017493968369269	0.9838642225832241
5.374356651199846	6.240198627281827	0.6142849575460578	0.9972477204643713
5.511716597547607	0.083706091726948	0.7167965115912039	0.9946406057919459
5.650902298233112	0.21050716678756035	0.8062428502660479	0.9760724663601825
5.792053039599561	0.3377385940839578	0.8807625740560608	0.9416997645226604
5.9351261389221674	0.4656176614722075	0.938449894352302	0.89182536396122
6.079858898729056	0.5940763379426909	0.9774441900530154	0.8270716460255045
6.205928367499189	0.722796177729239	0.9950535213565369	0.7485189047796843
0.04885509126331202	0.8513540760189241	0.9968719875967371	0.6576996394795476
0.17503731912799383	0.979337686685059	0.9828481894986283	0.5564950179619859
0.30160424585019185	1.1064082371978285	0.953078195458435	0.4469975022265774
0.42889925690538433	1.232348599931064	0.9077459701292666	0.3313570790579764
0.5570932440155393	1.357121697858278	0.8472333950008379	0.21161495074080247
0.6861292024748832	1.4809332205577617	0.7722711987169572	0.08955108871109854
0.8157991129812093	1.6042732023183097	0.6840021676972551	-0.03340383030755181
0.9458470076252955	1.727905810818089	0.5839443290662909	-0.15613898074852678
1.0759806030968724	1.8527867524432642	0.4739561431881627	-0.2776937095130643
1.2059441636074366	1.9799051171187498	0.356119835553265	-0.39697665728523557
1.3354967146549077	2.1100683941992697	0.2326833095297844	-0.512458135103872
1.4643812516884998	2.2436627416337087	0.10601528770575504	-0.6219493763941593
1.5923007947893693	2.3804478024309175	-0.021445770449713793	-0.722591339810598
1.718911515349105	2.5194794318514893	-0.14726605789600705	-0.8111401647154521
1.8438425055819954	2.659270130364699	-0.2691250208346796	-0.8845295304217338
1.9667490699259451	2.7984287587642056	-0.38495484180538964	-0.9405830660042062
2.0874063802926974	2.9362286465361214	-0.49309215198948475	-0.9782584309642754
2.2058109063876143	3.072933622985448	-0.5923758905559521	-0.9973646025934203
2.3222432399790263	3.209424963488188	-0.682127176797054	-0.9974702488774136
2.4372461832059598	3.3459163040020554	-0.7619892823529937	-0.9785221414395566
2.5514904548460136	3.480596177612415	-0.8302731802708501	-0.9421432464963104
2.665648382053422	3.636230308461676	-0.8876573065972516	-0.8784904185705512
2.780212099860676	3.780072546361633	-0.9337516374612639	-0.8013577915770405
2.8953090557797614	3.9076263176530786	-0.967886098730154	-0.7191926075811399
3.010746957631045	4.016782307198276	-0.989417795332719	-0.6397162482995147
3.126184859465254	4.207250527904622	-0.9979453927503362	-0.48328901478727965
3.2412436936622653	4.366482119100069	-0.9934041470124462	-0.3389263707861653
3.355470028359856	4.510155143789482	-0.9761004553649733	-0.2006544072788306
3.468078033097181	4.646608727994756	-0.9468376753813721	-0.06566849497473802
3.6077374820970567	4.779928414897436	-0.8924627714700127	0.06734579238261969
3.745164656207062	4.911877502909635	-0.8222222670874847	0.19779399296760872
3.880247014254379	5.043194626270153	-0.7382268645062389	0.3241901398336269
4.013765663243279	5.174169540290605	-0.6420731400248957	0.44468725173167456
4.146356945507413	5.304891354607178	-0.5353260532138119	0.5573504733654786
4.278476694764495	5.435356683099871	-0.419641751088709	0.660307666353682
4.410419698977825	5.565521471013478	-0.2968336771146105	0.7518435554918937
4.5424118422698525	5.695334758599105	-0.16883299357496723	0.8304657050120624
4.6746486404307275	5.824768150099728	-0.03766218542443479	0.8949474057817803
4.807322955223863	5.953839822807477	0.09459506809501035	0.9443426908202326
4.940636841657404	6.082621745348159	0.22581306986462213	0.977971970266359
5.074793555828655	6.211221503240597	0.3538244250945769	0.9953924214347711
5.209967452718835	0.05657060076735354	0.47640391642945934	0.996377991806287
5.346254736759511	0.18519023425504832	0.5912523343280337	0.9809087015535622
5.483616462954749	0.31409959108551766	0.6960088487755791	0.9491435064512053
5.621861365971063	0.4433862830323593	0.7883396595785994	0.9014645905259118
5.76070640266619	0.5728928097899294	0.8661037909002143	0.838620084289463
5.899792344604189	0.7023024428207295	0.9273235517448466	0.7617944262003294
6.038820372178377	0.8312355185496602	0.969604695037813	0.6725827635309936
6.177709423442134	0.959306607209618	0.9932467658120285	0.5729127003653574
0.033429551616541375	1.086157095703277	0.9978596283542185	0.46493985196045706
0.16574005713179807	1.2115056122656953	0.9846242240008467	0.3509041665953075
0.2980207481290501	1.335239338796319	0.9542066115866222	0.23293406056535154
0.43016034844124695	1.4575458494452875	0.907199177807509	0.11281444396503001
0.5620572969808594	1.579063792174948	0.8445271857803713	-0.008224630990588119
0.6936450869240135	1.70101032627189	0.7674025261472688	-0.12960643461609256
0.8248553410392093	1.825251364220334	0.677302633407517	-0.2513144991692122
0.9556366007416829	1.9543321488955514	0.5759206760804331	-0.3736084296750918
1.0859193261722226	2.0914696255788017	0.4651505138672629	-0.4965644267804506
1.2155875767084496	2.2403829991339053	0.3470759958182663	-0.6193869268394601
1.3444608149606538	2.347390257549718	0.22394994406606245	-0.6996095351452674
1.4722868691929407	2.4738459766246437	0.09815159119950612	-0.7838650098773472
1.598750402367442	2.6129508120078087	-0.027887648851507893	-0.86181539691097
1.7235062596562813	2.760714910599694	-0.15179879888780767	-0.9264399972790562
1.8462485443745025	2.866129020561131	-0.27143003294815177	-0.9604895188940283
1.9668175048590286	2.973557838511168	-0.38501737670860553	-0.9846654137705841
2.085324133298299	3.0809866564566364	-0.49131275319907947	-0.997945392750336
2.202260157810534	3.187453177454904	-0.5896017050487867	-0.9979453927503364
2.3185112334091458	3.2906560247222374	-0.6795326633113445	-0.9870897664455234
2.435216282521685	3.441239032128101	-0.7606667176339191	-0.954359656250662
2.55364510723239	3.5871296840266838	-0.831561017827059	-0.9021921204225194
2.6747462048813504	3.760455914813987	-0.8921187099533763	-0.8130826688672731
2.7987470664906753	3.9146351550917218	-0.9407024345722602	-0.7143200215035947
2.8944433098342928	4.049469737662313	-0.9676666487207388	-0.6141776910372134
2.988008891343496	4.168351068786001	-0.9865121076062842	-0.5165308207254332
3.07941573847568	4.270904249192738	-0.9979453927503361	-0.4265613479904765
3.1664482187936955	4.471212252781647	-0.9979453927503363	-0.2385937296278521
3.2921687922223755	4.638549077611791	-0.9868964505363114	-0.07371848671447521
3.4249967886218813	4.795864999959902	-0.9584767537768104	0.0831978707568711
3.5575286880970283	4.955249775645547	-0.9132927887483773	0.2400498687248372
3.689708214796019	5.053069641949995	-0.8522658464601611	0.33345118239745847
3.82161541995132	5.169723311075713	-0.7765275808479621	0.44074792813393815
3.9534011580748527	5.294135161959473	-0.6873696623218812	0.5485345852863562
4.085234444885187	5.42182531590415	-0.5862348698850361	0.6502975542038791
4.217293304397592	5.5508857586502875	-0.4747068896157822	0.7423627695906736
4.3497468220160505	5.680454506451546	-0.35451608632886156	0.8223535684482661
4.482844809145184	5.810122425074325	-0.22744961033430516	0.8885972164713869
4.616952285448376	5.939699726946023	-0.0952893973941465	0.9398900823728928
4.752586986210303	6.069124571602656	0.040149346675236605	0.9753936363155404
4.885108494074188	6.198420007593149	0.1717140151351754	0.9945727885954889
5.016448908575838	0.04447742365073845	0.2991073209300699	0.9971522736065552
5.150596678615307	0.1737846183307695	0.42380188442927563	0.9830874900408457
5.2866179578368095	0.30328927446954024	0.5423734061048489	0.9525475927851551
5.42375301596192	0.4330322363407205	0.6517236106762482	0.9059539658560178
5.561224727162737	0.5629049733651698	0.7490601919281417	0.8440650654800403
5.698158865967755	0.6926457519897568	0.8320052988588686	0.7680498797109483
5.833719051025738	0.8218966137669227	0.8988283959874651	0.6794914138454342
5.967473879619162	0.9502929893778272	0.9486359514265281	0.5803003558858268
6.09967828236963	1.077488536096814	0.9812302411692216	0.4726201265854694
6.231056660833793	1.2032121382246628	0.9966623938648252	0.3586819989133682
0.07917204169721823	1.3273898751744524	0.9949309043946764	0.24058147995667734
0.210281652604236	1.4503293872339837	0.9761155458141646	0.11999263955147582
0.3400213159586002	1.5729587634958249	0.9409809527973689	-0.0021269185461778167
0.466317741188098	1.6970877653412357	0.8915218188160968	-0.12573680628978007
0.5864916040876039	1.8256550801650973	0.8312065488633309	-0.25170126356635286
0.7535374190489378	1.962972195500248	0.7286052087423929	-0.38150358575781995
0.9062440521712375	2.1148300704722005	0.6164033258805541	-0.516527258998947
1.0488767389058522	2.176025519616927	0.497969950537526	-0.5688222597742494
1.1850693191922146	2.2686286145025094	0.37569679916633136	-0.6414551119264975
1.3173706729736507	2.377996218374895	0.25034278912213126	-0.7208869837823864
1.4471778733770704	2.4975054424335483	0.12312744192359705	-0.7980062926295919
1.5751498556063679	2.6230346198863175	-0.004315384863296981	-0.8667603090248432
1.7016258817592471	2.751806874993781	-0.13021368355177615	-0.9230993951948843
1.8269314216294943	2.881855964616142	-0.25292401298565725	-0.9644759978824737
1.951641574285189	3.012000504169754	-0.37114981949936765	-0.9895779855065879
2.07680262298276	3.1419392456023787	-0.4840306367216931	-0.9979453927503362
2.204075594024316	3.271877986965029	-0.5910200980225857	-0.9894894038266286
2.3358047035296523	3.4014801100960086	-0.691555188085144	-0.9644377812016869
2.474656067179572	3.529001142233915	-0.7843492016881299	-0.9239909026067646
2.6230034463752063	3.6509041212398174	-0.866745022113928	-0.8712946532964045
2.7253325524690113	3.7623764223330896	-0.9131712605403056	-0.8119347798965416
2.8359596447209925	3.916156336742033	-0.9528421601661957	-0.7132624868417325
2.9359139790185282	4.043684831134383	-0.9781786687776203	-0.618697415118405
3.0358683133398885	4.146199656485576	-0.9926280425908407	-0.5354604656518909
3.1331245419672613	4.339460364595217	-0.9979453927503362	-0.3639157100336309
3.2264878594391306	4.492853386796126	-0.9952897887311947	-0.21772268745091095
3.3159206839573714	4.624874287756667	-0.9838612064913161	-0.08737688877234479
3.406442411968341	4.779966055568691	-0.9631799327551495	0.06738323345725694
3.4979295419422187	4.921184851234193	-0.9356430622169147	0.20686177128825237
3.5921853804192225	5.056601447100666	-0.9000892333095736	0.3367633997030261
3.6862520424258762	5.1895551845298	-0.8539606892047534	0.45831880973026695
3.8394095100378167	5.321421474474098	-0.7658920381326503	0.5708987326291639
3.9851618748953457	5.452750755614401	-0.6644211642125463	0.6731752956252683
4.1252556142677275	5.5837416221226	-0.5533583439962442	0.7636462848341234
4.261628159938686	5.7144396259564	-0.4350377111223892	0.8408809379999664
4.396200613651514	5.84482909270521	-0.31045572012643147	0.9036455605722595
4.530209924810718	5.974902800095149	-0.18087025348499172	0.950975261880297
4.66446837128103	6.104718531099364	-0.047830254592370565	0.9821930682518006
4.79957533515096	6.234362499356356	0.08688853120971292	0.9968740545870626
4.936022072914801	0.08076043781971093	0.221317084703247	0.994829205213609
5.074195960697443	0.21040635171913463	0.35326398507852824	0.9760917248300354
5.214318276543365	0.34019998034781734	0.4802587116127933	0.9409246927425247
5.3563364383257746	0.4701008654613173	0.5995154024569089	0.8898815070337837
5.499831829060282	0.5999193453115251	0.708004505305972	0.823886264941285
5.644154332744632	0.7293587595352219	0.8025641211002043	0.7442677667743864
5.78851590405864	0.8580589459879261	0.8792289196782536	0.652739571559672
5.9322382149210835	0.9856084625866243	0.9375405090886875	0.5513554243968544
6.075257185049834	1.1115548710629621	0.9765651353090518	0.4424376256988618
6.205595229859936	1.2354560025339563	0.9950321917746932	0.3284428773289513
0.05264410314085494	1.356998452116832	0.9966293910557709	0.2117350241519854
0.18280378876820264	1.4761698092364082	0.9813645787272975	0.0942892411633911
0.31214748333805714	1.5934575932006023	0.9497582103069374	-0.02260118255972916
0.4392164309684628	1.7100488794100652	0.9032725822747771	-0.13852301790713362
0.5620174259154408	1.8279625706647362	0.8445489219394371	-0.2539118653114093
0.6780727288422509	1.950081366615569	0.7774900565172725	-0.36972412313027364
0.7840952884455402	2.080207236237987	0.7074557355880199	-0.486940072885821
0.8753520814022179	2.2229251167812745	0.6399466126210124	-0.6057471539416879
0.9967842960488423	2.3521919745536604	0.5421955943137766	-0.7029477177791978
1.181730670315984	2.5037740871251852	0.37882786957177633	-0.8017530668709796
1.3279690468713437	2.6031641285385785	0.24001721606820287	-0.8570161890894108
1.489791321726086	2.7212207253857184	0.08073995926166311	-0.9116292844266172
1.630042328539309	2.8514920493000755	-0.05914207494130796	-0.9567793271248852
1.7583058697036673	2.987611334009932	-0.1861288090940556	-0.9864613039253518
1.879046937149246	3.1088940834859837	-0.30285126060401407	-0.9979453927503362
1.994440986935592	3.2301769552087247	-0.4102593357536367	-0.9948183607670136
2.105798532565485	3.351957219128833	-0.5088092948621553	-0.9769908851993332
2.214248850420516	3.4757349602133356	-0.5989684221132257	-0.9439662514430126
2.321129515604772	3.6025039374174224	-0.6813529088920386	-0.8950292045870079
2.427850495468311	3.7320809057960087	-0.7555459780304365	-0.8300424357893861
2.5357363749539115	3.8634253209300393	-0.820856953376504	-0.7499214072047177
2.645856805537454	3.995518916088768	-0.877951885029766	-0.6563292498029005
2.758594993926307	4.1276979138824625	-0.9256450074102812	-0.5512712597108747
2.873619720368529	4.25965931657881	-0.9623882677727993	-0.4368368131804977
2.9791859619359666	4.39133995267292	-0.9853846292461433	-0.31511228778861156
3.0847522034453885	4.522788160175443	-0.9979453927503362	-0.188191865863131
3.189424766215998	4.654079375601709	-0.9979453927503363	-0.058206800153139344
3.2927014676976096	4.7852656860438625	-0.9868283801660791	0.07265476166218288
3.3939419959255783	4.916388336041278	-0.9663485487130234	0.2021887178078972
3.527019337423587	5.047472172129018	-0.9247340991511755	0.32820173187074675
3.6597715848648047	5.1785247456933	-0.8669462138153249	0.44854592895829226
3.7922775914186584	5.309537233314897	-0.7940628258094564	0.5611582841827356
3.924714512703181	5.440484681201076	-0.707312791274882	0.6641012102989872
4.057314980054924	5.571326301289131	-0.6080482348751338	0.7556038338897393
4.190363830541363	5.7020084697616635	-0.49771966059585004	0.8341039535982522
4.324229560549091	5.832473896368141	-0.377833409869214	0.8982885136816903
4.45941763450576	5.962679354054364	-0.2498931060486994	0.9471261918577119
4.596638397048833	6.092620171413548	-0.11533819359079575	0.9798819465225166
4.736884886234483	6.2223527302351	0.024499476785061636	0.9961051130949847
4.881513188398264	0.06882332456993172	0.168211252186226	0.9955934948165741
5.032323505144701	0.1985554613051315	0.31399492407666474	0.9783555730754532
5.1916260444185465	0.3284674334905782	0.46015357506355703	0.9446191823525818
5.362242651411163	0.45852629469947265	0.6043561965220233	0.8949000851783803
5.547448916461127	0.5885446711125562	0.740136436894107	0.8300872963186909
5.677826572595917	0.7182318642480021	0.8209209207951158	0.7514755957714048
5.822665324496709	0.8472433257731475	0.8940356488941734	0.6607406530286488
5.946706647800793	0.9751934205620694	0.942096508361336	0.5598917018544198
6.074829222708642	1.1016639657149818	0.9764833826506973	0.4512008888949591
6.203902415646864	1.2262573050414625	0.9949238070860562	0.3370696513789096
0.04982247376606867	1.3487265195750078	0.9968100496412635	0.2197940381651035
0.17898146495131842	1.4691816293403457	0.9820947484245928	0.10124036494377078
0.30833589846683457	1.588339055575309	0.9509584493407917	-0.01748877896338492
0.43799611912718267	1.7077900886978037	0.9038016930696611	-0.1362947082191766
0.5679766991426314	1.8302357523747455	0.8413001572168667	-0.2560895988517048
0.6981402230642908	1.9596619490314973	0.764490647156671	-0.37847872793715953
0.8282869985824683	2.1015041107569683	0.6747639929012863	-0.5051394665506621
0.9581996944774696	2.2625252906734	0.5738199376266813	-0.6366866096952939
1.0876508528602196	2.338387563301273	0.4636163950415194	-0.6933508077829362
1.2163926679014645	2.4489913986974567	0.34632096068232254	-0.7690094075998111
1.3441469154928123	2.584195415042279	0.22425576380011547	-0.8477142842651081
1.470608105536291	2.674501409019859	0.09982145290154248	-0.8919986666090863
1.595476477875797	2.7766625232065945	-0.0246176478139976	-0.932420510859044
1.7185387997548227	2.885174075750866	-0.1468983718748615	-0.965317075479853
1.839795711092682	2.995596136001536	-0.26524814638541927	-0.9874816783429303
1.9596332137166976	3.106018196226712	-0.3784524700006218	-0.9979453927503362
2.0789993699148237	3.215688316057401	-0.4859078822378382	-0.9966698577422775
2.1994903761226308	3.323232862103138	-0.5874376858145918	-0.9829267863861513
2.3233331227626817	3.4249420311269017	-0.6828848698844292	-0.9584906337526298
2.4531623384922394	3.5472674593280598	-0.7715023818477086	-0.917140851747702
2.59134103979555	3.739541404858448	-0.85121836594034	-0.825583289181135
2.705462758607899	3.9137442377774274	-0.9057198899215759	-0.7149393925961444
2.8295930165815104	4.067414917820278	-0.9512283419179389	-0.600157194334338
2.960251301278616	4.2088580377063405	-0.9829649770918878	-0.48191530599843907
3.0938031924306113	4.344660396770349	-0.9979453927503361	-0.35916399195429083
3.2252696597457895	4.477396924814654	-0.9954454619468729	-0.23266874454518033
