1.2085731076783413	0.4410319694959847	0.3536543444869289	0.9024853891976109
1.4821273317908967	0.6445795571148277	0.08836330947351187	0.7991864100954644
1.639365491175394	0.771459128456968	-0.06845406474763305	0.716803599465992
1.7432391318362828	0.778233164927624	-0.17126538780692463	0.7117923641785805
1.8362870877642599	0.7254457321717194	-0.26188684593639505	0.7468025647902512
1.934499321270161	0.6484869820405208	-0.35548546381294194	0.7966552412513187
2.045462342862237	0.5591746090786452	-0.4568819510036892	0.8460987154629109
2.1739076978825795	0.45993558474677254	-0.5670124603400183	0.8942890359760987
2.247868103532634	0.3552108469849481	-0.6252350086430007	0.9361978852126989
2.3463300347226874	0.3440385671040455	-0.6988724618387013	0.9397159510208211
2.4603220064983655	0.3299034200324189	-0.7757817214788141	0.9441670011319512
2.5844684857113074	0.3231835882789276	-0.8478481930499134	0.9462830249498564
2.7151038812772623	0.33595581884737913	-0.9093354069567406	0.9422611468609329
2.8497615903083138	0.37048283574420415	-0.9563406889262057	0.9313888523162167
2.9865061861087305	0.42755730770858685	-0.986320077549643	0.9083278212448525
3.1108069747951506	0.5067986654045067	-0.9979453927503362	0.8739698347533061
3.2351077635033847	0.6065253350178685	-0.9941882548924853	0.8202849354674643
3.3597387009849013	0.7234271644127572	-0.9750184286426316	0.748110161460295
3.4858391182746193	0.8878610587215889	-0.9401770915236335	0.6306928347850345
3.6148474297540765	1.0553506117060167	-0.8889761851802112	0.4922341509064556
3.747963349411324	1.2291758112371003	-0.8205494857889588	0.33433260153748195
3.885691229218717	1.4077695981337874	-0.7344420134135117	0.16227072120416638
4.075686453574313	1.5893475429472765	-0.5936946768925335	-0.018496057769315212
4.310670369896821	1.7741043127438658	-0.3902236123129077	-0.20171406163206737
4.534303412148997	1.963857041885512	-0.1768320053002875	-0.3823121462483501
4.763954409269515	2.119068292411197	0.0514564918723787	-0.5201490613173114
4.998285844471075	2.194558691701288	0.281978194419085	-0.5835845807155957
5.228131988855836	2.2932940351012947	0.4924975504703579	-0.6607261053150378
5.4432701135194606	2.4013342514019125	0.6661617921669846	-0.7371117251607149
5.639079201136195	2.5165260793044544	0.7994931043055995	-0.8093749433967627
5.817621582635275	2.583175496749566	0.8918487502874257	-0.8472141352756032
5.984637689800907	2.6643457136705395	0.9540407044743562	-0.8870185022145736
6.146145775510518	2.761165828542597	0.9901068191427774	-0.9266090959991884
0.0012276324280049203	2.8531789439266784	0.9999213991958227	-0.9572069225916938
0.13956065547905247	2.941630556426653	0.989625214679794	-0.9796277116205018
0.2771427210007962	3.0133634429572558	0.9607809432507003	-0.9897521548689533
0.41160533216438977	3.113850010637931	0.9152443832043811	-0.9979453927503363
0.5642678180005152	3.21478337582837	0.8433220954223068	-0.9967854996655351
0.7059876731672803	3.2912804378822167	0.7594071915345129	-0.9870099729559526
0.8354062013253107	3.3273330453988894	0.6694974136382854	-0.9824028257235367
0.9531876824734142	3.3293180800067037	0.5779278351259325	-0.9821491590034412
1.0585428080162813	3.312986047419515	0.4894058904534152	-0.9842362224342623
1.1487621905292913	3.346975794539234	0.40947223761421114	-0.9782535808883049
1.3014840546742288	3.373967777858886	0.26582048781572665	-0.9714116302853218
1.4258781701867924	3.4044139679029466	0.14431419950040086	-0.9636941044605771
1.5318095942625714	3.4442586826594734	0.03894449638249381	-0.9535942326977036
1.6244181232071895	3.496283546109677	-0.05352460962769531	-0.9362603270496996
1.7064122618507722	3.5606093807102495	-0.1349354743180891	-0.9121374983319819
1.779954069802766	3.6349314377300597	-0.20748487973211677	-0.879127360655576
1.847717075194131	3.7145991055965553	-0.27283690192249765	-0.8400598158685836
1.9114830038181994	3.789932820597757	-0.33392537579208315	-0.7954642973150006
1.975773187915628	3.925997347307511	-0.39320095705189456	-0.7064209569175337
1.9722810485942526	4.03477413511511	-0.3900098880373011	-0.6256593058912374
1.9888273230813203	4.233353624834082	-0.4051296467191641	-0.46087459349476906
2.0147896253705286	4.393504517024087	-0.42885364245882246	-0.3130386108947202
2.048353572545055	4.534650388582363	-0.45952391703249024	-0.17648971110553788
2.089458356272091	4.667159224435281	-0.49484568247145744	-0.04514262614258714
2.1388690506778523	4.795884619216263	-0.5370699383331401	0.08321738597849843
2.1974858101813086	4.923090665817699	-0.5858715265493404	0.20871853043821215
2.2681431213878667	5.049942890133797	-0.6410757981189348	0.33051883448073954
2.349904417729776	5.177107475014031	-0.7013573944724829	0.4472902384481122
2.4414356960860295	5.30496907630962	-0.7644933577496976	0.5574141748863131
2.5416998220328177	5.433706949172301	-0.824421310746277	0.659087241145094
2.6481841226244547	5.563332352581191	-0.879093158107852	0.75042547875918
2.758721891567029	5.693726261549314	-0.9256925952895654	0.8295888147819117
2.8714311120091156	5.824695848916997	-0.9618334974875984	0.8949160569617727
2.9849608077486223	5.956014292525998	-0.9861225943126397	0.9450274147663809
3.098401056307153	6.087461149504202	-0.9979453927503361	0.9788964304735499
3.21123577638626	6.218877645749699	-0.99723884587479	0.9958826161741596
3.3225214503691958	0.06705407719192522	-0.9830176973861288	0.9957067732405773
3.4531700170510464	0.19851152653406132	-0.9513353801713161	0.9783639658333747
3.5988176967101064	0.3302436948046903	-0.8968368685714743	0.9440598511988618
3.7537801310165313	0.4621475247840141	-0.8170727904970331	0.893329968537965
3.9023132432462435	0.5935101471583033	-0.7228862889670099	0.8273803112899482
4.04759812422793	0.7227688486475523	-0.6156399750463364	0.7485366081319993
4.238116751440684	0.8473139677446786	-0.4565221137314688	0.6606883941513839
4.422082077322674	0.9630134089020321	-0.2856609880289281	0.569874566899163
4.611631908231416	1.0637831427212496	-0.10054701083832608	0.48476299572945974
4.812382915072902	1.2528447813867778	0.09962819657160307	0.3121352352643661
5.023110211387108	1.4022235507955843	0.30535446127554466	0.1676740139643537
5.238752143574761	1.52959749336354	0.5019069227887594	0.04114486720759533
5.45166198237132	1.6693194448433466	0.6723698528262292	-0.09834320260270353
5.6542404855151975	1.7936563102211254	0.8080627005507922	-0.22100221664394443
5.844115202474574	1.9104403276172446	0.9033360273737656	-0.3329264803124614
5.995051029187611	2.0264681653847076	0.9573197857035469	-0.43952533214394635
6.141947704258028	2.1502381299211772	0.9893048712800364	-0.5467854648331265
0.004604641573087996	2.268754998033756	0.9997051816795188	-0.6415538548684766
0.15069539489473754	2.3230485393069453	0.9874981711067983	-0.6826870257488703
0.29600275773805634	2.4178084532481203	0.9548420613848152	-0.7485646896868887
0.4377433597152964	2.4476785857606873	0.903911286149736	-0.7682247381956239
0.5723949458837256	2.5071701592016846	0.8388915003889523	-0.803782902027389
0.6958545368433131	2.592496962343487	0.7659712789947878	-0.8517852088908264
0.8058105973076777	2.659223265926021	0.6913913812671693	-0.8845065489713412
0.9813452427026692	2.7384103831091973	0.5548496040368647	-0.9180755772971956
1.1330038089073162	2.8156228014902474	0.4234340379590207	-0.9470310032944241
1.2695310266379596	2.879905404759032	0.2964864472004474	-0.9639815683315787
1.396634996911391	2.9195122112082923	0.17311871915725263	-0.9740211348969021
1.5222645273790785	2.977764227082113	0.04843894878440556	-0.9852029463597076
1.6446907321389364	3.0855490151526292	-0.07377292397001745	-0.9979453927503361
1.7361532264097916	3.192221297570311	-0.16427510241922325	-0.9979453927503363
1.8298221613299268	3.2961012452861254	-0.2556933739980991	-0.9863939240480155
1.9238511094606383	3.3934560862903225	-0.3457552739095179	-0.9664717174954934
2.0180397796898926	3.511430956350732	-0.43182358889758166	-0.9305798973276308
2.1149671652857083	3.666053469767115	-0.5166444143344969	-0.863865694122204
2.2186802746397194	3.8035682255351495	-0.6024306759389031	-0.7873144042354854
2.279790116763848	3.9194535882180808	-0.6501755485159725	-0.7109702177204977
2.319900590611652	4.060517315575549	-0.6804985528216853	-0.6055462630803014
2.377632589743342	4.250540698529258	-0.7206341869636539	-0.44516928128557265
2.451372144058602	4.407484171113479	-0.7704323811185275	-0.29964594568975755
2.538101150329776	4.548882581997576	-0.8222703816214925	-0.16244957259432277
2.6359116870840427	4.68352763185179	-0.8730749836343131	-0.02879383454065102
2.743503075031844	4.815219223087208	-0.9199853874959275	0.10244946453836391
2.858053983890778	4.945535370503105	-0.9584426518164393	0.23058551117885762
2.9659765110513017	5.075032074034974	-0.9836965991901516	0.35404811357595106
3.073899062221654	5.203751537665985	-0.9974879756588247	0.4708966653036737
3.1797662239987257	5.3314419052948825	-0.9979453927503363	0.5791115826137236
3.283406805040426	5.457658730787326	-0.988016141115616	0.6768060730034007
3.385930556073544	5.581881456936076	-0.9683792952156889	0.7624412988767129
3.4916954594734864	5.703595252739039	-0.9379809052396932	0.8349690061579754
3.601792564354525	5.822430712456654	-0.8953780487259071	0.8939339242703489
3.717463395850927	5.938377698093893	-0.8386552211215259	0.9394737855604598
3.83847444048855	6.051973270627588	-0.7664509299941994	0.9721172628733252
3.963903918839566	6.164273535347425	-0.6800680796662796	0.9923865151498694
4.0992784934534034	6.2763521887775955	-0.5752623115204827	0.9995625004771929
4.2372764337009725	0.10502976786284308	-0.4572899845564362	0.9932753289761328
4.37875157397568	0.21428950700102817	-0.3271720955840959	0.9753499346383707
4.524712579063887	0.31535011415894715	-0.18629341585201276	0.9487497262636517
4.676185191650542	0.4621465555047605	-0.03612747559963472	0.8933303888044076
4.838010056550416	0.6330273519830167	0.12511944539418549	0.8058370633006885
5.00507711237272	0.8189162285085589	0.2884425592650053	0.681696216231942
5.177238066799588	0.968483344656256	0.44740594172782444	0.565391350301186
5.35166102155821	1.093070699156724	0.5956833819366281	0.45881445448019753
5.5244952207534	1.1981585169089075	0.7252673912852285	0.36342141438611847
5.691045565920457	1.3588834472182785	0.8281274034555706	0.20989854859317153
5.8495925549611405	1.4901875887832232	0.9057109337132688	0.08034579348384749
6.001356852658232	1.604873064902678	0.9593054414676824	-0.03400297401970933
6.149313980906977	1.7086273286345306	0.9907120341078423	-0.1371206501057028
0.013110377421028094	1.8044954191747773	0.9991605905930375	-0.2314300713264181
0.16032428574343455	1.8949070570558368	0.9856587863102444	-0.31804543312511446
0.3068239430544388	1.9823311668384327	0.9514345525799209	-0.39919354824401154
0.4501425327349608	2.0697028853480535	0.8985351715613066	-0.47796350607226623
0.5873050812542636	2.1603501979136115	0.8307630726505602	-0.5554268035420495
0.7155858147779482	2.255447526220155	0.7531896652944374	-0.6311567809442348
0.833587443464178	2.3575441084647077	0.6708428778400869	-0.7066685535680752
0.9390415009331924	2.4687696231790794	0.5895221935843742	-0.7808308691235422
1.1167154127601429	2.5895597887414445	0.4378654269429547	-0.850344873503612
1.2701187255930393	2.7196834397175045	0.2959352880717766	-0.911052786988305
1.4100549575956116	2.857677462803655	0.16004418661448855	-0.9583472109350276
1.543156302678404	2.9647931829118117	0.027639827156733337	-0.9835453821953651
1.674556502836029	3.069344655243659	-0.10350958964252047	-0.9969059699469144
1.79149947919544	3.1718896197991415	-0.2188744907578179	-0.9979453927503363
1.9131953232159582	3.271838916146192	-0.335565796954975	-0.9894943966697896
2.041266327092351	3.401513484827816	-0.4530476893446338	-0.9644293213466362
2.101346056815479	3.5320861583721626	-0.5050044004451225	-0.9228339908254182
2.1795708058448637	3.663709442365334	-0.5718519090149985	-0.8650151616283257
2.2684988200726925	3.7960315239979745	-0.6413537040632563	-0.7918190971274253
2.3657054585800408	3.9285498036191195	-0.7123423734125316	-0.7046464738885916
2.4720401934604324	4.0608908467760605	-0.7827856917506993	-0.6052544246635735
2.5505511945684445	4.192901123768276	-0.8297117836074455	-0.49555139885215826
2.6402008672819077	4.324608461832521	-0.8751783179475552	-0.37748717507332713
2.7379461600624877	4.456150564980869	-0.9179014890306052	-0.25302299524827554
2.841952522215524	4.587720153958091	-0.9543612397870497	-0.12413609034625071
2.94904475831862	4.719541220981209	-0.9815070697434171	0.0071765960902953445
3.0561369944238477	4.851875667948646	-0.9952181686425415	0.13891153182488133
3.1610849010229236	4.985072105102119	-0.9979453927503363	0.2691045750802323
3.2632558447294278	5.119610619651168	-0.9905912236802933	0.3958550151313595
3.3631948289698768	5.256156330108033	-0.9741423664181277	0.5173268931493271
3.465421953205232	5.395609103082591	-0.9478337317977702	0.6309035619567477
3.570449193853878	5.539118162747811	-0.908447470389834	0.7347399047409893
3.6795915759510107	5.68801520962285	-0.857226858270291	0.826475370688963
3.791511391536182	5.805675792318385	-0.7945207841281414	0.8866692163385811
3.9036762934244384	5.92856858514375	-0.7219386882587029	0.9363849706322822
4.060471110441102	6.053775047558861	-0.6055823629650314	0.972461452162231
4.2102068053935	6.179721174460229	-0.48076270710045754	0.99337557085515
4.35869373050027	0.02254868814288284	-0.3463405240694636	0.9985562901559615
4.510086406210674	0.14862740593303342	-0.20072221728528764	0.9878932142654934
4.668423796092145	0.2751363652123146	-0.04387956994183958	0.961412729401211
4.838222954790612	0.40242685282965523	0.12533121470210837	0.9192240483459841
5.025017828421887	0.530541803464181	0.3071434733771295	0.8617082109906641
5.235804322879619	0.6591807335607128	0.49929517718028427	0.7897279960221234
5.38390791533499	0.7878367942960011	0.6221132736042994	0.7046878783101465
5.5699163814667925	0.9159102479290296	0.754690509847713	0.608480810661401
5.699665311869945	1.0427306891486936	0.8328265547598681	0.5034153015689449
5.8501997957477725	1.1675374770853602	0.9059742251478287	0.3921386096138207
5.97716109226194	1.2894921936826507	0.9516863808767265	0.2775036797767168
6.1081249209337605	1.4077956810038075	0.9828437830403448	0.16224530970402046
6.239708822708805	1.5219356514013065	0.9972163600730596	0.048766080836511794
0.08807396212328457	1.632008482901827	0.9943609470619694	-0.06110587307463297
0.21962026566280005	1.7389992972851431	0.974331612113935	-0.16708276727711902
0.35098787265598375	1.8449072412756202	0.9375276676522439	-0.27014504955536955
0.4818320471724701	1.9489459191751444	0.8847950244887929	-0.36868656683271694
0.6117193684119603	2.058136119039111	0.8174533498335675	-0.46807904470221673
0.7401669583768492	2.176282031903031	0.7372663843577026	-0.5690414641495447
0.8665588999791954	2.3079202922468474	0.6464515526558856	-0.6721535408871243
0.9900338874212896	2.3780054833896243	0.5477282998814429	-0.7208934248765297
1.1137112692467417	2.472090859864699	0.4405270741188787	-0.7828159751034414
1.231307110472506	2.5818006256348474	0.33233381454055144	-0.8465399240141335
1.3410581264115988	2.7023399187193524	0.22726504782935592	-0.9045487938571093
1.4870484851671995	2.829889233136785	0.0834682514226755	-0.9513034271391684
1.6175918721458649	2.9613325876499053	-0.04670653911024658	-0.983103154212936
1.738666604209242	3.074338785091018	-0.1667545636945018	-0.9975441676554697
1.853239383092677	3.187344982548068	-0.27812733474515716	-0.9979453927503363
1.9630559120735276	3.3004977684648997	-0.381580084814248	-0.9858320942390073
2.0696852021607404	3.4141974650689546	-0.4779483947803782	-0.9612141753815786
2.1749700870647386	3.5275581164419476	-0.5679203324756289	-0.9245320516525724
2.281113405907166	3.637692968063944	-0.6512094289734282	-0.8777731574651366
2.3907339730966397	3.7981939422143425	-0.7297423477225111	-0.7905266179280532
2.5063352911990213	3.9472145370605842	-0.80328390071511	-0.691670638580079
2.590816572927017	4.086976108064277	-0.8509611771280601	-0.5848741154849694
2.683959338804594	4.220070121094415	-0.896636659729163	-0.472333941408967
2.7830855646025965	4.347887495142536	-0.9348292153617477	-0.3562151137238328
2.874105711987492	4.487966529464308	-0.9625114573365685	-0.2225429448997481
2.965174597746315	4.621541936145824	-0.9835941230332745	-0.09070524691029651
3.0530827988358977	4.797885043166668	-0.9948278742999264	0.08520720231112285
3.1352251715677566	4.971500116333728	-0.9979453927503362	0.2558819276375318
3.2085556562292217	5.1573953367477925	-0.9975813372787288	0.4298254412725752
3.3183460135229437	5.301425829106715	-0.9835512746676456	0.5545100923916453
3.4455077706707433	5.414436120594234	-0.9532776128194724	0.6448312422873388
3.5821998792402985	5.563420396800072	-0.9040408463226526	0.7504825124291739
3.7158298133765113	5.634703087529636	-0.8394562996291763	0.7966583262535551
3.8436310673111853	5.727897697694927	-0.7633688097749317	0.8482177569426619
3.9999673121932338	5.831822295370826	-0.6528537359118872	0.8980059882566525
4.147218421955048	5.94023615740102	-0.5345898724662785	0.9400590002358785
4.288805666378592	6.050259449403348	-0.4102032784972491	0.9717898755601432
4.42828542902967	6.15418366333338	-0.2797181076093423	0.9916422783031416
4.568008944208354	6.257678823510157	-0.14358130915659156	0.998366913350922
4.709764356592944	0.0758292480529076	-0.002588551754382034	0.995144931217891
4.8550758811999435	0.17103974258593527	0.14209477535384543	0.9836118373195524
5.005313251038529	0.2972272479106718	0.28866401615235837	0.9544564787593725
5.161658663457895	0.413802751080797	0.4336027147108664	0.9142916119288572
5.32507629467452	0.5876871664907445	0.5738942615204307	0.830554774593067
5.496206663714232	0.7394495425491588	0.7053227133517181	0.7377311151269125
5.675488433403621	0.8653449568496424	0.8196462579570819	0.647349592498759
5.817045964396338	1.042634954362927	0.89159916996406	0.5035001218250467
5.96291517036457	1.190765841580034	0.9472004486170105	0.37035445460609895
6.084605435663923	1.323614608330952	0.978350910049271	0.24425957189483052
6.206211526002707	1.4482224574430154	0.9950716509575301	0.12208839695775595
0.044539968423711884	1.5683870391881447	0.9971482690940149	0.002439327030797668
0.16595801076312944	1.6869944803518377	0.984582588821663	-0.11577972412050357
0.2862653690860656	1.8073908116849067	0.9579082908780026	-0.2342038897826661
0.40315857386225906	1.9342089327079064	0.9189067839516729	-0.3552201107276479
0.5698289806256854	2.0737471465823445	0.8402903651652185	-0.4814195579084509
0.726019622355557	2.12593605764049	0.7464308076916722	-0.5260179583188039
0.8713910912840165	2.2112552378535275	0.642876837980649	-0.5966295247181769
1.0088095638308858	2.3163408430503365	0.5323395589711412	-0.6780237948381131
1.1405436129343003	2.435971263737094	0.4167538317684977	-0.7611915851303068
1.267788507404012	2.5683085306107527	0.29812062635692455	-0.8399236511804982
1.400058835140412	2.668362607066938	0.16978301010416053	-0.8889883121371052
1.5276199299740711	2.7783940713745485	0.04311194420163348	-0.9330698586697861
1.6681039897888454	2.892976308852446	-0.09714414938430704	-0.9672947920796963
1.8062662384052346	3.0091013554231543	-0.23312653598429686	-0.9892075045332468
1.9472106228913177	3.1252232421050925	-0.36710087688943094	-0.9979453927503363
2.048023331543645	3.2407810016045913	-0.45922214733490196	-0.9934632742318016
2.1623534057458103	3.354945873847675	-0.5571386588613916	-0.9762333184909691
2.288298309875499	3.491657653583469	-0.6568229653944475	-0.93799508282503
2.3743156032530863	3.650130740152991	-0.718328197941464	-0.871673905018667
2.4533276677677436	3.800719286045477	-0.7716011992957021	-0.7890172177813572
2.545127316932883	3.9438638591631756	-0.8264699273509452	-0.6940000500718103
2.6466305929599288	4.083129660625906	-0.8783313360114842	-0.5878793293169139
2.7558107890310084	4.220576068968028	-0.9246009028413882	-0.4719015801008528
2.8703544541727894	4.357879964911009	-0.9615605853549395	-0.34708413190353155
2.9714059400995	4.496706069154487	-0.9843904235966509	-0.21392199472751924
3.0724570040765884	4.639007775541617	-0.9973036956677325	-0.07326033848586982
3.171866387508031	4.787426175519314	-0.9979453927503363	0.0748037947428182
3.2692729492557207	4.9336717078096575	-0.9898223004768149	0.21902721770753325
3.364988743265626	5.095130804338797	-0.9736876435156959	0.3728972175021987
3.476219664403287	5.2757206062201965	-0.9437844825436962	0.5334418226572983
3.589219233667413	5.413931653805814	-0.9014085184934739	0.6444580524200549
3.7057126502765585	5.482224628573923	-0.8444175685241949	0.6949792101555863
3.825003742138114	5.58060301094667	-0.7745023778071936	0.7616131415304186
3.9456634628523077	5.694422532882657	-0.6927489547286056	0.8299683949184263
4.0855542891530865	5.815976346542274	-0.5859849768516956	0.8911353980544205
4.223390115971234	5.941043390265629	-0.46949681647429065	0.940313191714292
4.36073184962494	6.067557593497525	-0.34443519335260897	0.975094300104506
4.4990524597960535	6.194483372036518	-0.2116072672187014	0.9943207402515017
4.639821122692573	0.038239847344419986	-0.07244796604592217	0.9975516427520819
4.798463917922155	0.16525822257757972	0.085783007476212	0.9847162677437252
4.963091440348911	0.2926582012818054	0.24768968994086515	0.9558952367292839
5.139586178877045	0.4206969575122118	0.41404666953919944	0.9113023767828689
5.2561345762563	0.5493732235081575	0.5173076194103153	0.8514420508764349
5.394478451662784	0.6784238534372934	0.6300671388997945	0.7772626034881585
5.546507930691397	0.8074419247115673	0.7395268810079624	0.6901845726697982
5.707047233803201	0.9359712349518704	0.8368508924009258	0.5920386157191384
5.87331093862626	1.0635386007598115	0.9159949057357404	0.4849796579555329
6.043817072164628	1.189683876847694	0.9705592031044294	0.37136914883683514
6.181678180166812	1.3141333841488518	0.9935008707566579	0.2534967505297773
0.024818951130035266	1.4370227639339803	0.9984109335391003	0.1332287020216657
0.1511917403220749	1.55922447088914	0.987403355385317	0.011590914955463221
0.2778751573422781	1.6827325156613768	0.960550304627513	-0.11157527208431811
0.405173323030381	1.811127284099625	0.9180332158211543	-0.23778347220851975
0.5332381962157186	1.9499996368065582	0.8602382422016144	-0.36964943955178453
0.6620077948156421	1.9978378845212377	0.7878966698917309	-0.4133633741764315
0.7912697352567107	2.0764320637438076	0.7021482883689895	-0.4837139727220145
0.9207565318136645	2.170663191940504	0.604508745663503	-0.5642398450046027
1.050206680835329	2.274281489534664	0.4967916326026658	-0.6458716803338599
1.179392420333839	2.3853062688540363	0.3810207402781719	-0.7259689749831568
1.3081349943099794	2.5030074205395665	0.2593407425501666	-0.801294829603431
1.4363407183056778	2.6260895149124353	0.13390713097694618	-0.8682583728121807
1.5640778880330102	2.7531477610084765	0.006743314121532021	-0.9236022408068119
1.691714609654076	2.882631468271646	-0.12043615811214892	-0.9646725732004324
1.820130771847458	3.0131356285083	-0.24640891431979517	-0.989723042558352
1.9509869011457808	3.1437986191601497	-0.3705515881639039	-0.9979453927503362
2.0869829934637125	3.2744616098234745	-0.49273034380179337	-0.9891592437710379
2.231983060787704	3.405355332822309	-0.6128240889715435	-0.9634554864901455
2.3714479480981	3.5363239523070065	-0.7163345867747464	-0.9212447758876565
2.5301606373357886	3.6664351924543213	-0.8175243302798098	-0.8636785044054971
2.6534689298547662	3.794096459031009	-0.8816847294276855	-0.7929756870970739
2.7400664032549344	3.9172950083364655	-0.9186966013472802	-0.7124708754787213
2.834876136073936	4.033483833440619	-0.9525675114842789	-0.6266674133726706
2.9360840425671797	4.138926945776425	-0.9782217766287723	-0.5416754116566855
3.0372919490792527	4.22786240926576	-0.9928099683906193	-0.4656749868354311
3.1339305891954283	4.359925670519416	-0.9979453927503363	-0.3452075219657835
3.224220309212305	4.580666055692858	-0.9955795580009222	-0.13109499779123512
3.3089947860207176	4.756829363074366	-0.9847462640144397	0.04436922755176322
3.3903162210001683	4.932819794709125	-0.9672676131864788	0.218197232745683
3.4755847634707835	5.111464229995675	-0.9440225767175627	0.3882151223162943
3.5686399283325074	5.307096154439512	-0.909125962982241	0.5591575503856988
3.6695450928793734	5.417050537430128	-0.8621534669920459	0.6467653118721107
3.7790798616569306	5.567801786395832	-0.8019511200657903	0.7533207081846269
3.8956616173232406	5.70397493403788	-0.727510539443525	0.8351759936818678
4.018130157289738	5.865128519041725	-0.6386631784725769	0.9124471186996771
4.144964965973001	5.986943206705482	-0.5365155790992925	0.9547666941808883
4.274912572802149	6.082710260218788	-0.42289859685332615	0.9779888790578142
4.407241885396948	6.180518024762967	-0.2998780581200581	0.993426590258984
4.541735715528743	6.277098626886434	-0.1694999963917057	0.9996102921730498
4.678574403661157	0.0885534520123826	-0.03374112680830425	0.9943302470820583
4.818254274434258	0.18127057285080492	0.10546842196460857	0.9816574654255279
4.961457569356893	0.2707801256156074	0.24609787458771554	0.9627844760581634
5.108895142162536	0.3596315007276999	0.3858057659624119	0.9348058550319559
5.261124438060106	0.44214231944623916	0.5214786504552026	0.9020039563991205
5.418376845955867	0.598513909979799	0.6477464763690799	0.8246524537954447
5.5806453115670305	0.7375157872789785	0.7616405432116742	0.7389837715912501
5.747609871763798	0.8570791243828765	0.858964070004449	0.6534644151036746
5.91909782527105	1.030671282460338	0.9334027005101354	0.5140998396451703
6.051184259554232	1.1754892608475613	0.9719665399089206	0.38468122318855624
6.183956258690641	1.3054403232276768	0.9936467277736827	0.261966053129432
0.033541516814976254	1.4266205750397971	0.9978524596329985	0.14357573138636476
0.16632824282990383	1.5418167505324816	0.9845118642443963	0.028977773990310134
0.2990401443704496	1.6525703166174408	0.9538856114774211	-0.08164306559534068
0.4315018388306396	1.7603198906012223	0.9066175256246407	-0.18811565198897628
0.5635524116206466	1.8669224373003728	0.8437121072443214	-0.29123585394121326
0.6950433594621243	1.9747305543950076	0.7664967470340687	-0.3922482128412432
0.8258703981343755	2.085748251762871	0.6765517236720782	-0.49167518661109944
0.9559334801741654	2.2026097004887206	0.5756773505901335	-0.5898748013300107
1.0850855452363444	2.327949466025386	0.4658892371218011	-0.6860941795749357
1.213096912117889	2.464034837789113	0.34941180484715684	-0.7780008838858571
1.3396382253358023	2.6122331638754646	0.22864840082567542	-0.8614634755945505
1.4642817526871195	2.7607889800539156	0.10611425909528782	-0.9264677740621869
1.5865391280479084	2.861807419832202	-0.01569100845980009	-0.9593940759114588
1.7059331238196602	2.9667210348498743	-0.13446280196699442	-0.9837917415666491
1.8221160760304382	3.071634649877153	-0.24831085796465555	-0.9971986073777318
1.9350236223781447	3.1749393714232057	-0.355964562974239	-0.9979453927503363
2.0450236590647446	3.275783650369674	-0.45648108776641416	-0.9889903007773655
2.153020420981063	3.408222175412432	-0.5491630911953375	-0.9627287968224816
2.2605787033092124	3.5394250405238297	-0.6351657488579431	-0.920081836916752
2.369627187598388	3.6673074280274265	-0.71506878308917	-0.8632507762790229
2.4505779452943397	3.7888992552980754	-0.7699576878444855	-0.7960820601699932
2.5367330986899486	3.9005293557438194	-0.8214526959977033	-0.7241264583223861
2.6270838963838496	4.066684499662882	-0.8687459990187736	-0.6007278670875419
2.7195693341633085	4.208197940697941	-0.9110099962688888	-0.4824793965321058
2.813670091267289	4.333385408639357	-0.9462987175100849	-0.3694669214635719
2.908685509435889	4.471109858474888	-0.9712767734380656	-0.23869182452065463
3.0037009276895414	4.592275193924136	-0.9885173861922844	-0.11964251790933907
3.097305684448761	4.754565731293807	-0.9979453927503361	0.042117599097159425
3.1871399987196067	4.898730866754489	-0.9979453927503364	0.1849857496140761
3.269205973604505	5.0354136974750485	-0.9898308592665224	0.3168929855714117
3.3894048230806657	5.168926959308093	-0.9674986350966158	0.44004236682374376
3.5205177266518586	5.301062553669523	-0.9271722679523975	0.5542123480409187
3.6412871213371982	5.432557297988913	-0.8760106514481477	0.6582367626152892
3.812161330545335	5.563698829763139	-0.7821782980930116	0.7506628769543281
3.9630027198194977	5.694579979037838	-0.6806945986627213	0.830054228458047
4.150161104040576	5.82521065150056	-0.5320751828268546	0.8951392684352528
4.310566004022212	5.955577611722161	-0.3903189804176702	0.9448899073085104
4.460239464406433	6.085687306746776	-0.24910578379846646	0.9785575773854054
4.60714511028373	6.215597900914437	-0.1049732621419387	0.9956726261350672
4.755880868512177	0.06224481439348579	0.043425762557322306	0.9960146927080284
4.910121013978765	0.19215730428937944	0.1960827158463075	0.9795777982440281
5.073515765274314	0.3222444516369674	0.3526260803936595	0.9465787519227262
5.250157828350089	0.4524481087754549	0.5120122684675883	0.8975355048120505
5.444833718106308	0.582550342952379	0.6673185013927335	0.8333551716316467
5.583307295844639	0.7122289341232869	0.7633649350541849	0.7553642001577241
5.743748560497883	0.8410988382317709	0.8568590328052264	0.6652861663165963
5.86771169835338	0.9687051565023507	0.9135671504921117	0.5652095509904222
5.977158658709902	1.0945021813301974	0.951685614569732	0.45754617269957876
6.089230142446885	1.2178685889487948	0.9792343571127768	0.3449368041317582
6.201646353690405	1.338195753304353	0.994779359709133	0.23005374380401872
0.030708364192525466	1.455048079704829	0.9980338560097979	0.11529896881972021
0.14189803801066406	1.5683612232647857	0.9891787098891661	0.0024651120164880212
0.24977619924248787	1.6785953288613111	0.9685709937183209	-0.10749391413582356
0.350401083216253	1.7868445313937027	0.9377124431758157	-0.21428235868146447
0.4379661255663317	1.8948789342372248	0.9038146978740778	-0.31801849114987796
0.5538683588791764	2.0051079505932403	0.8489914773484561	-0.4200066608386825
0.7000220149435188	2.12034774043625	0.7632716517654741	-0.5212424226112838
0.8153278137463624	2.2431347984069543	0.6843508211724505	-0.6215368964856345
0.9897968842083154	2.3762203331110126	0.5479225501955091	-0.7196523776315286
1.2008499970929571	2.522082671234072	0.36089727535157756	-0.812696123099222
1.364140614794456	2.6822941741031823	0.20477669986537939	-0.8958200938839178
1.5077076492420127	2.8567952440758244	0.06291863638427124	-0.9581235853909036
1.6421422761684477	2.995064601555006	-0.07122752205594934	-0.987413753784266
1.7723826207061302	3.125568993909786	-0.20001560279454025	-0.9979453927503363
1.9015397263907923	3.2560733862684454	-0.3243996046411094	-0.9915090669626454
