5.952536486367638	1.095716137171924	0.9439322801060045	0.4564706175127462
6.04806121432342	1.3749067386889124	0.9713699517860757	0.1942876946790221
6.133663180684494	1.4398088050719418	0.987722297861426	0.13045743438184554
6.227657364681136	1.4096399047730888	0.996444749393125	0.16044855602828437
0.010757900383575547	1.3540584772841942	0.9993112110741637	0.21459932439314977
0.034477002785814725	1.2957420008460532	0.9977925638955394	0.27141474188288334
0.03477408119354436	1.2450783105974104	0.9977735430541061	0.31941883043859015
0.020386567658316368	1.203440230413563	0.998694722804805	0.3584680882180977
0.03199615548484486	1.1721411869921061	0.9979514034540657	0.38782113258085377
0.09639807232075176	1.1489640165357053	0.9938279848000945	0.4092934213833608
0.15328121217908247	1.1316681285293069	0.9870042083987118	0.42461744011348057
0.25354546401080247	1.1275764581783772	0.9678509597686203	0.42824262738758456
0.34421867424101604	1.1231488926345825	0.9396592366557023	0.4321654151216889
0.4209845719032144	1.1179980425713276	0.9111776710528287	0.43672902716728934
0.47946403325702447	1.1112293373103848	0.8858217634605163	0.44272604600546506
0.5867467991675881	1.1020696801192942	0.8310674263996312	0.4508414291708638
0.6746235496527584	1.0899456218172476	0.7797243809299856	0.46158324806081585
0.7470010331128039	1.0744731722338976	0.7328393774723064	0.475291714901511
0.8070767442453969	1.0553570547078306	0.690454722564366	0.4922284424582721
0.8566984073015877	1.0322729836974094	0.653746058534521	0.5126807451327717
0.8994262511262869	1.0047237799021853	0.6219912669789162	0.5356883102450026
0.9342058152778041	0.971731374580358	0.59348557216265	0.5627292309782643
0.9615091320195094	0.9318103053535769	0.5711074879773441	0.595448957170348
1.0393763277517782	0.8846482989803455	0.5063872389944708	0.6330695410597993
1.104549404840612	0.8266273506576074	0.44864441285918577	0.6759917521969101
1.164233087243739	0.7526758561128415	0.3952375510193735	0.7291633157572656
1.2236854807230513	0.6551453345255759	0.3394815740787511	0.79234206449578
1.285323585579753	0.613619796215283	0.2815649884185112	0.8164173102747407
1.3513614296151253	0.5311419576451698	0.21722695038612969	0.8613810301991536
1.4311389675686512	0.4729626113272298	0.13908129846913198	0.8886406925315818
1.517784462525841	0.4940270417642861	0.052895257265606656	0.8795074389194246
1.6139671153049109	0.4822081086011568	-0.04308612615909545	0.8846319693132823
1.7221796935202183	0.4504865646515092	-0.15049013396517502	0.8983860039512969
1.8038951343498555	0.4117880320241027	-0.23085499174030036	0.915165167003466
1.9034999814210891	0.3730000544369149	-0.3262775509171214	0.9305961993296468
2.014719780728532	0.3460574808671584	-0.428789819382937	0.9390802104597834
2.134311449855772	0.3332679389366427	-0.533175208547588	0.9431075397647183
2.2600744797895653	0.3362991845796201	-0.6347718010606798	0.9421530236081004
2.39049909755322	0.36242396204670135	-0.7295790608275243	0.9339265302395583
2.5243539149934815	0.4114326052226116	-0.8140536474178394	0.915319275282267
2.6607681804303227	0.48210004211393215	-0.8852641463531301	0.8846788254880906
2.7991911692181635	0.5721539805017701	-0.9408689775187264	0.8390228653729719
2.9390773402109	0.6777689917341572	-0.9789805202296342	0.7776868126723974
3.0797885175111563	0.8752840328551996	-0.9979453927503361	0.639996952958203
3.2207355966651363	1.0672083740615212	-0.9960248679208782	0.4817282680997539
3.361682675821852	1.263428201978665	-0.9745256682681772	0.3022098324346298
3.5032026632328335	1.4689667397976638	-0.9336655892079577	0.10145411499492969
3.6469354674946333	1.6810927230205404	-0.8732408073898552	-0.10995760746050792
3.795286145132225	1.8962499148550054	-0.7922646107067787	-0.3193319059381852
3.950455405595386	2.057760534624269	-0.6894175672198042	-0.4677580864031949
4.11288932908928	2.2144884664580538	-0.5639260398303753	-0.5991556331545572
4.320963424808699	2.3563710310092367	-0.3808179599113109	-0.7058530230428706
4.5225235684142016	2.4817339666899336	-0.18845288711743635	-0.7885796682200634
4.731898811321844	2.5917304268196886	0.01951937715874342	-0.8514093141055417
4.940062138389056	2.689142088803683	0.22525315938788862	-0.8991781840781435
5.147304793644967	2.745024086656982	0.4208853006190522	-0.9205557820059824
5.354568560801487	2.7994701232106842	0.5980664315336293	-0.9409735880445514
5.485287354998959	2.853916159763392	0.6972449261438765	-0.9573937926811866
5.622756242865396	2.905651695447216	0.7889193468553498	-0.9705077597200544
5.760686548569662	2.9459395472859495	0.8660929672165302	-0.9807199582427256
5.897093018386349	2.961014708175489	0.9263064955279493	-0.9830625325314081
6.031875546911911	2.9972840665298675	0.968278041094946	-0.9876973782602945
6.165691927214697	3.0701349441838213	0.9924773295816675	-0.9970069606312023
0.009289998873007943	3.1251990633916673	0.999405195426932	-0.9979453927503363
0.13604659603013466	3.169540554807849	0.9902964973463122	-0.9979453927503363
0.26223622510271904	3.1963414491899567	0.9654748852300433	-0.9979453927503363
0.3867694319746773	3.211960692319944	0.9260128953555488	-0.9971462091789265
0.5083027412202428	3.219968137031039	0.8733176877171887	-0.9961229412579479
0.6255191726768874	3.222313048460865	0.8099302315664414	-0.9958232860333103
0.737198994536328	3.276848216818089	0.7391889849825493	-0.9888542602880814
0.8421168390726324	3.3263675417827	0.6645330788836546	-0.9825262070160315
0.9389156360918551	3.3766054717276606	0.5896253537257614	-0.970743025428012
1.0261004549284676	3.4312864356856414	0.5181495563572938	-0.9568824487562856
1.102028824030597	3.486806167279881	0.45087762733936504	-0.9398144385139924
1.1666267807756687	3.544631890310789	0.39299268393230435	-0.9181292163817891
1.2184389125363715	3.603242506521196	0.3444019400676447	-0.8946670240147295
1.2569014269670322	3.7491483127380567	0.3083308091648913	-0.8198412322049718
1.2850722169265818	3.8838898651719016	0.28180988687339126	-0.7356943325679992
1.3020322962094475	4.009263605720909	0.2652863579503582	-0.6455905793647584
1.3106934333729743	4.128243303117499	0.25684815739474676	-0.550805193510402
1.2938231676839942	4.242436279387701	0.2732841845147812	-0.4525749883390119
1.2781274130731821	4.352498848636628	0.288424535882752	-0.35200132214906255
1.264339214695047	4.4586226572709045	0.30135546138184977	-0.2506547031443005
1.2548465172777215	4.561224184925628	0.31025795608946616	-0.150274512186906
1.230730999524546	4.661448238890081	0.33287410613942336	-0.05084676767232259
1.217729433764119	4.7358856746098175	0.3450673074271495	0.023501462610425915
1.2134239718687938	4.814421377245545	0.3491050798380787	0.10165584942176042
1.217363917353495	4.894220541789392	0.34541009807643197	0.18059151986018837
1.229364605057263	4.9767297711876175	0.3341555458586859	0.2609769718171318
1.249368329488078	5.064285981260075	0.31539554087286176	0.34397015260760844
1.2774106244477241	5.16184069139611	0.2890967586097688	0.4337639900113067
1.3136299318909745	5.190297489848129	0.2539872439883077	0.4589764863177507
1.3583237107234198	5.250041345137137	0.21044387753932908	0.5119090652705998
1.4119248670694933	5.326061942532992	0.15819351264861473	0.5747021088220106
1.4750195831636315	5.414931367368942	0.09543336794979451	0.6451976114564657
1.548666965605818	5.517529499761432	0.022135768179197265	0.7207551060111218
1.6335492938386451	5.6347582010626835	-0.06264483751161384	0.7966940279395488
1.7306059839945875	5.767726580609775	-0.15880271670940713	0.8699309197429101
1.8412438968320222	5.857666394491878	-0.26663552454496203	0.9092116418989677
1.966927043832152	5.96032472470437	-0.3851174719198375	0.9463847370163259
2.109499760073351	6.0695047611437865	-0.5119722048186728	0.9754662630461527
2.271328896911704	6.180439942121285	-0.6435648316552316	0.9934215909136682
2.3752180309250135	0.006967260209071324	-0.7189555711040915	0.9995539118690152
2.502603150441377	0.11470394142265913	-0.8010531970233485	0.9926559271061552
2.6476599960991627	0.22134227484265676	-0.8788361361935768	0.9740026606744883
2.8051015324017263	0.3615035074868096	-0.9430854225850345	0.9342163743671317
2.933859167423836	0.5050913546663078	-0.9776578134087195	0.8747101017172445
3.050101051115442	0.6549091899316977	-0.994446838039187	0.7924950352757962
3.1663429348215515	0.8134280818907367	-0.9979453927503363	0.6857561875817946
3.2821134270257253	0.9824077379979446	-0.9881814213366968	0.5539787717717191
3.3988762096357923	1.1623857273795515	-0.9650978200774116	0.3969700524034349
3.519093647295614	1.3520659402528332	-0.9277063118960858	0.21654057376579677
3.6597899080630447	1.550182094846276	-0.8669372284591942	0.020622454661764843
3.816188715240194	1.7504578833383915	-0.7797711268499216	-0.1783867265922245
3.981003109921152	1.9465228867203253	-0.667670390472492	-0.3664724330091894
4.156390159426765	2.1335911863920987	-0.5267520998067468	-0.5325597023470838
4.342400988178648	2.309896335696871	-0.361228608535924	-0.6735435344408608
4.540002486604468	2.4108834572808546	-0.17120983643241586	-0.7437503907061312
4.742967516232367	2.508076299484839	0.030574817390696517	-0.8043245028420813
4.945326064605556	2.597592228623243	0.23038159278943088	-0.8542838328485355
5.140395255685577	2.6800073162546822	0.41476350513408	-0.8946986612650105
5.324207766288751	2.758139769460912	0.5731824065645685	-0.9254742937013178
5.495448991040872	2.8351637751062433	0.7047622091304173	-0.952640422467782
5.656049140149937	2.912187780756532	0.8090487089361514	-0.9721645321140514
5.8078780882189065	2.9864077059355636	0.8876241022087964	-0.9863074928106047
5.953734807018433	3.0511042910170114	0.9443096221484228	-0.9945750416353853
6.081971107744284	3.097240569583508	0.9778476804664807	-0.9979453927503363
6.209050871232225	3.130402735267628	0.9952534438242593	-0.9979453927503361
0.05284210363548376	3.1407134138124966	0.9966167138099193	-0.9979453927503363
0.17956362462099434	3.1320413890576684	0.981983539806446	-0.9979453927503362
0.304417971297306	3.105017665137145	0.9521921747541151	-0.9979453927503361
0.4245271005693935	3.1453311429677107	0.9096416782884749	-0.9979453927503363
0.5440621146857381	3.174774052536708	0.854337461494844	-0.9979453927503363
0.6508230600994422	3.185783853111509	0.7951419663675573	-0.9979453927503363
0.8084611000096991	3.183445373267108	0.6894306164075046	-0.9979453927503364
0.9435966141328307	3.245979336051462	0.5857887751275828	-0.9927989813051665
1.0602600406988443	3.3072550106584955	0.48788443600240156	-0.984968589160863
1.162253464885548	3.3668450223977078	0.3970940915570197	-0.9732171123221691
1.2510351794828174	3.4308096013236393	0.3138323262664976	-0.9570033171308687
1.3267651625864594	3.5021851019247303	0.2411901125193042	-0.9340471848343118
1.3891042191367684	3.577946176462763	0.18045565563594132	-0.90563602723489
1.4378395720061046	3.6579815400996476	0.13241622522533306	-0.8678240185246417
1.4735234624238713	3.793362057434343	0.0969215552327701	-0.7934146395533986
1.4963669206893164	3.923284287649707	0.07419922862745254	-0.7083070923618056
1.5088605590427	4.0488216435048745	0.06177184010092061	-0.6146840443820966
1.5123655048369407	4.17077968404976	0.05828547992965262	-0.5144554304982804
1.509322561809808	4.289434884544832	0.06131228718888759	-0.40962830756713275
1.5030501263154803	4.404630322109318	0.06755146193453003	-0.3023799650019556
1.4780963209243505	4.515994561915843	0.092372945159795	-0.19489378859363413
1.4617324627513777	4.623172191660558	0.1086500309499022	-0.08907694508531776
1.4512837976449808	4.726046035409418	0.1190432900781084	0.013673615182622778
1.448536642597913	4.824910372041529	0.12177587782772019	0.11208922438391954
1.45517427032475	4.920643441616326	0.11517344734888799	0.2063342974875214
1.4724766399144875	5.014772825296912	0.09796282677228994	0.2975354471133687
1.5013746193977862	5.1083597298726975	0.06921808416707112	0.38530364260725436
1.5425175484252711	5.203491173882403	0.02827781593008148	0.4706659850694598
1.596420873584408	5.302569498688605	-0.02556091176368841	0.5554474559517516
1.6635424410058515	5.408243155381436	-0.09260204104677774	0.6402498666271218
1.7444179666129993	5.521517431788926	-0.17242831491619545	0.7233384260985251
1.839767611834238	5.644132527481078	-0.26522122698108785	0.8025522337159042
1.9509310676674114	5.776897386033735	-0.3705005682971675	0.8741912865917115
2.079051681103445	5.883770634576601	-0.4859525851313988	0.9205300891628917
2.2257025812504714	5.998753509269216	-0.6079171757018453	0.9584856684704667
2.3089266908812323	6.117460497384663	-0.6728694315143474	0.9846271366644206
2.414694449649511	6.237011574979908	-0.7463998155957374	0.9970436651884018
2.5343111673551735	0.07296573353431364	-0.8200051055876661	0.9953282715556016
2.6623825208025536	0.1920728611071793	-0.8860557888912205	0.9795939292302396
2.7961785308563036	0.31241965718795534	-0.9397392081244724	0.9496725048354133
2.933279795778741	0.4567214754216801	-0.9775109537974948	0.895682630533093
3.072002344422335	0.6024951580115565	-0.9972455949057608	0.8224820317214305
3.2111618197879674	0.7731596600297013	-0.9972482967567264	0.715545595635993
3.3503212951415224	0.9399889386026898	-0.9774055605856826	0.5887456637536244
3.4902268067965347	1.1120720334492424	-0.9385316646226365	0.4419794239522419
3.6330651952656434	1.292882680112299	-0.8800425313015166	0.27420046405177356
3.782201125286601	1.4783216719327483	-0.8000855381507981	0.09214878911677593
3.9414196899622307	1.664647077380637	-0.695699251248032	-0.09370535363105958
4.1141174740752815	1.8456520224219886	-0.5628765199086696	-0.270858558235949
4.302254622084546	2.0166086397725524	-0.39791380723554487	-0.430515832870261
4.50521758636384	2.1760967774490765	-0.20552533533191505	-0.5688831536550786
4.722312645824942	2.3248720000031553	0.009944699672865931	-0.6839547066273448
4.945437376538776	2.4663483331144156	0.23049003956714725	-0.7793836620011934
5.166636087566501	2.5598031371336716	0.4380126727448116	-0.8352416775145667
5.378842118931497	2.6555295444794296	0.6179612938483081	-0.8826952165712613
5.547409803635058	2.751197791465342	0.7401111002162094	-0.9228709828047061
5.706159082717341	2.848545883383387	0.8363667068625132	-0.9560325305137781
5.855317423708459	2.948270867702099	0.9081931597730625	-0.9813109032999348
5.997776584011027	3.0479958520064776	0.9581780421502739	-0.9941778155490921
6.13655290737321	3.1419599168189527	0.9882743156816445	-0.9979453927503362
6.274330668345278	3.222607659789524	0.9994330699342908	-0.9957856377781363
0.1290932515292013	3.28323367672408	0.9916247786988782	-0.988038265108815
0.2663868680084313	3.318945366967245	0.9641678794045564	-0.9834746835483799
0.40049680998383436	3.325361923001505	0.9200608889548905	-0.9826547146082356
0.5580413809125658	3.310005574360765	0.846716507523826	-0.9846170958065298
0.7049583420757158	3.2760331008373487	0.7600739761404427	-0.9889584236092235
0.8405278800960075	3.3160272766230725	0.6657085445500124	-0.9838475850603406
0.9664536157665565	3.346643295877534	0.5670549373443551	-0.9783378629283451
1.0841943333216115	3.368580514388172	0.46667884376523106	-0.972777198354751
1.1941187709836492	3.3914109281038978	0.36720999155640605	-0.9669901259103584
1.2957709092349312	3.421789548461921	0.27138657759238816	-0.9592897277063837
1.3882110926526174	3.4642722872427387	0.18132579315397193	-0.9482648679854003
1.4703425590617052	3.521710163780621	0.10008559126685979	-0.9267250921513774
1.5412009682462362	3.595124408795456	0.029592818326256667	-0.8986479883755416
1.6003340809136433	3.6839035965170193	-0.029469429525551278	-0.8551123234646875
1.6482089484919833	3.7858937984555037	-0.07728692411082981	-0.7978784242702543
1.6842954591706374	3.8974321902607936	-0.1131171246094367	-0.7262796264539851
1.7107390464680734	4.0156544568481385	-0.13920387157512515	-0.6405974332180411
1.727872032289418	4.137857703908391	-0.15610565804081708	-0.5425891398031297
1.7401498465990983	4.262013326855686	-0.16821779061896364	-0.43468575087648453
1.7488377311942422	4.386969170454338	-0.17678843742839243	-0.3192995461115261
1.7562085484809338	4.512361631134023	-0.1840597899618245	-0.19847769515605396
1.765066287482241	4.638562072569296	-0.19279799909419948	-0.07370550733006018
1.7784307369303278	4.766754266910872	-0.205982103322062	0.05424150275103075
1.7991789996112424	4.8991485895405615	-0.22633688183487247	0.18539272026688733
1.8297569459470708	5.039268444343111	-0.2556308969308399	0.32050806588878183
1.8719724437198402	5.192236637665213	-0.2960738166566254	0.4606945558067803
1.9269266155043667	5.256671268651096	-0.3485656291494318	0.5177831245886054
1.9948680777575867	5.351390337571472	-0.4106496054889083	0.5954615265078484
2.076896336924814	5.461097579714649	-0.4841107206289259	0.6793500334865378
2.1712630620454076	5.579908320061942	-0.5647524682149794	0.7611631316243614
2.276290181057397	5.704637465392444	-0.6474410628991873	0.83553718009005
2.390302668418033	5.833537955063448	-0.7294425021075206	0.8987498752148918
2.5115950188133978	5.965333685792753	-0.806427644364922	0.9479620206976427
2.6384105598230283	6.098863956324432	-0.8743003844181156	0.9810746823441698
2.7689691728068473	6.23310122408878	-0.9295354278265289	0.9967932997551937
2.9018252724134745	0.08421608110719629	-0.9695378347955709	0.9946079530414198
3.0358042927474207	0.2186813634854758	-0.9926198614268217	0.9745109684300008
3.1700654261907664	0.35435643771647846	-0.9979453927503363	0.9364669321812307
3.3043265596329183	0.4929518715474252	-0.9853428146598513	0.8799736182588647
3.4390742179998517	0.6360529585765483	-0.9549083951541623	0.8041876198885972
3.5756668510748595	0.7844486228339093	-0.906490796959461	0.7071943490774925
3.7161940242429408	0.9380226152845054	-0.8392776973841605	0.5903572829267136
3.8631622548523756	1.0955516790539506	-0.7501042923292081	0.4566163260926822
4.019044573224302	1.2548756584202352	-0.6379487489999968	0.3102306267798298
4.186027689012135	1.4142987203011714	-0.5014251407876297	0.1558322472125107
4.3652781655821284	1.5709340100093094	-0.34007977174194054	-0.0001045915137417204
4.555198313468142	1.7229346452975378	-0.15621906812748523	-0.1512348981215927
4.825900245073533	1.8346756287567623	0.11307384843119034	-0.26034305015711945
5.083343320262876	1.9437193770803092	0.3618426131059319	-0.3639106243523555
5.332724365395154	2.043079233376033	0.5801627003354154	-0.454704298241309
5.57031768887937	2.1297851221080704	0.7549504705223152	-0.5293072033873427
5.74280530470979	2.2039958155136246	0.8563448063195642	-0.5909577673947366
5.906126893307305	2.2693970590733086	0.9293182528658246	-0.6420554945627482
6.062503472753948	2.3327330475811214	0.9741288230831378	-0.6894197543358465
6.215921807106258	2.336508797686771	0.9956933646611721	-0.6920446785915642
0.08628070388956645	2.3563240296994428	0.9944757628130463	-0.7058203474487035
0.2404929942963773	2.3910915050994737	0.9703443429347034	-0.729990906128172
0.39354961758475226	2.4398875338310395	0.9230730981035246	-0.7635680198586822
0.5423190140968356	2.5018703501343067	0.8552877323559416	-0.8006152016591713
0.6845159714666157	2.575921436986987	0.773316224570093	-0.8436568790855893
0.8198812267753642	2.660788445826479	0.6809823385627187	-0.8852740841270497
0.9493749810792974	2.7549770336387303	0.5810527650960944	-0.9242882362643389
1.0738133885653651	2.85481913570442	0.47587627796590404	-0.9576226797811462
1.1933410669470161	2.9587516939071667	0.36793934231582043	-0.9827733429098697
1.3075487830297972	3.062684252316049	0.2599118648239218	-0.9960548399169845
1.4156374940676946	3.1637386009162425	0.15450057254136054	-0.9979453927503363
1.5166149238831528	3.2611488902255266	0.054058594213449634	-0.9908604704915533
1.6095215314395999	3.355654661292607	-0.03864586985843703	-0.9760536544541026
1.6936857738207456	3.453103707565915	-0.12238072260203287	-0.951352188355302
1.7690089333939367	3.5532594365844856	-0.19668744136679486	-0.9148938005911216
1.8362686046062846	3.6572054185732723	-0.2618691388640233	-0.8682046141075652
1.8949251392120265	3.761495759621723	-0.31806275603328404	-0.8124611527449982
1.9470739790712726	3.8607922715824072	-0.366976013640845	-0.7517519189985887
1.995993010355103	4.028107993631113	-0.4116775534672342	-0.6308675352806647
2.041845528052323	4.177249289513827	-0.45357695523768604	-0.5089267837200024
2.0893448620272776	4.315633408603811	-0.49474869516760633	-0.3856884556142144
2.139266167113756	4.4484855421838985	-0.5374092969719557	-0.2603661729443625
2.19299015772821	4.578567941417222	-0.5823590914642033	-0.13316479927459618
2.254877780990795	4.70730123755063	-0.630711641300085	-0.005048719007608008
2.3253732135917735	4.835425050240917	-0.6843031533383945	0.12254814655848847
2.40474435396679	4.963339290179564	-0.7394824490398294	0.2479311601472877
2.49379526003706	5.091250112095156	-0.795788713468891	0.36925780494725463
2.591155412799174	5.219209948990566	-0.8511273379086578	0.48459269435914315
2.6952191777599195	5.347124800304868	-0.9018784450684111	0.5919654475167626
2.782803092535821	5.474765836834389	-0.934723285523034	0.6894614128232984
2.872526407696209	5.601807684311306	-0.9621111339583239	0.7753491977801323
2.9622497228040734	5.7279014693174615	-0.9832203545204401	0.8482198130850419
3.0499750288107697	5.852771563598128	-0.9944307337029908	0.9070893090841864
3.132736187308807	5.976329174370508	-0.9979453927503363	0.9514244162714524
3.2054146354907287	6.098771032222667	-0.9979453927503364	0.981056931267467
3.3183544745352576	6.2205759852665095	-0.9835501934385155	0.9959913546277406
3.4255462268142045	0.059081358742285504	-0.958337481722336	0.9962172371769517
3.5496875929470404	0.18160690181638986	-0.9162332775339017	0.9815932172794373
3.7205392172226004	0.30283823825864686	-0.8369409128248858	0.952689620651328
3.871178012777448	0.470705940729096	-0.7445316890539008	0.8896191545390614
4.065240002809651	0.6305089773107245	-0.601856446638695	0.8072099835346908
4.278904038156202	0.779703776352714	-0.41925125055869916	0.710704448590968
4.50848498450011	0.9213983226895363	-0.20230202877148865	0.6039827271440136
4.758331688887547	1.0573574647153903	0.04586358700461106	0.4904560951574325
4.968049282327143	1.1887777871168046	0.2525199176748775	0.3722189029877624
5.201001179568677	1.3156632059656301	0.46845986998087247	0.2520063061388622
5.369102884952784	1.4372794863692482	0.6099789157387969	0.1329733409045667
5.546016214224745	1.5523753230631412	0.7392083547600599	0.018431854798222146
5.717710622275191	1.6594844724916582	0.8426641583765149	-0.08854893558101022
5.880098227279045	1.7575557742214114	0.918937782771511	-0.18538883569991582
6.017600810399528	1.8466756526690622	0.9644205399907617	-0.2718392074784172
6.15123831138447	1.9285086493953214	0.9910796345178443	-0.35001127002021876
0.001072273227715411	2.0061086802996995	0.99993134627591	-0.42092111391869513
0.127698328442032	2.0808747142229853	0.9918239441394194	-0.48751047088486876
0.25081038740659045	2.156642316529509	0.968373435140109	-0.5522582074688711
0.3648404199002423	2.237584436574749	0.9331656060735032	-0.6172004212269193
0.4622892240008222	2.3247153176304733	0.8932685296641432	-0.68384578009646
0.6103002387040265	2.421203848138979	0.8182270043307049	-0.7509251887022814
0.7798423794362096	2.5279607666978725	0.7106019140584238	-0.8162094657363583
0.977321384716929	2.645803702086453	0.558147600159697	-0.877925844083597
1.129714716766911	2.740333913155289	0.4263481473442117	-0.9187969202245495
1.2504495499931623	2.8428928798155892	0.3143815445975026	-0.9545996024213398
1.4130560601509985	2.9489187665472967	0.1570683179275283	-0.981475133243399
1.550833664360566	3.0549446533343767	0.019971665985002073	-0.9950657998867474
1.6751972783987399	3.1588225985747362	-0.10414171832378516	-0.9979453927503363
1.792397085538481	3.259472981511805	-0.21975998444225375	-0.9910746341463912
1.9066885961874278	3.380274189478942	-0.32933227957922595	-0.9698130757709864
2.0221869135511015	3.514537655304209	-0.43561318293893936	-0.9294148542745935
2.1436511257758952	3.6487031136524406	-0.5411564941874534	-0.8723739865416107
2.21424016794912	3.7824805906055117	-0.5989616385334285	-0.7999185014929934
2.3033050786631777	3.915631212020961	-0.6685476931740723	-0.7136275567163399
2.409472009054872	4.048067309032802	-0.7427691433829761	-0.6152734028552613
2.5337868767329383	4.179838073462842	-0.819691736638711	-0.5067145202181745
2.6114057042403815	4.3110770134357415	-0.8610577047565336	-0.38985202702445954
2.704391276581758	4.441950239539195	-0.9053180734888595	-0.2666270660804833
2.8109493781903567	4.572621130674768	-0.945278423005514	-0.13903136137701883
2.9092962886045357	4.703231106982989	-0.97143159425474	-0.009113971951881215
3.0076431989645784	4.833889794315037	-0.9890211673455842	0.12102103161095155
3.100256460097859	4.964673740422955	-0.9979453927503361	0.24923126180514343
3.184181336632824	5.095626851528826	-0.9979453927503363	0.373362423258774
3.2593854665674855	5.226799745090221	-0.991085817643544	0.49131719312705124
3.326868445710281	5.358243393454646	-0.9824621967182301	0.6010783628406301
3.3941993761923244	5.490019743947598	-0.9662833077468298	0.7007458099368569
3.4648282955585885	5.622201654800683	-0.9480563593286194	0.788560093368096
3.5351711395200653	5.754859441655483	-0.9216770921657997	0.8629162544437281
3.6041543614398663	5.88803321660919	-0.8942198672969742	0.9223782873784852
3.7091212768192734	6.021697307604305	-0.8427460413703839	0.9657104957475835
3.8000204672716777	6.1557353788896405	-0.7894349023543179	0.9918398482905856
3.9526569123662783	0.006773674618883004	-0.6878870664291414	0.9995663064447196
4.077958526702267	0.13480054711416634	-0.5919195153439307	0.990534527195005
4.263197273543141	0.263082601393562	-0.43360387663219474	0.9652083677849596
4.408801908636263	0.39205619244964274	-0.29838353838283804	0.923720627147829
4.623707984783009	0.5218496648587229	-0.08854179405456603	0.8664468279643347
4.8077299943645775	0.6523957587237975	0.09499994883543916	0.7941231967597209
4.981472704475045	0.7834877171652993	0.2655978225836724	0.707905199161526
5.152959863701908	0.9149458783718446	0.4258956475547316	0.6092712180445256
5.32370608745861	1.0467234268850931	0.5727712253443127	0.49987776780170445
5.492536937535681	1.1790062496277458	0.7026079565887818	0.38138290105461853
5.6573186716973884	1.312390417395298	0.8097408083161112	0.2551948535329471
5.815291373623139	1.4482553283581	0.8908384030131061	0.12205570034677492
5.966771318971822	1.589451027944071	0.9484147204317902	-0.01859941875022612
6.110586162761016	1.7413282728159118	0.9833139483863678	-0.169380314681602
6.253062796721884	1.9129975900964014	0.9980713660768479	-0.3353763664116136
0.1124419847622263	2.043107758242981	0.9928007518993655	-0.45473036387348637
0.254395351674367	2.1128967564599805	0.9676886076896838	-0.5148751319342556
0.3932214380169924	2.113829208355915	0.9232153923483957	-0.5156719652495159
0.5253918569989565	2.1615737573425293	0.8645157621401917	-0.5564724048437503
0.6817110764921906	2.2451412839015163	0.7751331917301483	-0.6231045554900714
0.8226012956927832	2.3510171971609695	0.6789701106389088	-0.702131005447381
0.983676580631004	2.4248525274219745	0.5529388150686882	-0.7534617725553653
1.12925971376996	2.518702478564434	0.4267512763679981	-0.8106757790777428
1.2666698698546368	2.6254862426658137	0.29916971329451914	-0.8679625393060068
1.3998800612701585	2.7407944032229907	0.16995718235692822	-0.9189696085868282
1.5313800706225733	2.8619266017595906	0.039371742393992167	-0.9594242862465167
1.6632758950035635	2.9859119726672803	-0.09233581447183686	-0.9862441432691345
1.787666269164694	3.110715179920723	-0.21509300759467298	-0.9979453927503362
1.91838425664003	3.2355173106681137	-0.3405368532969316	-0.9941359190361774
1.9834740785536893	3.3607397935297727	-0.40023792529353175	-0.9747646708635196
2.0640515760308262	3.4873741166078873	-0.47313414001226833	-0.9396014518587098
2.151340729052889	3.615951791916173	-0.5477276986634778	-0.8884346264853957
2.241856374648903	3.746250625528296	-0.6205380691722915	-0.821573182304427
2.335805460230168	3.8776103061271017	-0.6915557141479083	-0.7400599199057956
2.434735434394169	4.0093788260248635	-0.7603324291143095	-0.6455005582071283
2.539281676504166	4.141135863108267	-0.8229759831157659	-0.5397877658399506
2.6504684135594574	4.272703079856952	-0.8802133319600514	-0.42491760120181377
2.768299245394522	4.404056643021575	-0.9292841983738342	-0.3029295559938425
2.865949518290981	4.535225727510535	-0.9604440185078233	-0.17592213603072215
2.966363296937969	4.666282977750611	-0.9837460263925106	-0.04601782273777371
3.0667770755577224	4.797297759245402	-0.9965778600414491	0.08462303257140999
3.165498324698673	4.92831925929834	-0.9979453927503363	0.21381254056418136
3.2620485816221803	5.059372875103164	-0.9907454993143312	0.3393625158488482
3.3565120939763404	5.1904648486949645	-0.9758363116972548	0.4591247649203067
3.4665935455920107	5.321585914847083	-0.9473943729826264	0.5710335096800596
3.5773994248461336	5.4527123371430966	-0.9058410645372581	0.6731468747568652
3.69046871112929	5.583804366787041	-0.8518929131817551	0.7636869298478575
3.8042817169909413	5.714804807752933	-0.7868879497880706	0.8410800209573459
3.9162788513948414	5.845642854373145	-0.7131773139158664	0.9039983966821804
4.0229368340189335	5.976256716324406	-0.6349077413780341	0.9514015997848239
4.194919695775885	6.106662763630779	-0.4938264139688329	0.982564470505232
4.3508006693581915	6.236913435295363	-0.3535530950819105	0.9970373816641555
4.499398120906966	0.08392053542108466	-0.2112662705969187	0.9946268757483063
4.646306588826013	0.2141689577072142	-0.06597027206146763	0.9753729628917553
4.795258289861442	0.34453715045464006	0.08259437785085981	0.9395589509226385
4.936076459182486	0.47496588100899684	0.22137007107507461	0.8877721017518883
5.0834925799378095	0.605257884396272	0.3619825926510222	0.8209759004073256
5.235727329310832	0.7351175283328203	0.499226961492847	0.7405373262826771
5.3908851629428565	0.8641806918473861	0.6274089283470228	0.6482108819069987
5.546747450114401	0.9920028896152345	0.739682037949581	0.5461144850737405
5.701041257615691	1.1180309155678414	0.8335766670350617	0.43669990195474717
5.852340302456282	1.2416026482644738	0.9069023200557711	0.32267839557209543
6.000078529346679	1.3620551733592363	0.9589029071969656	0.20680846229392863
6.145321174497786	1.4789628928556608	0.9899492975143911	0.09151096838633858
0.006517045069264488	1.5924062342727991	0.9995827374940429	-0.02155108357501347
0.15103276925581183	1.703272778051881	0.9874337232612199	-0.1318383559678684
0.2950380226990799	1.8134427723703495	0.9551458490978605	-0.24000173590785975
0.43671755423785724	1.9259085181285072	0.9043560616023734	-0.3476353057313315
0.5738984031150719	2.044919967960125	0.8380718737954266	-0.45638633625721325
