0.31564266863810087	0.6072449761579118	0.948657603087264	0.8198926150183841
0.46145075217983145	0.8483806752543944	0.8936320797639495	0.6598992749405277
0.5333288541504915	1.0408909227171947	0.8601888190103822	0.505045319943538
0.5143822602956675	1.2707094551108078	0.8705177674209994	0.29538128680381576
0.4627573096647992	1.416198292645929	0.8930655740184117	0.15394274770125244
0.4088740702044515	1.5400602423012821	0.9164286216406348	0.030732177231153276
0.3702277462378424	1.6526867413772433	0.931469178058134	-0.08175935083231467
0.3481148226917608	1.7582531166036761	0.9384323691949825	-0.18607676786547164
0.3449354887864929	1.8601595584580362	0.9394335172170478	-0.28475694025865905
0.3551119114452746	1.9624601044600951	0.9362290392603099	-0.38103564398903644
0.42693260378795483	2.0580428517845686	0.9085986844593452	-0.46799934251493347
0.5033945719539187	2.1643205186093635	0.8754458038708479	-0.5588196689718221
0.5819382692346861	2.2856207627489464	0.8336888504924481	-0.6547310086501201
0.6923151819358435	2.3420902838078255	0.7682640178293215	-0.6959249614207127
0.7915696824006506	2.426261249511971	0.7019263961901414	-0.7544411246523338
0.9586079906621295	2.529857890901077	0.5734852938000979	-0.8173433784793732
1.1002835932356396	2.649681226706119	0.45242388789449905	-0.8798273101462828
1.2219052578879974	2.7476228568893335	0.3411511126377828	-0.9215303467291762
1.3257954247529107	2.8544932507702163	0.24213488941999883	-0.957540074194307
1.485383525376542	2.964981387306189	0.08512438245627071	-0.9835694327541016
1.619536631178104	3.0732154843313504	-0.04864896755334569	-0.9974006215337728
1.7391213093311995	3.179591609242717	-0.16720313284387953	-0.9979453927503363
1.8495362879926285	3.2835607735375323	-0.2745797281606195	-0.9879964655474898
1.9538603340251801	3.4143360186983327	-0.37317729171783715	-0.9611790546912298
2.0545351894933215	3.5458844938055014	-0.46500184507347425	-0.9176594775942275
2.1541345269639667	3.678296654037228	-0.550115158286175	-0.8578618639283848
2.2556772721730804	3.8113245255985606	-0.6313362805283644	-0.7826784571184262
2.362509562657941	3.9446589215008077	-0.7101205672839646	-0.6934473179374099
2.4672165223519853	4.07818027597669	-0.7799025794437973	-0.5917462635323834
2.543922221952421	4.2120620619550735	-0.8257496410604741	-0.479177284578328
2.632508611259173	4.346794130208823	-0.8714061784494493	-0.3572142156039489
2.729776411911761	4.483196694874017	-0.9148377520961277	-0.22711249986457985
2.8338753769906044	4.6225377019397556	-0.9523138382312779	-0.08971067443692872
2.9413646961459197	4.766757529002491	-0.97956032113324	0.05424474754480598
3.048854015296588	4.918790095686713	-0.9942874798674126	0.20452865645474172
3.153900347864667	5.08303275362268	-0.9979453927503363	0.3615513557583987
3.255743172321927	5.265960279759322	-0.9915512648610667	0.5254421569286329
3.3550154240268455	5.401135944448553	-0.9762156888531364	0.6349921585565758
3.4566367165772203	5.468560408439236	-0.9504566382636699	0.6848708172630292
3.5614026109056054	5.567486064928242	-0.9118400291074453	0.7531161887485817
3.671032683483385	5.682104114510926	-0.8614239801863781	0.8232528708069715
3.784571474641813	5.804343647152018	-0.7986687783336326	0.8860916161186748
3.92065508005154	5.930055601706003	-0.7101349333482679	0.9368532208175212
4.057151777382327	6.057204055386181	-0.6081757444633861	0.9731164876137639
4.19502983528336	6.184781954478794	-0.49373229347933145	0.9936995940482076
4.335527726645447	0.029201311431893837	-0.3675093006530863	0.9981303470735894
4.480250737933906	0.1568690156832193	-0.22993475961112736	0.9863188385755173
4.631311887334578	0.2848782622016228	-0.08094700398038643	0.9583450802669535
4.791475018908327	0.41347654646475074	0.0788311683913212	0.9144330498612385
4.964267069650103	0.5426734899897798	0.2488350586880881	0.8550944858421311
5.1540871556090195	0.6722280529640698	0.4268944191871852	0.7812761462741623
5.366312059323401	0.8017573273758012	0.6076915258413842	0.6943898725507652
5.533825390755038	0.9308254813463523	0.7313113297019187	0.5962561292348216
5.729570524733774	1.0589721040831994	0.8491297173887731	0.48902553756446343
5.889515542299402	1.1857259966956375	0.9230210038528268	0.3750809501887622
6.020045307701504	1.310661847160621	0.9651902935654846	0.2568789305818695
6.134766698014667	1.4336625641293723	0.9879331002302293	0.13657108374566776
6.250014819729275	1.5553044912227107	0.9978762152831189	0.01550619693858647
0.08198851212873379	1.6773509361959371	0.99475057611741	-0.1062663138022365
0.1968866960192128	1.80331825209927	0.9786743534567213	-0.23030233208253115
0.3106976892128148	1.9388996373383909	0.9502147394303753	-0.35950641228249375
0.4215255010668313	1.9776596379799416	0.9109431314457745	-0.3949247692466034
0.5262118241839964	2.0482012322161203	0.864068747821018	-0.4593847105293702
0.69306639749887	2.1346511618147423	0.7677773921194153	-0.5334655117875514
0.8470908982846896	2.2306719233359575	0.6608534144541653	-0.6117997025815822
0.9900894128291424	2.3353749207326273	0.5476827906759822	-0.6912564004914118
1.1256288299048804	2.4478041692626493	0.4299682104933108	-0.7682997995611088
1.2560524629436711	2.567879960040196	0.30912698936453975	-0.8397134881318237
1.382590130410504	2.694913513746321	0.18680207251763453	-0.9017638180186264
1.5057217214027083	2.8274200158136273	0.06489403347410361	-0.9506775278581482
1.6255038229812706	2.9450393442459943	-0.05460900830479683	-0.9804917740200588
1.7418757496630766	3.0639341156144666	-0.16992040365746286	-0.9962145594111581
1.8549321092852542	3.1828288869739434	-0.27974898539801984	-0.9979453927503363
1.9651636957440635	3.301753767497661	-0.38350614862256827	-0.9856715906619768
2.0737341696547253	3.42098917745967	-0.4814084683838312	-0.9594926064202822
2.1824927307885065	3.5398777966240274	-0.5741574942385846	-0.9199120488693247
2.29392142970574	3.656262268839137	-0.6612162861828583	-0.868667117221638
2.410958212043654	3.807622549976345	-0.7438023606682878	-0.7848911310831935
2.5364280756410884	3.948765051030294	-0.8212703834630619	-0.6905927119127844
2.6279414676556594	4.082143971435277	-0.8691665360442279	-0.5886494442962912
2.729936771598632	4.208835213336657	-0.9148978885760294	-0.4819348107238224
2.8391743474752764	4.353539619665639	-0.953657025720446	-0.3510502798576984
2.9407147145413037	4.489289548276739	-0.9793955632501692	-0.22123843410949073
3.0422550816150635	4.619955778688011	-0.9934442049660432	-0.09228950352523639
3.1411318233025916	4.793444929799648	-0.9979453927503363	0.08079063346599799
3.236298913641306	4.96328909853189	-0.9940360383278782	0.24788226042646608
3.328018984238136	5.143576175368489	-0.9823151698938333	0.4175817745852878
3.4213539958091252	5.287255407041705	-0.9594001319586438	0.542895866145362
3.5165669792603746	5.356028984697073	-0.9286538375771605	0.5992634102447078
3.6154687195581157	5.4567519413718895	-0.8886715161984897	0.6761352565505262
3.7157884568263326	5.572800738261387	-0.8394765801133378	0.7565589511339095
3.862953707114135	5.696090781261834	-0.7502492759751765	0.8308778592567998
4.005028651012134	5.822687897653028	-0.6488993323562877	0.8940454363110275
4.14357367589032	5.950745890180766	-0.5377045158089557	0.9433684350100758
4.280776911425095	6.079329494422488	-0.4175398446534295	0.9773430591701304
4.4182486940507175	6.207991526384198	-0.2893334121415229	0.9951856178569287
4.557336574945262	0.053430783247774234	-0.15410966120501646	0.9965790228122939
4.699352628400977	0.1821382372703097	-0.012987802585272015	0.9814917174939306
4.845669782548487	0.31114713367393015	0.13273855427923137	0.9500732127940796
4.997725976107677	0.44058984036915255	0.28143273699866805	0.9026770904380857
5.156937355561643	0.5703532190357925	0.42941967359692906	0.8400045707087399
5.3245631975811225	0.7001125081064354	0.5734737217720953	0.7632130317077792
5.501714997033748	0.8294599082079546	0.7093976182367385	0.6738963084520451
5.689262947892079	0.9579509308088414	0.8271555892185611	0.574023826933298
5.815284722820474	1.0851084523942407	0.8908355193145581	0.4658689415627337
5.9472506899777855	1.2104466404741703	0.9422678230975811	0.351897297457391
6.080502207493099	1.3335814036798506	0.9775670798415345	0.23454932063534165
6.21359503014655	1.4544646124400926	0.9955443896618139	0.11587934214142989
0.06340887185158146	1.5737222444511665	0.9959401623761247	-0.0028894845499014173
0.19634074386908779	1.693026744405889	0.9787786454359705	-0.1217305863933962
0.3285820845323601	1.8154327582387544	0.9445830796131	-0.24190816465979692
0.45901577510407016	1.945784838938454	0.8946878530609855	-0.36579801506898785
0.5862636938099999	2.090938734191425	0.8313307967106041	-0.4961107498174986
0.7087296043477038	2.156005471001348	0.7576310113368988	-0.551713986650912
0.8244052294401647	2.2579935943289082	0.677635612885584	-0.633146013663541
0.9304079639750618	2.3860231684929754	0.5965983308424856	-0.7264673679378046
1.1064308615816922	2.538300573470788	0.44697745720304605	-0.822389577001776
1.2609510716616241	2.7145936632845937	0.30453294867525516	-0.9091440701272651
1.4040618169419026	2.850401238203099	0.16588306456309646	-0.9565028274118292
1.542168483298434	2.9558534859551773	0.028626462739080667	-0.9824029821602678
1.6794978615325404	3.0592285550143425	-0.10838426767060698	-0.9956132378427862
1.8087061019923723	3.1579276176841797	-0.23546395262989955	-0.9979453927503363
1.944725475116447	3.25155284296963	-0.364829982938398	-0.9920867452495357
2.0382003823317	3.3418472217184756	-0.450246071074056	-0.9795535758345038
2.145872224184623	3.435199330025252	-0.5430545494289755	-0.9558906050125613
2.2643912120528618	3.5307804919428594	-0.6381444465249205	-0.9233236287420055
2.3275164943682642	3.6287267491578343	-0.685793175066423	-0.8821700247020616
2.405815891589183	3.723278022167747	-0.7402273884604029	-0.8353039267895551
2.4936015605659168	3.9001206831021764	-0.795672939130936	-0.7244105700087214
2.587774482115575	4.059029479100007	-0.8494693922898084	-0.6067087037031382
2.687163789121589	4.205144615438502	-0.8982080626537056	-0.48508863707272193
2.7906125217411293	4.345237013461836	-0.9376518992638826	-0.35863708753033546
2.896738697800401	4.4831823443547725	-0.9682484855903312	-0.2271262478227579
3.0040800233733402	4.621618847399335	-0.9885658306669213	-0.09062842782683218
3.111421348922853	4.762796010110487	-0.9979453927503361	0.05030423533902484
3.218147741797624	4.909221897984096	-0.9963555687830902	0.19520674298702428
3.3241787230649673	5.017503725807315	-0.9828059152200219	0.300096555539359
3.429386170450536	5.138518047344223	-0.9573641295841517	0.4131003135261898
3.559808511235626	5.2649763136035	-0.9124378323623377	0.5246356879681481
3.6905486026173935	5.393819080921069	-0.8518537358796806	0.6295793555902887
3.8218021157066135	5.523718624106471	-0.7764159926369021	0.7247643241055496
3.9537514597141263	5.654060842661571	-0.6871261305085943	0.8079647662317446
4.086609217602915	5.784529555727203	-0.5851607655190482	0.8775004926787101
4.220696138315261	5.914982170423811	-0.47179897399705945	0.9321067121576725
4.356522944694411	6.045368946800202	-0.3483241583649212	0.970855654134531
4.494853146638401	6.1756887920136725	-0.21574991316689274	0.9931173921887846
4.636845884838514	0.022794708958641482	-0.07541963839036459	0.9985405383449781
4.784152354422548	0.1531169383144288	0.07154733368759272	0.9870355892559532
4.939015870391688	0.28351623992219926	0.2242338222004016	0.9587739707049142
5.062970371355656	0.41397329690361956	0.34273633995178765	0.9142176655548032
5.200254554405364	0.544382325931717	0.46779836604521174	0.8541628947381193
5.345287669136716	0.6745689623953616	0.5904597155820941	0.7797597417028316
5.494698522574541	0.8043121800465612	0.7042070343720792	0.6924998668040719
5.6458645765208955	0.9333483586019461	0.8034964797009089	0.5941883526291819
5.796904642182414	1.0613773405880764	0.8828661636568812	0.48689451721803956
5.946699561825606	1.1880956854958626	0.9420942770417409	0.3728585953537498
6.095233594800745	1.3133568711455788	0.9803811827607192	0.25425327618362004
6.223082411719143	1.4374580467466835	0.9961518319255813	0.13279572737654005
0.06764592481141489	1.5615054391134635	0.9956688794070643	0.009312680231632363
0.19527751271969435	1.6878554977266795	0.9789817520286348	-0.11662912258289511
0.32182451874599777	1.8206456372186601	0.9467109855904445	-0.24690216111245877
0.4453578962754811	1.9662830199574757	0.9006097255520723	-0.3845289717364231
0.5631469721032253	2.017277647709327	0.8439331371503382	-0.4311271631469459
0.7135803107262212	2.10443786758957	0.7544887994989518	-0.5076465290525258
0.8498188018837453	2.2127936595395843	0.6588353906606028	-0.5978314873614673
0.9723586533547738	2.338078292772642	0.5622151067290264	-0.6931358010453431
1.0809868753339587	2.4799639242825853	0.46952062594262967	-0.7875217123740632
1.2608279606863342	2.6096411247272178	0.30464840530025705	-0.8601923877338707
1.4162626624943677	2.7573177383663205	0.1538787191858339	-0.9251660238526853
1.560809306255407	2.8716293422503076	0.010007978847681492	-0.9618837450556333
1.7019444069283545	2.9765942233209044	-0.13052791041499423	-0.9850534320814999
1.815270118074568	3.0815966167802413	-0.24175235356075978	-0.9979453927503361
1.93536288692967	3.184627574043584	-0.35627457826815795	-0.9979453927503364
2.061124524673313	3.285554971449648	-0.4706328077212268	-0.9877416278526727
2.194095153839082	3.383895535701895	-0.5832224204579939	-0.9688951338887495
2.3125780488112495	3.4821325533408567	-0.6754078775790033	-0.9415670902944766
2.4456418847404136	3.5756065370264407	-0.7670074002708327	-0.9065134153283997
2.5423464901915755	3.6562744394751645	-0.8248078248524588	-0.8686611489677551
2.6266317173852896	3.761128544642804	-0.868524258835446	-0.8126806374489088
2.720865056862567	3.9089344457725153	-0.9114959051876609	-0.7182831890194724
2.824083069674546	4.01487015889587	-0.9498316759480446	-0.6412102020371365
2.9308393651961486	4.192721046666597	-0.9768923514036517	-0.4957052850038818
3.0378493283865167	4.308315215524927	-0.9928811956529382	-0.3923757200752561
3.1417915605615105	4.5142529242380744	-0.9979453927503363	-0.1966119239167587
3.2417120916877513	4.660315361138458	-0.9933442906299141	-0.05197828778912285
3.338117132762089	4.853378366389701	-0.9804990819161465	0.14040626192967443
3.4366874836113324	5.019035686287775	-0.955513386591631	0.30153326730525565
3.538780353716983	5.1782974786292355	-0.9203236008909734	0.44834457215341583
3.647049888377903	5.342065048732635	-0.8731846975136481	0.5878184221677429
3.761303083097302	5.440635363099736	-0.8125763156668309	0.6642126803879089
3.8812549254462914	5.555479446882933	-0.7375261585640468	0.7453384890876079
4.005871431087139	5.678086943649531	-0.6482408716911485	0.8210628649989663
4.133947783297127	5.804297318171527	-0.5459303899165793	0.8860715284960983
4.264566192454843	5.932146501582525	-0.43235297730641936	0.9375116292571787
4.397249951268615	6.060637670292944	-0.30945044293552604	0.9737724031450501
4.531951129546907	6.189279744195242	-0.17915254526116003	0.9939875710359997
4.668979852416036	0.03472439894148396	-0.04332417999296393	0.997776724026583
4.80891384974398	0.16341363999445138	0.09617752660285314	0.985068634097515
4.952507941923947	0.29234930714130314	0.23737860946682277	0.9559925051405316
5.100569102088257	0.4216636706828848	0.3779973923844878	0.9108832229593484
5.253783731958463	0.5513202715676816	0.5152247901252089	0.8503805957613934
5.412540314215497	0.6811250981018863	0.6434287798316992	0.7755127793800933
5.576933204285804	0.8108038902417246	0.7592358980873148	0.6876974882891977
5.746818423232365	0.9400632882355983	0.8585326029495542	0.5886847260162751
5.922041277203106	1.0685951455478913	0.9343295710961217	0.4804995996310596
6.057461631703556	1.1962039302898857	0.9731656918232182	0.36525447576650766
6.193847140369704	1.3229919179575083	0.994280004670139	0.24486623429446241
0.039749390458452626	1.4496562872448022	0.9974549922400913	0.12066217030354037
0.16888030507840926	1.57792165074797	0.984024349682904	-0.007083858299974006
0.2981746777423905	1.7110497013913664	0.954158140324237	-0.13951033439677019
0.42772209413703066	1.854485106578486	0.9082563720667074	-0.2793207517980195
0.5575174793941028	2.016503047937934	0.8470021183200415	-0.43041934450005676
0.6874542964224187	2.1274057778486144	0.7714128235518929	-0.5272739180428935
0.8173573720278381	2.1649406823532074	0.6828494129467868	-0.5593496342538553
0.9469624036871725	2.248510302739425	0.5830301387791265	-0.6257367562867773
1.0759860830003651	2.360779888010451	0.4739512880374048	-0.7089180870324503
1.204116467814095	2.4948725607317703	0.3578338954681697	-0.7964326170065337
1.3309966383401273	2.6476321724898098	0.23706755443235694	-0.8788224920122716
1.456222843019634	2.7511224000330214	0.11413043490455022	-0.9228427102666201
1.5793775850581744	2.8651679795876523	-0.008538047826050374	-0.9602459134208732
1.7001031568652492	2.9510679218282645	-0.12871150691585764	-0.9817914369755635
1.8182280943542386	3.0378690330314866	-0.24458612796923443	-0.9928837137010571
1.9339338781185047	3.138565300180729	-0.35496876961643026	-0.9979453927503363
2.0479174006549767	3.2354526009575713	-0.45912534914175746	-0.994144188262299
2.161539798548854	3.3448548645182887	-0.5564433851181596	-0.9787911960114265
2.2768548062645797	3.448061351397569	-0.6478822022907109	-0.9526303290320322
2.3962778981422934	3.538183712527977	-0.7335965178654036	-0.9205473472799273
2.4945185005026884	3.6466434659027405	-0.7962209949077419	-0.8733839995476609
2.598835136080356	3.828868826966942	-0.8548933315830562	-0.7721922133314892
2.7100477821793794	4.035623099194516	-0.9074393194317922	-0.6249960136884622
2.7965878707503427	4.202027709881846	-0.9398927146621263	-0.4877522106027792
2.8861442427670907	4.344062355577903	-0.9655629942299887	-0.35971047379336973
2.9757299421767582	4.472555798773679	-0.9849429859652392	-0.23730659751830926
3.062676656011365	4.598992724476893	-0.996053869188471	-0.11301563639765284
3.144455898279374	4.755702953919154	-0.9979453927503362	0.04324879138931639
3.2180746550863395	4.899410603730472	-0.9963649085025396	0.18564799024369752
3.2992636564674376	5.031029207861201	-0.9859898008811959	0.31278109894247175
3.4003646135756	5.162302017531039	-0.9647205381966083	0.43417272128487505
3.5454599800917483	5.29340657751441	-0.9178186744654189	0.5479374298490891
3.6836456410042926	5.4244049188451795	-0.855238820057551	0.6522058694811285
3.8097592821719806	5.555296561318186	-0.783614004440168	0.7452200186749101
3.949484213964239	5.686051572694082	-0.690092745501792	0.8254048719655602
4.070164742503802	5.816628301631591	-0.5980087674269758	0.8914180770089866
4.261195849125804	5.946991367281551	-0.4354327508137376	0.9421861643564271
4.426186739265982	6.0771357419424055	-0.2817286759105626	0.9769239916967658
4.578630092354628	6.207108030947999	-0.13310348702676975	0.9951290508828182
4.727146226126432	0.05382704695184748	0.014772487436786138	0.996553651499924
4.876884002800106	0.18380388954785565	0.16370122125738928	0.9811735317834676
5.031492218062552	0.313974338262773	0.31321532176512007	0.9491829476107327
5.19409078782311	0.4443153502385814	0.46233731804816103	0.9010617594860449
5.367699203098058	0.5746316816877007	0.6088284433983265	0.8376721187468238
5.555396325658427	0.7046324731518029	0.7452846444564869	0.7602850689402199
5.684444142119712	0.833983403480231	0.8245285631364617	0.6705499581291516
5.826681675210312	0.9623131563578072	0.8957770845229371	0.5704485012139529
5.975368304590222	1.0892092519624001	0.9511218456989179	0.4622356658750271
6.105377312269147	1.2142586251629468	0.9823189136982801	0.3483223206067216
6.236093400708564	1.3371749606976082	0.9969848778556007	0.2310482613343114
0.0836083671747817	1.4580253215971681	0.9946468627367879	0.11233751430286648
0.21434146375964735	1.5775295716189732	0.9753400094586813	-0.006692249036572298
0.3451254297457661	1.6973589370959759	0.9393737062562142	-0.12600431874452303
0.4759112373105788	1.8204396354134276	0.8873622079794456	-0.24670480907560177
0.6065971958229698	1.9512698640699129	0.820245759742565	-0.37081015580292953
0.7370528617041844	2.0960878270980445	0.7392836475490381	-0.5005109433172954
0.8671303579419801	2.1513869091650037	0.646028804664967	-0.547767162202558
0.9966551443404287	2.23942584301212	0.5423014484058233	-0.6186391046314075
1.1254058688737971	2.3468764005426395	0.43016575218733333	-0.6992522986534156
1.2530800135743605	2.468267790023211	0.3119146284955046	-0.7805309230212545
1.3792940332061279	2.6007950319905633	0.19001332858438294	-0.8558544281395435
1.5036116569011413	2.742520852230611	0.06699290896859995	-0.9196170441616527
1.6255745263631014	2.8501032039073437	-0.05467962695606146	-0.956427281428216
1.7447778891449404	2.9454818591977117	-0.17278338050969405	-0.9806039430816975
1.8609936591919323	3.0408605144578105	-0.2855560181045666	-0.9932659938278894
1.9743186554268335	3.13467215737863	-0.3918718252136254	-0.9979453927503363
2.08536114525767	3.224597472333278	-0.49134438202885455	-0.995531360487659
2.195296028138563	3.305246434793125	-0.5841606586928979	-0.9852252642081523
2.305771125860636	3.4429507907214245	-0.6704744058789182	-0.9539257582446855
2.4187944199564826	3.5703905796614905	-0.749250139691707	-0.9084694512958287
2.536330557299442	3.716764778574229	-0.8212120966676675	-0.838997810059765
2.659785628259334	3.831747685489438	-0.8847823210157801	-0.770471517154359
2.7569047240705147	3.906071972073447	-0.9250111393777685	-0.7202731980067716
2.859130985344804	4.060045926600465	-0.9587156510496012	-0.605914557380651
2.963679928938929	4.2842465360795705	-0.9834031199482371	-0.4143693492326437
3.0682288725041915	4.434419564736493	-0.9967633845497905	-0.27384153689321683
3.1712571281815642	4.6322175065419335	-0.9979453927503363	-0.08004247006239353
3.2722898632155606	4.790812093489037	-0.989436770337446	0.07817175825661074
3.3714336125731266	4.9334481007391195	-0.9720539926304534	0.21880936625555558
3.47225264234867	5.069481408130705	-0.9452721553292441	0.3488425569607878
3.57419883012023	5.202726813126971	-0.907041319440241	0.4699887675407342
3.6986191862685573	5.334749858396683	-0.8478960715386411	0.5818228156003029
3.821296686224683	5.466175162637312	-0.7767180882663228	0.6831062817481217
3.940876181819269	5.5972247153113335	-0.6960771013884599	0.7723804220347201
4.0684537781945656	5.728002608837399	-0.5993455369241456	0.848274950430135
4.188847103819106	5.858547455968668	-0.49901579006666696	0.9095936583004778
4.349755740029152	5.988877578001634	-0.35450793717080675	0.955375812963245
4.498295035303115	6.119023836218722	-0.21235447072292574	0.9849257776739011
4.641209897861187	6.249045019935202	-0.07106085517826893	0.9978141225573436
4.782628660695621	0.09583770625700647	0.07003171962831148	0.9938638629849967
4.921749980032117	0.2258550689383497	0.20741235374025624	0.973140592033351
5.063483157749281	0.3559422098983077	0.3432172441621176	0.9359675846038484
5.207961048636476	0.4860148436953139	0.47462625842618855	0.882981420196698
5.354912690433067	0.6158624450138234	0.5983484837816772	0.8151947050972218
5.503550583384601	0.7451787203158261	0.7107555316660995	0.7340198432429138
5.652759518307483	0.8735798665885482	0.8072553346462128	0.641257645629117
5.801401803303505	1.000549457280526	0.884816072208949	0.5391096287583477
5.948807143599139	1.1254680828688832	0.9427579384836602	0.43011063108423514
6.095042631802264	1.247660081683618	0.980344703539838	0.31699757940521245
6.227464758258264	1.3667791477943523	0.9964324175099146	0.20220608238116689
0.07660298187687994	1.4820590559716165	0.9950953918774534	0.08843122324763943
0.20882123698061003	1.5934487285898185	0.9763945256402896	-0.022592328572248885
0.34012236929145556	1.701318418953724	0.9409491318728213	-0.1299103697721885
0.46905008155130756	1.8065743780549453	0.8903371127986948	-0.23342173722021875
0.5937560606800772	1.9105778567754028	0.827246248771939	-0.3330582347864531
0.7120779316302389	2.015017988624804	0.7554620172144967	-0.4290623176684081
0.8677478795177279	2.1217660753537744	0.6455719801520595	-0.5224544706744685
1.008844431900718	2.2325675945090553	0.5323109807361427	-0.6132807828046947
1.1396739844091484	2.347915322070689	0.4175243157010223	-0.6999745631684017
1.2621006893361282	2.4683247318407084	0.3034548077830389	-0.7805649571937993
1.4079143043300901	2.593632554138621	0.1621297397276019	-0.8523420820177077
1.5433154609712203	2.7230593574976028	0.027480859598389966	-0.9123187897829845
1.6730097649006892	2.8552658713322345	-0.10198372400683373	-0.957735918703307
1.7997823229688648	2.988792434966021	-0.22691487236935226	-0.986612236309328
1.9257074093381716	3.1226010232770265	-0.34745153527707906	-0.9979453927503363
2.05300734100384	3.2564096116715704	-0.46369621141837963	-0.9914661008627661
2.184521911491052	3.390473519250668	-0.5757428849172597	-0.967227741093824
2.2543907874754283	3.525100954519323	-0.6303311552355028	-0.9254535118490739
2.3378004563063244	3.660236612507083	-0.6929426474575384	-0.8667181728957345
2.428496650262146	3.7953508971383116	-0.7559951887419047	-0.7922259083778992
2.524900497509569	3.929952709426614	-0.81438034025063	-0.703671165306313
2.6250967460640937	4.063813263563032	-0.8677715374059942	-0.6029711522435983
2.728720596239319	4.196969165270117	-0.9144418107020991	-0.49207502542135584
2.835022550111843	4.32963148862857	-0.9526046246375837	-0.3728972020816338
2.9428160630935154	4.462097683838158	-0.9799282148461492	-0.2473255887687963
3.0486161833205245	4.594710546754909	-0.9942570874213241	-0.11724002870263817
3.1530832974870635	4.727850707624603	-0.9979453927503363	0.015476124687982578
3.2551314596752534	4.862018765254154	-0.9916294353574961	0.1490008434819478
3.381384169412071	4.997908230842134	-0.9695317171252419	0.2816103005186211
3.508130935963115	5.13650180798018	-0.9318174378441243	0.4113139415418443
3.635746440773224	5.279181097243955	-0.8787276982989005	0.5362780773213284
3.764454224754408	5.427821006905743	-0.8106928756295355	0.6547329921366025
3.894280925132057	5.53952596102973	-0.728470404985711	0.7350040700993823
4.0251531782754295	5.660418164350665	-0.6331761205713828	0.8114305315434145
4.157020848928822	5.785749498918795	-0.5262131396641221	0.8780294436320497
4.289910199138104	5.913170567531344	-0.40919397161109267	0.931536252210211
4.424034021575315	6.041462195040777	-0.2837910035710007	0.9701093563622214
4.559816505756599	6.1699981075730275	-0.15166319557083133	0.9927530385246505
4.697907893037408	0.015363950409776513	-0.014430806585472158	0.9990163025755927
4.839184753678586	0.14395010337709208	0.1262879134736875	0.9887867085781269
4.9847238274568735	0.2727230580840239	0.2687652620588439	0.9621726614278916
5.135731306701187	0.4017992046377455	0.41063128355825324	0.9194961881568873
5.29342758839732	0.531137635736462	0.547954650588643	0.8613833863362208
5.459017849766012	0.6605342713392003	0.677811509719793	0.7888511953875791
5.633560350823542	0.7896818643549947	0.795918079261602	0.7033229491091556
5.817920338915789	0.918216409347684	0.8919782869908419	0.6065906566240813
5.965510607101399	1.045741086329178	0.9480177318696963	0.5007481136938975
6.090858153721085	1.1718703683394391	0.9795453523492412	0.388075113247897
6.217540249571888	1.296346126551951	0.9957969875994481	0.27082616629853257
0.061099738610158445	1.4192568514872246	0.9960880077128785	0.15090040743359556
0.1879220410610199	1.541355106361605	0.9803868508040852	0.02943886492920597
0.31510337894097346	1.6644275813084786	0.9488274213038106	-0.09348612060185588
0.44291483932133785	1.791694794398948	0.9016690021756588	-0.21906717029993744
0.5714366117205129	1.8732026835847488	0.8394139470201412	-0.2972524002272319
0.7004932996017371	1.9711358402976753	0.7629663609239885	-0.38896341240326937
0.8297743485051027	2.0800303174696264	0.6736636946597103	-0.48678888571001144
0.9589188341076619	2.198428931519663	0.5732305232585415	-0.5866083834378425
1.0875479835587623	2.3278359548677	0.46370753642158047	-0.686015265933204
1.2152572878710597	2.4702756495774647	0.3473857491473341	-0.7817310223773781
1.3415911031524868	2.5635346653664666	0.22674578984438515	-0.8374720150997068
1.4660276970399249	2.671630954025437	0.10437757293515572	-0.8905910487879953
1.587988858699772	2.7882682932005505	-0.017139001761967646	-0.9367727902105651
1.7068883589641626	2.9088392920864603	-0.1354051467868208	-0.9713157543934976
1.8222295827319694	3.0092032826006356	-0.24841959865612093	-0.9892205297634864
1.9337418488269176	3.1095672731305566	-0.354793295883602	-0.9979453927503362
2.0415178381722736	3.2337279706775472	-0.45327751671980643	-0.9943645780251721
2.14610235723986	3.3574893319513617	-0.5432512112473007	-0.9755886005945442
2.248611661617266	3.478678716472137	-0.6258159475682283	-0.9428623135235324
2.3505663227888203	3.59299462765817	-0.7018175548633593	-0.8996923934923933
2.4536455860979753	3.6942449120513725	-0.771791219350941	-0.8500411343786483
2.5557339932916943	3.7740331311236215	-0.8328095467938764	-0.8049675551798513
2.660103269029113	3.9352692165033343	-0.8849380861502674	-0.6999750975076265
2.766900727689899	4.0496193361856765	-0.928759740304121	-0.6140608103157543
2.8756859281678953	4.250403086249589	-0.9629120118612329	-0.44529502949928
2.9855189525188432	4.455271999090931	-0.9861939193931409	-0.25386467121172995
3.0953519768937863	4.6167185051654	-0.9979453927503361	-0.09552289751604419
3.2044290746811495	4.760481320802567	-0.9979453927503364	0.04800182009903643
3.312358753131056	4.896892751710274	-0.9843163841020044	0.18319494742557232
3.4187089703165423	5.030239157756794	-0.9600705952421147	0.31204016972456583
3.5255742225240407	5.162289618594448	-0.9252760316331345	0.4341617359260147
3.6314190797609083	5.293774731658727	-0.8808497557744805	0.5482391728392412
3.7331014837150374	5.424987697691519	-0.8294324355028095	0.6526369923326487
3.825783878589702	5.556033184742395	-0.7740360895893468	0.7456971918251774
3.9796755889589885	5.686930890058155	-0.6687075772329018	0.8258842417013377
4.11213693340906	5.817663126362978	-0.5645690048421592	0.8918667630887801
4.305019363630526	5.9482047226803925	-0.39538742433130786	0.9425682407264493
4.473142461758931	6.078549781790178	-0.23674456780717482	0.9771941124654593
4.632186497877667	6.208735664476164	-0.08007344156603759	0.9952332622911365
4.792334859948999	0.05567016193138645	0.07968644996593194	0.9964356436041744
4.9604964100091475	0.18586632457831145	0.24516145536365166	0.9807795495794409
5.143303860553216	0.3162931871932935	0.41734050583238	0.9484527597508126
5.348252059746072	0.4469974448449941	0.5928893611537974	0.8998988393527252
5.488493533638609	0.5778958696925238	0.6996167639109685	0.8358926099990924
5.663450857016981	0.7088518912976107	0.8130838380076613	0.7575517957605189
